2 0.58055555625 0.025 0.5375 0.025 0.5319444437499999 0.0296875 0.5361111109375 0.04296875 0.5527777781250001 0.04453125 0.5611111109375 0.0390625 0.5791666671875 0.0359375 0.58055555625 0.025
1 0.89305555625 0.384375 0.897222221875 0.375 0.8847222218749999 0.3703125 0.8430555562500001 0.37265625 0.7486111109375 0.37265625 0.7402777781250001 0.36875 0.7402777781250001 0.36015625 0.734722221875 0.359375 0.7236111109375 0.37109375 0.7111111109375 0.37578125 0.7166666671875 0.38671875 0.709722221875 0.39375 0.7166666671875 0.3953125 0.7361111109375 0.3875 0.7569444437499999 0.3859375 0.8861111109375001 0.3859375 0.89305555625 0.384375
1 0.9166666671874999 0.45078125 0.9111111109375001 0.44296875 0.7833333328125 0.4421875 0.772222221875 0.4375 0.7736111109375 0.43125 0.76944444375 0.4296875 0.7611111109375 0.4328125 0.7569444437499999 0.43828125 0.7486111109375 0.4671875 0.75555555625 0.46875 0.7638888890625 0.45703125 0.784722221875 0.45234375 0.827777778125 0.45625 0.8541666671874999 0.45390625 0.9138888890624999 0.4546875 0.9166666671874999 0.45078125
6 0.7763888890625 0.7609375 0.7819444437499999 0.7609375 0.7833333328125 0.76328125 0.8083333328125001 0.75 0.809722221875 0.73671875 0.8194444437499999 0.7328125 0.8416666671874999 0.73046875 0.85 0.69140625 0.834722221875 0.68046875 0.8333333328125001 0.6703125 0.8222222218749999 0.665625 0.8236111109375001 0.659375 0.8194444437499999 0.65625 0.7888888890625 0.6546875 0.7597222218749999 0.6625 0.7597222218749999 0.68125 0.752777778125 0.69765625 0.7291666671875 0.70234375 0.7180555562500001 0.7078125 0.715277778125 0.71953125 0.727777778125 0.72890625 0.7208333328125 0.73828125 0.7208333328125 0.75625 0.722222221875 0.7609375 0.727777778125 0.76328125 0.7611111109375 0.7640625 0.7763888890625 0.7609375
6 0.8111111109375001 0.63515625 0.8263888890625 0.60625 0.840277778125 0.5984375 0.8388888890624999 0.575 0.8194444437499999 0.56875 0.8041666671875 0.56640625 0.7833333328125 0.5671875 0.7736111109375 0.56875 0.7666666671875 0.575 0.7569444437499999 0.57734375 0.7402777781250001 0.60546875 0.7416666671875001 0.65 0.7458333328125 0.65625 0.7611111109375 0.65703125 0.7708333328125 0.6546875 0.7763888890625 0.63671875 0.7805555562500001 0.634375 0.7958333328125 0.6375 0.8111111109375001 0.63515625
7 0.8652777781250001 0.83828125 0.8513888890624999 0.84296875 0.8458333328125001 0.84921875 0.85 0.859375 0.8458333328125001 0.89296875 0.852777778125 0.89140625 0.8541666671874999 0.88671875 0.8486111109375001 0.88203125 0.8652777781250001 0.8734375 0.872222221875 0.85546875 0.8791666671874999 0.85 0.8791666671874999 0.84296875 0.875 0.83984375 0.8652777781250001 0.83828125
7 0.8847222218749999 0.9671875 0.8986111109375001 0.971875 0.909722221875 0.9625 0.8819444437499999 0.96328125 0.8847222218749999 0.9671875
7 0.902777778125 0.95625 0.91805555625 0.95234375 0.9277777781250001 0.93828125 0.9277777781250001 0.9234375 0.9166666671874999 0.90703125 0.8819444437499999 0.90625 0.8708333328125001 0.92265625 0.875 0.94140625 0.8819444437499999 0.95234375 0.902777778125 0.95625
7 0.9069444437499999 0.89765625 0.91944444375 0.89609375 0.9291666671875 0.86953125 0.9291666671875 0.8625 0.9236111109375 0.8578125 0.91805555625 0.8578125 0.897222221875 0.875 0.8861111109375001 0.88828125 0.8861111109375001 0.89453125 0.9069444437499999 0.89765625
7 0.7763888890625 0.92578125 0.8166666671874999 0.91640625 0.83194444375 0.9046875 0.8458333328125001 0.87734375 0.8444444437499999 0.85703125 0.8361111109375001 0.8515625 0.8416666671874999 0.8484375 0.8444444437499999 0.840625 0.8444444437499999 0.81875 0.83194444375 0.81640625 0.7875 0.8171875 0.7708333328125 0.82421875 0.7736111109375 0.83515625 0.7819444437499999 0.8375 0.7819444437499999 0.8453125 0.777777778125 0.8484375 0.7638888890625 0.85078125 0.7416666671875001 0.878125 0.7236111109375 0.88203125 0.7194444437499999 0.88671875 0.7208333328125 0.92265625 0.73194444375 0.93046875 0.76805555625 0.93046875 0.7763888890625 0.92578125
7 0.76944444375 0.9890625 0.73194444375 0.9875 0.7236111109375 0.98984375 0.7208333328125 0.9953125 0.7236111109375 0.99921875 0.7805555562500001 0.99921875 0.7819444437499999 0.99140625 0.76944444375 0.9890625
7 0.8027777781250001 0.9234375 0.7875 0.925 0.7611111109375 0.93515625 0.7597222218749999 0.96015625 0.75 0.96875 0.7569444437499999 0.97265625 0.772222221875 0.975 0.797222221875 0.97421875 0.83055555625 0.92890625 0.83194444375 0.92265625 0.825 0.91875 0.809722221875 0.91875 0.8027777781250001 0.9234375
7 0.8736111109375001 0.92734375 0.8708333328125001 0.92578125 0.85 0.9515625 0.840277778125 0.98046875 0.8541666671874999 0.97890625 0.86944444375 0.95546875 0.875 0.9421875 0.8736111109375001 0.92734375
7 0.8708333328125001 0.7953125 0.8861111109375001 0.79140625 0.8888888890625 0.7859375 0.86944444375 0.78515625 0.8625 0.7796875 0.85694444375 0.78515625 0.8458333328125001 0.7859375 0.8458333328125001 0.7921875 0.8708333328125001 0.7953125
7 0.902777778125 0.7984375 0.9069444437499999 0.79296875 0.9069444437499999 0.78828125 0.9 0.78828125 0.8847222218749999 0.79609375 0.902777778125 0.7984375
7 0.840277778125 0.7625 0.8458333328125001 0.76875 0.9069444437499999 0.77109375 0.91805555625 0.7671875 0.9263888890624999 0.75 0.8416666671874999 0.7453125 0.840277778125 0.7625
7 0.9069444437499999 0.675 0.8958333328125001 0.68046875 0.89305555625 0.68671875 0.88055555625 0.69140625 0.8708333328125001 0.69140625 0.8444444437499999 0.72578125 0.8444444437499999 0.73671875 0.9305555562500001 0.7390625 0.94305555625 0.7171875 0.9458333328125 0.7 0.95555555625 0.68203125 0.9486111109375001 0.67734375 0.9305555562500001 0.67578125 0.9069444437499999 0.675