2 0.4763888890625 0.97734375 0.46805555625000006 0.9703125 0.434722221875 0.971875 0.42222222187499997 0.97890625 0.43055555625 0.98671875 0.46666666718750005 0.9859375 0.4763888890625 0.97734375
7 0.097222221875 0.6203125 0.0388888890625 0.6203125 0.04305555625 0.63515625 0.054166667187499996 0.6453125 0.055555556250000006 0.66171875 0.06805555625000001 0.66171875 0.0875 0.65 0.11805555625 0.6375 0.11805555625 0.63046875 0.097222221875 0.6203125
7 0.23333333281250002 0.06953125 0.18194444375000002 0.084375 0.17361111093749998 0.0890625 0.15555555625 0.11953125 0.15694444375 0.1453125 0.15277777812499999 0.15859375 0.15555555625 0.17578125 0.1625 0.1828125 0.1833333328125 0.1859375 0.2208333328125 0.1796875 0.222222221875 0.16875 0.2166666671875 0.1625 0.2208333328125 0.153125 0.23472222187499997 0.15 0.240277778125 0.1453125 0.25833333281250004 0.12109375 0.275 0.11796875 0.28055555625 0.11328125 0.275 0.10234375 0.275 0.075 0.26805555625 0.07109375 0.23333333281250002 0.06953125
7 0.3333333328125 0.0375 0.30694444375 0.03203125 0.30555555624999997 0.0265625 0.3013888890625 0.03203125 0.2638888890625 0.03125 0.26527777812500003 0.03515625 0.275 0.03828125 0.30555555624999997 0.03828125 0.325 0.04296875 0.3333333328125 0.03984375 0.3333333328125 0.0375
7 0.34305555625 0.0140625 0.352777778125 0.00703125 0.352777778125 0.00078125 0.28055555625 0.00078125 0.27777777812500004 0.00390625 0.25833333281250004 0.0078125 0.2611111109375 0.0140625 0.290277778125 0.01796875 0.3111111109375 0.025 0.3291666671875 0.0265625 0.3416666671875 0.01953125 0.34305555625 0.0140625
7 0.14305555625 0.11875 0.13055555624999998 0.1328125 0.1291666671875 0.146875 0.13055555624999998 0.15 0.1375 0.15 0.15 0.14453125 0.15555555625 0.125 0.15 0.115625 0.14305555625 0.11875
7 0.08194444375 0.10234375 0.075 0.1296875 0.077777778125 0.1375 0.08055555625000001 0.13984375 0.0875 0.13828125 0.10555555624999999 0.125 0.115277778125 0.1125 0.115277778125 0.1 0.08194444375 0.10234375
7 0.6208333328125 0.87265625 0.6166666671875001 0.85859375 0.5958333328125 0.85703125 0.5291666671875 0.86953125 0.51805555625 0.86953125 0.5138888890625 0.8734375 0.48194444374999995 0.875 0.48055555625 0.88359375 0.47222222187499996 0.88828125 0.4458333328125 0.884375 0.434722221875 0.89453125 0.434722221875 0.9046875 0.44305555625000004 0.91328125 0.45 0.9140625 0.46944444374999994 0.92734375 0.4513888890625 0.93671875 0.45694444375 0.934375 0.4611111109375 0.93671875 0.48194444374999995 0.93671875 0.49583333281249997 0.93359375 0.515277778125 0.9375 0.525 0.9421875 0.5611111109375 0.9390625 0.5638888890625 0.93671875 0.5555555562500001 0.9328125 0.5458333328125 0.8984375 0.5555555562500001 0.89296875 0.6013888890625 0.8921875 0.6152777781250001 0.88203125 0.6208333328125 0.87265625
7 0.5625 0.76328125 0.5638888890625 0.725 0.5666666671875 0.7203125 0.577777778125 0.71640625 0.5916666671875 0.7046875 0.5930555562500001 0.6828125 0.5791666671875 0.6703125 0.55694444375 0.66171875 0.5527777781250001 0.65234375 0.527777778125 0.63984375 0.5041666671875 0.63515625 0.46805555625000006 0.6359375 0.447222221875 0.63828125 0.43333333281249997 0.64375 0.41111111093749997 0.65859375 0.39305555625 0.68125 0.35694444375 0.71171875 0.35555555625 0.71796875 0.33194444375 0.72734375 0.3291666671875 0.7390625 0.315277778125 0.7453125 0.32777777812500003 0.75234375 0.33055555625 0.7671875 0.36805555624999997 0.77578125 0.372222221875 0.78125 0.35555555625 0.7828125 0.3333333328125 0.80546875 0.31944444375000003 0.809375 0.3 0.8421875 0.2958333328125 0.84375 0.2888888890625 0.8609375 0.322222221875 0.8625 0.352777778125 0.85625 0.3791666671875 0.83203125 0.397222221875 0.82421875 0.4138888890625 0.8265625 0.425 0.8328125 0.43194444374999996 0.85 0.5361111109375 0.8421875 0.5763888890625 0.83515625 0.56805555625 0.80703125 0.56805555625 0.7875 0.5555555562500001 0.78046875 0.5555555562500001 0.76953125 0.5625 0.76328125
7 0.26527777812500003 0.89453125 0.25694444375000003 0.90078125 0.2541666671875 0.9125 0.23194444375 0.93984375 0.22638888906250001 0.959375 0.215277778125 0.97578125 0.215277778125 0.9890625 0.2208333328125 0.996875 0.23194444375 0.9984375 0.240277778125 0.99453125 0.25555555625 0.97109375 0.2666666671875 0.9671875 0.272222221875 0.95234375 0.2833333328125 0.94453125 0.2833333328125 0.9375 0.2958333328125 0.91640625 0.30555555624999997 0.9046875 0.322222221875 0.89921875 0.3263888890625 0.89453125 0.3236111109375 0.88828125 0.28055555625 0.890625 0.26527777812500003 0.89453125
7 0.04305555625 0.63515625 0.052777778124999994 0.6453125 0.0513888890625 0.65703125 0.05694444375 0.66484375 0.04305555625 0.67109375 0.05 0.71171875 0.055555556250000006 0.71875 0.06944444375 0.721875 0.0916666671875 0.721875 0.097222221875 0.72421875 0.1541666671875 0.725 0.1583333328125 0.721875 0.177777778125 0.71796875 0.172222221875 0.703125 0.19305555624999998 0.69609375 0.19305555624999998 0.67578125 0.16944444375 0.6703125 0.15972222187500001 0.6625 0.1416666671875 0.65546875 0.1416666671875 0.63125 0.127777778125 0.63359375 0.0958333328125 0.61953125 0.0388888890625 0.6203125 0.04305555625 0.63515625
7 0.08333333281250001 0.55078125 0.1 0.54375 0.175 0.54296875 0.177777778125 0.5390625 0.1708333328125 0.53203125 0.13194444375 0.521875 0.01805555625 0.52734375 0.006944443749999999 0.5375 0.00555555625 0.57265625 0.013888889062500001 0.584375 0.019444443750000002 0.60625 0.030555556249999997 0.6109375 0.11805555625 0.61171875 0.127777778125 0.6078125 0.1513888890625 0.60703125 0.16944444375 0.6 0.177777778125 0.6 0.1833333328125 0.57890625 0.17916666718750002 0.5703125 0.1708333328125 0.56796875 0.1666666671875 0.56171875 0.15972222187500001 0.5625 0.1458333328125 0.55859375 0.11944444375 0.56015625 0.08333333281250001 0.5546875 0.08333333281250001 0.55078125
7 0.23055555625 0.00078125 0.2208333328125 0.00703125 0.23055555625 0.00859375 0.23055555625 0.00078125
7 0.177777778125 0.0125 0.16944444375 0.015625 0.172222221875 0.0171875 0.177777778125 0.0125
7 0.23611111093749998 0.0390625 0.24305555625 0.03515625 0.240277778125 0.0296875 0.23055555625 0.0265625 0.20416666718749998 0.025 0.17361111093749998 0.0640625 0.16944444375 0.0796875 0.1875 0.08046875 0.23055555625 0.06640625 0.23611111093749998 0.05703125 0.23611111093749998 0.0390625
7 0.15555555625 0.04921875 0.15694444375 0.0375 0.1666666671875 0.03046875 0.16805555625 0.01953125 0.1541666671875 0.01953125 0.14305555625 0.025 0.134722221875 0.03515625 0.12222222187500001 0.0640625 0.1263888890625 0.07421875 0.1375 0.07421875 0.14305555625 0.06875 0.15555555625 0.04921875
7 0.11944444375 0.2109375 0.12222222187500001 0.2125 0.140277778125 0.21328125 0.14444444375 0.2078125 0.1263888890625 0.20703125 0.11944444375 0.2109375
7 0.1166666671875 0.2109375 0.1166666671875 0.20703125 0.10833333281249999 0.20703125 0.10555555624999999 0.203125 0.097222221875 0.2046875 0.097222221875 0.21171875 0.1166666671875 0.2109375
7 0.0791666671875 0.2515625 0.15555555625 0.2546875 0.15972222187500001 0.2515625 0.15694444375 0.23515625 0.147222221875 0.23125 0.084722221875 0.2296875 0.075 0.24765625 0.0791666671875 0.2515625
7 0.102777778125 0.32265625 0.10833333281249999 0.31328125 0.127777778125 0.30546875 0.14305555625 0.28984375 0.1541666671875 0.28359375 0.15972222187500001 0.2734375 0.15972222187500001 0.265625 0.15555555625 0.26328125 0.115277778125 0.2625 0.084722221875 0.25859375 0.06944444375 0.2609375 0.047222221875 0.3171875 0.054166667187499996 0.3234375 0.102777778125 0.32265625
4 0.2708333328125 0.03828125 0.252777778125 0.03203125 0.240277778125 0.0375 0.23611111093749998 0.04609375 0.2625 0.05546875 0.3083333328125 0.06171875 0.31805555625 0.05703125 0.3166666671875 0.0453125 0.30694444375 0.03984375 0.2708333328125 0.03828125
4 0.36805555624999997 0.925 0.3708333328125 0.9203125 0.38055555625 0.9203125 0.384722221875 0.90703125 0.3333333328125 0.9015625 0.31944444375000003 0.90234375 0.309722221875 0.90625 0.30694444375 0.91171875 0.3083333328125 0.9234375 0.3138888890625 0.92578125 0.315277778125 0.93125 0.34444444375 0.93125 0.36805555624999997 0.925