7 0.87109375 0.25555555625 0.878125 0.25833333281250004 0.88125 0.272222221875 0.8859375 0.2791666671875 0.8953125 0.275 0.925 0.275 0.92890625 0.26805555625 0.9296875 0.23055555625 0.915625 0.18194444375000002 0.9109375 0.17361111093749998 0.8921875 0.15972222187500001 0.86796875 0.1541666671875 0.85546875 0.15555555625 0.85390625 0.15972222187500001 0.846875 0.15555555625 0.82734375 0.15694444375 0.8171875 0.16388888906250001 0.815625 0.19583333281249998 0.8203125 0.222222221875 0.83125 0.222222221875 0.83671875 0.215277778125 0.84609375 0.215277778125 0.8484375 0.21805555625 0.85 0.23472222187499997 0.87109375 0.25555555625
7 0.840625 0.1291666671875 0.8375 0.12361111093749999 0.84453125 0.140277778125 0.84453125 0.15 0.87421875 0.1541666671875 0.8765625 0.1416666671875 0.8802631578125 0.1442982453125 0.86796875 0.13194444375 0.84296875 0.1208333328125 0.840625 0.1291666671875
7 0.96796875 0.1166666671875 0.97421875 0.10555555624999999 0.97421875 0.097222221875 0.96796875 0.09305555625 0.96171875 0.08194444375 0.940625 0.07638888906249999 0.9375 0.072222221875 0.921875 0.072222221875 0.909375 0.08055555625000001 0.90625 0.0875 0.90546875 0.1208333328125 0.91796875 0.13055555624999998 0.95078125 0.11805555625 0.95625 0.10555555624999999 0.96015625 0.115277778125 0.96015625 0.1263888890625 0.9609375 0.11805555625 0.96796875 0.1166666671875
7 0.8578125 0.077777778125 0.85703125 0.08055555625000001 0.87109375 0.1041666671875 0.88671875 0.115277778125 0.89921875 0.115277778125 0.896875 0.0791666671875 0.8734375 0.07083333281250001 0.8640625 0.07083333281250001 0.8578125 0.077777778125
7 0.06328125 0.5930555562500001 0.065625 0.5986111109375 0.06328125 0.6125 0.0671875 0.6138888890625 0.065625 0.5958333328125 0.06796875 0.584722221875 0.0640625 0.5833333328125 0.06328125 0.5930555562500001
7 0.065625 0.5722222218749999 0.06171875 0.5722222218749999 0.06328125 0.5791666671875 0.065625 0.577777778125 0.065625 0.5722222218749999
7 0.121875 0.4828125 0.0015625 0.0015625
7 0.1078125 0.6013888890625 0.1203125 0.6180555562500001 0.140625 0.6180555562500001 0.14296875 0.5958333328125 0.13828125 0.5791666671875 0.13515625 0.5458333328125 0.13125 0.5333333328125 0.13046875 0.51805555625 0.1265625 0.5097222218749999 0.125 0.490277778125 0.11640625 0.4888888890625 0.1171875 0.48194444374999995 0.11171875 0.4791666671875 0.11328125 0.45555555625000005 0.1171875 0.4486111109375 0.115625 0.43333333281249997 0.10234375 0.43333333281249997 0.08984375 0.440277778125 0.0828125 0.45416666718750004 0.0703125 0.46527777812500004 0.0671875 0.4583333328125 0.0671875 0.44305555625000004 0.0625 0.447222221875 0.0640625 0.5 0.05703125 0.5291666671875 0.0625 0.5625 0.06796875 0.5555555562500001 0.07734375 0.5527777781250001 0.10390625 0.5527777781250001 0.10625 0.5555555562500001 0.1078125 0.6013888890625
7 0.15 0.41805555625 0.1484375 0.4263888890625 0.1578125 0.540277778125 0.1640625 0.5736111109375 0.16875 0.5763888890625 0.19375 0.56805555625 0.2125 0.56805555625 0.2203125 0.5555555562500001 0.23046875 0.5555555562500001 0.23671875 0.5625 0.2765625 0.565277778125 0.29375 0.590277778125 0.31796875 0.5930555562500001 0.32890625 0.58055555625 0.33671875 0.559722221875 0.34296875 0.5555555562500001 0.35546875 0.5305555562500001 0.3625 0.5041666671875 0.3640625 0.48055555625 0.3625 0.45277777812500003 0.359375 0.440277778125 0.3421875 0.41111111093749997 0.31796875 0.3916666671875 0.3 0.36805555624999997 0.29296875 0.3638888890625 0.29140625 0.3583333328125 0.2828125 0.35555555625 0.27421875 0.3333333328125 0.26015625 0.32777777812500003 0.2546875 0.3138888890625 0.24765625 0.32777777812500003 0.23125 0.33194444375 0.225 0.35 0.2203125 0.3513888890625 0.21640625 0.3416666671875 0.19453125 0.3263888890625 0.18515625 0.3083333328125 0.1390625 0.290277778125 0.13828125 0.33055555625 0.1421875 0.3375 0.14296875 0.3513888890625 0.15 0.3625 0.17265625 0.38333333281250004 0.1671875 0.4138888890625 0.1609375 0.42083333281249996 0.15 0.41805555625
7 0.0984375 0.3125 0.10390625 0.31805555625 0.10625 0.32777777812500003 0.11171875 0.32777777812500003 0.109375 0.28055555625 0.10546875 0.26944444375 0.0890625 0.2638888890625 0.05546875 0.24305555625 0.03515625 0.240277778125 0.03046875 0.23472222187499997 0.00078125 0.222222221875 0 0.25833333281250004 0.0140625 0.26805555625 0.02421875 0.26944444375 0.03203125 0.28472222187499996 0.04140625 0.28611111093749997 0.05234375 0.29722222187499997 0.06484375 0.2958333328125 0.0984375 0.3125
7 0.13046875 0.51805555625 0.12421875 0.502777778125 0.11953125 0.5013888890625 0.12265625 0.49305555625 0.11171875 0.49305555625 0.11328125 0.5 0.1078125 0.50555555625 0.10078125 0.5236111109375 0.09765625 0.5458333328125 0.10625 0.5583333328125 0.1078125 0.6013888890625 0.11953125 0.6180555562500001 0.14140625 0.6180555562500001 0.1421875 0.5930555562500001 0.1375 0.577777778125 0.13046875 0.51805555625
7 0.98671875 0.259722221875 0.9828125 0.28611111093749997 0.97890625 0.31944444375000003 0.9796875 0.3375 0.99375 0.352777778125 0.99921875 0.352777778125 0.99921875 0.28055555625 0.99609375 0.27777777812500004 0.99453125 0.25694444375000003 0.98671875 0.259722221875
7 0.30546875 0.19305555624999998 0.32421875 0.190277778125 0.3265625 0.175 0.3328125 0.165277778125 0.3453125 0.16805555625 0.35 0.1583333328125 0.3671875 0.15555555625 0.36953125 0.115277778125 0.38046875 0.102777778125 0.3796875 0.040277778125000004 0.37734375 0.0375 0.3546875 0.054166667187499996 0.3359375 0.054166667187499996 0.3296875 0.04305555625 0.29375 0.047222221875 0.28203125 0.055555556250000006 0.2796875 0.06944444375 0.28046875 0.09305555625 0.275 0.10694444375 0.275 0.1541666671875 0.2796875 0.1611111109375 0.28203125 0.17361111093749998 0.296875 0.1708333328125 0.30234375 0.190277778125 0.30546875 0.19305555624999998
7 0.43828125 0.15555555625 0.44296875 0.0861111109375 0.4453125 0.08055555625000001 0.45390625 0.084722221875 0.45625 0.09444444375 0.45625 0.15694444375 0.45859375 0.172222221875 0.4671875 0.16805555625 0.47421875 0.1583333328125 0.478125 0.10138888906250001 0.47578125 0.097222221875 0.4765625 0.04444444375 0.47265625 0.013888889062500001 0.46328125 0.006944443749999999 0.42890625 0.00555555625 0.415625 0.013888889062500001 0.39453125 0.019444443750000002 0.3890625 0.030555556249999997 0.38828125 0.115277778125 0.39375 0.13194444375 0.39375 0.1541666671875 0.40234375 0.17916666718750002 0.41796875 0.184722221875 0.4296875 0.177777778125 0.43125 0.165277778125 0.43828125 0.15555555625
7 0.9921875 0.2416666671875 0.99921875 0.240277778125 0.99921875 0.22638888906250001 0.99296875 0.222222221875 0.98984375 0.22777777812500002 0.9890625 0.23611111093749998 0.9921875 0.2416666671875
7 0.9609375 0.23194444375 0.96640625 0.24305555625 0.971875 0.23611111093749998 0.975 0.21805555625 0.97421875 0.20277777812500003 0.965625 0.19305555624999998 0.95703125 0.1916666671875 0.92890625 0.1708333328125 0.91875 0.1708333328125 0.91875 0.1861111109375 0.92421875 0.197222221875 0.92578125 0.2125 0.93125 0.22916666718749998 0.93828125 0.23194444375 0.9421875 0.2236111109375 0.9484375 0.2208333328125 0.9609375 0.23194444375
7 0.9265625 0.12222222187500001 0.92421875 0.13333333281249998 0.93125 0.1416666671875 0.96484375 0.16388888906250001 0.97890625 0.165277778125 0.9796875 0.1583333328125 0.975 0.140277778125 0.946875 0.1263888890625 0.9265625 0.12222222187500001
7 0.790625 0.15 0.79296875 0.1458333328125 0.79296875 0.12361111093749999 0.7984375 0.115277778125 0.7984375 0.10138888906250001 0.7953125 0.0958333328125 0.7859375 0.09305555625 0.7828125 0.097222221875 0.78671875 0.10138888906250001 0.7875 0.11805555625 0.79140625 0.125 0.7859375 0.13055555624999998 0.7859375 0.14305555625 0.7875 0.15 0.790625 0.15
7 0.75234375 0.075 0.74921875 0.07638888906249999 0.7484375 0.084722221875 0.74609375 0.15694444375 0.7609375 0.15972222187500001 0.76640625 0.15555555625 0.76875 0.147222221875 0.7703125 0.09444444375 0.77265625 0.0888888890625 0.7671875 0.08055555625000001 0.75234375 0.075
7 0.73671875 0.15555555625 0.7375 0.1125 0.74140625 0.08333333281250001 0.73984375 0.06944444375 0.72265625 0.059722221875 0.70234375 0.055555556250000006 0.69140625 0.047222221875 0.68046875 0.0458333328125 0.6765625 0.055555556250000006 0.675 0.08333333281250001 0.67734375 0.102777778125 0.6859375 0.10694444375 0.7015625 0.140277778125 0.709375 0.14305555625 0.72421875 0.1583333328125 0.734375 0.15972222187500001 0.73671875 0.15555555625
4 0.95546875 0.2791666671875 0.95234375 0.28611111093749997 0.95 0.30555555624999997 0.94921875 0.31805555625 0.95859375 0.33055555625 0.9625 0.33055555625 0.96875 0.27777777812500004 0.96875 0.25694444375000003 0.96328125 0.24305555625 0.95546875 0.259722221875 0.95546875 0.2791666671875
4 0.03515625 0.5013888890625 0.03828125 0.5138888890625 0.04296875 0.515277778125 0.04296875 0.49305555625 0.03828125 0.47222222187499996 0.034375 0.425 0.03046875 0.41805555625 0.0171875 0.4138888890625 0.01171875 0.40555555625000006 0.00703125 0.40555555625000006 0.00703125 0.4583333328125 0.0125 0.46944444374999994 0.01328125 0.477777778125 0.01875 0.48472222187499997 0.025 0.51805555625 0.03046875 0.51805555625 0.03125 0.50555555625 0.03515625 0.5013888890625