2 0.41944444374999995 0.975 0.4625 0.975 0.46805555625000006 0.9703125 0.46805555625000006 0.96328125 0.46388888906250003 0.959375 0.42222222187499997 0.96328125 0.41805555625 0.96640625 0.41944444374999995 0.975
1 0.109722221875 0.6296875 0.2541666671875 0.62734375 0.2611111109375 0.63125 0.259722221875 0.6390625 0.2638888890625 0.6421875 0.2708333328125 0.6328125 0.28611111093749997 0.62421875 0.2833333328125 0.61328125 0.290277778125 0.60546875 0.2833333328125 0.6046875 0.2625 0.61328125 0.1111111109375 0.61484375 0.102777778125 0.62109375 0.102777778125 0.62578125 0.109722221875 0.6296875
1 0.0875 0.55703125 0.2166666671875 0.5578125 0.22777777812500002 0.56171875 0.22777777812500002 0.56875 0.23472222187499997 0.56953125 0.24305555625 0.56171875 0.2513888890625 0.53203125 0.24444444375000002 0.53125 0.240277778125 0.53359375 0.23472222187499997 0.54375 0.215277778125 0.54765625 0.1708333328125 0.54375 0.1375 0.54609375 0.084722221875 0.5453125 0.0875 0.55703125
6 0.21805555625 0.2390625 0.215277778125 0.23671875 0.19444444375 0.246875 0.190277778125 0.26328125 0.18055555625 0.2671875 0.1583333328125 0.26953125 0.15 0.30859375 0.165277778125 0.31953125 0.165277778125 0.32734375 0.172222221875 0.33515625 0.16805555625 0.33828125 0.1763888890625 0.34375 0.2125 0.34453125 0.2388888890625 0.3375 0.24305555625 0.33203125 0.24305555625 0.309375 0.24722222187499998 0.30234375 0.272222221875 0.29765625 0.2833333328125 0.29140625 0.28472222187499996 0.28046875 0.272222221875 0.27109375 0.2791666671875 0.2609375 0.2791666671875 0.24453125 0.275 0.2375 0.23611111093749998 0.2359375 0.21805555625 0.2390625
6 0.1888888890625 0.36484375 0.1763888890625 0.3921875 0.15972222187500001 0.40234375 0.1611111109375 0.42421875 0.18055555625 0.43125 0.197222221875 0.43359375 0.22638888906250001 0.43125 0.23055555625 0.42578125 0.2416666671875 0.42265625 0.25555555625 0.40546875 0.259722221875 0.39453125 0.25833333281250004 0.35078125 0.2513888890625 0.34296875 0.23472222187499997 0.34296875 0.22916666718749998 0.3453125 0.21805555625 0.365625 0.20277777812500003 0.3625 0.19305555624999998 0.3625 0.1888888890625 0.36484375
7 0.13194444375 0.16015625 0.15 0.15703125 0.1541666671875 0.15078125 0.15 0.13828125 0.1513888890625 0.12265625 0.14305555625 0.12265625 0.1458333328125 0.11796875 0.15277777812499999 0.1171875 0.1541666671875 0.10703125 0.147222221875 0.11015625 0.1416666671875 0.125 0.134722221875 0.12734375 0.1208333328125 0.15078125 0.12222222187500001 0.15703125 0.13194444375 0.16015625
7 0.0958333328125 0.04140625 0.08055555625000001 0.04921875 0.072222221875 0.06171875 0.072222221875 0.0765625 0.084722221875 0.09296875 0.11944444375 0.09375 0.1291666671875 0.0796875 0.1291666671875 0.0703125 0.125 0.06875 0.11805555625 0.04765625 0.097222221875 0.04375 0.1 0.0375 0.11805555625 0.03828125 0.1166666671875 0.0328125 0.10555555624999999 0.02734375 0.097222221875 0.028125 0.0861111109375 0.0375 0.0958333328125 0.0390625 0.0958333328125 0.04140625
7 0.09305555625 0.10234375 0.08055555625000001 0.103125 0.07083333281250001 0.1296875 0.07083333281250001 0.1375 0.077777778125 0.14296875 0.08055555625000001 0.14375 0.102777778125 0.125 0.11388888906250001 0.1109375 0.11388888906250001 0.10546875 0.09305555625 0.10234375
7 0.26805555625 0.06953125 0.23333333281250002 0.06953125 0.2236111109375 0.07421875 0.1833333328125 0.08359375 0.17361111093749998 0.08984375 0.1541666671875 0.1203125 0.15555555625 0.14296875 0.16388888906250001 0.1484375 0.15555555625 0.1609375 0.15555555625 0.18125 0.1611111109375 0.1828125 0.19305555624999998 0.1859375 0.2 0.1828125 0.2208333328125 0.18125 0.22916666718749998 0.17578125 0.22777777812500002 0.165625 0.21805555625 0.1625 0.21944444375 0.153125 0.23611111093749998 0.14921875 0.25833333281250004 0.121875 0.27638888906250003 0.11796875 0.28055555625 0.11328125 0.27638888906250003 0.10390625 0.27777777812500004 0.07578125 0.26805555625 0.06953125
7 0.2888888890625 0.73828125 0.2833333328125 0.73359375 0.26805555625 0.7296875 0.23194444375 0.73125 0.20694444375 0.74765625 0.17361111093749998 0.7640625 0.165277778125 0.78125 0.17361111093749998 0.8109375 0.1888888890625 0.81875 0.1916666671875 0.83046875 0.2 0.82578125 0.2513888890625 0.82734375 0.26805555625 0.8234375 0.26527777812500003 0.80859375 0.2708333328125 0.80078125 0.29722222187499997 0.79296875 0.30416666718749996 0.78828125 0.302777778125 0.7828125 0.290277778125 0.77890625 0.28611111093749997 0.77265625 0.28055555625 0.7453125 0.2888888890625 0.73828125
7 0.23055555625 0.0109375 0.272222221875 0.0125 0.2791666671875 0.01015625 0.28055555625 0.003125 0.2791666671875 0.00078125 0.2208333328125 0.00078125 0.21805555625 0.00703125 0.23055555625 0.0109375
7 0.1888888890625 0.08203125 0.197222221875 0.0765625 0.20833333281250002 0.075 0.2166666671875 0.0703125 0.23055555625 0.06953125 0.2388888890625 0.06484375 0.240277778125 0.0390625 0.25 0.03046875 0.22638888906250001 0.025 0.20138888906250002 0.0265625 0.16944444375 0.07109375 0.16805555625 0.078125 0.17361111093749998 0.08125 0.1888888890625 0.08203125
7 0.13055555624999998 0.04453125 0.125 0.05703125 0.127777778125 0.0734375 0.1375 0.06640625 0.15 0.04921875 0.1611111109375 0.025 0.15972222187500001 0.0203125 0.14444444375 0.0234375 0.13055555624999998 0.04453125
7 0.1541666671875 0.21015625 0.15 0.20625 0.1291666671875 0.2046875 0.1111111109375 0.209375 0.11388888906250001 0.2140625 0.1291666671875 0.21484375 0.13888888906250002 0.22109375 0.14444444375 0.21484375 0.15277777812499999 0.2140625 0.1541666671875 0.21015625
7 0.1166666671875 0.20390625 0.097222221875 0.2015625 0.09305555625 0.2109375 0.10555555624999999 0.2109375 0.1166666671875 0.20390625
7 0.07638888906249999 0.23984375 0.072222221875 0.2484375 0.075 0.25078125 0.15972222187500001 0.2546875 0.1583333328125 0.23359375 0.13888888906250002 0.22890625 0.09305555625 0.22890625 0.08333333281250001 0.23203125 0.07638888906249999 0.23984375
7 0.055555556250000006 0.3234375 0.09305555625 0.325 0.1041666671875 0.31953125 0.1111111109375 0.31171875 0.11805555625 0.30859375 0.13055555624999998 0.3078125 0.15555555625 0.275 0.15555555625 0.26328125 0.075 0.26015625 0.06805555625000001 0.2625 0.058333332812500006 0.2765625 0.054166667187499996 0.3 0.04444444375 0.31796875 0.047222221875 0.32265625 0.055555556250000006 0.3234375