2 0.43194444374999996 0.98671875 0.47222222187499996 0.9859375 0.477777778125 0.98203125 0.477777778125 0.975 0.46666666718750005 0.9671875 0.4458333328125 0.9703125 0.425 0.97734375 0.43194444374999996 0.98671875
2 0.16388888906250001 0.61328125 0.1541666671875 0.6078125 0.14305555625 0.6078125 0.13055555624999998 0.61015625 0.13194444375 0.615625 0.15555555625 0.6171875 0.16388888906250001 0.61328125
1 0.1041666671875 0.6171875 0.1 0.61953125 0.1041666671875 0.6296875 0.22777777812500002 0.628125 0.25555555625 0.64375 0.25555555625 0.63984375 0.269078946875 0.6368009859375 0.2708333328125 0.63359375 0.2791666671875 0.63125 0.28611111093749997 0.625 0.28055555625 0.61171875 0.2888888890625 0.59921875 0.28055555625 0.5984375 0.26805555625 0.61015625 0.25694444375000003 0.61484375 0.1861111109375 0.6171875 0.14444444375 0.6140625 0.13055555624999998 0.6171875 0.1041666671875 0.6171875
1 0.08333333281250001 0.54609375 0.08055555625000001 0.55546875 0.084722221875 0.5578125 0.215277778125 0.55859375 0.22777777812500002 0.56171875 0.22638888906250001 0.57265625 0.23055555625 0.57265625 0.2388888890625 0.56875 0.24305555625 0.5625 0.25 0.54765625 0.2513888890625 0.53125 0.24305555625 0.53125 0.23472222187499997 0.54453125 0.2166666671875 0.5484375 0.17916666718750002 0.54765625 0.1708333328125 0.5453125 0.08333333281250001 0.54609375
7 0.30555555624999997 0.01953125 0.3416666671875 0.02109375 0.33888888906250003 0.00078125 0.26805555625 0.00078125 0.2611111109375 0.0046875 0.259722221875 0.01328125 0.275 0.0171875 0.30555555624999997 0.01953125
7 0.2958333328125 0.0921875 0.322222221875 0.0796875 0.32777777812500003 0.075 0.33055555625 0.0578125 0.3416666671875 0.05546875 0.352777778125 0.04921875 0.35555555625 0.0421875 0.302777778125 0.0328125 0.24583333281250003 0.03046875 0.23194444375 0.0578125 0.23194444375 0.06953125 0.24305555625 0.0796875 0.2625 0.0875 0.2958333328125 0.0921875
7 0.15972222187500001 0.10703125 0.1541666671875 0.13046875 0.15972222187500001 0.15 0.15555555625 0.1578125 0.15694444375 0.18125 0.1833333328125 0.18046875 0.20416666718749998 0.16640625 0.2166666671875 0.1515625 0.2388888890625 0.1484375 0.25833333281250004 0.121875 0.27638888906250003 0.11796875 0.28055555625 0.11328125 0.27638888906250003 0.09375 0.2666666671875 0.0890625 0.2486111109375 0.0859375 0.23055555625 0.0734375 0.18194444375000002 0.084375 0.17361111093749998 0.0890625 0.15972222187500001 0.10703125
7 0.097222221875 0.02578125 0.0888888890625 0.03359375 0.090277778125 0.0375 0.09444444375 0.0359375 0.11805555625 0.03828125 0.12222222187500001 0.03359375 0.10833333281249999 0.03046875 0.10555555624999999 0.02578125 0.097222221875 0.02578125
7 0.102777778125 0.09375 0.11805555625 0.09453125 0.127777778125 0.08046875 0.1291666671875 0.07265625 0.12222222187500001 0.06953125 0.11944444375 0.05078125 0.102777778125 0.04609375 0.08333333281250001 0.04765625 0.072222221875 0.06171875 0.07083333281250001 0.0734375 0.08194444375 0.09375 0.09444444375 0.0984375 0.102777778125 0.09375
7 0.21944444375 0.0078125 0.23333333281250002 0.01171875 0.252777778125 0.0125 0.25555555625 0.00078125 0.22638888906250001 0.00078125 0.21944444375 0.0078125
7 0.23611111093749998 0.040625 0.24305555625 0.03203125 0.2388888890625 0.028125 0.20555555625 0.02578125 0.19583333281249998 0.03125 0.16944444375 0.07109375 0.16944444375 0.08046875 0.1916666671875 0.08046875 0.20833333281250002 0.0703125 0.22777777812500002 0.06875 0.23611111093749998 0.040625
7 0.1611111109375 0.028125 0.1611111109375 0.021875 0.15694444375 0.0203125 0.1458333328125 0.0234375 0.13055555624999998 0.04453125 0.12222222187500001 0.06484375 0.1263888890625 0.07421875 0.1291666671875 0.075 0.14305555625 0.053125 0.15555555625 0.04140625 0.1611111109375 0.028125
7 0.184722221875 0.18359375 0.1888888890625 0.18125 0.19583333281249998 0.1875 0.25555555625 0.18984375 0.25555555625 0.18515625 0.2666666671875 0.1828125 0.272222221875 0.1765625 0.2708333328125 0.1625 0.27638888906250003 0.1578125 0.26527777812500003 0.15234375 0.23472222187499997 0.1515625 0.222222221875 0.15703125 0.2166666671875 0.16796875 0.20277777812500003 0.16875 0.1916666671875 0.178125 0.17361111093749998 0.1828125 0.184722221875 0.18359375
7 0.222222221875 0.24375 0.22916666718749998 0.2359375 0.22638888906250001 0.23203125 0.197222221875 0.23125 0.1875 0.2234375 0.15694444375 0.23125 0.15277777812499999 0.23828125 0.16388888906250001 0.25390625 0.1833333328125 0.2625 0.2208333328125 0.2625 0.22638888906250001 0.25546875 0.222222221875 0.24375
7 0.240277778125 0.209375 0.14305555625 0.20625 0.1375 0.2140625 0.14305555625 0.2171875 0.184722221875 0.2203125 0.20972222187499998 0.21875 0.24444444375000002 0.22109375 0.2541666671875 0.21953125 0.25694444375000003 0.2140625 0.240277778125 0.209375
7 0.10694444375 0.20703125 0.097222221875 0.20625 0.097222221875 0.2109375 0.10694444375 0.20703125
7 0.08333333281250001 0.23203125 0.072222221875 0.25234375 0.09305555625 0.2546875 0.15277777812499999 0.25546875 0.15555555625 0.24453125 0.1513888890625 0.2421875 0.15 0.23125 0.097222221875 0.2296875 0.08333333281250001 0.23203125
7 0.07638888906249999 0.25859375 0.07083333281250001 0.2609375 0.058333332812500006 0.27578125 0.055555556250000006 0.29921875 0.04444444375 0.31796875 0.047222221875 0.32265625 0.055555556250000006 0.3234375 0.0986111109375 0.3234375 0.10555555624999999 0.31796875 0.10555555624999999 0.31328125 0.115277778125 0.3078125 0.1291666671875 0.30703125 0.14305555625 0.29921875 0.15972222187500001 0.27265625 0.165277778125 0.26953125 0.16805555625 0.2640625 0.16388888906250001 0.26328125 0.1625 0.26484375 0.1041666671875 0.2625 0.07638888906249999 0.25859375
7 0.1513888890625 0.11875 0.14305555625 0.11953125 0.13055555624999998 0.1328125 0.127777778125 0.14375 0.1208333328125 0.14921875 0.1208333328125 0.16015625 0.125 0.16171875 0.15 0.1609375 0.15555555625 0.15078125 0.1513888890625 0.140625 0.1513888890625 0.11875
7 0.1041666671875 0.125 0.11388888906250001 0.10625 0.08055555625000001 0.10390625 0.07083333281250001 0.12734375 0.0736111109375 0.14296875 0.08055555625000001 0.14375 0.1041666671875 0.125
4 0.09305555625 0.6 0.09305555625 0.60390625 0.0986111109375 0.60546875 0.1111111109375 0.6078125 0.15277777812499999 0.60625 0.15555555625 0.5984375 0.1375 0.5984375 0.10555555624999999 0.59375 0.09305555625 0.6
4 0.2541666671875 0.73828125 0.259722221875 0.74453125 0.26944444375 0.7390625 0.3013888890625 0.7359375 0.315277778125 0.73203125 0.33055555625 0.7359375 0.33055555625 0.725 0.24722222187499998 0.725 0.22916666718749998 0.73203125 0.22638888906250001 0.73671875 0.23055555625 0.73984375 0.24583333281250003 0.73671875 0.2541666671875 0.73828125