2 0.425 0.9765625 0.425 0.98125 0.43194444374999996 0.98671875 0.47083333281249995 0.9859375 0.4763888890625 0.98359375 0.477777778125 0.975 0.46666666718750005 0.9671875 0.4458333328125 0.9703125 0.425 0.9765625
1 0.2541666671875 0.628125 0.2541666671875 0.64296875 0.25555555625 0.63984375 0.269078946875 0.6368009859375 0.2708333328125 0.63359375 0.28611111093749997 0.625 0.28055555625 0.61171875 0.2888888890625 0.59921875 0.28055555625 0.5984375 0.25694444375000003 0.61484375 0.17916666718750002 0.6140625 0.14305555625 0.61875 0.10555555624999999 0.6171875 0.1 0.6203125 0.1041666671875 0.6296875 0.2541666671875 0.628125
1 0.08055555625000001 0.55546875 0.0861111109375 0.5578125 0.2138888890625 0.55859375 0.22916666718749998 0.5625 0.22638888906250001 0.57265625 0.23055555625 0.57265625 0.24305555625 0.5625 0.25 0.54765625 0.2513888890625 0.53125 0.24305555625 0.53125 0.23472222187499997 0.54453125 0.21805555625 0.5484375 0.17916666718750002 0.54765625 0.1708333328125 0.5453125 0.08333333281250001 0.54609375 0.08055555625000001 0.55546875
7 0.17361111093749998 0.0890625 0.15972222187500001 0.10703125 0.1541666671875 0.13125 0.15555555625 0.14453125 0.15972222187500001 0.146875 0.15555555625 0.15625 0.15694444375 0.18125 0.1833333328125 0.18046875 0.19444444375 0.1703125 0.20277777812500003 0.16796875 0.2166666671875 0.1515625 0.23472222187499997 0.15 0.240277778125 0.146875 0.25833333281250004 0.121875 0.27777777812500004 0.1171875 0.28055555625 0.10859375 0.27638888906250003 0.09296875 0.2486111109375 0.08515625 0.23055555625 0.0734375 0.18194444375000002 0.084375 0.17361111093749998 0.0890625
7 0.34027777812500004 0.00234375 0.26805555625 0.00078125 0.259722221875 0.00625 0.25833333281250004 0.0125 0.27638888906250003 0.01796875 0.3416666671875 0.02109375 0.34027777812500004 0.00234375
7 0.2958333328125 0.0921875 0.3138888890625 0.08359375 0.32777777812500003 0.075 0.33055555625 0.05859375 0.3513888890625 0.05 0.35555555625 0.0421875 0.3513888890625 0.03984375 0.28611111093749997 0.03125 0.24583333281250003 0.03046875 0.23194444375 0.0578125 0.23194444375 0.06953125 0.24444444375000002 0.08125 0.2625 0.0875 0.2958333328125 0.0921875
7 0.09444444375 0.0375 0.125 0.0375 0.1263888890625 0.03359375 0.109722221875 0.03046875 0.10555555624999999 0.02578125 0.097222221875 0.02578125 0.0916666671875 0.03203125 0.09444444375 0.0375
7 0.09305555625 0.0984375 0.097222221875 0.0984375 0.10138888906250001 0.09375 0.11805555625 0.09453125 0.127777778125 0.08046875 0.127777778125 0.07265625 0.1208333328125 0.06796875 0.11944444375 0.05 0.102777778125 0.04609375 0.08333333281250001 0.04765625 0.072222221875 0.06171875 0.072222221875 0.078125 0.08333333281250001 0.09375 0.09305555625 0.0984375
7 0.22777777812500002 0.17109375 0.2125 0.16953125 0.20277777812500003 0.17109375 0.1916666671875 0.18046875 0.18194444375000002 0.1828125 0.1916666671875 0.1828125 0.19583333281249998 0.1875 0.2541666671875 0.1890625 0.2513888890625 0.1828125 0.23194444375 0.17890625 0.22777777812500002 0.17109375
7 0.22638888906250001 0.25546875 0.222222221875 0.24296875 0.22777777812500002 0.23359375 0.19583333281249998 0.23125 0.1875 0.2265625 0.15694444375 0.23125 0.15277777812499999 0.23984375 0.1611111109375 0.25078125 0.190277778125 0.26328125 0.2166666671875 0.26328125 0.222222221875 0.2609375 0.22638888906250001 0.25546875
7 0.15694444375 0.20546875 0.14305555625 0.20625 0.1375 0.2125 0.14305555625 0.2171875 0.1833333328125 0.21953125 0.2486111109375 0.2203125 0.25555555625 0.21875 0.25694444375000003 0.2140625 0.23611111093749998 0.209375 0.15694444375 0.20546875
7 0.2208333328125 0.0078125 0.23333333281250002 0.01171875 0.252777778125 0.0125 0.25555555625 0.00078125 0.22638888906250001 0.00078125 0.2208333328125 0.0078125
7 0.23055555625 0.05546875 0.24305555625 0.03203125 0.240277778125 0.028125 0.20555555625 0.02578125 0.197222221875 0.03046875 0.16944444375 0.07109375 0.16944444375 0.08046875 0.19305555624999998 0.08046875 0.20972222187499998 0.07109375 0.22916666718749998 0.06796875 0.23055555625 0.05546875
7 0.15 0.02109375 0.1458333328125 0.0234375 0.13333333281249998 0.03984375 0.12222222187500001 0.06484375 0.1263888890625 0.07421875 0.13055555624999998 0.07421875 0.14305555625 0.05390625 0.15555555625 0.04296875 0.16388888906250001 0.021875 0.15 0.02109375
7 0.16805555625 0.25859375 0.165277778125 0.2609375 0.16805555625 0.26171875 0.16805555625 0.25859375
7 0.10138888906250001 0.209375 0.0958333328125 0.2109375 0.10138888906250001 0.2109375 0.10555555624999999 0.20703125 0.097222221875 0.20625 0.10138888906250001 0.209375
7 0.11805555625 0.25546875 0.1541666671875 0.25546875 0.15694444375 0.25 0.15 0.2328125 0.13055555624999998 0.2296875 0.08333333281250001 0.23203125 0.072222221875 0.25234375 0.11805555625 0.25546875
7 0.047222221875 0.32265625 0.055555556250000006 0.3234375 0.0986111109375 0.3234375 0.11388888906250001 0.3078125 0.134722221875 0.3046875 0.14305555625 0.3 0.14305555625 0.29609375 0.1541666671875 0.28671875 0.1666666671875 0.26328125 0.15694444375 0.26484375 0.102777778125 0.2625 0.072222221875 0.25859375 0.058333332812500006 0.278125 0.055555556250000006 0.2984375 0.04444444375 0.31796875 0.047222221875 0.32265625
7 0.1513888890625 0.140625 0.1513888890625 0.11875 0.1416666671875 0.121875 0.13055555624999998 0.13359375 0.1291666671875 0.1421875 0.1208333328125 0.14921875 0.12222222187500001 0.16171875 0.13333333281249998 0.16328125 0.1513888890625 0.15859375 0.15555555625 0.15078125 0.1513888890625 0.140625
7 0.1041666671875 0.125 0.11388888906250001 0.10625 0.08055555625000001 0.10390625 0.07083333281250001 0.128125 0.0736111109375 0.14296875 0.08055555625000001 0.14375 0.1041666671875 0.125
4 0.222222221875 0.31328125 0.20138888906250002 0.31875 0.21805555625 0.33046875 0.2888888890625 0.33046875 0.3 0.32734375 0.302777778125 0.3234375 0.25833333281250004 0.31875 0.24305555625 0.31328125 0.222222221875 0.31328125
4 0.134722221875 0.59375 0.2 0.59375 0.20138888906250002 0.58828125 0.19305555624999998 0.58671875 0.2 0.5796875 0.127777778125 0.5828125 0.125 0.58671875 0.134722221875 0.59375