2 0.43194444374999996 0.98671875 0.47222222187499996 0.9859375 0.477777778125 0.98125 0.477777778125 0.975 0.46805555625000006 0.9671875 0.4486111109375 0.96953125 0.425 0.97734375 0.43194444374999996 0.98671875
1 0.23472222187499997 0.54453125 0.21944444375 0.54765625 0.17916666718750002 0.54765625 0.172222221875 0.5453125 0.08333333281250001 0.54609375 0.08055555625000001 0.55546875 0.0861111109375 0.5578125 0.215277778125 0.55859375 0.22916666718749998 0.56171875 0.22638888906250001 0.5734375 0.23055555625 0.57421875 0.23333333281250002 0.571875 0.22777777812500002 0.56953125 0.22916666718749998 0.565625 0.240277778125 0.56796875 0.24305555625 0.5625 0.25 0.54765625 0.2513888890625 0.53125 0.24583333281250003 0.53046875 0.2416666671875 0.5328125 0.23472222187499997 0.54453125
1 0.1041666671875 0.6296875 0.24845694375 0.628125 0.25555555625 0.64375 0.25555555625 0.63984375 0.269078946875 0.6368009859375 0.2708333328125 0.63359375 0.2791666671875 0.63125 0.28611111093749997 0.625 0.28055555625 0.6125 0.2888888890625 0.6 0.28055555625 0.5984375 0.25555555625 0.61484375 0.1986111109375 0.6171875 0.15 0.61484375 0.10555555624999999 0.6171875 0.1 0.6203125 0.1041666671875 0.6296875
6 0.16944444375 0.4296875 0.1861111109375 0.4328125 0.21944444375 0.4328125 0.24305555625 0.42265625 0.25 0.41484375 0.259722221875 0.3953125 0.25833333281250004 0.34921875 0.252777778125 0.34375 0.23055555625 0.3453125 0.2236111109375 0.3515625 0.21944444375 0.36484375 0.1888888890625 0.37265625 0.17361111093749998 0.39453125 0.15972222187500001 0.40234375 0.15972222187500001 0.4234375 0.16944444375 0.4296875
6 0.22777777812500002 0.2140625 0.2236111109375 0.21796875 0.22777777812500002 0.2203125 0.2416666671875 0.21875 0.2736111109375 0.22109375 0.27638888906250003 0.21796875 0.26805555625 0.21328125 0.2388888890625 0.21171875 0.22777777812500002 0.2140625
6 0.27777777812500004 0.25703125 0.2666666671875 0.25 0.24305555625 0.24921875 0.2416666671875 0.2359375 0.23333333281250002 0.23359375 0.18055555625 0.23125 0.16805555625 0.23984375 0.11805555625 0.24296875 0.10555555624999999 0.25 0.0958333328125 0.27421875 0.097222221875 0.2921875 0.10555555624999999 0.29765625 0.14305555625 0.3015625 0.15555555625 0.31171875 0.16944444375 0.31640625 0.177777778125 0.3125 0.225 0.31171875 0.2388888890625 0.30546875 0.2416666671875 0.29296875 0.2388888890625 0.28828125 0.21944444375 0.284375 0.21805555625 0.27734375 0.23194444375 0.27109375 0.2666666671875 0.26875 0.27638888906250003 0.2625 0.27777777812500004 0.25703125
7 0.23055555625 0.0734375 0.18194444375000002 0.084375 0.17361111093749998 0.0890625 0.15972222187500001 0.10703125 0.1541666671875 0.13125 0.15555555625 0.14453125 0.15972222187500001 0.146875 0.15555555625 0.15625 0.15694444375 0.178125 0.15972222187500001 0.1796875 0.16805555625 0.175 0.20138888906250002 0.1671875 0.21805555625 0.15078125 0.23472222187499997 0.15 0.240277778125 0.14609375 0.25833333281250004 0.121875 0.27777777812500004 0.1171875 0.28055555625 0.109375 0.27638888906250003 0.1046875 0.27638888906250003 0.09296875 0.26805555625 0.0890625 0.24722222187499998 0.0859375 0.23055555625 0.0734375
7 0.33888888906250003 0.00078125 0.26805555625 0.00078125 0.2611111109375 0.00546875 0.2611111109375 0.01328125 0.30555555624999997 0.01953125 0.3416666671875 0.02109375 0.33888888906250003 0.00078125
7 0.29722222187499997 0.09296875 0.30555555624999997 0.0859375 0.32777777812500003 0.07578125 0.33055555625 0.05703125 0.334722221875 0.053125 0.35 0.0484375 0.35555555625 0.04296875 0.3013888890625 0.0328125 0.24583333281250003 0.03046875 0.23194444375 0.0578125 0.23194444375 0.06953125 0.24305555625 0.0796875 0.2611111109375 0.0875 0.29722222187499997 0.09296875
7 0.25694444375000003 0.00703125 0.25555555625 0.00078125 0.22638888906250001 0.00078125 0.2208333328125 0.00703125 0.23472222187499997 0.01171875 0.252777778125 0.0125 0.25694444375000003 0.00703125
7 0.23194444375 0.05234375 0.24305555625 0.03203125 0.240277778125 0.028125 0.20555555625 0.02578125 0.197222221875 0.03046875 0.16944444375 0.07109375 0.16944444375 0.08046875 0.1875 0.08125 0.2125 0.0703125 0.22916666718749998 0.06875 0.23194444375 0.05234375
7 0.15972222187500001 0.02109375 0.147222221875 0.021875 0.13333333281249998 0.03984375 0.12222222187500001 0.0640625 0.125 0.07265625 0.1291666671875 0.075 0.14305555625 0.05390625 0.15555555625 0.04375 0.16388888906250001 0.0265625 0.15972222187500001 0.02109375
7 0.1513888890625 0.13984375 0.15 0.1171875 0.14305555625 0.11953125 0.13055555624999998 0.1328125 0.1291666671875 0.1421875 0.11944444375 0.1515625 0.12222222187500001 0.16171875 0.13888888906250002 0.16328125 0.1513888890625 0.16015625 0.15555555625 0.146875 0.1513888890625 0.13984375
7 0.0791666671875 0.1046875 0.07083333281250001 0.1265625 0.072222221875 0.1421875 0.08055555625000001 0.14375 0.0888888890625 0.1375 0.1041666671875 0.12421875 0.11388888906250001 0.10625 0.084722221875 0.10234375 0.0791666671875 0.1046875