2 0.0140625 0.47083333281249995 0.01640625 0.4763888890625 0.025 0.477777778125 0.0328125 0.46805555625000006 0.0296875 0.4458333328125 0.02265625 0.425 0.01328125 0.43194444374999996 0.0140625 0.47083333281249995
1 0.3859375 0.2791666671875 0.40078125 0.2888888890625 0.4015625 0.28055555625 0.3953125 0.275 0.38515625 0.2541666671875 0.38203125 0.10138888906250001 0.36953125 0.10555555624999999 0.371875 0.1208333328125 0.3703125 0.25555555625 0.3578125 0.259722221875 0.35703125 0.2666666671875 0.3671875 0.2708333328125 0.3703125 0.28055555625 0.3796875 0.2888888890625 0.3859375 0.2791666671875
6 0.78203125 0.2125 0.78046875 0.22777777812500002 0.77890625 0.275 0.78203125 0.27638888906250003 0.7875 0.26527777812500003 0.78828125 0.24583333281250003 0.78671875 0.21944444375 0.7828125 0.21805555625 0.784375 0.2125 0.78203125 0.2125
6 0.7828125 0.18194444375000002 0.78125 0.1763888890625 0.77890625 0.18055555625 0.7828125 0.18194444375000002
6 0.71171875 0.2388888890625 0.7171875 0.21805555625 0.72265625 0.21805555625 0.72890625 0.23333333281250002 0.73125 0.2666666671875 0.7375 0.27638888906250003 0.74296875 0.27777777812500004 0.75 0.2666666671875 0.75078125 0.24305555625 0.7640625 0.24305555625 0.76640625 0.23333333281250002 0.76875 0.18055555625 0.76328125 0.1763888890625 0.76015625 0.16805555625 0.75703125 0.11805555625 0.75 0.10555555624999999 0.72734375 0.0958333328125 0.70625 0.097222221875 0.70234375 0.10555555624999999 0.6984375 0.14305555625 0.68828125 0.15555555625 0.68359375 0.16944444375 0.6875 0.17916666718750002 0.6890625 0.22638888906250001 0.69453125 0.2388888890625 0.70703125 0.2416666671875 0.71171875 0.2388888890625
7 0.9828125 0.2888888890625 0.978125 0.3416666671875 0.99921875 0.33888888906250003 0.99921875 0.26805555625 0.99296875 0.259722221875 0.9875 0.25833333281250004 0.98125 0.2791666671875 0.9828125 0.2888888890625
7 0.9421875 0.23194444375 0.92734375 0.23333333281250002 0.9140625 0.25555555625 0.9078125 0.28611111093749997 0.90703125 0.2958333328125 0.92421875 0.32777777812500003 0.9421875 0.33055555625 0.9515625 0.3541666671875 0.9578125 0.35555555625 0.9671875 0.3013888890625 0.96953125 0.24583333281250003 0.9421875 0.23194444375
7 0.8828125 0.27777777812500004 0.90625 0.27777777812500004 0.9140625 0.2486111109375 0.9265625 0.23055555625 0.91640625 0.1833333328125 0.9109375 0.17361111093749998 0.890625 0.1583333328125 0.85546875 0.15555555625 0.85234375 0.16805555625 0.8390625 0.15555555625 0.8171875 0.1583333328125 0.81640625 0.18055555625 0.8296875 0.19583333281249998 0.83671875 0.2125 0.84921875 0.2166666671875 0.85 0.22916666718749998 0.85546875 0.24305555625 0.878125 0.25833333281250004 0.8828125 0.27777777812500004
7 0.99921875 0.22777777812500002 0.9921875 0.222222221875 0.98828125 0.23333333281250002 0.9875 0.2541666671875 0.99921875 0.25555555625 0.99921875 0.22777777812500002
7 0.99921875 0.18055555625 0.99296875 0.172222221875 0.99296875 0.1833333328125 0.99921875 0.18055555625
7 0.97421875 0.20555555625 0.96953125 0.197222221875 0.9296875 0.16944444375 0.9203125 0.16805555625 0.91875 0.1875 0.9234375 0.20138888906250002 0.92890625 0.20833333281250002 0.93046875 0.22777777812500002 0.95859375 0.23611111093749998 0.96796875 0.24305555625 0.971875 0.240277778125 0.97421875 0.20555555625
7 0.93125 0.125 0.9296875 0.13055555624999998 0.92734375 0.125 0.925 0.1291666671875 0.94609375 0.14305555625 0.9515625 0.15277777812499999 0.98046875 0.16805555625 0.97890625 0.1513888890625 0.9734375 0.14305555625 0.946875 0.1263888890625 0.93125 0.125
7 0.84375 0.15277777812499999 0.8796875 0.15277777812499999 0.884375 0.1458333328125 0.8484375 0.11944444375 0.8375 0.12222222187500001 0.8375 0.140277778125 0.84375 0.15277777812499999
7 0.875 0.1041666671875 0.89375 0.11388888906250001 0.89609375 0.08055555625000001 0.8734375 0.07083333281250001 0.85703125 0.0736111109375 0.85546875 0.08055555625000001 0.875 0.1041666671875
4 0.56328125 0.1458333328125 0.55546875 0.165277778125 0.55546875 0.2166666671875 0.55234375 0.23055555625 0.56015625 0.23055555625 0.5625 0.2388888890625 0.5671875 0.2388888890625 0.5703125 0.17361111093749998 0.56796875 0.1458333328125 0.56328125 0.1458333328125