1 0.127777778125 0.61484375 0.115277778125 0.6140625 0.1041666671875 0.61640625 0.1041666671875 0.62421875 0.109722221875 0.628125 0.2513888890625 0.628125 0.259722221875 0.63125 0.2611111109375 0.6421875 0.2666666671875 0.6421875 0.272222221875 0.63203125 0.28611111093749997 0.625 0.2833333328125 0.61328125 0.2888888890625 0.60546875 0.28194444375 0.6046875 0.2541666671875 0.6140625 0.20972222187499998 0.61328125 0.19305555624999998 0.61015625 0.140277778125 0.61015625 0.127777778125 0.61484375
1 0.08055555625000001 0.553125 0.09305555625 0.5578125 0.215277778125 0.55859375 0.222222221875 0.5625 0.2236111109375 0.5703125 0.22916666718749998 0.57109375 0.24305555625 0.56171875 0.2513888890625 0.54375 0.2513888890625 0.53203125 0.24305555625 0.53125 0.23472222187499997 0.5421875 0.2166666671875 0.54609375 0.16944444375 0.54375 0.0861111109375 0.54609375 0.08055555625000001 0.54921875 0.08055555625000001 0.553125
6 0.184722221875 0.37578125 0.18194444375000002 0.3921875 0.16805555625 0.396875 0.1611111109375 0.41171875 0.1611111109375 0.42265625 0.172222221875 0.4296875 0.190277778125 0.4328125 0.20694444375 0.43359375 0.22916666718749998 0.43046875 0.25 0.41640625 0.2513888890625 0.409375 0.25833333281250004 0.40546875 0.25833333281250004 0.35 0.25694444375000003 0.3453125 0.25 0.34296875 0.23055555625 0.3453125 0.21805555625 0.365625 0.2125 0.3671875 0.20555555625 0.36484375 0.190277778125 0.37109375 0.184722221875 0.37578125
6 0.2166666671875 0.23828125 0.19583333281249998 0.25078125 0.1916666671875 0.2625 0.1611111109375 0.26875 0.15555555625 0.27265625 0.15 0.309375 0.16805555625 0.32109375 0.1666666671875 0.33671875 0.1708333328125 0.3421875 0.1888888890625 0.3453125 0.21111111093749999 0.3453125 0.2416666671875 0.33671875 0.2388888890625 0.3171875 0.24722222187499998 0.30234375 0.275 0.29765625 0.2833333328125 0.29140625 0.28472222187499996 0.2828125 0.28055555625 0.27578125 0.26805555625 0.2703125 0.27777777812500004 0.2625 0.27638888906250003 0.23828125 0.2708333328125 0.23671875 0.23472222187499997 0.2359375 0.2166666671875 0.23828125
7 0.140277778125 0.1203125 0.13055555624999998 0.1328125 0.1291666671875 0.14453125 0.1208333328125 0.153125 0.12222222187500001 0.16171875 0.1375 0.1609375 0.1513888890625 0.1546875 0.1541666671875 0.11875 0.15 0.1140625 0.140277778125 0.1203125
7 0.08333333281250001 0.0375 0.08333333281250001 0.04140625 0.0861111109375 0.03828125 0.115277778125 0.0390625 0.11805555625 0.0359375 0.1111111109375 0.03125 0.097222221875 0.0296875 0.08333333281250001 0.0375
7 0.1 0.04609375 0.08333333281250001 0.04453125 0.072222221875 0.059375 0.072222221875 0.0765625 0.084722221875 0.09296875 0.11944444375 0.09375 0.1291666671875 0.078125 0.12222222187500001 0.0703125 0.11944444375 0.0515625 0.1 0.04609375
7 0.0791666671875 0.103125 0.07083333281250001 0.128125 0.072222221875 0.13828125 0.08055555625000001 0.1421875 0.090277778125 0.1359375 0.11388888906250001 0.11171875 0.11388888906250001 0.10390625 0.090277778125 0.1015625 0.0791666671875 0.103125
7 0.23333333281250002 0.06953125 0.18194444375000002 0.084375 0.172222221875 0.090625 0.15555555625 0.11953125 0.15555555625 0.14375 0.17361111093749998 0.1484375 0.1763888890625 0.15390625 0.16944444375 0.16328125 0.15972222187500001 0.16484375 0.15972222187500001 0.17265625 0.172222221875 0.184375 0.1833333328125 0.1859375 0.222222221875 0.18046875 0.22638888906250001 0.1671875 0.2166666671875 0.1625 0.2166666671875 0.15234375 0.23055555625 0.15078125 0.2388888890625 0.146875 0.25833333281250004 0.121875 0.275 0.11875 0.28055555625 0.1140625 0.27638888906250003 0.1046875 0.27638888906250003 0.075 0.2638888890625 0.06953125 0.23333333281250002 0.06953125
7 0.1861111109375 0.08203125 0.197222221875 0.0765625 0.21944444375 0.07265625 0.23611111093749998 0.06640625 0.2388888890625 0.05703125 0.23055555625 0.04765625 0.23333333281250002 0.0375 0.21944444375 0.02734375 0.20555555625 0.028125 0.19444444375 0.0328125 0.1875 0.0484375 0.16944444375 0.07109375 0.16944444375 0.08125 0.1861111109375 0.08203125
7 0.15694444375 0.0203125 0.14305555625 0.02265625 0.13194444375 0.03984375 0.12222222187500001 0.0625 0.1263888890625 0.07421875 0.13055555624999998 0.07421875 0.14305555625 0.06171875 0.1458333328125 0.04453125 0.15555555625 0.03125 0.15694444375 0.0203125
7 0.3138888890625 0.753125 0.30555555624999997 0.7484375 0.29722222187499997 0.72890625 0.2916666671875 0.70234375 0.2791666671875 0.69375 0.259722221875 0.69296875 0.23611111093749998 0.69609375 0.222222221875 0.7 0.2 0.71171875 0.18055555625 0.7140625 0.16805555625 0.71953125 0.16388888906250001 0.73984375 0.16944444375 0.7703125 0.16388888906250001 0.77109375 0.1666666671875 0.7734375 0.1611111109375 0.77578125 0.15972222187500001 0.79453125 0.177777778125 0.80546875 0.18194444375000002 0.81484375 0.19305555624999998 0.8125 0.19583333281249998 0.8078125 0.20277777812500003 0.8078125 0.2138888890625 0.81484375 0.24444444375000002 0.815625 0.2541666671875 0.8125 0.26527777812500003 0.80234375 0.28611111093749997 0.79765625 0.28472222187499996 0.790625 0.27638888906250003 0.78359375 0.2833333328125 0.77421875 0.30555555624999997 0.76796875 0.315277778125 0.7625 0.3138888890625 0.753125
7 0.1111111109375 0.63046875 0.0986111109375 0.61875 0.0375 0.6203125 0.04444444375 0.63515625 0.055555556250000006 0.64453125 0.052777778124999994 0.65703125 0.058333332812500006 0.6625 0.05694444375 0.66640625 0.04305555625 0.67265625 0.05 0.7125 0.05694444375 0.71875 0.06805555625000001 0.72109375 0.075 0.71953125 0.102777778125 0.725 0.1583333328125 0.725 0.1666666671875 0.71796875 0.1708333328125 0.703125 0.19305555624999998 0.69453125 0.19305555624999998 0.67578125 0.16944444375 0.66953125 0.16388888906250001 0.6625 0.14444444375 0.65546875 0.14444444375 0.63125 0.1416666671875 0.63359375 0.1375 0.63125 0.13194444375 0.63359375 0.13055555624999998 0.63125 0.1111111109375 0.63046875
7 0.14305555625 0.52890625 0.11805555625 0.521875 0.072222221875 0.521875 0.025 0.5265625 0.009722221875000001 0.5328125 0.00555555625 0.56953125 0.019444443750000002 0.6046875 0.026388889062499997 0.61015625 0.0361111109375 0.61171875 0.0888888890625 0.6109375 0.10138888906250001 0.61328125 0.134722221875 0.60546875 0.14861111093749999 0.60625 0.16944444375 0.6 0.18055555625 0.6 0.1833333328125 0.58125 0.17361111093749998 0.5625 0.13055555624999998 0.559375 0.13055555624999998 0.54453125 0.177777778125 0.54296875 0.177777778125 0.5375 0.16805555625 0.53046875 0.14305555625 0.52890625
7 0.1375 0.21875 0.1513888890625 0.21015625 0.1458333328125 0.20703125 0.12222222187500001 0.20703125 0.12222222187500001 0.21171875 0.13194444375 0.2140625 0.1375 0.21875
7 0.1041666671875 0.203125 0.097222221875 0.2046875 0.10138888906250001 0.20703125 0.097222221875 0.21171875 0.10833333281249999 0.20703125 0.1041666671875 0.203125
7 0.08194444375 0.23203125 0.075 0.24921875 0.077777778125 0.25078125 0.125 0.25234375 0.134722221875 0.2546875 0.15972222187500001 0.25390625 0.15972222187500001 0.23671875 0.15277777812499999 0.23125 0.0916666671875 0.22890625 0.08194444375 0.23203125
7 0.055555556250000006 0.3234375 0.10138888906250001 0.32265625 0.10694444375 0.31328125 0.1291666671875 0.30234375 0.1416666671875 0.29140625 0.1458333328125 0.28203125 0.15555555625 0.27421875 0.1583333328125 0.265625 0.1541666671875 0.2625 0.0861111109375 0.26015625 0.072222221875 0.26015625 0.06805555625000001 0.2625 0.0458333328125 0.31484375 0.047222221875 0.32109375 0.055555556250000006 0.3234375
4 0.3236111109375 0.0390625 0.2888888890625 0.03203125 0.2541666671875 0.03125 0.25833333281250004 0.04140625 0.272222221875 0.04765625 0.290277778125 0.05 0.302777778125 0.05625 0.3083333328125 0.05625 0.31805555625 0.0515625 0.3236111109375 0.0390625
4 0.5083333328124999 1 0.5291666671875 0.9953125 0.5319444437499999 0.98984375 0.50555555625 0.9890625 0.5 0.98515625 0.51944444375 0.97890625 0.51944444375 0.975 0.5097222218749999 0.9734375 0.4763888890625 0.9796875 0.44444444375 0.98125 0.42222222187499997 0.9875 0.425 0.9921875 0.434722221875 1 0.5083333328124999 1
4 0.334722221875 0.49375 0.36944444375 0.49375 0.375 0.490625 0.3763888890625 0.47734375 0.32083333281250004 0.4734375 0.2541666671875 0.475 0.24722222187499998 0.4796875 0.24722222187499998 0.48671875 0.259722221875 0.49296875 0.30416666718749996 0.49375 0.3236111109375 0.48984375 0.334722221875 0.49375