1 0.38828125 0.1541666671875 0.3859375 0.115277778125 0.38359375 0.10555555624999999 0.375 0.102777778125 0.371875 0.10555555624999999 0.36953125 0.1166666671875 0.37265625 0.15694444375 0.37265625 0.25 0.36875 0.259722221875 0.3609375 0.259722221875 0.359375 0.26527777812500003 0.3671875 0.2708333328125 0.375 0.28611111093749997 0.38671875 0.2833333328125 0.39375 0.290277778125 0.39453125 0.28194444375 0.38671875 0.2638888890625 0.38515625 0.23194444375 0.38515625 0.1583333328125 0.38828125 0.1541666671875
1 0.4515625 0.08194444375 0.44296875 0.0861111109375 0.4421875 0.2166666671875 0.43828125 0.22638888906250001 0.43125 0.22638888906250001 0.4296875 0.23055555625 0.4328125 0.2388888890625 0.4390625 0.24305555625 0.4671875 0.2513888890625 0.46875 0.24444444375000002 0.45703125 0.23611111093749998 0.45234375 0.215277778125 0.45625 0.1708333328125 0.45390625 0.13194444375 0.4546875 0.084722221875 0.4515625 0.08194444375
6 0.76171875 0.21805555625 0.75234375 0.19444444375 0.73515625 0.1875 0.72890625 0.15694444375 0.69140625 0.15 0.6796875 0.1666666671875 0.6703125 0.16805555625 0.6671875 0.177777778125 0.65703125 0.17916666718750002 0.65625 0.21805555625 0.6625 0.2388888890625 0.66796875 0.24305555625 0.6828125 0.2388888890625 0.69765625 0.24722222187499998 0.70078125 0.25555555625 0.70234375 0.275 0.70859375 0.2833333328125 0.72109375 0.2833333328125 0.72890625 0.2708333328125 0.7375 0.27777777812500004 0.7609375 0.27638888906250003 0.7640625 0.26805555625 0.76171875 0.21805555625
6 0.6125 0.1763888890625 0.60625 0.1763888890625 0.5984375 0.15972222187500001 0.57578125 0.1611111109375 0.56875 0.18055555625 0.56640625 0.19583333281249998 0.56875 0.22638888906250001 0.57421875 0.23055555625 0.5765625 0.240277778125 0.58828125 0.24722222187499998 0.5953125 0.25694444375000003 0.6515625 0.25833333281250004 0.65703125 0.2513888890625 0.6546875 0.22916666718749998 0.63671875 0.2236111109375 0.6328125 0.215277778125 0.63671875 0.20694444375 0.63671875 0.1916666671875 0.6125 0.1763888890625
7 0.84453125 0.1513888890625 0.865625 0.15 0.88515625 0.1541666671875 0.88515625 0.1458333328125 0.8921875 0.15277777812499999 0.88984375 0.147222221875 0.8734375 0.134722221875 0.85625 0.1291666671875 0.85 0.12222222187500001 0.84375 0.12222222187500001 0.83984375 0.13055555624999998 0.8390625 0.1361111109375 0.84453125 0.1513888890625
7 0.93828125 0.072222221875 0.92421875 0.072222221875 0.9125 0.077777778125 0.90703125 0.0861111109375 0.90625 0.11944444375 0.91875 0.127777778125 0.95234375 0.11805555625 0.95703125 0.097222221875 0.9625 0.1 0.9625 0.11805555625 0.9671875 0.115277778125 0.9703125 0.10555555624999999 0.9703125 0.097222221875 0.96484375 0.09305555625 0.9625 0.0861111109375 0.95859375 0.09305555625 0.95390625 0.08333333281250001 0.93828125 0.072222221875
7 0.89609375 0.08055555625000001 0.87578125 0.072222221875 0.8609375 0.072222221875 0.85703125 0.08055555625000001 0.8625 0.0888888890625 0.8890625 0.11388888906250001 0.8953125 0.11388888906250001 0.89765625 0.09305555625 0.89609375 0.08055555625000001
7 0.93046875 0.23194444375 0.92578125 0.2236111109375 0.91640625 0.1833333328125 0.90546875 0.16944444375 0.884375 0.15555555625 0.85625 0.15555555625 0.8515625 0.16388888906250001 0.8421875 0.15555555625 0.81875 0.15555555625 0.815625 0.1708333328125 0.8140625 0.1833333328125 0.8203125 0.2236111109375 0.83125 0.22916666718749998 0.834375 0.22777777812500002 0.8375 0.21805555625 0.846875 0.21805555625 0.85 0.23472222187499997 0.85390625 0.240277778125 0.878125 0.25833333281250004 0.8828125 0.27777777812500004 0.91953125 0.2791666671875 0.925 0.27777777812500004 0.93046875 0.2666666671875 0.93046875 0.23194444375
7 0.9890625 0.23194444375 0.9875 0.26805555625 0.98984375 0.275 0.99453125 0.27777777812500004 0.99921875 0.272222221875 0.99921875 0.21944444375 0.99296875 0.21944444375 0.9890625 0.23194444375
7 0.92265625 0.19583333281249998 0.9265625 0.21805555625 0.93515625 0.2388888890625 0.9609375 0.2388888890625 0.96875 0.24583333281250003 0.971875 0.2416666671875 0.975 0.2236111109375 0.9734375 0.20277777812500003 0.92890625 0.16944444375 0.921875 0.16805555625 0.91875 0.175 0.91875 0.190277778125 0.92265625 0.19583333281249998
7 0.98046875 0.15972222187500001 0.97578125 0.14305555625 0.94609375 0.1263888890625 0.93203125 0.12222222187500001 0.92734375 0.125 0.925 0.1291666671875 0.9375 0.1416666671875 0.95546875 0.1458333328125 0.9671875 0.15555555625 0.98046875 0.15972222187500001
7 0.790625 0.15277777812499999 0.79296875 0.1513888890625 0.79375 0.1416666671875 0.79296875 0.1208333328125 0.7859375 0.1208333328125 0.78515625 0.13055555624999998 0.7796875 0.1375 0.784375 0.14305555625 0.78671875 0.15277777812499999 0.790625 0.15277777812499999
7 0.79296875 0.09305555625 0.78828125 0.09305555625 0.78828125 0.1 0.79296875 0.109722221875 0.796875 0.10694444375 0.79765625 0.1 0.796875 0.09444444375 0.79296875 0.09305555625
7 0.74921875 0.07638888906249999 0.7453125 0.1583333328125 0.7625 0.15972222187500001 0.76875 0.15277777812499999 0.7703125 0.1416666671875 0.7703125 0.090277778125 0.76640625 0.08055555625000001 0.74921875 0.07638888906249999
7 0.6765625 0.055555556250000006 0.675 0.09305555625 0.68046875 0.1041666671875 0.68828125 0.10833333281249999 0.69140625 0.1166666671875 0.69140625 0.1291666671875 0.72578125 0.15555555625 0.73515625 0.1583333328125 0.7375 0.1541666671875 0.73828125 0.06805555625000001 0.72265625 0.058333332812500006 0.70234375 0.054166667187499996 0.6828125 0.04444444375 0.678125 0.0458333328125 0.6765625 0.055555556250000006