2 0.025 0.41944444374999995 0.025 0.4625 0.0296875 0.46805555625000006 0.03671875 0.46805555625000006 0.040625 0.46388888906250003 0.03671875 0.42222222187499997 0.03359375 0.41805555625 0.025 0.41944444374999995
1 0.3703125 0.109722221875 0.37265625 0.2541666671875 0.36875 0.2611111109375 0.3609375 0.259722221875 0.3578125 0.2638888890625 0.3671875 0.2708333328125 0.37578125 0.28611111093749997 0.38671875 0.2833333328125 0.39453125 0.290277778125 0.3953125 0.2833333328125 0.38671875 0.2625 0.38515625 0.1111111109375 0.37890625 0.102777778125 0.37421875 0.102777778125 0.3703125 0.109722221875
1 0.44296875 0.0875 0.4421875 0.2166666671875 0.43828125 0.22777777812500002 0.43125 0.22777777812500002 0.43046875 0.23472222187499997 0.43828125 0.24305555625 0.46796875 0.2513888890625 0.46875 0.24444444375000002 0.46640625 0.240277778125 0.45625 0.23472222187499997 0.45234375 0.215277778125 0.45625 0.1708333328125 0.45390625 0.1375 0.4546875 0.084722221875 0.44296875 0.0875
6 0.7609375 0.21805555625 0.76328125 0.215277778125 0.753125 0.19444444375 0.73671875 0.190277778125 0.7328125 0.18055555625 0.73046875 0.1583333328125 0.69140625 0.15 0.68046875 0.165277778125 0.67265625 0.165277778125 0.66484375 0.172222221875 0.66171875 0.16805555625 0.65625 0.1763888890625 0.65546875 0.2125 0.6625 0.2388888890625 0.66796875 0.24305555625 0.690625 0.24305555625 0.69765625 0.24722222187499998 0.70234375 0.272222221875 0.70859375 0.2833333328125 0.71953125 0.28472222187499996 0.72890625 0.272222221875 0.7390625 0.2791666671875 0.75546875 0.2791666671875 0.7625 0.275 0.7640625 0.23611111093749998 0.7609375 0.21805555625
6 0.63515625 0.1888888890625 0.6078125 0.1763888890625 0.59765625 0.15972222187500001 0.57578125 0.1611111109375 0.56875 0.18055555625 0.56640625 0.197222221875 0.56875 0.22638888906250001 0.57421875 0.23055555625 0.57734375 0.2416666671875 0.59453125 0.25555555625 0.60546875 0.259722221875 0.64921875 0.25833333281250004 0.65703125 0.2513888890625 0.65703125 0.23472222187499997 0.6546875 0.22916666718749998 0.634375 0.21805555625 0.6375 0.20277777812500003 0.6375 0.19305555624999998 0.63515625 0.1888888890625
7 0.83984375 0.13194444375 0.84296875 0.15 0.84921875 0.1541666671875 0.86171875 0.15 0.87734375 0.1513888890625 0.87734375 0.14305555625 0.88203125 0.1458333328125 0.8828125 0.15277777812499999 0.89296875 0.1541666671875 0.88984375 0.147222221875 0.875 0.1416666671875 0.87265625 0.134722221875 0.84921875 0.1208333328125 0.84296875 0.12222222187500001 0.83984375 0.13194444375
7 0.95859375 0.0958333328125 0.95078125 0.08055555625000001 0.93828125 0.072222221875 0.9234375 0.072222221875 0.90703125 0.084722221875 0.90625 0.11944444375 0.9203125 0.1291666671875 0.9296875 0.1291666671875 0.93125 0.125 0.95234375 0.11805555625 0.95625 0.097222221875 0.9625 0.1 0.96171875 0.11805555625 0.9671875 0.1166666671875 0.97265625 0.10555555624999999 0.971875 0.097222221875 0.9625 0.0861111109375 0.9609375 0.0958333328125 0.95859375 0.0958333328125
7 0.89765625 0.09305555625 0.896875 0.08055555625000001 0.8703125 0.07083333281250001 0.8625 0.07083333281250001 0.85703125 0.077777778125 0.85625 0.08055555625000001 0.875 0.102777778125 0.8890625 0.11388888906250001 0.89453125 0.11388888906250001 0.89765625 0.09305555625
7 0.93046875 0.26805555625 0.93046875 0.23333333281250002 0.92578125 0.2236111109375 0.91640625 0.1833333328125 0.91015625 0.17361111093749998 0.8796875 0.1541666671875 0.85703125 0.15555555625 0.8515625 0.16388888906250001 0.8390625 0.15555555625 0.81875 0.15555555625 0.8171875 0.1611111109375 0.8140625 0.19305555624999998 0.8171875 0.2 0.81875 0.2208333328125 0.82421875 0.22916666718749998 0.834375 0.22777777812500002 0.8375 0.21805555625 0.846875 0.21944444375 0.85078125 0.23611111093749998 0.878125 0.25833333281250004 0.88203125 0.27638888906250003 0.88671875 0.28055555625 0.89609375 0.27638888906250003 0.92421875 0.27777777812500004 0.93046875 0.26805555625
7 0.26171875 0.2888888890625 0.26640625 0.2833333328125 0.2703125 0.26805555625 0.26875 0.23194444375 0.25234375 0.20694444375 0.2359375 0.17361111093749998 0.21875 0.165277778125 0.1890625 0.17361111093749998 0.18125 0.1888888890625 0.16953125 0.1916666671875 0.17421875 0.2 0.17265625 0.2513888890625 0.1765625 0.26805555625 0.19140625 0.26527777812500003 0.19921875 0.2708333328125 0.20703125 0.29722222187499997 0.21171875 0.30416666718749996 0.2171875 0.302777778125 0.22109375 0.290277778125 0.22734375 0.28611111093749997 0.2546875 0.28055555625 0.26171875 0.2888888890625
7 0.9890625 0.23055555625 0.9875 0.272222221875 0.98984375 0.2791666671875 0.996875 0.28055555625 0.99921875 0.2791666671875 0.99921875 0.2208333328125 0.99296875 0.21805555625 0.9890625 0.23055555625
7 0.91796875 0.1888888890625 0.9234375 0.197222221875 0.925 0.20833333281250002 0.9296875 0.2166666671875 0.93046875 0.23055555625 0.93515625 0.2388888890625 0.9609375 0.240277778125 0.96953125 0.25 0.975 0.22638888906250001 0.9734375 0.20138888906250002 0.92890625 0.16944444375 0.921875 0.16805555625 0.91875 0.17361111093749998 0.91796875 0.1888888890625
7 0.95546875 0.13055555624999998 0.94296875 0.125 0.9265625 0.127777778125 0.93359375 0.1375 0.95078125 0.15 0.975 0.1611111109375 0.9796875 0.15972222187500001 0.9765625 0.14444444375 0.95546875 0.13055555624999998
7 0.78984375 0.1541666671875 0.79375 0.15 0.7953125 0.1291666671875 0.790625 0.1111111109375 0.7859375 0.11388888906250001 0.78515625 0.1291666671875 0.77890625 0.13888888906250002 0.78515625 0.14444444375 0.7859375 0.15277777812499999 0.78984375 0.1541666671875
7 0.79609375 0.1166666671875 0.7984375 0.097222221875 0.7890625 0.09305555625 0.7890625 0.10555555624999999 0.79609375 0.1166666671875
7 0.76015625 0.07638888906249999 0.7515625 0.072222221875 0.74921875 0.075 0.7453125 0.15972222187500001 0.76640625 0.1583333328125 0.77109375 0.13888888906250002 0.77109375 0.09305555625 0.76796875 0.08333333281250001 0.76015625 0.07638888906249999
7 0.6765625 0.055555556250000006 0.675 0.09305555625 0.68046875 0.1041666671875 0.68828125 0.1111111109375 0.69140625 0.11805555625 0.6921875 0.13055555624999998 0.725 0.15555555625 0.73671875 0.15555555625 0.73984375 0.075 0.7375 0.06805555625000001 0.7234375 0.058333332812500006 0.7 0.054166667187499996 0.68203125 0.04444444375 0.67734375 0.047222221875 0.6765625 0.055555556250000006