2 0.98671875 0.56805555625 0.9859375 0.5291666671875 0.98203125 0.522222221875 0.975 0.522222221875 0.9671875 0.5333333328125 0.96953125 0.5513888890625 0.97734375 0.575 0.98671875 0.56805555625
1 0.60859375 0.73194444375 0.61484375 0.7458333328125 0.6171875 0.7888888890625 0.615625 0.8444444437499999 0.61796875 0.8638888890624999 0.61796875 0.887847221875 0.61484375 0.8986111109375001 0.61796875 0.8958333328125001 0.62265625 0.9 0.63046875 0.89444444375 0.628125 0.8208333328125 0.6296875 0.8083333328125001 0.62734375 0.7958333328125 0.6296875 0.7805555562500001 0.6296875 0.74444444375 0.640625 0.7402777781250001 0.64296875 0.734722221875 0.6328125 0.7291666671875 0.62734375 0.715277778125 0.6203125 0.7111111109375 0.6171875 0.7194444437499999 0.6 0.7111111109375 0.5984375 0.7194444437499999 0.60859375 0.73194444375
1 0.6109375 0.9015625 0.003125 0.003125
6 0.21796875 0.7236111109375 0.21328125 0.7333333328125 0.21171875 0.765277778125 0.21796875 0.7805555562500001 0.21953125 0.772222221875 0.22109375 0.7263888890625 0.21796875 0.7236111109375
6 0.25703125 0.722222221875 0.25 0.734722221875 0.25 0.7569444437499999 0.2359375 0.7569444437499999 0.23359375 0.765277778125 0.23125 0.8194444437499999 0.23984375 0.83055555625 0.24296875 0.8819444437499999 0.25 0.89444444375 0.27265625 0.9041666671874999 0.29140625 0.9041666671874999 0.2984375 0.89305555625 0.3015625 0.85694444375 0.31171875 0.8444444437499999 0.31640625 0.83055555625 0.3125 0.8222222218749999 0.31171875 0.775 0.30546875 0.7611111109375 0.2953125 0.7569444437499999 0.28828125 0.7611111109375 0.28203125 0.7819444437499999 0.2765625 0.7819444437499999 0.27109375 0.765277778125 0.26875 0.7333333328125 0.2625 0.7236111109375 0.25703125 0.722222221875
7 0.10546875 0.8361111109375001 0.10703125 0.840277778125 0.13359375 0.8458333328125001 0.14453125 0.8444444437499999 0.1484375 0.8361111109375001 0.1578125 0.8444444437499999 0.18125 0.8444444437499999 0.1828125 0.840277778125 0.18359375 0.8208333328125 0.1703125 0.8041666671875 0.1625 0.7861111109375 0.15078125 0.7833333328125 0.15 0.76944444375 0.14453125 0.7569444437499999 0.121875 0.7416666671875001 0.1171875 0.722222221875 0.09375 0.722222221875 0.0859375 0.7513888890625 0.0734375 0.76944444375 0.084375 0.81805555625 0.09375 0.83055555625 0.10546875 0.8361111109375001
7 0.02109375 0.6763888890625 0.02109375 0.6569444437499999 0.00078125 0.6611111109375 0.00078125 0.73194444375 0.00859375 0.7416666671875001 0.01328125 0.7402777781250001 0.0171875 0.7236111109375 0.02109375 0.6763888890625
7 0.09296875 0.7041666671875 0.084375 0.6916666671875 0.0796875 0.6777777781250001 0.075 0.672222221875 0.05859375 0.66944444375 0.05 0.6486111109375 0.0421875 0.64444444375 0.0328125 0.6972222218749999 0.03046875 0.7541666671875 0.0578125 0.76805555625 0.06953125 0.76805555625 0.08203125 0.7541666671875 0.0921875 0.7138888890625 0.09296875 0.7041666671875
7 0.00703125 0.7430555562500001 0.00078125 0.7458333328125 0.00078125 0.772222221875 0.0078125 0.777777778125 0.01171875 0.765277778125 0.0125 0.747222221875 0.00703125 0.7430555562500001
7 0.00625 0.82265625 0.0015625 0.009375
7 0.05546875 0.76944444375 0.03203125 0.7569444437499999 0.028125 0.7611111109375 0.02578125 0.79444444375 0.03125 0.8041666671875 0.07109375 0.83055555625 0.08046875 0.83055555625 0.08046875 0.80694444375 0.07109375 0.790277778125 0.06875 0.7708333328125 0.05546875 0.76944444375
7 0.02109375 0.8388888890624999 0.02109375 0.85 0.03984375 0.8666666671875 0.06484375 0.877777778125 0.07265625 0.875 0.075 0.8708333328125001 0.05390625 0.85694444375 0.04375 0.8444444437499999 0.02421875 0.8361111109375001 0.02109375 0.8388888890624999
7 0.15625 0.847222221875 0.12421875 0.8458333328125001 0.1171875 0.85 0.11875 0.85694444375 0.12734375 0.8652777781250001 0.14375 0.872222221875 0.1515625 0.88055555625 0.16015625 0.8791666671874999 0.16171875 0.875 0.16328125 0.8638888890624999 0.1609375 0.852777778125 0.15625 0.847222221875
7 0.1265625 0.9291666671875 0.1390625 0.9291666671875 0.14296875 0.9236111109375 0.14375 0.91944444375 0.125 0.8958333328125001 0.1109375 0.8861111109375001 0.1046875 0.8888888890625 0.103125 0.91944444375 0.1265625 0.9291666671875
4 0.66875 0.8027777781250001 0.6703125 0.7916666671875 0.6765625 0.7819444437499999 0.6796875 0.7597222218749999 0.67578125 0.7541666671875 0.66953125 0.7291666671875 0.6703125 0.6944444437499999 0.66640625 0.69305555625 0.6625 0.684722221875 0.65859375 0.684722221875 0.65703125 0.6875 0.66171875 0.7013888890625 0.6625 0.73055555625 0.66171875 0.7388888890625 0.6546875 0.7458333328125 0.66328125 0.8027777781250001 0.66875 0.8027777781250001