2 0.9609375 0.5625 0.96484375 0.58055555625 0.975 0.58055555625 0.975 0.5375 0.9703125 0.5305555562500001 0.9578125 0.5333333328125 0.95234375 0.54444444375 0.953125 0.5555555562500001 0.9609375 0.5625
1 0.61328125 0.8861111109375001 0.6203125 0.897222221875 0.625 0.897222221875 0.6296875 0.8819444437499999 0.62734375 0.8458333328125001 0.62734375 0.7486111109375 0.6296875 0.7416666671875001 0.6390625 0.7402777781250001 0.640625 0.734722221875 0.63203125 0.727777778125 0.625 0.7138888890625 0.6203125 0.7111111109375 0.6140625 0.7166666671875 0.60546875 0.709722221875 0.6046875 0.7166666671875 0.61328125 0.7416666671875001 0.61484375 0.7708333328125 0.61328125 0.8861111109375001
1 0.54609375 0.8541666671874999 0.5453125 0.9138888890624999 0.54921875 0.9166666671874999 0.55703125 0.9111111109375001 0.5578125 0.7833333328125 0.56171875 0.7736111109375 0.56875 0.7736111109375 0.56953125 0.765277778125 0.56171875 0.7569444437499999 0.53984375 0.7486111109375 0.5390625 0.7611111109375 0.53359375 0.7597222218749999 0.5328125 0.7486111109375 0.53125 0.75555555625 0.54609375 0.7824069437500001 0.54609375 0.8194444437499999 0.54375 0.8291666671875 0.54609375 0.8541666671874999
6 0.2359375 0.7611111109375 0.2390625 0.7763888890625 0.23671875 0.784722221875 0.240625 0.7888888890625 0.2453125 0.8041666671875 0.26328125 0.809722221875 0.2671875 0.8208333328125 0.26953125 0.8416666671874999 0.28828125 0.8486111109375001 0.30859375 0.85 0.31796875 0.8361111109375001 0.33046875 0.8333333328125001 0.33515625 0.8222222218749999 0.3390625 0.8291666671875 0.34375 0.8208333328125 0.34453125 0.7861111109375 0.33828125 0.7611111109375 0.3328125 0.7569444437499999 0.3140625 0.7583333328124999 0.30234375 0.752777778125 0.29765625 0.727777778125 0.29140625 0.7166666671875 0.28046875 0.715277778125 0.27109375 0.727777778125 0.2609375 0.7208333328125 0.24375 0.7208333328125 0.2390625 0.722222221875 0.23671875 0.727777778125 0.2359375 0.7611111109375
6 0.3921875 0.8236111109375001 0.4015625 0.840277778125 0.42421875 0.8388888890624999 0.43125 0.8194444437499999 0.43359375 0.8027777781250001 0.4328125 0.7819444437499999 0.43125 0.7736111109375 0.42109375 0.7569444437499999 0.4015625 0.7416666671875001 0.39453125 0.7402777781250001 0.34921875 0.7416666671875001 0.34296875 0.7486111109375 0.34296875 0.7638888890625 0.3453125 0.7708333328125 0.365625 0.7805555562500001 0.3625 0.797222221875 0.36484375 0.8111111109375001 0.3921875 0.8236111109375001
7 0.15625 0.85 0.15078125 0.8458333328125001 0.1375 0.85 0.1109375 0.8444444437499999 0.10703125 0.847222221875 0.11328125 0.8541666671874999 0.11796875 0.8486111109375001 0.1265625 0.8652777781250001 0.146875 0.877777778125 0.15703125 0.8791666671874999 0.16015625 0.8708333328125001 0.1609375 0.8652777781250001 0.15625 0.85
7 0.028125 0.902777778125 0.0375 0.9111111109375001 0.03828125 0.8819444437499999 0.0359375 0.8819444437499999 0.028125 0.89444444375 0.028125 0.902777778125
7 0.06875 0.877777778125 0.0578125 0.875 0.0484375 0.8819444437499999 0.04609375 0.8986111109375001 0.0421875 0.9041666671874999 0.0484375 0.91944444375 0.06171875 0.9277777781250001 0.07578125 0.9277777781250001 0.09296875 0.915277778125 0.09375 0.8819444437499999 0.07578125 0.8708333328125001 0.06875 0.877777778125
7 0.1390625 0.9277777781250001 0.14296875 0.91944444375 0.1375 0.9111111109375001 0.1109375 0.8861111109375001 0.1046875 0.8861111109375001 0.103125 0.91944444375 0.121875 0.9277777781250001 0.1390625 0.9277777781250001
7 0.10234375 0.7236111109375 0.0765625 0.7208333328125 0.06953125 0.7333333328125 0.06953125 0.7666666671875 0.0734375 0.7736111109375 0.08359375 0.8166666671874999 0.090625 0.827777778125 0.12109375 0.8458333328125001 0.14296875 0.8444444437499999 0.14921875 0.8333333328125001 0.15078125 0.840277778125 0.1609375 0.8444444437499999 0.18125 0.8444444437499999 0.184375 0.8291666671875 0.1859375 0.80694444375 0.18203125 0.797222221875 0.18125 0.7791666671875 0.175 0.7708333328125 0.16875 0.76944444375 0.1625 0.7819444437499999 0.15390625 0.7819444437499999 0.15078125 0.777777778125 0.14921875 0.7638888890625 0.13203125 0.747222221875 0.12109375 0.7416666671875001 0.11796875 0.7236111109375 0.11328125 0.7194444437499999 0.10234375 0.7236111109375
7 0.00078125 0.777777778125 0.01015625 0.7819444437499999 0.01171875 0.73194444375 0.0046875 0.722222221875 0.00078125 0.725 0.00078125 0.777777778125
7 0.07734375 0.8055555562500001 0.0703125 0.7819444437499999 0.06953125 0.76944444375 0.06484375 0.7611111109375 0.03984375 0.7597222218749999 0.03046875 0.75 0.0234375 0.7833333328125 0.0265625 0.7986111109375 0.07109375 0.83055555625 0.07734375 0.83194444375 0.08125 0.8263888890625 0.08203125 0.8138888890624999 0.07734375 0.8055555562500001
7 0.05 0.85 0.03046875 0.840277778125 0.01953125 0.840277778125 0.0203125 0.85 0.025 0.85694444375 0.05625 0.875 0.07265625 0.8736111109375001 0.07421875 0.8708333328125001 0.06640625 0.8625 0.053125 0.85555555625 0.05 0.85
7 0.2125 0.9069444437499999 0.209375 0.8916666671875 0.2140625 0.8888888890625 0.215625 0.86944444375 0.22265625 0.8625 0.215625 0.85694444375 0.2140625 0.8458333328125001 0.209375 0.8458333328125001 0.20703125 0.847222221875 0.20546875 0.85694444375 0.2046875 0.8708333328125001 0.20703125 0.88055555625 0.203125 0.8847222218749999 0.2015625 0.9041666671874999 0.2125 0.9069444437499999
7 0.25 0.9277777781250001 0.2546875 0.840277778125 0.23359375 0.8416666671874999 0.22734375 0.8625 0.2296875 0.8666666671875 0.22890625 0.9055555562500001 0.2328125 0.91805555625 0.25 0.9277777781250001
7 0.31484375 0.89444444375 0.31171875 0.8875 0.3109375 0.8708333328125001 0.27421875 0.8444444437499999 0.26328125 0.8444444437499999 0.2609375 0.9305555562500001 0.3171875 0.95555555625 0.32265625 0.9486111109375001 0.32421875 0.9305555562500001 0.325 0.9069444437499999 0.32265625 0.8986111109375001 0.31484375 0.89444444375
4 0.85546875 0.64444444375 0.85703125 0.625 0.8484375 0.60694444375 0.8390625 0.5694444437499999 0.83828125 0.5291666671875 0.83515625 0.5236111109375 0.82578125 0.5333333328125 0.83046875 0.55 0.83046875 0.64444444375 0.83515625 0.659722221875 0.83203125 0.6736111109375 0.8375 0.68194444375 0.8421875 0.6805555562500001 0.8453125 0.6611111109375 0.85546875 0.64444444375