7 0.93046875 0.23194444375 0.92578125 0.222222221875 0.91640625 0.1833333328125 0.9046875 0.16805555625 0.88125 0.15555555625 0.85703125 0.15555555625 0.85234375 0.16944444375 0.84375 0.16805555625 0.83671875 0.1583333328125 0.8234375 0.1583333328125 0.81953125 0.15972222187500001 0.815625 0.1708333328125 0.8140625 0.1833333328125 0.8203125 0.222222221875 0.83125 0.22638888906250001 0.8375 0.21805555625 0.84453125 0.21805555625 0.8515625 0.23611111093749998 0.87109375 0.25555555625 0.878125 0.25833333281250004 0.88125 0.272222221875 0.88671875 0.28055555625 0.89609375 0.275 0.9234375 0.27638888906250003 0.9296875 0.2666666671875 0.93046875 0.23194444375
7 0.85390625 0.1513888890625 0.88125 0.1513888890625 0.88046875 0.14444444375 0.87109375 0.134722221875 0.84140625 0.1208333328125 0.8390625 0.12222222187500001 0.84375 0.134722221875 0.84140625 0.14305555625 0.8484375 0.14444444375 0.85390625 0.1513888890625
7 0.9625 0.084722221875 0.96171875 0.10138888906250001 0.95859375 0.10555555624999999 0.96171875 0.11944444375 0.9671875 0.11805555625 0.9734375 0.10555555624999999 0.9734375 0.097222221875 0.9625 0.084722221875
7 0.95390625 0.08333333281250001 0.940625 0.072222221875 0.9234375 0.072222221875 0.9125 0.077777778125 0.90703125 0.0861111109375 0.90625 0.1208333328125 0.91328125 0.1263888890625 0.94609375 0.127777778125 0.95390625 0.10833333281249999 0.95390625 0.08333333281250001
7 0.8765625 0.072222221875 0.8625 0.072222221875 0.8578125 0.07638888906249999 0.8578125 0.08333333281250001 0.875 0.102777778125 0.88984375 0.11388888906250001 0.89765625 0.115277778125 0.896875 0.0791666671875 0.8765625 0.072222221875
7 0.95859375 0.2833333328125 0.96171875 0.3166666671875 0.9578125 0.33055555625 0.9625 0.33055555625 0.96796875 0.30416666718749996 0.96796875 0.2611111109375 0.96171875 0.26944444375 0.95859375 0.2833333328125
7 0.978125 0.32777777812500003 0.975 0.33055555625 0.97734375 0.3291666671875 0.98046875 0.34027777812500004 0.9859375 0.3416666671875 0.99296875 0.352777778125 0.99921875 0.352777778125 0.99921875 0.28055555625 0.9921875 0.25833333281250004 0.9875 0.25694444375000003 0.98515625 0.2611111109375 0.984375 0.2791666671875 0.98046875 0.29305555625 0.978125 0.32777777812500003
7 0.0640625 0.57265625 0.003125 0.0015625
7 0.12578125 0.48055555625 0.12265625 0.48055555625 0.1234375 0.477777778125 0.11640625 0.46666666718750005 0.11640625 0.4375 0.1125 0.43194444374999996 0.096875 0.43333333281249997 0.07421875 0.459722221875 0.0703125 0.459722221875 0.0671875 0.45416666718750004 0.0671875 0.44444444375 0.06328125 0.4458333328125 0.0625 0.45416666718750004 0.065625 0.5013888890625 0.0578125 0.525 0.0609375 0.5541666671875001 0.06328125 0.5583333328125 0.10078125 0.5458333328125 0.10703125 0.55694444375 0.1078125 0.6013888890625 0.1203125 0.6180555562500001 0.14140625 0.6180555562500001 0.14140625 0.5861111109375 0.13828125 0.58055555625 0.13046875 0.51805555625 0.1265625 0.5138888890625 0.12578125 0.48055555625
7 0.18671875 0.56805555625 0.2125 0.56805555625 0.21953125 0.5555555562500001 0.23046875 0.5555555562500001 0.23671875 0.5625 0.275 0.5638888890625 0.28515625 0.5722222218749999 0.3 0.5930555562500001 0.31796875 0.5930555562500001 0.33046875 0.5791666671875 0.33828125 0.5555555562500001 0.34375 0.5555555562500001 0.353125 0.5416666671875 0.3625 0.51805555625 0.3640625 0.46805555625000006 0.3609375 0.44305555625000004 0.35703125 0.434722221875 0.3421875 0.41111111093749997 0.31875 0.39305555625 0.29140625 0.35694444375 0.28125 0.3513888890625 0.27265625 0.33194444375 0.26015625 0.32777777812500003 0.2546875 0.3138888890625 0.24765625 0.32777777812500003 0.23203125 0.33055555625 0.22421875 0.3583333328125 0.21875 0.35555555625 0.21640625 0.34722222187499996 0.2 0.34027777812500004 0.1875 0.3166666671875 0.1578125 0.3 0.15390625 0.29444444375 0.13828125 0.2888888890625 0.1375 0.31944444375000003 0.13984375 0.3416666671875 0.15 0.3625 0.171875 0.38333333281250004 0.17578125 0.3958333328125 0.17265625 0.415277778125 0.16328125 0.43055555625 0.15 0.43333333281249997 0.15 0.45277777812500003 0.153125 0.46527777812500004 0.1515625 0.4763888890625 0.1640625 0.5736111109375 0.16796875 0.5763888890625 0.18671875 0.56805555625
7 0.1 0.259722221875 0.08203125 0.2513888890625 0.0609375 0.23194444375 0.0421875 0.22638888906250001 0.0234375 0.2138888890625 0.0140625 0.2125 0.00390625 0.2208333328125 0.0015625 0.23194444375 0.0046875 0.2388888890625 0.03046875 0.25694444375000003 0.0328125 0.2666666671875 0.04609375 0.2708333328125 0.05546875 0.2833333328125 0.065625 0.28472222187499996 0.0921875 0.3013888890625 0.096875 0.30694444375 0.1 0.322222221875 0.11171875 0.3263888890625 0.109375 0.2791666671875 0.10703125 0.26944444375 0.1 0.259722221875
7 0.3625 0.0458333328125 0.35546875 0.055555556250000006 0.34453125 0.0513888890625 0.33359375 0.055555556250000006 0.32890625 0.04305555625 0.2921875 0.047222221875 0.2828125 0.055555556250000006 0.28125 0.08055555625000001 0.2765625 0.09305555625 0.2765625 0.16805555625 0.2796875 0.16944444375 0.28203125 0.177777778125 0.2953125 0.1708333328125 0.3046875 0.19305555624999998 0.32421875 0.19305555624999998 0.33359375 0.165277778125 0.3625 0.16944444375 0.3625 0.1611111109375 0.36875 0.15555555625 0.36875 0.10694444375 0.38125 0.0986111109375 0.3796875 0.034722221875 0.3625 0.0458333328125
7 0.4453125 0.08194444375 0.453125 0.08333333281250001 0.45859375 0.09305555625 0.45625 0.109722221875 0.45625 0.1541666671875 0.45859375 0.1708333328125 0.4625 0.1708333328125 0.4640625 0.16388888906250001 0.46953125 0.1611111109375 0.47421875 0.1458333328125 0.47109375 0.1375 0.4765625 0.13055555624999998 0.4765625 0.06527777812499999 0.4734375 0.0333333328125 0.46640625 0.0083333328125 0.425 0.006944443749999999 0.39375 0.0208333328125 0.38984375 0.025 0.38828125 0.0361111109375 0.38984375 0.07083333281250001 0.38828125 0.0916666671875 0.3859375 0.0958333328125 0.39296875 0.13055555624999998 0.39375 0.15555555625 0.4 0.16805555625 0.4015625 0.18055555625 0.41640625 0.1875 0.42890625 0.17916666718750002 0.43203125 0.16944444375 0.4375 0.16388888906250001 0.4421875 0.1416666671875 0.43984375 0.10833333281249999 0.4453125 0.08194444375
7 0.9890625 0.23055555625 0.9890625 0.2513888890625 0.99375 0.2541666671875 0.9953125 0.24444444375000002 0.99921875 0.240277778125 0.99921875 0.23055555625 0.99375 0.2208333328125 0.9890625 0.23055555625
7 0.91953125 0.1916666671875 0.93125 0.21111111093749999 0.93828125 0.23194444375 0.95 0.23194444375 0.95625 0.240277778125 0.959375 0.23611111093749998 0.96484375 0.24305555625 0.971875 0.2388888890625 0.97578125 0.20555555625 0.96875 0.19583333281249998 0.95703125 0.1916666671875 0.928125 0.16944444375 0.91875 0.172222221875 0.91953125 0.1916666671875
7 0.9796875 0.16805555625 0.9796875 0.1541666671875 0.9734375 0.14305555625 0.94609375 0.1263888890625 0.9265625 0.1263888890625 0.92578125 0.1361111109375 0.93203125 0.14305555625 0.9609375 0.1583333328125 0.96875 0.16805555625 0.9796875 0.16805555625
7 0.7921875 0.1416666671875 0.79296875 0.1291666671875 0.7875 0.1291666671875 0.78671875 0.140277778125 0.7921875 0.1416666671875
7 0.796875 0.10555555624999999 0.79296875 0.102777778125 0.7921875 0.10555555624999999 0.796875 0.10555555624999999
7 0.790625 0.0984375 0.00625 0.003125
7 0.77109375 0.084722221875 0.75234375 0.075 0.7484375 0.077777778125 0.7453125 0.1541666671875 0.75 0.15972222187500001 0.759375 0.15972222187500001 0.76640625 0.1541666671875 0.76875 0.1458333328125 0.77109375 0.084722221875
7 0.68515625 0.10694444375 0.69375 0.13055555624999998 0.71171875 0.14305555625 0.7203125 0.15694444375 0.734375 0.15972222187500001 0.73671875 0.15555555625 0.7390625 0.10555555624999999 0.7375 0.06805555625000001 0.68671875 0.047222221875 0.68046875 0.047222221875 0.6765625 0.055555556250000006 0.6765625 0.1 0.68515625 0.10694444375
4 0.94375 0.31944444375000003 0.946875 0.3166666671875 0.94921875 0.28611111093749997 0.95234375 0.27777777812500004 0.95078125 0.23472222187499997 0.946875 0.23472222187499997 0.93828125 0.2625 0.940625 0.2888888890625 0.93828125 0.2958333328125 0.9375 0.31805555625 0.94375 0.31944444375000003
4 0.07734375 0.3791666671875 0.0890625 0.3861111109375 0.09453125 0.384722221875 0.096875 0.38055555625 0.096875 0.33888888906250003 0.1 0.33194444375 0.0953125 0.309722221875 0.08046875 0.31805555625 0.0734375 0.33055555625 0.07265625 0.34305555625 0.08046875 0.3638888890625 0.07734375 0.3791666671875