2 0.025 0.4583333328125 0.03046875 0.46805555625000006 0.03671875 0.46805555625000006 0.0390625 0.4625 0.0359375 0.42083333281249996 0.02578125 0.41805555625 0.02421875 0.42222222187499997 0.025 0.4583333328125
1 0.38671875 0.2833333328125 0.39375 0.290277778125 0.3953125 0.2833333328125 0.38671875 0.2625 0.38515625 0.1625 0.38828125 0.15277777812499999 0.38515625 0.109722221875 0.3796875 0.102777778125 0.375 0.102777778125 0.3703125 0.10555555624999999 0.36875 0.115277778125 0.37265625 0.15694444375 0.37265625 0.25 0.3703125 0.25833333281250004 0.359375 0.259722221875 0.359375 0.26527777812500003 0.3671875 0.2708333328125 0.37734375 0.2888888890625 0.38671875 0.2833333328125
1 0.46171875 0.2388888890625 0.46640625 0.240277778125 0.4671875 0.2513888890625 0.46796875 0.2416666671875 0.45390625 0.22638888906250001 0.45390625 0.18055555625 0.45625 0.16944444375 0.45390625 0.14305555625 0.4546875 0.084722221875 0.4515625 0.08194444375 0.44296875 0.0861111109375 0.4421875 0.2166666671875 0.43671875 0.22638888906250001 0.43046875 0.22638888906250001 0.4296875 0.23055555625 0.4328125 0.2388888890625 0.4546875 0.25 0.46015625 0.2513888890625 0.46171875 0.2388888890625
6 0.72890625 0.272222221875 0.73671875 0.27777777812500004 0.7625 0.275 0.7640625 0.23611111093749998 0.76171875 0.215277778125 0.7546875 0.19583333281249998 0.73515625 0.1875 0.73046875 0.1583333328125 0.6953125 0.147222221875 0.68828125 0.1513888890625 0.6796875 0.165277778125 0.67421875 0.16388888906250001 0.65703125 0.172222221875 0.65625 0.21805555625 0.6640625 0.2416666671875 0.6828125 0.2388888890625 0.6984375 0.24722222187499998 0.70234375 0.27638888906250003 0.7109375 0.28472222187499996 0.72109375 0.2833333328125 0.72890625 0.272222221875
6 0.65390625 0.25833333281250004 0.65703125 0.2513888890625 0.65546875 0.23055555625 0.63671875 0.222222221875 0.6328125 0.215277778125 0.63671875 0.20138888906250002 0.63359375 0.1916666671875 0.60546875 0.17361111093749998 0.5984375 0.15972222187500001 0.57578125 0.1611111109375 0.56875 0.18055555625 0.56640625 0.20277777812500003 0.56953125 0.22916666718749998 0.57265625 0.23055555625 0.5765625 0.2416666671875 0.58671875 0.24583333281250003 0.5984375 0.259722221875 0.64765625 0.259722221875 0.65390625 0.25833333281250004
7 0.8390625 0.1361111109375 0.84453125 0.1513888890625 0.89296875 0.1541666671875 0.89140625 0.147222221875 0.8515625 0.12222222187500001 0.84375 0.12222222187500001 0.83984375 0.13055555624999998 0.8390625 0.1361111109375
7 0.96875 0.09444444375 0.9625 0.0861111109375 0.9625 0.11805555625 0.9703125 0.10555555624999999 0.96875 0.09444444375
7 0.9546875 0.08333333281250001 0.95234375 0.08055555625000001 0.93828125 0.072222221875 0.9234375 0.072222221875 0.90703125 0.084722221875 0.90625 0.11944444375 0.9125 0.125 0.9234375 0.127777778125 0.92734375 0.12222222187500001 0.9484375 0.12222222187500001 0.95234375 0.1166666671875 0.9546875 0.102777778125 0.9546875 0.08333333281250001
7 0.85703125 0.077777778125 0.85625 0.08055555625000001 0.875 0.102777778125 0.88984375 0.11388888906250001 0.8953125 0.11388888906250001 0.896875 0.08055555625000001 0.86953125 0.07083333281250001 0.8609375 0.072222221875 0.85703125 0.077777778125
7 0.87109375 0.25555555625 0.87890625 0.25833333281250004 0.88203125 0.27638888906250003 0.88671875 0.28055555625 0.89609375 0.27638888906250003 0.925 0.27777777812500004 0.93046875 0.2666666671875 0.93046875 0.23194444375 0.92578125 0.2236111109375 0.915625 0.18055555625 0.9109375 0.17361111093749998 0.87890625 0.15555555625 0.85625 0.15555555625 0.85234375 0.1611111109375 0.840625 0.15555555625 0.81953125 0.15555555625 0.8171875 0.1625 0.815625 0.19305555624999998 0.8203125 0.22638888906250001 0.83125 0.22916666718749998 0.83515625 0.22638888906250001 0.8375 0.21805555625 0.846875 0.21805555625 0.85078125 0.23611111093749998 0.87109375 0.25555555625
7 0.9875 0.26805555625 0.98984375 0.27638888906250003 0.9953125 0.2791666671875 0.99921875 0.272222221875 0.99921875 0.21944444375 0.9921875 0.21805555625 0.98828125 0.23611111093749998 0.9875 0.26805555625
7 0.959375 0.23611111093749998 0.96875 0.24583333281250003 0.971875 0.24305555625 0.975 0.20555555625 0.96953125 0.197222221875 0.928125 0.16944444375 0.92265625 0.16805555625 0.91875 0.17361111093749998 0.91796875 0.1888888890625 0.9234375 0.2 0.925 0.2138888890625 0.9328125 0.23611111093749998 0.93671875 0.240277778125 0.94921875 0.23611111093749998 0.95625 0.240277778125 0.959375 0.23611111093749998
7 0.92578125 0.1263888890625 0.925 0.13055555624999998 0.93671875 0.14305555625 0.953125 0.14444444375 0.98046875 0.1611111109375 0.978125 0.14444444375 0.9734375 0.140277778125 0.93203125 0.12222222187500001 0.92578125 0.1263888890625
7 0.7921875 0.10833333281249999 0.796875 0.10555555624999999 0.796875 0.0958333328125 0.78828125 0.09444444375 0.790625 0.1166666671875 0.7859375 0.1208333328125 0.78515625 0.13194444375 0.78046875 0.13888888906250002 0.78984375 0.15277777812499999 0.79296875 0.1513888890625 0.79375 0.1416666671875 0.7921875 0.10833333281249999
7 0.7453125 0.1583333328125 0.76171875 0.15972222187500001 0.76875 0.15277777812499999 0.77109375 0.1375 0.77109375 0.090277778125 0.76875 0.08194444375 0.74921875 0.07638888906249999 0.7453125 0.1583333328125
7 0.73203125 0.1583333328125 0.7359375 0.15694444375 0.73828125 0.06944444375 0.72421875 0.059722221875 0.690625 0.047222221875 0.67890625 0.04444444375 0.6765625 0.0486111109375 0.675 0.09305555625 0.67734375 0.10138888906250001 0.68515625 0.10555555624999999 0.690625 0.11805555625 0.6890625 0.127777778125 0.7015625 0.140277778125 0.71953125 0.147222221875 0.73203125 0.1583333328125
4 0.1765625 0.3708333328125 0.18125 0.36805555624999997 0.18125 0.34861111093749997 0.17265625 0.32777777812500003 0.16171875 0.3166666671875 0.1609375 0.30555555624999997 0.15390625 0.30694444375 0.1546875 0.322222221875 0.15 0.33194444375 0.15 0.3763888890625 0.15625 0.38194444375000003 0.16328125 0.434722221875 0.17109375 0.4291666671875 0.17421875 0.4375 0.17890625 0.4388888890625 0.1796875 0.40555555625000006 0.1765625 0.3708333328125
4 0.0921875 0.1458333328125 0.08984375 0.15555555625 0.09453125 0.1583333328125 0.09453125 0.14861111093749999 0.0921875 0.1458333328125
4 0.09375 0.13194444375 0.0875 0.10833333281249999 0.09140625 0.1 0.09453125 0.10138888906250001 0.096875 0.097222221875 0.08828125 0.075 0.08671875 0.0513888890625 0.08046875 0.054166667187499996 0.08046875 0.0638888890625 0.075 0.0736111109375 0.075 0.1166666671875 0.07734375 0.15277777812499999 0.0796875 0.1541666671875 0.084375 0.1458333328125 0.09296875 0.1416666671875 0.09375 0.13194444375