2 0.4513888890625 0.9609375 0.42083333281249996 0.9640625 0.41944444374999995 0.975 0.4625 0.975 0.46805555625000006 0.971875 0.46805555625000006 0.96328125 0.4625 0.95859375 0.45555555625000005 0.95859375 0.4513888890625 0.9609375
1 0.15555555625 0.6140625 0.15277777812499999 0.61171875 0.1416666671875 0.6140625 0.109722221875 0.61328125 0.102777778125 0.625 0.115277778125 0.6296875 0.1513888890625 0.62734375 0.252777778125 0.62734375 0.259722221875 0.63125 0.259722221875 0.63984375 0.26527777812500003 0.640625 0.2708333328125 0.6328125 0.28611111093749997 0.625 0.2888888890625 0.6203125 0.2833333328125 0.6140625 0.290277778125 0.60546875 0.2833333328125 0.6046875 0.2638888890625 0.6125 0.24444444375000002 0.6140625 0.15555555625 0.6140625
1 0.0861111109375 0.5453125 0.08333333281250001 0.55 0.0875 0.55703125 0.2166666671875 0.5578125 0.22777777812500002 0.56171875 0.22638888906250001 0.56875 0.23055555625 0.5703125 0.2388888890625 0.5671875 0.24305555625 0.56171875 0.2513888890625 0.5328125 0.24305555625 0.53125 0.23611111093749998 0.54296875 0.215277778125 0.54765625 0.18055555625 0.54609375 0.172222221875 0.54375 0.1458333328125 0.54609375 0.0861111109375 0.5453125
6 0.2388888890625 0.2359375 0.2236111109375 0.2390625 0.215277778125 0.2359375 0.1916666671875 0.25 0.190277778125 0.26328125 0.15694444375 0.27109375 0.15 0.3078125 0.165277778125 0.31875 0.1666666671875 0.3296875 0.177777778125 0.334375 0.177777778125 0.33671875 0.16944444375 0.3390625 0.17916666718750002 0.34375 0.21111111093749999 0.34453125 0.2388888890625 0.3375 0.24305555625 0.3328125 0.2416666671875 0.315625 0.24722222187499998 0.303125 0.252777778125 0.3 0.272222221875 0.29765625 0.28194444375 0.2921875 0.28472222187499996 0.28046875 0.275 0.2703125 0.2791666671875 0.24609375 0.27638888906250003 0.23828125 0.26944444375 0.2359375 0.2388888890625 0.2359375
6 0.20416666718749998 0.3625 0.1888888890625 0.3640625 0.17361111093749998 0.39375 0.15972222187500001 0.4015625 0.1611111109375 0.42421875 0.18055555625 0.43125 0.20416666718749998 0.43359375 0.22777777812500002 0.43046875 0.23333333281250002 0.425 0.2416666671875 0.4234375 0.24583333281250003 0.4140625 0.25555555625 0.40625 0.259722221875 0.39453125 0.25833333281250004 0.35 0.2513888890625 0.34296875 0.23611111093749998 0.34296875 0.22777777812500002 0.34609375 0.222222221875 0.36328125 0.21805555625 0.365625 0.20416666718749998 0.3625
7 0.1513888890625 0.11640625 0.1458333328125 0.11796875 0.13055555624999998 0.13359375 0.1208333328125 0.15 0.12222222187500001 0.15703125 0.1375 0.16015625 0.1513888890625 0.15546875 0.1541666671875 0.1078125 0.147222221875 0.11015625 0.1513888890625 0.11640625
7 0.097222221875 0.02734375 0.090277778125 0.0375 0.11944444375 0.0375 0.115277778125 0.03125 0.1041666671875 0.025 0.097222221875 0.02734375
7 0.13055555624999998 0.06953125 0.125 0.05625 0.1166666671875 0.04921875 0.1041666671875 0.04609375 0.0861111109375 0.04609375 0.072222221875 0.0625 0.072222221875 0.07578125 0.077777778125 0.0875 0.0861111109375 0.09296875 0.11805555625 0.09375 0.127777778125 0.08125 0.13055555624999998 0.06953125
7 0.07083333281250001 0.1296875 0.07083333281250001 0.1375 0.07638888906249999 0.1421875 0.08194444375 0.1421875 0.102777778125 0.125 0.11388888906250001 0.11015625 0.11388888906250001 0.1046875 0.08055555625000001 0.103125 0.07083333281250001 0.1296875
7 0.23333333281250002 0.06953125 0.2236111109375 0.07421875 0.18055555625 0.084375 0.17361111093749998 0.0890625 0.1541666671875 0.1203125 0.15555555625 0.14375 0.15972222187500001 0.146875 0.15555555625 0.15234375 0.15555555625 0.18046875 0.16388888906250001 0.1828125 0.1916666671875 0.1859375 0.20277777812500003 0.18203125 0.21944444375 0.18125 0.22777777812500002 0.1765625 0.23055555625 0.16875 0.21805555625 0.1625 0.21944444375 0.15390625 0.23611111093749998 0.14921875 0.25833333281250004 0.121875 0.28055555625 0.11328125 0.27638888906250003 0.10390625 0.2791666671875 0.078125 0.26805555625 0.06953125 0.23333333281250002 0.06953125
7 0.23194444375 0.0109375 0.26805555625 0.01171875 0.2791666671875 0.00625 0.272222221875 0.00390625 0.272222221875 0.00078125 0.222222221875 0.00078125 0.21944444375 0.00703125 0.23194444375 0.0109375
7 0.2388888890625 0.06484375 0.240277778125 0.040625 0.25 0.03046875 0.22638888906250001 0.025 0.20277777812500003 0.02578125 0.16944444375 0.071875 0.172222221875 0.08046875 0.1888888890625 0.08125 0.2125 0.0703125 0.23055555625 0.06953125 0.2388888890625 0.06484375
7 0.1583333328125 0.02109375 0.14444444375 0.025 0.13055555624999998 0.04453125 0.125 0.0640625 0.134722221875 0.06484375 0.125 0.06953125 0.1263888890625 0.07265625 0.13055555624999998 0.0734375 0.15 0.04609375 0.15972222187500001 0.0265625 0.1583333328125 0.02109375
7 0.115277778125 0.2140625 0.13194444375 0.215625 0.1375 0.2203125 0.14305555625 0.21484375 0.15277777812499999 0.2140625 0.1541666671875 0.21015625 0.15277777812499999 0.20703125 0.140277778125 0.2046875 0.11944444375 0.20546875 0.0958333328125 0.2015625 0.09305555625 0.2125 0.10833333281249999 0.209375 0.115277778125 0.2140625
7 0.1375 0.22734375 0.13333333281249998 0.2296875 0.09305555625 0.22890625 0.08194444375 0.2328125 0.072222221875 0.25 0.1583333328125 0.2546875 0.15972222187500001 0.2359375 0.15555555625 0.23125 0.147222221875 0.23125 0.1375 0.22734375
7 0.05694444375 0.3234375 0.0916666671875 0.325 0.102777778125 0.3203125 0.10694444375 0.31328125 0.11944444375 0.30859375 0.13055555624999998 0.3078125 0.15555555625 0.2734375 0.1583333328125 0.265625 0.1541666671875 0.2625 0.06944444375 0.2609375 0.059722221875 0.275 0.054166667187499996 0.30078125 0.04444444375 0.3171875 0.047222221875 0.32109375 0.05694444375 0.3234375