2 0.97578125 0.5736111109375 0.98125 0.575 0.98671875 0.56805555625 0.9859375 0.527777778125 0.98125 0.522222221875 0.975 0.522222221875 0.9671875 0.5333333328125 0.96953125 0.5527777781250001 0.97578125 0.5736111109375
1 0.54609375 0.9166666671874999 0.55546875 0.91944444375 0.5578125 0.9138888890624999 0.55859375 0.7875 0.56171875 0.772222221875 0.57265625 0.7736111109375 0.57265625 0.76944444375 0.56875 0.7611111109375 0.5625 0.7569444437499999 0.54296875 0.7486111109375 0.53125 0.7486111109375 0.53125 0.7569444437499999 0.54375 0.7638888890625 0.54765625 0.7791666671875 0.54765625 0.8208333328125 0.5453125 0.8291666671875 0.54609375 0.9166666671874999
1 0.628125 0.7458333328125 0.64296875 0.7458333328125 0.63984375 0.74444444375 0.6368009859375 0.730921053125 0.63359375 0.7291666671875 0.63125 0.7208333328125 0.625 0.7138888890625 0.6125 0.7194444437499999 0.6 0.7111111109375 0.5984375 0.7194444437499999 0.6125 0.734722221875 0.61484375 0.7430555562500001 0.6171875 0.89444444375 0.6203125 0.9 0.6296875 0.8958333328125001 0.628125 0.7458333328125
7 0.0890625 0.8263888890625 0.115625 0.8444444437499999 0.18125 0.8430555562500001 0.18046875 0.8166666671874999 0.16328125 0.79305555625 0.1515625 0.7833333328125 0.15 0.765277778125 0.1453125 0.7583333328124999 0.121875 0.7416666671875001 0.11796875 0.7236111109375 0.1125 0.7194444437499999 0.078125 0.7208333328125 0.0703125 0.73194444375 0.0703125 0.76944444375 0.07421875 0.7763888890625 0.08359375 0.8166666671874999 0.0890625 0.8263888890625
7 0.14375 0.872222221875 0.146875 0.877777778125 0.16171875 0.877777778125 0.1640625 0.8666666671875 0.16015625 0.8486111109375001 0.11015625 0.847222221875 0.1171875 0.85694444375 0.13359375 0.86944444375 0.14375 0.872222221875
7 0.0375 0.9055555562500001 0.0375 0.8736111109375001 0.03359375 0.872222221875 0.03046875 0.8861111109375001 0.02578125 0.89305555625 0.02578125 0.9041666671874999 0.03359375 0.909722221875 0.0375 0.9055555562500001
7 0.06875 0.8791666671874999 0.05078125 0.8791666671874999 0.04765625 0.8861111109375001 0.04765625 0.9166666671874999 0.0609375 0.9277777781250001 0.0734375 0.9291666671875 0.09375 0.91805555625 0.09453125 0.8819444437499999 0.0921875 0.8791666671874999 0.075 0.872222221875 0.06875 0.8791666671874999
7 0.14296875 0.9263888890624999 0.14453125 0.91944444375 0.125 0.8958333328125001 0.11171875 0.8861111109375001 0.10234375 0.8861111109375001 0.103125 0.91944444375 0.12578125 0.9291666671875 0.14296875 0.9263888890624999
7 0.26015625 0.83359375 0.0046875 0.003125
7 0.20703125 0.8625 0.20703125 0.8819444437499999 0.21171875 0.877777778125 0.2125 0.8666666671875 0.20703125 0.8625
7 0.20703125 0.8916666671875 0.203125 0.9 0.20859375 0.9041666671874999 0.2109375 0.8986111109375001 0.20703125 0.8916666671875
7 0.15703125 0.9305555562500001 0.1578125 0.9444444437499999 0.16328125 0.9486111109375001 0.16328125 0.93194444375 0.15703125 0.9305555562500001
7 0.2125 0.95555555625 0.22890625 0.959722221875 0.23046875 0.95694444375 0.2125 0.95555555625
7 0.01015625 0.725 0.00078125 0.725 0.00078125 0.7763888890625 0.0078125 0.7805555562500001 0.0125 0.7597222218749999 0.0125 0.7291666671875 0.01015625 0.725
7 0.07578125 0.7958333328125 0.06953125 0.7875 0.06953125 0.76805555625 0.06640625 0.7611111109375 0.0453125 0.7611111109375 0.03046875 0.752777778125 0.02578125 0.7805555562500001 0.02578125 0.79444444375 0.03046875 0.8027777781250001 0.075 0.83194444375 0.08046875 0.8291666671875 0.08125 0.8111111109375001 0.07578125 0.7958333328125
7 0.075 0.8708333328125001 0.06171875 0.859722221875 0.05234375 0.85694444375 0.0421875 0.8444444437499999 0.0296875 0.8388888890624999 0.02265625 0.8388888890624999 0.02109375 0.8430555562500001 0.021875 0.852777778125 0.04375 0.86944444375 0.05625 0.875 0.0685546875 0.875 0.0703125 0.86944444375 0.07421875 0.8736111109375001 0.075 0.8708333328125001
7 0.18359375 0.809722221875 0.1875 0.8055555562500001 0.18984375 0.74444444375 0.184375 0.74444444375 0.1828125 0.734722221875 0.17578125 0.727777778125 0.1640625 0.73194444375 0.15859375 0.7236111109375 0.15234375 0.734722221875 0.1515625 0.7666666671875 0.1578125 0.7791666671875 0.16796875 0.7833333328125 0.16953125 0.8013888890624999 0.18125 0.809722221875 0.1828125 0.81805555625 0.18359375 0.809722221875
7 0.2609375 0.777777778125 0.2546875 0.7736111109375 0.24296875 0.777777778125 0.23359375 0.772222221875 0.23125 0.8041666671875 0.225 0.8166666671874999 0.23125 0.8444444437499999 0.23828125 0.847222221875 0.2515625 0.8388888890624999 0.26015625 0.8222222218749999 0.26328125 0.80694444375 0.26328125 0.7833333328125 0.2609375 0.777777778125
7 0.21328125 0.74444444375 0.209375 0.7666666671875 0.20703125 0.83194444375 0.2046875 0.8444444437499999 0.20546875 0.8541666671874999 0.209375 0.859722221875 0.2140625 0.8611111109375 0.2171875 0.852777778125 0.2203125 0.8138888890624999 0.2203125 0.7486111109375 0.21875 0.74444444375 0.21328125 0.74444444375
7 0.2328125 0.9166666671874999 0.24921875 0.9277777781250001 0.25390625 0.9236111109375 0.25234375 0.909722221875 0.25625 0.859722221875 0.2546875 0.8444444437499999 0.23203125 0.85 0.2296875 0.8986111109375001 0.2328125 0.9166666671874999
7 0.32265625 0.952777778125 0.3234375 0.9444444437499999 0.325 0.909722221875 0.32265625 0.8986111109375001 0.3140625 0.89444444375 0.3078125 0.8847222218749999 0.30703125 0.8708333328125001 0.30078125 0.85694444375 0.265625 0.8333333328125001 0.2625 0.85694444375 0.2640625 0.8791666671874999 0.25859375 0.925 0.275 0.940277778125 0.3 0.9444444437499999 0.3140625 0.9541666671875 0.32265625 0.952777778125
4 0.91171875 0.715277778125 0.90625 0.702777778125 0.9046875 0.652777778125 0.9 0.6486111109375 0.89453125 0.6541666671875 0.89921875 0.6638888890625 0.89375 0.6833333328125 0.89765625 0.702777778125 0.89453125 0.7166666671875 0.9 0.73055555625 0.90234375 0.7638888890625 0.90546875 0.76805555625 0.9109375 0.7638888890625 0.91171875 0.715277778125
4 0.91953125 0.5263888890625 0.915625 0.5319444437499999 0.90546875 0.5319444437499999 0.9171875 0.5513888890625 0.9203125 0.5666666671875 0.91796875 0.58194444375 0.9203125 0.5958333328125 0.92421875 0.597222221875 0.92890625 0.5916666671875 0.93828125 0.56805555625 0.93828125 0.5125 0.93203125 0.47361111093749997 0.934375 0.425 0.93125 0.41944444374999995 0.92109375 0.41944444374999995 0.925 0.4291666671875 0.9234375 0.4458333328125 0.91953125 0.4375 0.9125 0.4375 0.90625 0.44444444375 0.9140625 0.45277777812500003 0.915625 0.48194444374999995 0.91953125 0.5 0.91953125 0.5263888890625