2 0.02890625 0.46805555625000006 0.03671875 0.46805555625000006 0.0390625 0.4625 0.0359375 0.42083333281249996 0.025 0.41944444374999995 0.025 0.4611111109375 0.02890625 0.46805555625000006
1 0.38359375 0.10555555624999999 0.37578125 0.10138888906250001 0.36953125 0.10833333281249999 0.37265625 0.15694444375 0.37265625 0.2513888890625 0.36875 0.2611111109375 0.36015625 0.259722221875 0.3578125 0.2638888890625 0.3671875 0.2708333328125 0.37734375 0.2888888890625 0.3859375 0.2833333328125 0.39375 0.290277778125 0.3953125 0.2833333328125 0.38671875 0.2638888890625 0.38515625 0.23194444375 0.38515625 0.1111111109375 0.38359375 0.10555555624999999
1 0.45390625 0.13333333281249998 0.4546875 0.084722221875 0.45078125 0.08194444375 0.44296875 0.0861111109375 0.4421875 0.2166666671875 0.43828125 0.22638888906250001 0.43046875 0.22638888906250001 0.4296875 0.23055555625 0.4328125 0.2388888890625 0.43828125 0.24305555625 0.46015625 0.2513888890625 0.46015625 0.2388888890625 0.4671875 0.240277778125 0.4671875 0.2513888890625 0.46875 0.24305555625 0.45234375 0.20694444375 0.45625 0.16944444375 0.45390625 0.13333333281249998
6 0.76171875 0.21805555625 0.7546875 0.197222221875 0.73515625 0.1875 0.73046875 0.1583333328125 0.70546875 0.15 0.69140625 0.15 0.68125 0.165277778125 0.6703125 0.16805555625 0.66640625 0.1763888890625 0.6625 0.1763888890625 0.6609375 0.1708333328125 0.65625 0.177777778125 0.65625 0.21944444375 0.66328125 0.240277778125 0.675 0.24305555625 0.68203125 0.2388888890625 0.69765625 0.24722222187499998 0.70078125 0.25555555625 0.70234375 0.275 0.70703125 0.28194444375 0.72109375 0.2833333328125 0.72890625 0.2708333328125 0.73671875 0.27777777812500004 0.7625 0.275 0.7640625 0.23472222187499997 0.76171875 0.21805555625
6 0.60546875 0.17361111093749998 0.5984375 0.15972222187500001 0.57578125 0.1611111109375 0.56875 0.18055555625 0.56640625 0.20555555625 0.56953125 0.22777777812500002 0.5734375 0.23055555625 0.5765625 0.240277778125 0.5953125 0.25694444375000003 0.6515625 0.25833333281250004 0.65703125 0.2513888890625 0.6546875 0.22916666718749998 0.63515625 0.2208333328125 0.634375 0.2125 0.6375 0.20138888906250002 0.63515625 0.1888888890625 0.62109375 0.184722221875 0.60546875 0.17361111093749998
7 0.89296875 0.15277777812499999 0.89140625 0.147222221875 0.88203125 0.14444444375 0.8671875 0.13055555624999998 0.84296875 0.12222222187500001 0.8375 0.13055555624999998 0.84453125 0.1513888890625 0.8625 0.15 0.88203125 0.15555555625 0.89296875 0.15277777812499999
7 0.9625 0.1166666671875 0.96640625 0.1111111109375 0.965625 0.10555555624999999 0.9625 0.10555555624999999 0.9625 0.1166666671875
7 0.965625 0.10078125 0.0015625 0.0015625
7 0.90625 0.11944444375 0.91875 0.127777778125 0.9234375 0.127777778125 0.92734375 0.12222222187500001 0.95078125 0.11944444375 0.9546875 0.1 0.9625 0.09444444375 0.9625 0.090277778125 0.95703125 0.09305555625 0.9515625 0.08194444375 0.9390625 0.072222221875 0.9234375 0.072222221875 0.9078125 0.08194444375 0.90625 0.11944444375
7 0.89765625 0.09305555625 0.89609375 0.08055555625000001 0.875 0.072222221875 0.8609375 0.072222221875 0.8578125 0.07638888906249999 0.8578125 0.08194444375 0.875 0.102777778125 0.8890625 0.11388888906250001 0.8953125 0.11388888906250001 0.89765625 0.09305555625
7 0.92109375 0.2791666671875 0.93046875 0.26805555625 0.93046875 0.23333333281250002 0.92578125 0.2236111109375 0.91640625 0.1833333328125 0.909375 0.172222221875 0.8796875 0.15555555625 0.81796875 0.15694444375 0.8140625 0.18194444375000002 0.81875 0.222222221875 0.821875 0.22638888906250001 0.83125 0.23055555625 0.83515625 0.22638888906250001 0.83671875 0.21805555625 0.846875 0.21805555625 0.85078125 0.23611111093749998 0.86796875 0.252777778125 0.87890625 0.25833333281250004 0.88125 0.275 0.88671875 0.28055555625 0.89609375 0.27638888906250003 0.92109375 0.2791666671875
7 0.99375 0.275 0.99921875 0.26805555625 0.99921875 0.21944444375 0.99296875 0.21805555625 0.98828125 0.2375 0.9875 0.26527777812500003 0.99375 0.275
7 0.92265625 0.19583333281249998 0.925 0.2125 0.93515625 0.2388888890625 0.9625 0.240277778125 0.96875 0.24583333281250003 0.971875 0.2416666671875 0.975 0.20555555625 0.96953125 0.197222221875 0.92890625 0.16944444375 0.921875 0.16805555625 0.91875 0.17361111093749998 0.91875 0.1916666671875 0.92265625 0.19583333281249998
7 0.953125 0.14444444375 0.96484375 0.1541666671875 0.98046875 0.15972222187500001 0.97734375 0.14305555625 0.93359375 0.12222222187500001 0.93125 0.13333333281249998 0.928125 0.13055555624999998 0.92734375 0.12222222187500001 0.92578125 0.125 0.925 0.1291666671875 0.9390625 0.14305555625 0.953125 0.14444444375
7 0.79140625 0.1513888890625 0.79296875 0.11944444375 0.78671875 0.1208333328125 0.7859375 0.13055555624999998 0.78125 0.134722221875 0.78125 0.140277778125 0.78515625 0.14305555625 0.78671875 0.1513888890625 0.79140625 0.1513888890625
7 0.796875 0.10694444375 0.79765625 0.097222221875 0.7921875 0.09305555625 0.78828125 0.09305555625 0.7921875 0.109722221875 0.7890625 0.115277778125 0.790625 0.11805555625 0.79296875 0.11805555625 0.796875 0.10694444375
7 0.7625 0.15972222187500001 0.76875 0.15277777812499999 0.77109375 0.0916666671875 0.76796875 0.08194444375 0.74921875 0.07638888906249999 0.7453125 0.1583333328125 0.7625 0.15972222187500001
7 0.6765625 0.055555556250000006 0.675 0.09305555625 0.68125 0.1041666671875 0.6875 0.10694444375 0.69375 0.13194444375 0.70625 0.14305555625 0.71796875 0.1458333328125 0.72578125 0.15555555625 0.73671875 0.15555555625 0.7390625 0.06944444375 0.721875 0.058333332812500006 0.7015625 0.054166667187499996 0.6828125 0.04444444375 0.678125 0.0458333328125 0.6765625 0.055555556250000006