2 0.025 0.459722221875 0.0296875 0.46805555625000006 0.03671875 0.46805555625000006 0.0390625 0.4625 0.0375 0.427777778125 0.034375 0.41944444374999995 0.025 0.41944444374999995 0.025 0.459722221875
1 0.3796875 0.2888888890625 0.38671875 0.2833333328125 0.39453125 0.2888888890625 0.39375 0.27777777812500004 0.38671875 0.2638888890625 0.38515625 0.2416666671875 0.38671875 0.1916666671875 0.384375 0.109722221875 0.38046875 0.102777778125 0.3734375 0.102777778125 0.36953125 0.109722221875 0.37265625 0.15972222187500001 0.37265625 0.25 0.36875 0.259722221875 0.3609375 0.259722221875 0.359375 0.26527777812500003 0.36875 0.272222221875 0.375 0.28611111093749997 0.3796875 0.2888888890625
1 0.46875 0.24305555625 0.45703125 0.23611111093749998 0.45234375 0.215277778125 0.45625 0.16805555625 0.45390625 0.14861111093749999 0.4546875 0.084722221875 0.44296875 0.0861111109375 0.4421875 0.2166666671875 0.43828125 0.22638888906250001 0.43125 0.22638888906250001 0.4296875 0.23055555625 0.4328125 0.2388888890625 0.43828125 0.24305555625 0.46640625 0.2513888890625 0.46875 0.24305555625
6 0.71875 0.28472222187499996 0.7296875 0.272222221875 0.73984375 0.2791666671875 0.76171875 0.27638888906250003 0.76328125 0.272222221875 0.7640625 0.23611111093749998 0.76171875 0.21805555625 0.7546875 0.197222221875 0.73515625 0.1875 0.73125 0.1611111109375 0.72734375 0.15555555625 0.69140625 0.15 0.6796875 0.1666666671875 0.6703125 0.16805555625 0.66484375 0.177777778125 0.65625 0.17916666718750002 0.65625 0.21805555625 0.66328125 0.240277778125 0.675 0.24305555625 0.68203125 0.2388888890625 0.6984375 0.24722222187499998 0.70234375 0.275 0.7078125 0.2833333328125 0.71875 0.28472222187499996
6 0.6359375 0.222222221875 0.6328125 0.215277778125 0.63671875 0.20555555625 0.63671875 0.1916666671875 0.60625 0.17361111093749998 0.5984375 0.15972222187500001 0.57578125 0.1611111109375 0.56875 0.18055555625 0.56640625 0.20416666718749998 0.56953125 0.22916666718749998 0.5765625 0.240277778125 0.5953125 0.25694444375000003 0.6515625 0.25833333281250004 0.65703125 0.2513888890625 0.6546875 0.22916666718749998 0.6359375 0.222222221875
7 0.84453125 0.1513888890625 0.89296875 0.1513888890625 0.8734375 0.134722221875 0.85 0.12222222187500001 0.83828125 0.125 0.83984375 0.14305555625 0.84453125 0.1513888890625
7 0.96875 0.10555555624999999 0.96875 0.097222221875 0.9625 0.08333333281250001 0.9625 0.11805555625 0.96640625 0.115277778125 0.96875 0.10555555624999999
7 0.953125 0.08194444375 0.9390625 0.072222221875 0.92421875 0.072222221875 0.91328125 0.077777778125 0.90703125 0.0861111109375 0.90625 0.11944444375 0.91796875 0.127777778125 0.9234375 0.127777778125 0.9265625 0.12222222187500001 0.9484375 0.1208333328125 0.95234375 0.11388888906250001 0.95546875 0.0916666671875 0.953125 0.08194444375
7 0.86015625 0.072222221875 0.85625 0.08055555625000001 0.8625 0.0888888890625 0.8890625 0.11388888906250001 0.8953125 0.11388888906250001 0.8984375 0.0916666671875 0.89609375 0.08055555625000001 0.87578125 0.072222221875 0.86015625 0.072222221875
7 0.8515625 0.2388888890625 0.87109375 0.25555555625 0.8828125 0.2611111109375 0.8875 0.2486111109375 0.890625 0.24722222187499998 0.90234375 0.27638888906250003 0.92265625 0.27777777812500004 0.93046875 0.2666666671875 0.93046875 0.23333333281250002 0.9265625 0.22638888906250001 0.915625 0.18055555625 0.9109375 0.17361111093749998 0.88046875 0.15555555625 0.85625 0.15555555625 0.853125 0.15972222187500001 0.84765625 0.15555555625 0.81953125 0.15555555625 0.8171875 0.1625 0.8140625 0.18194444375000002 0.8171875 0.215277778125 0.821875 0.22638888906250001 0.83203125 0.22916666718749998 0.8375 0.21805555625 0.8453125 0.21805555625 0.8484375 0.222222221875 0.8515625 0.2388888890625
7 0.9875 0.2708333328125 0.98984375 0.27777777812500004 0.9953125 0.2791666671875 0.99921875 0.27638888906250003 0.99921875 0.21805555625 0.99296875 0.21805555625 0.98828125 0.23472222187499997 0.9875 0.2708333328125
7 0.975 0.22638888906250001 0.975 0.20555555625 0.96953125 0.197222221875 0.928125 0.16944444375 0.92265625 0.16805555625 0.91953125 0.172222221875 0.91875 0.190277778125 0.9234375 0.197222221875 0.925 0.2138888890625 0.93515625 0.2388888890625 0.96015625 0.2388888890625 0.96875 0.24583333281250003 0.971875 0.24305555625 0.975 0.22638888906250001
7 0.92578125 0.1263888890625 0.925 0.13055555624999998 0.9375 0.14305555625 0.95390625 0.1458333328125 0.96328125 0.1541666671875 0.98046875 0.15972222187500001 0.97734375 0.14305555625 0.9421875 0.125 0.92578125 0.1263888890625
7 0.7875 0.09444444375 0.790625 0.1111111109375 0.78125 0.140277778125 0.78984375 0.15277777812499999 0.79296875 0.1513888890625 0.79296875 0.11805555625 0.796875 0.10833333281249999 0.79765625 0.0958333328125 0.7875 0.09444444375
7 0.7546875 0.075 0.74921875 0.07638888906249999 0.74453125 0.15555555625 0.75 0.1611111109375 0.76328125 0.15972222187500001 0.76875 0.1541666671875 0.7703125 0.1416666671875 0.77109375 0.090277778125 0.76796875 0.08194444375 0.7546875 0.075
7 0.734375 0.1583333328125 0.7375 0.1541666671875 0.7390625 0.06944444375 0.715625 0.055555556250000006 0.70625 0.055555556250000006 0.68125 0.04444444375 0.67734375 0.047222221875 0.6765625 0.055555556250000006 0.675 0.09305555625 0.68046875 0.1041666671875 0.68671875 0.10833333281249999 0.6890625 0.13055555624999998 0.70546875 0.14305555625 0.71953125 0.147222221875 0.7265625 0.15555555625 0.734375 0.1583333328125
4 0.98984375 0.4166666671875 0.9875 0.4763888890625 0.9953125 0.46805555625000006 0.99921875 0.447222221875 0.99921875 0.3791666671875 0.99375 0.38055555625 0.9875 0.3986111109375 0.98984375 0.4166666671875
4 0.84453125 0.352777778125 0.84453125 0.34305555625 0.846875 0.3375 0.85 0.34305555625 0.853125 0.33055555625 0.8515625 0.2986111109375 0.85546875 0.2916666671875 0.8546875 0.25555555625 0.8515625 0.2513888890625 0.84375 0.25555555625 0.8375 0.26805555625 0.83203125 0.29305555625 0.8328125 0.302777778125 0.83671875 0.309722221875 0.83671875 0.3236111109375 0.83125 0.3583333328125 0.83671875 0.3583333328125 0.83828125 0.34861111093749997 0.85 0.3583333328125 0.84453125 0.352777778125
4 0.89765625 0.26527777812500003 0.89140625 0.25 0.88828125 0.25 0.88125 0.2666666671875 0.88125 0.29722222187499997 0.878125 0.30694444375 0.87890625 0.3333333328125 0.875 0.34027777812500004 0.878125 0.34305555625 0.8859375 0.3416666671875 0.89765625 0.27638888906250003 0.89765625 0.26527777812500003