2 0.01328125 0.43194444374999996 0.0140625 0.47083333281249995 0.01796875 0.477777778125 0.025 0.477777778125 0.0328125 0.46666666718750005 0.0296875 0.44444444375 0.0234375 0.425 0.01875 0.425 0.01328125 0.43194444374999996
1 0.38046875 0.2888888890625 0.384375 0.28055555625 0.40078125 0.2888888890625 0.4015625 0.28055555625 0.39140625 0.26805555625 0.384375 0.2513888890625 0.384375 0.15555555625 0.38203125 0.1375 0.38203125 0.10555555624999999 0.384375 0.10138888906250001 0.3765625 0.1 0.36953125 0.10555555624999999 0.371875 0.1208333328125 0.371875 0.23611111093749998 0.3703125 0.25555555625 0.3578125 0.259722221875 0.35703125 0.2666666671875 0.3671875 0.2708333328125 0.375 0.2888888890625 0.38046875 0.2888888890625
6 0.7796875 0.23055555625 0.78125 0.2416666671875 0.77890625 0.2736111109375 0.78203125 0.27638888906250003 0.7875 0.2638888890625 0.78828125 0.23333333281250002 0.78515625 0.2125 0.78203125 0.2125 0.7796875 0.23055555625
6 0.7859375 0.1833333328125 0.7828125 0.17916666718750002 0.78125 0.16805555625 0.78046875 0.177777778125 0.7765625 0.18055555625 0.78125 0.18055555625 0.78203125 0.19444444375 0.78359375 0.190277778125 0.78515625 0.19444444375 0.78203125 0.18194444375000002 0.7859375 0.1833333328125
6 0.71171875 0.2388888890625 0.7171875 0.21805555625 0.72265625 0.21805555625 0.72890625 0.23333333281250002 0.73125 0.2666666671875 0.7375 0.27638888906250003 0.74375 0.27777777812500004 0.75 0.2666666671875 0.75078125 0.24444444375000002 0.7546875 0.240277778125 0.7640625 0.2416666671875 0.76640625 0.23194444375 0.76875 0.18055555625 0.76015625 0.1666666671875 0.7578125 0.11944444375 0.75 0.10555555624999999 0.728125 0.0958333328125 0.70625 0.097222221875 0.7015625 0.10555555624999999 0.69921875 0.1416666671875 0.68828125 0.15555555625 0.68359375 0.16944444375 0.6875 0.17916666718750002 0.6890625 0.22777777812500002 0.69453125 0.2388888890625 0.70703125 0.2416666671875 0.71171875 0.2388888890625
7 0.9796875 0.34305555625 0.99921875 0.33888888906250003 0.99921875 0.26805555625 0.99296875 0.259722221875 0.98671875 0.259722221875 0.9828125 0.27638888906250003 0.97890625 0.325 0.9796875 0.34305555625
7 0.959375 0.3541666671875 0.9671875 0.302777778125 0.96953125 0.24583333281250003 0.9421875 0.23194444375 0.93046875 0.23194444375 0.91953125 0.24305555625 0.9125 0.2625 0.90703125 0.2958333328125 0.915625 0.3083333328125 0.91953125 0.32083333281250004 0.92421875 0.32777777812500003 0.94296875 0.33055555625 0.95 0.3513888890625 0.95390625 0.35555555625 0.959375 0.3541666671875
7 0.88125 0.275 0.88515625 0.2791666671875 0.90625 0.27777777812500004 0.9140625 0.2486111109375 0.921875 0.240277778125 0.92578125 0.23055555625 0.925 0.21805555625 0.915625 0.18194444375000002 0.9109375 0.17361111093749998 0.89296875 0.15972222187500001 0.8625 0.1541666671875 0.853125 0.15972222187500001 0.84296875 0.15555555625 0.81953125 0.15555555625 0.8171875 0.1611111109375 0.8171875 0.18055555625 0.83046875 0.19583333281249998 0.84140625 0.215277778125 0.8484375 0.215277778125 0.85 0.22916666718749998 0.8546875 0.2416666671875 0.878125 0.25833333281250004 0.88125 0.275
7 0.99921875 0.22777777812500002 0.99453125 0.222222221875 0.98984375 0.22638888906250001 0.98828125 0.2541666671875 0.99921875 0.25555555625 0.99921875 0.22777777812500002
7 0.99765625 0.18055555625 0.99375 0.17361111093749998 0.99375 0.18194444375000002 0.99765625 0.18055555625
7 0.97421875 0.20694444375 0.96953125 0.197222221875 0.928125 0.16944444375 0.9203125 0.16805555625 0.91875 0.172222221875 0.91875 0.190277778125 0.92421875 0.20416666718749998 0.9296875 0.20972222187499998 0.93203125 0.22916666718749998 0.94453125 0.23055555625 0.96796875 0.24305555625 0.971875 0.2388888890625 0.97421875 0.20694444375
7 0.93515625 0.12222222187500001 0.92734375 0.125 0.92578125 0.13055555624999998 0.94609375 0.14305555625 0.95234375 0.15277777812499999 0.97890625 0.16388888906250001 0.97890625 0.15 0.9734375 0.14305555625 0.94765625 0.1263888890625 0.93515625 0.12222222187500001
7 0.86640625 0.13055555624999998 0.8578125 0.1291666671875 0.85078125 0.1208333328125 0.8390625 0.12222222187500001 0.83671875 0.13888888906250002 0.84140625 0.1513888890625 0.85390625 0.15555555625 0.86015625 0.1513888890625 0.87890625 0.15277777812499999 0.88125 0.14861111093749999 0.88125 0.14305555625 0.86640625 0.13055555624999998
7 0.85625 0.07638888906249999 0.85546875 0.08055555625000001 0.87109375 0.1 0.88828125 0.11388888906250001 0.8953125 0.1111111109375 0.8953125 0.0791666671875 0.8734375 0.07083333281250001 0.859375 0.07083333281250001 0.85625 0.07638888906249999
4 0.1875 0.20833333281250002 0.1875 0.190277778125 0.19296875 0.172222221875 0.19296875 0.1611111109375 0.18125 0.1416666671875 0.178125 0.1458333328125 0.17890625 0.1541666671875 0.17421875 0.16805555625 0.1734375 0.1861111109375 0.17890625 0.19444444375 0.18125 0.20694444375 0.18046875 0.222222221875 0.18515625 0.2208333328125 0.18828125 0.22777777812500002 0.19140625 0.2166666671875 0.1875 0.20833333281250002
4 0.3078125 0.16388888906250001 0.30703125 0.18055555625 0.31171875 0.2125 0.31015625 0.23611111093749998 0.32109375 0.23472222187499997 0.321875 0.19305555624999998 0.31796875 0.147222221875 0.3109375 0.14444444375 0.3078125 0.16388888906250001
4 0.28828125 0.23611111093749998 0.29296875 0.23611111093749998 0.29140625 0.1916666671875 0.29375 0.18055555625 0.29296875 0.1708333328125 0.28671875 0.15555555625 0.28125 0.1541666671875 0.28125 0.16388888906250001 0.27578125 0.16944444375 0.27578125 0.17916666718750002 0.27890625 0.190277778125 0.2796875 0.23472222187499997 0.28203125 0.2388888890625 0.28671875 0.23055555625 0.28828125 0.23611111093749998
4 0.26875 0.1458333328125 0.26796875 0.15555555625 0.26953125 0.23055555625 0.275 0.23472222187499997 0.278125 0.23194444375 0.27578125 0.2166666671875 0.278125 0.184722221875 0.27578125 0.17916666718750002 0.27421875 0.1458333328125 0.26875 0.1458333328125
4 0.3 0.1291666671875 0.29375 0.13333333281249998 0.29140625 0.16388888906250001 0.296875 0.20555555625 0.29453125 0.21805555625 0.30390625 0.222222221875 0.30625 0.20972222187499998 0.30546875 0.17361111093749998 0.309375 0.1541666671875 0.3 0.1291666671875