2 0.01328125 0.43194444374999996 0.0140625 0.47083333281249995 0.01640625 0.4763888890625 0.025 0.477777778125 0.0328125 0.46805555625000006 0.0296875 0.4458333328125 0.0234375 0.425 0.01875 0.425 0.01328125 0.43194444374999996
1 0.38046875 0.2888888890625 0.38359375 0.28055555625 0.40078125 0.2888888890625 0.4015625 0.28055555625 0.39140625 0.26805555625 0.384375 0.2513888890625 0.38203125 0.10555555624999999 0.390625 0.10138888906250001 0.39140625 0.097222221875 0.38671875 0.097222221875 0.38359375 0.1041666671875 0.37734375 0.1 0.36953125 0.10555555624999999 0.3703125 0.19305555624999998 0.37265625 0.20416666718749998 0.3703125 0.2541666671875 0.3578125 0.259722221875 0.35703125 0.2666666671875 0.36640625 0.2708333328125 0.37578125 0.2888888890625 0.38046875 0.2888888890625
6 0.7796875 0.23055555625 0.78125 0.240277778125 0.77890625 0.272222221875 0.78203125 0.27638888906250003 0.7875 0.2638888890625 0.78828125 0.23472222187499997 0.7859375 0.21805555625 0.78125 0.21805555625 0.7796875 0.23055555625
6 0.78359375 0.21328125 0.003125 0.0015625
6 0.78125 0.1796875 0.00078125 0.0015625
6 0.78125 0.1703125 0.00078125 0.0015625
6 0.7171875 0.21805555625 0.72265625 0.21805555625 0.72890625 0.23194444375 0.73125 0.2666666671875 0.7375 0.27638888906250003 0.74375 0.27777777812500004 0.75 0.2666666671875 0.75 0.24444444375000002 0.7640625 0.24305555625 0.76640625 0.23472222187499997 0.76875 0.17916666718750002 0.76328125 0.1763888890625 0.76015625 0.16944444375 0.75703125 0.11805555625 0.75 0.10555555624999999 0.72578125 0.0958333328125 0.70625 0.097222221875 0.7015625 0.10555555624999999 0.69921875 0.140277778125 0.68359375 0.16944444375 0.6875 0.177777778125 0.68828125 0.225 0.69453125 0.2388888890625 0.70625 0.24305555625 0.7125 0.2375 0.7171875 0.21805555625
7 0.88515625 0.2791666671875 0.90703125 0.27638888906250003 0.9140625 0.2486111109375 0.9265625 0.23055555625 0.915625 0.18194444375000002 0.909375 0.172222221875 0.8921875 0.15972222187500001 0.8671875 0.1541666671875 0.85546875 0.15555555625 0.85078125 0.165277778125 0.85 0.15972222187500001 0.840625 0.15555555625 0.81953125 0.15555555625 0.8171875 0.15972222187500001 0.81796875 0.1833333328125 0.8390625 0.2138888890625 0.84921875 0.2166666671875 0.85 0.23055555625 0.85546875 0.24305555625 0.878125 0.25833333281250004 0.88125 0.275 0.88515625 0.2791666671875
7 0.97890625 0.34027777812500004 0.98046875 0.34305555625 0.99921875 0.33888888906250003 0.99921875 0.26805555625 0.99296875 0.259722221875 0.98671875 0.259722221875 0.98203125 0.27777777812500004 0.97890625 0.34027777812500004
7 0.9421875 0.23194444375 0.93046875 0.23194444375 0.91875 0.24444444375000002 0.91328125 0.25833333281250004 0.9078125 0.29722222187499997 0.92421875 0.32777777812500003 0.9421875 0.33055555625 0.95234375 0.3541666671875 0.95859375 0.3541666671875 0.96875 0.2888888890625 0.96953125 0.24583333281250003 0.9421875 0.23194444375
7 0.853125 0.12222222187500001 0.83671875 0.1208333328125 0.83359375 0.134722221875 0.83984375 0.1513888890625 0.85078125 0.15555555625 0.859375 0.1513888890625 0.8921875 0.1541666671875 0.87265625 0.134722221875 0.85625 0.127777778125 0.853125 0.12222222187500001
7 0.9671875 0.13055555624999998 0.975 0.10694444375 0.97421875 0.0958333328125 0.96484375 0.0888888890625 0.9609375 0.0986111109375 0.9609375 0.13055555624999998 0.9671875 0.13055555624999998
7 0.94921875 0.1208333328125 0.95234375 0.11388888906250001 0.95390625 0.0861111109375 0.9390625 0.072222221875 0.9265625 0.07083333281250001 0.90625 0.08194444375 0.90390625 0.09305555625 0.90078125 0.0958333328125 0.90625 0.10138888906250001 0.90546875 0.11805555625 0.9078125 0.1208333328125 0.92890625 0.1291666671875 0.93125 0.12222222187500001 0.94921875 0.1208333328125
7 0.89453125 0.077777778125 0.87265625 0.07083333281250001 0.8609375 0.07083333281250001 0.85703125 0.07638888906249999 0.85625 0.08055555625000001 0.8765625 0.10555555624999999 0.8890625 0.11388888906250001 0.89765625 0.1111111109375 0.89609375 0.102777778125 0.89921875 0.09305555625 0.89765625 0.08194444375 0.89453125 0.077777778125
7 0.5046875 0.20555555625 0.5046875 0.26944444375 0.50625 0.27777777812500004 0.51171875 0.27777777812500004 0.5171875 0.26527777812500003 0.51796875 0.25 0.51328125 0.21944444375 0.509375 0.20694444375 0.5046875 0.20555555625
7 0.3703125 0.1833333328125 0.3828125 0.18055555625 0.38671875 0.2541666671875 0.434375 0.275 0.4375 0.2791666671875 0.4390625 0.2916666671875 0.44921875 0.30555555624999997 0.4578125 0.30555555624999997 0.46328125 0.29305555625 0.47578125 0.29305555625 0.478125 0.2888888890625 0.4796875 0.1513888890625 0.47421875 0.13333333281249998 0.46015625 0.1111111109375 0.45390625 0.10555555624999999 0.42890625 0.10138888906250001 0.425 0.097222221875 0.3609375 0.0861111109375 0.3375 0.0958333328125 0.3328125 0.10555555624999999 0.33125 0.1208333328125 0.33046875 0.2166666671875 0.3375 0.22638888906250001 0.35234375 0.23333333281250002 0.35625 0.252777778125 0.3609375 0.25694444375000003 0.36953125 0.2541666671875 0.371875 0.24583333281250003 0.3703125 0.1833333328125
7 0.99296875 0.25694444375000003 0.99921875 0.25555555625 0.99921875 0.22777777812500002 0.99296875 0.2208333328125 0.98828125 0.23333333281250002 0.9875 0.252777778125 0.99296875 0.25694444375000003
7 0.96953125 0.197222221875 0.92890625 0.16944444375 0.91953125 0.16944444375 0.91875 0.1888888890625 0.9296875 0.20972222187499998 0.93203125 0.22916666718749998 0.94453125 0.23055555625 0.96796875 0.24305555625 0.971875 0.2388888890625 0.97421875 0.20694444375 0.96953125 0.197222221875
7 0.99140625 0.16944444375 0.9875 0.175 0.984375 0.16805555625 0.98203125 0.16944444375 0.97890625 0.1625 0.97890625 0.1513888890625 0.975 0.14444444375 0.96015625 0.13333333281249998 0.94296875 0.125 0.93125 0.125 0.93046875 0.13194444375 0.92578125 0.1263888890625 0.92578125 0.13055555624999998 0.94765625 0.14444444375 0.9515625 0.15277777812499999 0.984375 0.172222221875 0.99296875 0.184722221875 0.99921875 0.18055555625 0.99453125 0.1708333328125 0.99140625 0.16944444375
4 0.4671875 0.5291666671875 0.47578125 0.547222221875 0.47578125 0.39444444375 0.46875 0.397222221875 0.46875 0.4166666671875 0.4625 0.42083333281249996 0.45625 0.43333333281249997 0.45546875 0.477777778125 0.45234375 0.4916666671875 0.4515625 0.5166666671875 0.43828125 0.5666666671875 0.4375 0.58194444375 0.43984375 0.5888888890625 0.44921875 0.5916666671875 0.4515625 0.5861111109375 0.4484375 0.5791666671875 0.44921875 0.5694444437499999 0.4625 0.5305555562500001 0.4671875 0.5291666671875
4 0.61796875 0.36805555624999997 0.61796875 0.34444444375 0.62265625 0.3291666671875 0.62265625 0.2958333328125 0.6203125 0.28472222187499996 0.6234375 0.2791666671875 0.6234375 0.26944444375 0.61875 0.26527777812500003 0.6140625 0.26805555625 0.6125 0.2791666671875 0.60625 0.28472222187499996 0.60390625 0.302777778125 0.60546875 0.3333333328125 0.609375 0.3458333328125 0.59921875 0.3763888890625 0.60703125 0.3916666671875 0.61640625 0.39305555625 0.61796875 0.3888888890625 0.61484375 0.3791666671875 0.61796875 0.36805555624999997