2 0.97578125 0.577777778125 0.975 0.5375 0.971875 0.5319444437499999 0.9640625 0.5319444437499999 0.96171875 0.5361111109375 0.9640625 0.5791666671875 0.97421875 0.58194444375 0.97578125 0.577777778125
1 0.615625 0.89305555625 0.6265625 0.897222221875 0.63046875 0.890277778125 0.62734375 0.840277778125 0.62734375 0.752777778125 0.63125 0.7388888890625 0.640625 0.7402777781250001 0.640625 0.734722221875 0.63125 0.727777778125 0.625 0.7138888890625 0.61328125 0.7166666671875 0.60625 0.709722221875 0.6046875 0.7166666671875 0.61328125 0.7361111109375 0.61484375 0.7611111109375 0.61328125 0.85 0.615625 0.89305555625
1 0.55703125 0.9138888890624999 0.5578125 0.7833333328125 0.56171875 0.7736111109375 0.56953125 0.7736111109375 0.5703125 0.76944444375 0.5671875 0.7611111109375 0.56171875 0.7569444437499999 0.53984375 0.7486111109375 0.5390625 0.7611111109375 0.534224759375 0.7598824796875 0.5453125 0.7708333328125 0.54765625 0.784722221875 0.54375 0.83194444375 0.54609375 0.8513888890624999 0.5453125 0.915277778125 0.5484375 0.91805555625 0.55703125 0.9138888890624999
6 0.2453125 0.8027777781250001 0.26484375 0.8125 0.26953125 0.8416666671874999 0.29453125 0.85 0.30859375 0.85 0.32109375 0.8333333328125001 0.334375 0.827777778125 0.3390625 0.83194444375 0.34296875 0.8263888890625 0.34375 0.7819444437499999 0.3359375 0.7583333328124999 0.3171875 0.7611111109375 0.3015625 0.752777778125 0.29765625 0.725 0.28828125 0.715277778125 0.27890625 0.7166666671875 0.2703125 0.7291666671875 0.2625 0.722222221875 0.23828125 0.7236111109375 0.2359375 0.734722221875 0.23828125 0.7819444437499999 0.2421875 0.7875 0.2453125 0.8027777781250001
6 0.42421875 0.8388888890624999 0.43125 0.8194444437499999 0.43359375 0.8027777781250001 0.4328125 0.7819444437499999 0.42265625 0.7569444437499999 0.4140625 0.7541666671875 0.3984375 0.7402777781250001 0.35 0.7416666671875001 0.34296875 0.7486111109375 0.3453125 0.7708333328125 0.36328125 0.7763888890625 0.365625 0.7805555562500001 0.36328125 0.809722221875 0.39453125 0.8263888890625 0.4015625 0.840277778125 0.42421875 0.8388888890624999
7 0.13828125 0.85 0.12578125 0.8458333328125001 0.10859375 0.847222221875 0.1265625 0.8652777781250001 0.14375 0.8708333328125001 0.15078125 0.8791666671874999 0.16171875 0.8736111109375001 0.16328125 0.8708333328125001 0.15703125 0.8513888890624999 0.15 0.8458333328125001 0.13828125 0.85
7 0.0375 0.9111111109375001 0.0421875 0.9069444437499999 0.04609375 0.9166666671874999 0.06171875 0.9277777781250001 0.07578125 0.9277777781250001 0.08671875 0.922222221875 0.09296875 0.9138888890624999 0.09375 0.88055555625 0.08046875 0.872222221875 0.06875 0.8791666671874999 0.05390625 0.877777778125 0.0484375 0.88055555625 0.04609375 0.8888888890625 0.0375 0.8819444437499999 0.03359375 0.8847222218749999 0.03125 0.89305555625 0.03125 0.9 0.0375 0.9 0.0390625 0.9069444437499999 0.03515625 0.9069444437499999 0.0375 0.9111111109375001
7 0.10234375 0.9069444437499999 0.10390625 0.91944444375 0.125 0.9277777781250001 0.1390625 0.9277777781250001 0.14296875 0.922222221875 0.14375 0.91944444375 0.125 0.897222221875 0.1109375 0.8861111109375001 0.1046875 0.8861111109375001 0.10234375 0.9069444437499999
7 0.06953125 0.76805555625 0.0734375 0.7736111109375 0.084375 0.8194444437499999 0.090625 0.827777778125 0.1203125 0.8444444437499999 0.14375 0.8444444437499999 0.1484375 0.8361111109375001 0.15859375 0.8444444437499999 0.18046875 0.8444444437499999 0.18359375 0.83194444375 0.184375 0.8055555562500001 0.1796875 0.7736111109375 0.16875 0.7708333328125 0.16484375 0.7736111109375 0.16328125 0.7819444437499999 0.153125 0.7805555562500001 0.14921875 0.7638888890625 0.121875 0.7416666671875001 0.11875 0.725 0.1140625 0.7194444437499999 0.10390625 0.7236111109375 0.075 0.722222221875 0.06953125 0.73194444375 0.06953125 0.76805555625
7 0.00625 0.725 0.00078125 0.73055555625 0.00078125 0.7805555562500001 0.00625 0.7819444437499999 0.0109375 0.76805555625 0.0125 0.7333333328125 0.00625 0.725
7 0.06484375 0.7611111109375 0.05703125 0.7597222218749999 0.05 0.7638888890625 0.0359375 0.7597222218749999 0.03125 0.7541666671875 0.028125 0.7583333328124999 0.025 0.7763888890625 0.0265625 0.797222221875 0.07421875 0.83194444375 0.078125 0.83194444375 0.08125 0.8263888890625 0.08203125 0.8111111109375001 0.06484375 0.7611111109375
7 0.02421875 0.85694444375 0.0640625 0.877777778125 0.07421875 0.875 0.075 0.86944444375 0.05625 0.8541666671874999 0.04453125 0.8541666671874999 0.0359375 0.8458333328125001 0.01953125 0.840277778125 0.02421875 0.85694444375
7 0.20859375 0.8486111109375001 0.20703125 0.8791666671874999 0.21328125 0.88055555625 0.2140625 0.86944444375 0.21875 0.8652777781250001 0.21875 0.859722221875 0.21484375 0.85694444375 0.21328125 0.8486111109375001 0.20859375 0.8486111109375001
7 0.203125 0.9041666671874999 0.20546875 0.9055555562500001 0.21171875 0.9055555562500001 0.20703125 0.8847222218749999 0.203125 0.89305555625 0.203125 0.9041666671874999
7 0.23125 0.847222221875 0.2296875 0.859722221875 0.2296875 0.909722221875 0.23359375 0.91944444375 0.25078125 0.9236111109375 0.25234375 0.86944444375 0.25546875 0.8444444437499999 0.25 0.8388888890624999 0.23828125 0.840277778125 0.23125 0.847222221875
7 0.3234375 0.9472222218749999 0.325 0.9069444437499999 0.31953125 0.8958333328125001 0.3125 0.8916666671875 0.3109375 0.872222221875 0.2984375 0.859722221875 0.28203125 0.8541666671874999 0.2734375 0.8444444437499999 0.26328125 0.8444444437499999 0.2609375 0.9305555562500001 0.28203125 0.94305555625 0.2984375 0.9458333328125 0.31796875 0.95555555625 0.32265625 0.9541666671875 0.3234375 0.9472222218749999