2 0.9765625 0.575 0.98125 0.575 0.98671875 0.56805555625 0.9859375 0.527777778125 0.98203125 0.522222221875 0.975 0.522222221875 0.9671875 0.5319444437499999 0.96953125 0.5513888890625 0.9765625 0.575
1 0.6140625 0.8166666671874999 0.61796875 0.8486111109375001 0.6171875 0.89444444375 0.6203125 0.9 0.6296875 0.8958333328125001 0.628125 0.7458333328125 0.64296875 0.7458333328125 0.6390625 0.7430555562500001 0.63828125 0.73194444375 0.64375 0.734722221875 0.63359375 0.7291666671875 0.63125 0.7208333328125 0.625 0.7138888890625 0.6125 0.7194444437499999 0.59921875 0.7111111109375 0.596875 0.715277778125 0.59921875 0.7208333328125 0.61484375 0.7375 0.6140625 0.8166666671874999
1 0.54765625 0.8194444437499999 0.5453125 0.827777778125 0.54609375 0.9166666671874999 0.55546875 0.91944444375 0.5578125 0.9138888890624999 0.55859375 0.7833333328125 0.56171875 0.7708333328125 0.5734375 0.7736111109375 0.57421875 0.76944444375 0.571875 0.7666666671875 0.56953125 0.772222221875 0.56796875 0.7597222218749999 0.5625 0.7569444437499999 0.54765625 0.75 0.53125 0.7486111109375 0.53125 0.7569444437499999 0.54453125 0.765277778125 0.5484375 0.7833333328125 0.54765625 0.8194444437499999
6 0.23125 0.6319444437499999 0.2296875 0.6236111109375 0.2359375 0.61944444375 0.23828125 0.6111111109375 0.23125 0.60694444375 0.22578125 0.6180555562500001 0.2203125 0.6458333328125 0.21796875 0.6944444437499999 0.22421875 0.6944444437499999 0.2265625 0.6458333328125 0.2296875 0.64305555625 0.23125 0.6347222218749999 0.2359375 0.6333333328124999 0.23125 0.6319444437499999
6 0.2390625 0.609722221875 0.240625 0.6263888890625 0.23828125 0.6569444437499999 0.23828125 0.7291666671875 0.24921875 0.7361111109375 0.25234375 0.76805555625 0.25859375 0.7763888890625 0.2625 0.7763888890625 0.26953125 0.7916666671875 0.27421875 0.790277778125 0.278125 0.7805555562500001 0.30625 0.7819444437499999 0.3203125 0.75555555625 0.3296875 0.7638888890625 0.3328125 0.7486111109375 0.34296875 0.7402777781250001 0.34609375 0.7166666671875 0.34765625 0.6958333328124999 0.34375 0.6736111109375 0.3296875 0.665277778125 0.3234375 0.66944444375 0.309375 0.665277778125 0.3015625 0.64305555625 0.29375 0.6319444437499999 0.2921875 0.6152777781250001 0.28203125 0.6 0.26875 0.6 0.25703125 0.61944444375 0.2515625 0.6166666671875001 0.2484375 0.6083333328125 0.2390625 0.609722221875
6 0.21796875 0.7236111109375 0.21328125 0.7361111109375 0.2125 0.7638888890625 0.215625 0.772222221875 0.2203125 0.772222221875 0.22265625 0.727777778125 0.21796875 0.7236111109375
6 0.21953125 0.834722221875 0.2234375 0.834722221875 0.22421875 0.8263888890625 0.22109375 0.8194444437499999 0.2234375 0.827777778125 0.21953125 0.834722221875
6 0.24296875 0.8833333328125 0.246875 0.8916666671875 0.26796875 0.902777778125 0.28828125 0.9055555562500001 0.29375 0.902777778125 0.29921875 0.89305555625 0.303125 0.8708333328125001 0.33125 0.8652777781250001 0.33125 0.847222221875 0.3140625 0.8222222218749999 0.30703125 0.83194444375 0.29609375 0.83194444375 0.2796875 0.797222221875 0.26484375 0.790277778125 0.26328125 0.7833333328125 0.2484375 0.7611111109375 0.2421875 0.7569444437499999 0.23359375 0.7583333328124999 0.23046875 0.83055555625 0.2328125 0.8430555562500001 0.23984375 0.8513888890624999 0.24296875 0.8833333328125
6 0.36640625 0.8194444437499999 0.375 0.8222222218749999 0.37734375 0.81805555625 0.390625 0.8236111109375001 0.40078125 0.8388888890624999 0.41171875 0.8416666671874999 0.42578125 0.8388888890624999 0.4328125 0.8138888890624999 0.43359375 0.784722221875 0.42421875 0.7597222218749999 0.40859375 0.75 0.4015625 0.752777778125 0.39296875 0.73194444375 0.37734375 0.73194444375 0.3703125 0.74444444375 0.35703125 0.75 0.35234375 0.7638888890625 0.35703125 0.7763888890625 0.3640625 0.784722221875 0.36171875 0.8083333328125001 0.36328125 0.8166666671874999 0.36640625 0.8194444437499999
7 0.12734375 0.8652777781250001 0.14296875 0.872222221875 0.14921875 0.8791666671874999 0.16328125 0.88055555625 0.16640625 0.8736111109375001 0.1671875 0.8652777781250001 0.1578125 0.847222221875 0.11015625 0.8458333328125001 0.11328125 0.852777778125 0.12734375 0.8652777781250001
7 0.0390625 0.9013888890624999 0.0390625 0.8708333328125001 0.0328125 0.86944444375 0.025 0.89305555625 0.025 0.902777778125 0.0265625 0.9069444437499999 0.0375 0.9111111109375001 0.0390625 0.9013888890624999
7 0.09765625 0.902777778125 0.09375 0.8986111109375001 0.09453125 0.8819444437499999 0.0921875 0.8791666671874999 0.071875 0.8708333328125001 0.06875 0.877777778125 0.04921875 0.88055555625 0.04765625 0.8847222218749999 0.04609375 0.9111111109375001 0.04921875 0.91944444375 0.06171875 0.9277777781250001 0.0734375 0.9291666671875 0.09375 0.91805555625 0.09765625 0.902777778125
7 0.1421875 0.9277777781250001 0.14375 0.91944444375 0.1296875 0.9 0.1109375 0.8861111109375001 0.10234375 0.8861111109375001 0.10234375 0.91944444375 0.125 0.9291666671875 0.1421875 0.9277777781250001
7 0.00078125 0.6611111109375 0.00078125 0.73194444375 0.00625 0.7402777781250001 0.0125 0.7416666671875001 0.01875 0.7208333328125 0.02109375 0.659722221875 0.00078125 0.6611111109375
7 0.0796875 0.6777777781250001 0.075 0.672222221875 0.0578125 0.66944444375 0.0484375 0.6458333328125 0.04140625 0.64444444375 0.03125 0.7111111109375 0.03046875 0.7541666671875 0.0578125 0.76805555625 0.06953125 0.76805555625 0.08203125 0.7541666671875 0.0921875 0.7138888890625 0.09296875 0.70555555625 0.0796875 0.6777777781250001
7 0.0890625 0.8263888890625 0.1078125 0.840277778125 0.13828125 0.8458333328125001 0.146875 0.840277778125 0.15625 0.8444444437499999 0.18125 0.8444444437499999 0.18359375 0.8388888890624999 0.1859375 0.8055555562500001 0.1796875 0.7736111109375 0.171875 0.7708333328125 0.16171875 0.7819444437499999 0.153125 0.7805555562500001 0.14921875 0.7638888890625 0.121875 0.7416666671875001 0.11875 0.725 0.11328125 0.7194444437499999 0.09375 0.7236111109375 0.08515625 0.7513888890625 0.0734375 0.76944444375 0.08359375 0.8166666671874999 0.0890625 0.8263888890625
7 0.00703125 0.7430555562500001 0.00078125 0.74444444375 0.00078125 0.772222221875 0.00859375 0.7805555562500001 0.01171875 0.7666666671875 0.0125 0.747222221875 0.00703125 0.7430555562500001
7 0.06953125 0.7875 0.06796875 0.7708333328125 0.05625 0.76944444375 0.03203125 0.7569444437499999 0.028125 0.7611111109375 0.02578125 0.7916666671875 0.03046875 0.8027777781250001 0.07109375 0.83055555625 0.08046875 0.83055555625 0.08046875 0.809722221875 0.07578125 0.7958333328125 0.06953125 0.7875
7 0.03125 0.8361111109375001 0.021875 0.8361111109375001 0.0203125 0.8416666671874999 0.021875 0.852777778125 0.03671875 0.8611111109375 0.03984375 0.8666666671875 0.05625 0.875 0.064453125 0.875 0.06953125 0.8680555562500001 0.0685546875 0.875 0.07265625 0.875 0.075 0.8708333328125001 0.03125 0.8361111109375001
4 0.6 0.83194444375 0.60625 0.83055555625 0.60625 0.8222222218749999 0.61328125 0.8041666671875 0.6140625 0.784722221875 0.6109375 0.772222221875 0.61171875 0.734722221875 0.60546875 0.73055555625 0.6046875 0.7402777781250001 0.60078125 0.747222221875 0.59609375 0.73194444375 0.5921875 0.73194444375 0.59375 0.772222221875 0.58828125 0.7763888890625 0.5890625 0.7916666671875 0.59453125 0.8166666671874999 0.6 0.8222222218749999 0.6 0.83194444375