2 0.01328125 0.43194444374999996 0.0140625 0.47083333281249995 0.01875 0.477777778125 0.025 0.477777778125 0.0328125 0.46805555625000006 0.0296875 0.4458333328125 0.0234375 0.425 0.01875 0.425 0.01328125 0.43194444374999996
1 0.3828125 0.28055555625 0.40078125 0.2888888890625 0.40078125 0.27777777812500004 0.39140625 0.26805555625 0.384375 0.2513888890625 0.3828125 0.10138888906250001 0.36953125 0.10555555624999999 0.371875 0.19305555624999998 0.3703125 0.2541666671875 0.35703125 0.259722221875 0.35703125 0.2666666671875 0.3671875 0.2708333328125 0.37578125 0.2888888890625 0.3796875 0.2888888890625 0.3828125 0.28055555625
6 0.77890625 0.275 0.78203125 0.27638888906250003 0.78671875 0.2666666671875 0.78828125 0.240277778125 0.7859375 0.2236111109375 0.78203125 0.21805555625 0.78046875 0.22777777812500002 0.77890625 0.275
6 0.7109375 0.2388888890625 0.715625 0.21944444375 0.72265625 0.21805555625 0.72890625 0.23333333281250002 0.73125 0.2666666671875 0.7375 0.27638888906250003 0.74296875 0.27777777812500004 0.75 0.26527777812500003 0.75 0.24305555625 0.76328125 0.24305555625 0.76640625 0.23333333281250002 0.76875 0.18055555625 0.76015625 0.16944444375 0.75703125 0.11805555625 0.75 0.10555555624999999 0.72734375 0.0958333328125 0.7125 0.09444444375 0.70625 0.097222221875 0.70234375 0.10555555624999999 0.6984375 0.14305555625 0.69375 0.1458333328125 0.68359375 0.16944444375 0.6875 0.177777778125 0.68828125 0.225 0.6953125 0.2388888890625 0.70703125 0.2416666671875 0.7109375 0.2388888890625
7 0.97890625 0.322222221875 0.97890625 0.3416666671875 0.99921875 0.33888888906250003 0.99921875 0.26805555625 0.99296875 0.259722221875 0.9875 0.25833333281250004 0.98203125 0.27777777812500004 0.9828125 0.290277778125 0.97890625 0.322222221875
7 0.9421875 0.23194444375 0.93125 0.23194444375 0.91796875 0.24583333281250003 0.91328125 0.25833333281250004 0.90703125 0.2958333328125 0.92421875 0.3263888890625 0.94140625 0.33055555625 0.95 0.3513888890625 0.9578125 0.35555555625 0.96875 0.2888888890625 0.96953125 0.24583333281250003 0.9421875 0.23194444375
7 0.878125 0.25833333281250004 0.88125 0.275 0.88515625 0.2791666671875 0.90625 0.27638888906250003 0.9109375 0.2666666671875 0.9140625 0.2486111109375 0.9265625 0.23055555625 0.915625 0.18194444375000002 0.9109375 0.17361111093749998 0.89296875 0.15972222187500001 0.88515625 0.15555555625 0.85546875 0.15555555625 0.85078125 0.16944444375 0.8484375 0.15972222187500001 0.8390625 0.15555555625 0.81953125 0.15555555625 0.8171875 0.1611111109375 0.8171875 0.18055555625 0.83046875 0.19583333281249998 0.83828125 0.2125 0.84921875 0.2166666671875 0.85 0.22916666718749998 0.85546875 0.24305555625 0.86640625 0.24722222187499998 0.878125 0.25833333281250004
7 0.5046875 0.20694444375 0.5046875 0.26944444375 0.50625 0.27777777812500004 0.51171875 0.27777777812500004 0.5171875 0.26527777812500003 0.51796875 0.25 0.51171875 0.2125 0.5078125 0.20555555625 0.5046875 0.20694444375
7 0.38515625 0.240277778125 0.3859375 0.252777778125 0.38828125 0.25555555625 0.39921875 0.25694444375000003 0.4359375 0.275 0.4390625 0.2916666671875 0.44921875 0.30555555624999997 0.46015625 0.30416666718749996 0.46328125 0.29305555625 0.47578125 0.29305555625 0.478125 0.2888888890625 0.4796875 0.1513888890625 0.478125 0.14305555625 0.45546875 0.10694444375 0.42734375 0.10138888906250001 0.425 0.097222221875 0.3609375 0.0861111109375 0.33828125 0.0958333328125 0.33359375 0.102777778125 0.33125 0.11805555625 0.33046875 0.215277778125 0.3375 0.22638888906250001 0.353125 0.23333333281250002 0.35625 0.252777778125 0.3609375 0.25694444375000003 0.36875 0.25555555625 0.371875 0.24305555625 0.38515625 0.240277778125
7 0.99921875 0.25555555625 0.99921875 0.22777777812500002 0.99453125 0.21944444375 0.99140625 0.21944444375 0.98828125 0.23333333281250002 0.98828125 0.2541666671875 0.99921875 0.25555555625
7 0.96953125 0.197222221875 0.92578125 0.16805555625 0.91953125 0.16944444375 0.91875 0.1888888890625 0.92890625 0.20833333281250002 0.93046875 0.22777777812500002 0.94453125 0.23055555625 0.96796875 0.24305555625 0.971875 0.2388888890625 0.97421875 0.20555555625 0.96953125 0.197222221875
7 0.96328125 0.13888888906250002 0.96015625 0.13333333281249998 0.93515625 0.12222222187500001 0.9265625 0.1263888890625 0.9265625 0.13055555624999998 0.946875 0.14305555625 0.95625 0.15555555625 0.97421875 0.16388888906250001 0.97890625 0.1611111109375 0.97890625 0.15 0.9765625 0.1458333328125 0.96328125 0.13888888906250002
7 0.85625 0.127777778125 0.8484375 0.11944444375 0.83828125 0.12222222187500001 0.83671875 0.1375 0.83984375 0.1513888890625 0.85078125 0.15555555625 0.859375 0.1513888890625 0.88125 0.1513888890625 0.88125 0.1458333328125 0.8734375 0.134722221875 0.85625 0.127777778125
7 0.8609375 0.07083333281250001 0.85625 0.07638888906249999 0.85546875 0.08055555625000001 0.87578125 0.1041666671875 0.8890625 0.11388888906250001 0.89453125 0.1125 0.89765625 0.09305555625 0.896875 0.08055555625000001 0.871875 0.07083333281250001 0.8609375 0.07083333281250001
4 0 0.94305555625 0.003125 0.9375 0.00078125 0.9166666671874999 0.0046875 0.9069444437499999 0.00390625 0.89444444375 0 0.8888888890625 0 0.904365278125 0.00234375 0.9083333328125001 0 0.912102778125 0 0.94305555625