2 0.9765625 0.575 0.98125 0.575 0.98671875 0.56805555625 0.9859375 0.5291666671875 0.98359375 0.5236111109375 0.975 0.522222221875 0.9671875 0.5319444437499999 0.9703125 0.5555555562500001 0.9765625 0.575
1 0.6109375 0.73194444375 0.61484375 0.7430555562500001 0.6171875 0.89444444375 0.6203125 0.9 0.628125 0.89444444375 0.628125 0.8708333328125001 0.63046875 0.8680555562500001 0.628125 0.7458333328125 0.64296875 0.7458333328125 0.63828125 0.7402777781250001 0.63828125 0.73194444375 0.64375 0.734722221875 0.63359375 0.7291666671875 0.63125 0.7208333328125 0.625 0.7138888890625 0.61171875 0.7194444437499999 0.6 0.7111111109375 0.5984375 0.7194444437499999 0.6109375 0.73194444375
1 0.55546875 0.91944444375 0.5578125 0.9138888890624999 0.55859375 0.7861111109375 0.5625 0.7708333328125 0.57265625 0.7736111109375 0.57265625 0.76944444375 0.5625 0.7569444437499999 0.54765625 0.75 0.53125 0.7486111109375 0.53203125 0.7583333328124999 0.54453125 0.765277778125 0.5484375 0.7833333328125 0.54765625 0.8208333328125 0.5453125 0.827777778125 0.54609375 0.9166666671874999 0.55546875 0.91944444375
7 0.02109375 0.675 0.02109375 0.6583333328125 0.00078125 0.6611111109375 0.00078125 0.7333333328125 0.0078125 0.7416666671875001 0.0125 0.7416666671875001 0.0171875 0.725 0.02109375 0.675
7 0.07265625 0.7666666671875 0.08671875 0.7430555562500001 0.0921875 0.7138888890625 0.09296875 0.70555555625 0.0796875 0.6777777781250001 0.075 0.672222221875 0.065625 0.6736111109375 0.05546875 0.66805555625 0.053125 0.6625 0.0546875 0.6583333328125 0.04765625 0.6458333328125 0.04296875 0.64444444375 0.0359375 0.672222221875 0.03125 0.715277778125 0.03046875 0.7541666671875 0.0578125 0.76805555625 0.07265625 0.7666666671875
7 0.0890625 0.8263888890625 0.10703125 0.840277778125 0.13203125 0.8458333328125001 0.14453125 0.8444444437499999 0.146875 0.840277778125 0.159375 0.8444444437499999 0.18125 0.8416666671874999 0.18125 0.8166666671874999 0.16640625 0.7958333328125 0.1515625 0.7833333328125 0.15078125 0.76944444375 0.146875 0.7597222218749999 0.121875 0.7416666671875001 0.11796875 0.7236111109375 0.11328125 0.7194444437499999 0.09453125 0.7236111109375 0.08984375 0.73194444375 0.0859375 0.7513888890625 0.0734375 0.76944444375 0.084375 0.81805555625 0.0890625 0.8263888890625
7 0.203125 0.902777778125 0.2109375 0.9069444437499999 0.2125 0.8958333328125001 0.2078125 0.8916666671875 0.20703125 0.8819444437499999 0.203125 0.902777778125
7 0.15703125 0.9305555562500001 0.15859375 0.9472222218749999 0.16328125 0.9513888890625 0.16328125 0.93194444375 0.15703125 0.9305555562500001
7 0.17265625 0.95694444375 0.17578125 0.95694444375 0.1734375 0.9486111109375001 0.17578125 0.9416666671874999 0.17265625 0.95 0.17265625 0.95694444375
7 0.209375 0.95555555625 0.23046875 0.9583333328125001 0.20703125 0.95 0.209375 0.95555555625
7 0.0265625 0.89444444375 0.0265625 0.9041666671874999 0.0296875 0.8986111109375001 0.0328125 0.9041666671874999 0.0359375 0.9 0.03828125 0.8875 0.0375 0.8819444437499999 0.03359375 0.8819444437499999 0.0359375 0.89305555625 0.0265625 0.89444444375
7 0.0984375 0.9041666671874999 0.09375 0.8986111109375001 0.09453125 0.8819444437499999 0.0921875 0.8791666671874999 0.07265625 0.872222221875 0.06875 0.877777778125 0.05078125 0.88055555625 0.0484375 0.8847222218749999 0.04609375 0.909722221875 0.04921875 0.91944444375 0.06171875 0.9277777781250001 0.07265625 0.9291666671875 0.09375 0.9166666671874999 0.0984375 0.9041666671874999
7 0.00703125 0.7819444437499999 0.01171875 0.765277778125 0.01171875 0.7458333328125 0.00078125 0.74444444375 0.00078125 0.7736111109375 0.00703125 0.7819444437499999
7 0.040625 0.7638888890625 0.03203125 0.7569444437499999 0.028125 0.7611111109375 0.02578125 0.79444444375 0.03046875 0.8027777781250001 0.071875 0.83055555625 0.08046875 0.83055555625 0.08125 0.8125 0.0703125 0.784722221875 0.06953125 0.772222221875 0.040625 0.7638888890625
7 0.05234375 0.85694444375 0.0421875 0.8444444437499999 0.0296875 0.8388888890624999 0.02109375 0.8416666671874999 0.0234375 0.8541666671874999 0.03984375 0.8666666671875 0.05625 0.875 0.061197656249999996 0.875 0.0671875 0.8666666671875 0.06614609375 0.875 0.0734375 0.8736111109375001 0.0734375 0.86944444375 0.05234375 0.85694444375
7 0.18984375 0.74444444375 0.18359375 0.74444444375 0.18046875 0.73194444375 0.1625 0.73055555625 0.15859375 0.7236111109375 0.153125 0.7333333328125 0.153125 0.7638888890625 0.16875 0.784722221875 0.17109375 0.8027777781250001 0.1796875 0.8083333328125001 0.1828125 0.8222222218749999 0.18359375 0.8111111109375001 0.1875 0.8055555562500001 0.18984375 0.74444444375
7 0.2609375 0.777777778125 0.2546875 0.7736111109375 0.24296875 0.777777778125 0.2359375 0.7708333328125 0.23203125 0.7736111109375 0.23125 0.8027777781250001 0.22421875 0.8125 0.23125 0.8430555562500001 0.23984375 0.847222221875 0.25 0.840277778125 0.2625 0.815277778125 0.2640625 0.79305555625 0.2609375 0.777777778125
7 0.22109375 0.7569444437499999 0.21875 0.74444444375 0.21328125 0.74444444375 0.209375 0.7638888890625 0.20703125 0.8291666671875 0.2046875 0.840277778125 0.20546875 0.8541666671874999 0.209375 0.859722221875 0.2140625 0.8611111109375 0.2171875 0.8541666671874999 0.2203125 0.8111111109375001 0.21875 0.7875 0.22109375 0.7569444437499999
7 0.325 0.8708333328125001 0.325 0.8847222218749999 0.33203125 0.88055555625 0.33203125 0.8708333328125001 0.325 0.8708333328125001
7 0.2046875 0.902777778125 0.20859375 0.9055555562500001 0.21171875 0.9041666671874999 0.21171875 0.8986111109375001 0.20703125 0.8916666671875 0.2046875 0.902777778125
7 0.24921875 0.8430555562500001 0.23984375 0.85 0.2328125 0.85 0.22890625 0.8847222218749999 0.23203125 0.915277778125 0.2484375 0.9277777781250001 0.25390625 0.925 0.25234375 0.909722221875 0.2546875 0.89444444375 0.25546875 0.8458333328125001 0.24921875 0.8430555562500001
7 0.25859375 0.9277777781250001 0.278125 0.9416666671874999 0.29921875 0.9444444437499999 0.3171875 0.95555555625 0.3234375 0.9513888890625 0.325 0.909722221875 0.32265625 0.897222221875 0.31484375 0.89305555625 0.309375 0.88055555625 0.31171875 0.8680555562500001 0.2859375 0.8458333328125001 0.27265625 0.840277778125 0.26796875 0.8333333328125001 0.26484375 0.8388888890624999 0.2625 0.83194444375 0.25859375 0.83194444375 0.2640625 0.8444444437499999 0.26328125 0.8888888890625 0.25859375 0.9277777781250001
7 0.1203125 0.85694444375 0.13359375 0.86944444375 0.1421875 0.8708333328125001 0.14921875 0.8791666671874999 0.16171875 0.877777778125 0.16328125 0.8680555562500001 0.1609375 0.85 0.15 0.8444444437499999 0.11796875 0.85 0.1203125 0.85694444375
7 0.14296875 0.9263888890624999 0.14296875 0.91805555625 0.125 0.8958333328125001 0.10625 0.8861111109375001 0.10234375 0.9083333328125001 0.10390625 0.91944444375 0.12734375 0.9291666671875 0.14296875 0.9263888890624999
4 0.6109375 0.86944444375 0.61328125 0.8736111109375001 0.61640625 0.8708333328125001 0.6171875 0.8 0.6140625 0.7888888890625 0.61015625 0.7875 0.61015625 0.8388888890624999 0.6078125 0.8541666671874999 0.6109375 0.86944444375
4 0.90859375 0.9486111109375001 0.90234375 0.9611111109375001 0.90546875 0.9666666671874999 0.9078125 0.9638888890624999 0.909375 0.9472222218749999 0.9125 0.9416666671874999 0.9125 0.9263888890624999 0.9109375 0.9041666671874999 0.90625 0.890277778125 0.90625 0.8638888890624999 0.90390625 0.8611111109375 0.9015625 0.8652777781250001 0.9015625 0.8861111109375001 0.90625 0.897222221875 0.90234375 0.9041666671874999 0.9015625 0.9375 0.903125 0.9458333328125 0.90859375 0.9486111109375001
4 0.76875 0.79444444375 0.7734375 0.8041666671875 0.77421875 0.815277778125 0.7796875 0.815277778125 0.78046875 0.8111111109375001 0.7828125 0.76944444375 0.77578125 0.7333333328125 0.7765625 0.7236111109375 0.7703125 0.722222221875 0.76875 0.79444444375
4 0.93671875 0.8027777781250001 0.92578125 0.8083333328125001 0.92578125 0.86944444375 0.93359375 0.8736111109375001 0.9515625 0.8541666671874999 0.9546875 0.8458333328125001 0.9515625 0.8361111109375001 0.9390625 0.8291666671875 0.9390625 0.8055555562500001 0.93671875 0.8027777781250001
4 0.31484375 0.8847222218749999 0.321875 0.8833333328125 0.325 0.86944444375 0.325 0.8236111109375001 0.328125 0.8166666671874999 0.31875 0.8111111109375001 0.31484375 0.815277778125 0.3140625 0.8236111109375001 0.31484375 0.8847222218749999
4 0.6375 0.8916666671875 0.64375 0.8819444437499999 0.64296875 0.8291666671875 0.6328125 0.8263888890625 0.6328125 0.8791666671874999 0.6375 0.8916666671875