2 0.96640625 0.58194444375 0.97421875 0.58194444375 0.97578125 0.577777778125 0.975 0.5416666671875 0.97109375 0.5319444437499999 0.96328125 0.5319444437499999 0.9609375 0.5375 0.96328125 0.577777778125 0.96640625 0.58194444375
1 0.61484375 0.8416666671874999 0.61171875 0.8458333328125001 0.61484375 0.890277778125 0.61953125 0.8958333328125001 0.62578125 0.8958333328125001 0.63046875 0.890277778125 0.62734375 0.8458333328125001 0.62734375 0.752777778125 0.63125 0.7402777781250001 0.63984375 0.7402777781250001 0.640625 0.734722221875 0.63125 0.727777778125 0.62421875 0.7111111109375 0.61953125 0.7111111109375 0.615625 0.7166666671875 0.60546875 0.7111111109375 0.60625 0.722222221875 0.61328125 0.7361111109375 0.61484375 0.7625 0.61484375 0.8416666671874999
1 0.55 0.91805555625 0.55703125 0.9138888890624999 0.5578125 0.784722221875 0.56171875 0.7736111109375 0.56875 0.7736111109375 0.5703125 0.76944444375 0.5671875 0.7611111109375 0.56015625 0.7569444437499999 0.5328125 0.7486111109375 0.53125 0.7569444437499999 0.54296875 0.7638888890625 0.54765625 0.7833333328125 0.54375 0.83055555625 0.54609375 0.8513888890624999 0.5453125 0.915277778125 0.55 0.91805555625
6 0.2421875 0.7875 0.2453125 0.8027777781250001 0.26484375 0.8125 0.26953125 0.8416666671874999 0.29375 0.85 0.309375 0.85 0.321875 0.83194444375 0.3390625 0.83194444375 0.34375 0.8236111109375001 0.34375 0.7833333328125 0.3359375 0.7583333328124999 0.315625 0.7611111109375 0.30234375 0.752777778125 0.29921875 0.7458333328125 0.29765625 0.725 0.28828125 0.715277778125 0.27890625 0.7166666671875 0.27109375 0.7291666671875 0.2625 0.722222221875 0.23828125 0.7236111109375 0.2359375 0.7333333328125 0.23828125 0.7833333328125 0.2421875 0.7875
6 0.36328125 0.8083333328125001 0.39375 0.8263888890625 0.4015625 0.840277778125 0.425 0.8388888890624999 0.43125 0.8194444437499999 0.43359375 0.79305555625 0.43046875 0.7708333328125 0.4265625 0.76944444375 0.42265625 0.7583333328124999 0.41171875 0.752777778125 0.4015625 0.7402777781250001 0.34921875 0.7416666671875001 0.34296875 0.7486111109375 0.3453125 0.7708333328125 0.3640625 0.777777778125 0.3671875 0.7833333328125 0.3671875 0.790277778125 0.36328125 0.79444444375 0.36328125 0.8083333328125001
7 0.15546875 0.8486111109375001 0.13359375 0.85 0.115625 0.8444444437499999 0.11796875 0.85555555625 0.1109375 0.852777778125 0.10859375 0.8444444437499999 0.10703125 0.8458333328125001 0.11015625 0.852777778125 0.1328125 0.86944444375 0.15 0.877777778125 0.16328125 0.877777778125 0.1640625 0.8708333328125001 0.15546875 0.8486111109375001
7 0.03046875 0.89444444375 0.03125 0.902777778125 0.0359375 0.9041666671874999 0.0375 0.8819444437499999 0.03046875 0.89444444375
7 0.07421875 0.877777778125 0.05078125 0.8791666671874999 0.04765625 0.8847222218749999 0.0453125 0.9083333328125001 0.0484375 0.91944444375 0.06953125 0.9291666671875 0.09296875 0.9166666671874999 0.09375 0.88055555625 0.0875 0.875 0.078125 0.872222221875 0.07421875 0.877777778125
7 0.10234375 0.9055555562500001 0.10390625 0.91944444375 0.13125 0.9291666671875 0.1375 0.9291666671875 0.14296875 0.9236111109375 0.14375 0.91944444375 0.125 0.897222221875 0.11015625 0.8861111109375001 0.1046875 0.8861111109375001 0.10234375 0.9055555562500001
7 0.06953125 0.7333333328125 0.06953125 0.76805555625 0.07421875 0.7763888890625 0.084375 0.81805555625 0.090625 0.827777778125 0.11953125 0.8444444437499999 0.14375 0.8444444437499999 0.146875 0.840277778125 0.15625 0.8444444437499999 0.18046875 0.8444444437499999 0.18359375 0.83194444375 0.184375 0.8055555562500001 0.1796875 0.7736111109375 0.16953125 0.7708333328125 0.1625 0.7819444437499999 0.153125 0.7819444437499999 0.14921875 0.7638888890625 0.12890625 0.74444444375 0.12109375 0.7416666671875001 0.11796875 0.7236111109375 0.11328125 0.7194444437499999 0.10390625 0.7236111109375 0.07890625 0.7208333328125 0.075 0.722222221875 0.06953125 0.7333333328125
7 0.00703125 0.727777778125 0.00078125 0.7291666671875 0.00078125 0.7791666671875 0.00703125 0.7805555562500001 0.01171875 0.765277778125 0.0125 0.7333333328125 0.00703125 0.727777778125
7 0.08203125 0.8111111109375001 0.07578125 0.7986111109375 0.075 0.7875 0.0671875 0.7638888890625 0.06328125 0.7597222218749999 0.0375 0.7597222218749999 0.03125 0.752777778125 0.028125 0.7569444437499999 0.025 0.7736111109375 0.0265625 0.797222221875 0.071875 0.83055555625 0.078125 0.83194444375 0.08125 0.8263888890625 0.08203125 0.8111111109375001
7 0.05546875 0.852777778125 0.04453125 0.8541666671874999 0.0359375 0.8458333328125001 0.01953125 0.840277778125 0.02109375 0.85555555625 0.0265625 0.859722221875 0.06640625 0.877777778125 0.06875 0.8652777781250001 0.07421875 0.8763888890624999 0.075 0.86944444375 0.0625 0.85694444375 0.05546875 0.852777778125
7 0.2203125 0.8611111109375 0.2140625 0.8486111109375001 0.20703125 0.8486111109375001 0.20703125 0.8791666671874999 0.2140625 0.8791666671874999 0.21484375 0.86944444375 0.2203125 0.8611111109375
7 0.203125 0.9041666671874999 0.2109375 0.9069444437499999 0.21171875 0.9 0.20703125 0.8861111109375001 0.203125 0.89444444375 0.203125 0.9041666671874999
7 0.22890625 0.9083333328125001 0.23125 0.9166666671874999 0.246875 0.925 0.25078125 0.9236111109375 0.2515625 0.9125 0.2546875 0.8416666671874999 0.23828125 0.840277778125 0.23125 0.85 0.2296875 0.8583333328125 0.22890625 0.9083333328125001
7 0.3203125 0.95555555625 0.3234375 0.9513888890625 0.325 0.9069444437499999 0.32265625 0.8986111109375001 0.31484375 0.89444444375 0.309375 0.8819444437499999 0.3109375 0.8708333328125001 0.29765625 0.8583333328125 0.284375 0.8541666671874999 0.27421875 0.8444444437499999 0.2640625 0.8430555562500001 0.26171875 0.9305555562500001 0.27890625 0.9416666671874999 0.30546875 0.9486111109375001 0.30859375 0.952777778125 0.3203125 0.95555555625