2 0.025 0.459722221875 0.02890625 0.46805555625000006 0.0359375 0.46805555625000006 0.03828125 0.4625 0.03671875 0.425 0.0328125 0.41805555625 0.025 0.41944444374999995 0.025 0.459722221875
1 0.3953125 0.2888888890625 0.39140625 0.26944444375 0.38671875 0.2638888890625 0.38515625 0.24583333281250003 0.38984375 0.17361111093749998 0.3890625 0.14444444375 0.384375 0.127777778125 0.384375 0.109722221875 0.38046875 0.102777778125 0.3703125 0.109722221875 0.371875 0.2541666671875 0.36875 0.259722221875 0.3578125 0.259722221875 0.3578125 0.26527777812500003 0.36875 0.272222221875 0.375 0.28611111093749997 0.38671875 0.2833333328125 0.3953125 0.2888888890625
1 0.43828125 0.24305555625 0.46796875 0.2513888890625 0.46875 0.24305555625 0.4578125 0.23611111093749998 0.45234375 0.215277778125 0.45625 0.1666666671875 0.4546875 0.09305555625 0.44921875 0.08055555625000001 0.44296875 0.0888888890625 0.4421875 0.14305555625 0.43984375 0.15972222187500001 0.4421875 0.2138888890625 0.43671875 0.22638888906250001 0.43046875 0.22638888906250001 0.4296875 0.23055555625 0.4328125 0.2388888890625 0.43828125 0.24305555625
6 0.72109375 0.2833333328125 0.72890625 0.272222221875 0.73671875 0.27777777812500004 0.753125 0.27777777812500004 0.7609375 0.27638888906250003 0.76328125 0.2708333328125 0.76171875 0.215277778125 0.7546875 0.197222221875 0.73515625 0.1875 0.7296875 0.15694444375 0.70703125 0.15 0.690625 0.15 0.6796875 0.165277778125 0.675 0.16388888906250001 0.6640625 0.172222221875 0.6609375 0.16944444375 0.65625 0.177777778125 0.6546875 0.21111111093749999 0.6609375 0.2375 0.66328125 0.2416666671875 0.684375 0.2388888890625 0.6984375 0.24722222187499998 0.70234375 0.275 0.70859375 0.2833333328125 0.72109375 0.2833333328125
6 0.6546875 0.22916666718749998 0.63671875 0.222222221875 0.6328125 0.2166666671875 0.63671875 0.197222221875 0.62578125 0.184722221875 0.60703125 0.1763888890625 0.596875 0.1611111109375 0.57734375 0.1611111109375 0.56875 0.18055555625 0.56640625 0.1986111109375 0.5671875 0.21944444375 0.5765625 0.24305555625 0.584375 0.24583333281250003 0.5984375 0.259722221875 0.653125 0.25833333281250004 0.65703125 0.2513888890625 0.6546875 0.22916666718749998
7 0.8359375 0.13055555624999998 0.84453125 0.1513888890625 0.8921875 0.1513888890625 0.8671875 0.13055555624999998 0.8578125 0.1291666671875 0.84609375 0.1208333328125 0.83671875 0.1208333328125 0.8359375 0.13055555624999998
7 0.9640625 0.0875 0.96171875 0.090277778125 0.96171875 0.11805555625 0.9640625 0.11805555625 0.971875 0.109722221875 0.97421875 0.1 0.9625 0.08194444375 0.9640625 0.0875
7 0.95390625 0.08194444375 0.9390625 0.072222221875 0.9234375 0.072222221875 0.90703125 0.084722221875 0.90625 0.11944444375 0.91796875 0.1263888890625 0.92265625 0.1263888890625 0.92734375 0.11944444375 0.94609375 0.12222222187500001 0.9515625 0.1166666671875 0.95546875 0.09444444375 0.95390625 0.08194444375
7 0.86171875 0.072222221875 0.8578125 0.077777778125 0.8625 0.0888888890625 0.875 0.102777778125 0.8890625 0.11388888906250001 0.8953125 0.11388888906250001 0.89765625 0.09305555625 0.89609375 0.08055555625000001 0.87578125 0.072222221875 0.86171875 0.072222221875
7 0.85078125 0.23611111093749998 0.878125 0.25833333281250004 0.88125 0.275 0.8859375 0.28055555625 0.8953125 0.27638888906250003 0.921875 0.27777777812500004 0.93046875 0.2666666671875 0.93046875 0.23333333281250002 0.92578125 0.2236111109375 0.91640625 0.1833333328125 0.909375 0.172222221875 0.88046875 0.15555555625 0.85625 0.15555555625 0.85234375 0.15972222187500001 0.84140625 0.1541666671875 0.81796875 0.15694444375 0.8140625 0.1888888890625 0.81796875 0.2 0.81796875 0.21944444375 0.821875 0.22638888906250001 0.83125 0.22916666718749998 0.8390625 0.2166666671875 0.84609375 0.21805555625 0.85078125 0.23611111093749998
7 0.32578125 0.14305555625 0.3296875 0.1458333328125 0.33203125 0.15555555625 0.33828125 0.15972222187500001 0.34375 0.1708333328125 0.36796875 0.16805555625 0.36875 0.10694444375 0.38046875 0.10138888906250001 0.3796875 0.0388888890625 0.37578125 0.0375 0.36484375 0.04444444375 0.35546875 0.055555556250000006 0.34375 0.052777778124999994 0.33359375 0.05694444375 0.32734375 0.04444444375 0.28203125 0.054166667187499996 0.275 0.072222221875 0.275 0.15972222187500001 0.2859375 0.165277778125 0.29765625 0.15555555625 0.30078125 0.127777778125 0.3046875 0.11805555625 0.31015625 0.11805555625 0.31640625 0.1208333328125 0.32578125 0.14305555625
7 0.43671875 0.16805555625 0.4421875 0.12222222187500001 0.43984375 0.11388888906250001 0.44140625 0.09305555625 0.44296875 0.084722221875 0.4484375 0.08055555625000001 0.45625 0.09305555625 0.45625 0.17916666718750002 0.4625 0.177777778125 0.47265625 0.16388888906250001 0.478125 0.1375 0.4765625 0.08333333281250001 0.48046875 0.05 0.478125 0.013888889062500001 0.465625 0.006944443749999999 0.42734375 0.006944443749999999 0.39453125 0.0208333328125 0.3890625 0.030555556249999997 0.38828125 0.11805555625 0.39296875 0.13194444375 0.39375 0.15555555625 0.40078125 0.16944444375 0.40234375 0.17916666718750002 0.40703125 0.1833333328125 0.42265625 0.1833333328125 0.43671875 0.16805555625
7 0.99921875 0.21944444375 0.99296875 0.21805555625 0.98828125 0.23472222187499997 0.98828125 0.26805555625 0.99921875 0.26805555625 0.99921875 0.21944444375
7 0.971875 0.24305555625 0.97421875 0.20555555625 0.96875 0.197222221875 0.92890625 0.16944444375 0.921875 0.16805555625 0.91875 0.17361111093749998 0.91796875 0.1875 0.92265625 0.19583333281249998 0.925 0.2138888890625 0.9328125 0.23611111093749998 0.9375 0.240277778125 0.96171875 0.2388888890625 0.96875 0.24583333281250003 0.971875 0.24305555625
7 0.9765625 0.14305555625 0.946875 0.1263888890625 0.9265625 0.1208333328125 0.925 0.13055555624999998 0.92890625 0.13055555624999998 0.9390625 0.14305555625 0.95390625 0.14444444375 0.9640625 0.1541666671875 0.98046875 0.15972222187500001 0.98046875 0.15 0.9765625 0.14305555625
7 0.796875 0.10833333281249999 0.79765625 0.097222221875 0.7875 0.09444444375 0.790625 0.1111111109375 0.78125 0.140277778125 0.78515625 0.14305555625 0.7859375 0.15 0.79140625 0.1513888890625 0.79375 0.1416666671875 0.79140625 0.11805555625 0.796875 0.10833333281249999
7 0.74921875 0.07638888906249999 0.7484375 0.0861111109375 0.7453125 0.15694444375 0.7515625 0.1611111109375 0.76328125 0.15972222187500001 0.76875 0.1541666671875 0.77265625 0.0916666671875 0.7671875 0.08055555625000001 0.753125 0.075 0.74921875 0.07638888906249999
7 0.7359375 0.15694444375 0.7390625 0.06944444375 0.721875 0.058333332812500006 0.6953125 0.0513888890625 0.6921875 0.047222221875 0.67890625 0.04444444375 0.6765625 0.0486111109375 0.675 0.09305555625 0.67734375 0.10138888906250001 0.6875 0.109722221875 0.6890625 0.1263888890625 0.70625 0.14305555625 0.71796875 0.14444444375 0.7265625 0.15555555625 0.7359375 0.15694444375
4 0.321875 0.134722221875 0.31328125 0.11944444375 0.31015625 0.12222222187500001 0.30625 0.127777778125 0.30703125 0.1861111109375 0.3109375 0.19583333281249998 0.31640625 0.197222221875 0.31875 0.19305555624999998 0.31875 0.15694444375 0.32265625 0.1416666671875 0.321875 0.134722221875