0 0.99921875 0.33888888906250003 0.99921875 0.2666666671875 0.99375 0.25833333281250004 0.9875 0.25694444375000003 0.9828125 0.27777777812500004 0.97890625 0.33888888906250003 0.99921875 0.33888888906250003
0 0.9671875 0.302777778125 0.9703125 0.24722222187499998 0.9421875 0.23194444375 0.93046875 0.23194444375 0.91875 0.24444444375000002 0.9125 0.259722221875 0.9078125 0.29444444375 0.9203125 0.322222221875 0.94453125 0.33194444375 0.94453125 0.34027777812500004 0.95625 0.35555555625 0.96171875 0.3375 0.9640625 0.3111111109375 0.9671875 0.302777778125
2 0.01328125 0.43194444374999996 0.0140625 0.47222222187499996 0.01796875 0.477777778125 0.025 0.477777778125 0.0328125 0.46666666718750005 0.0296875 0.4458333328125 0.0234375 0.425 0.01875 0.425 0.01328125 0.43194444374999996
2 0.3828125 0.15277777812499999 0.38671875 0.16388888906250001 0.39140625 0.15694444375 0.3921875 0.1458333328125 0.3890625 0.13194444375 0.38671875 0.127777778125 0.38359375 0.13055555624999998 0.3828125 0.15277777812499999
1 0.4515625 0.2166666671875 0.45234375 0.17916666718750002 0.4546875 0.1708333328125 0.45390625 0.08333333281250001 0.44453125 0.08055555625000001 0.4421875 0.0861111109375 0.44140625 0.215277778125 0.43984375 0.22638888906250001 0.4296875 0.22638888906250001 0.43203125 0.240277778125 0.4375 0.24305555625 0.45234375 0.25 0.46875 0.2513888890625 0.46796875 0.2416666671875 0.45546875 0.23472222187499997 0.4515625 0.2166666671875
1 0.38828125 0.28055555625 0.40078125 0.2888888890625 0.4015625 0.28055555625 0.38984375 0.26805555625 0.38515625 0.25694444375000003 0.38515625 0.15277777812499999 0.3828125 0.13888888906250002 0.3828125 0.10555555624999999 0.3796875 0.1 0.3703125 0.10555555624999999 0.37265625 0.24722222187499998 0.36875 0.259722221875 0.36171875 0.259722221875 0.35703125 0.2541666671875 0.35625 0.26527777812500003 0.36640625 0.2708333328125 0.375 0.28611111093749997 0.38828125 0.28055555625
7 0.88671875 0.28055555625 0.90625 0.27638888906250003 0.9109375 0.26805555625 0.9140625 0.2486111109375 0.9265625 0.23055555625 0.915625 0.18194444375000002 0.9109375 0.17361111093749998 0.89296875 0.15972222187500001 0.86953125 0.1541666671875 0.85546875 0.15555555625 0.85234375 0.15972222187500001 0.8421875 0.15555555625 0.81953125 0.15555555625 0.81953125 0.1833333328125 0.83515625 0.20555555625 0.84765625 0.215277778125 0.85 0.23472222187499997 0.853125 0.240277778125 0.878125 0.25833333281250004 0.88125 0.275 0.88671875 0.28055555625
7 0.96171875 0.09305555625 0.96171875 0.127777778125 0.96640625 0.13055555624999998 0.975 0.1 0.9734375 0.09305555625 0.96796875 0.0916666671875 0.96640625 0.0861111109375 0.9625 0.0861111109375 0.96171875 0.09305555625
7 0.95234375 0.11388888906250001 0.95234375 0.08333333281250001 0.93828125 0.072222221875 0.92265625 0.072222221875 0.90625 0.08333333281250001 0.90234375 0.09305555625 0.90625 0.10138888906250001 0.90546875 0.11805555625 0.9140625 0.125 0.92890625 0.1291666671875 0.93046875 0.12222222187500001 0.94921875 0.1208333328125 0.95234375 0.11388888906250001
7 0.99921875 0.22777777812500002 0.99296875 0.222222221875 0.98828125 0.23472222187499997 0.98828125 0.2541666671875 0.99921875 0.25555555625 0.99921875 0.22777777812500002
7 0.96953125 0.197222221875 0.928125 0.16944444375 0.91953125 0.16944444375 0.91953125 0.190277778125 0.92890625 0.20833333281250002 0.93125 0.22777777812500002 0.94609375 0.23055555625 0.96796875 0.24305555625 0.971875 0.240277778125 0.97421875 0.20555555625 0.96953125 0.197222221875
7 0.96015625 0.13333333281249998 0.9359375 0.12222222187500001 0.9328125 0.13333333281249998 0.9296875 0.13055555624999998 0.9296875 0.12222222187500001 0.925 0.1291666671875 0.93828125 0.140277778125 0.94765625 0.14305555625 0.95703125 0.1541666671875 0.9734375 0.1611111109375 0.9796875 0.1583333328125 0.978125 0.147222221875 0.96015625 0.13333333281249998
7 0.846875 0.25555555625 0.84296875 0.24444444375000002 0.84453125 0.240277778125 0.84140625 0.240277778125 0.840625 0.24722222187499998 0.8359375 0.252777778125 0.83046875 0.252777778125 0.82890625 0.259722221875 0.8234375 0.2611111109375 0.825 0.252777778125 0.82265625 0.259722221875 0.81953125 0.259722221875 0.82265625 0.2611111109375 0.82421875 0.26805555625 0.8375 0.26805555625 0.84140625 0.275 0.846875 0.2638888890625 0.846875 0.25555555625
7 0.8359375 0.22638888906250001 0.83046875 0.222222221875 0.83125 0.20555555625 0.82890625 0.197222221875 0.8203125 0.1916666671875 0.8171875 0.1763888890625 0.81796875 0.1861111109375 0.8125 0.19444444375 0.81015625 0.252777778125 0.8234375 0.2541666671875 0.821875 0.2486111109375 0.825 0.2416666671875 0.83125 0.25 0.83125 0.23611111093749998 0.8359375 0.23194444375 0.8359375 0.22638888906250001
7 0.76875 0.15555555625 0.76015625 0.15277777812499999 0.7515625 0.1583333328125 0.74609375 0.16388888906250001 0.7375 0.1833333328125 0.7359375 0.20555555625 0.7390625 0.222222221875 0.7453125 0.22638888906250001 0.753125 0.222222221875 0.7671875 0.22638888906250001 0.76875 0.197222221875 0.77421875 0.1833333328125 0.76875 0.15555555625
7 0.7859375 0.13888888906250002 0.7828125 0.147222221875 0.78046875 0.1833333328125 0.7796875 0.25 0.78125 0.25555555625 0.7859375 0.25694444375000003 0.790625 0.23472222187499997 0.79453125 0.15972222187500001 0.79453125 0.147222221875 0.790625 0.140277778125 0.7859375 0.13888888906250002
7 0.740625 0.1671875 0.00234375 0.0015625
7 0.7890625 0.09444444375 0.78828125 0.10138888906250001 0.79453125 0.10555555624999999 0.7953125 0.097222221875 0.7890625 0.09444444375
7 0.7515625 0.072222221875 0.7453125 0.07638888906249999 0.74765625 0.0888888890625 0.74453125 0.11805555625 0.74453125 0.1541666671875 0.74921875 0.15694444375 0.76875 0.15 0.77109375 0.1166666671875 0.76875 0.08333333281250001 0.7515625 0.072222221875
7 0.7375 0.102777778125 0.7421875 0.0791666671875 0.74140625 0.072222221875 0.72421875 0.058333332812500006 0.70078125 0.055555556250000006 0.68203125 0.04444444375 0.67890625 0.0458333328125 0.6765625 0.055555556250000006 0.675 0.0875 0.67734375 0.10138888906250001 0.6859375 0.10555555624999999 0.69140625 0.11388888906250001 0.6921875 0.127777778125 0.7 0.14305555625 0.7359375 0.1666666671875 0.7375 0.102777778125
7 0.8578125 0.1291666671875 0.85 0.1208333328125 0.8390625 0.12222222187500001 0.8390625 0.15 0.84296875 0.15277777812499999 0.85390625 0.15555555625 0.859375 0.1513888890625 0.8828125 0.15 0.88046875 0.14305555625 0.8671875 0.13055555624999998 0.8578125 0.1291666671875
7 0.875 0.1041666671875 0.89375 0.11388888906250001 0.89609375 0.08055555625000001 0.8796875 0.072222221875 0.859375 0.072222221875 0.85625 0.08055555625000001 0.875 0.1041666671875
4 0.3359375 0.3416666671875 0.34140625 0.2875 0.3484375 0.26527777812500003 0.34765625 0.24722222187499998 0.33515625 0.2125 0.33125 0.2138888890625 0.32734375 0.22638888906250001 0.31875 0.23472222187499997 0.31796875 0.24305555625 0.32265625 0.24722222187499998 0.32421875 0.25833333281250004 0.3234375 0.32777777812500003 0.31796875 0.3416666671875 0.3234375 0.34305555625 0.3296875 0.334722221875 0.3359375 0.3416666671875
4 0.28671875 0.34305555625 0.2921875 0.3625 0.3015625 0.35694444375 0.30390625 0.3638888890625 0.31171875 0.3625 0.31328125 0.35694444375 0.30703125 0.34722222187499996 0.30078125 0.302777778125 0.30390625 0.275 0.29375 0.2541666671875 0.290625 0.23333333281250002 0.2859375 0.23611111093749998 0.28359375 0.2513888890625 0.27890625 0.25833333281250004 0.278125 0.26944444375 0.28125 0.2791666671875 0.28359375 0.3166666671875 0.2859375 0.3291666671875 0.29296875 0.3333333328125 0.29453125 0.3416666671875 0.29453125 0.3458333328125 0.28671875 0.34305555625