2 0.025 0.41944444374999995 0.0234375 0.4375 0.0265625 0.46527777812500004 0.03203125 0.46944444374999994 0.04296875 0.46388888906250003 0.04453125 0.447222221875 0.03828125 0.4388888890625 0.0359375 0.42083333281249996 0.025 0.41944444374999995
1 0.46328125 0.2388888890625 0.46640625 0.240277778125 0.46796875 0.2513888890625 0.46953125 0.24583333281250003 0.45390625 0.21782361093749997 0.45390625 0.18194444375000002 0.45625 0.1708333328125 0.45625 0.15555555625 0.45390625 0.14861111093749999 0.4546875 0.084722221875 0.44296875 0.0875 0.4421875 0.2166666671875 0.43828125 0.22777777812500002 0.43125 0.22638888906250001 0.43046875 0.23472222187499997 0.43828125 0.24305555625 0.4609375 0.2513888890625 0.46015625 0.2388888890625 0.46328125 0.2388888890625
1 0.3796875 0.2888888890625 0.38828125 0.28472222187499996 0.39375 0.290277778125 0.3953125 0.2833333328125 0.3875 0.2638888890625 0.3859375 0.24305555625 0.38671875 0.10694444375 0.375 0.102777778125 0.37265625 0.1041666671875 0.3703125 0.1166666671875 0.37265625 0.1513888890625 0.37265625 0.252777778125 0.36875 0.259722221875 0.36015625 0.259722221875 0.359375 0.26527777812500003 0.36796875 0.272222221875 0.375 0.28611111093749997 0.3796875 0.2888888890625
6 0.71953125 0.28472222187499996 0.7296875 0.272222221875 0.7390625 0.2791666671875 0.75625 0.2791666671875 0.76328125 0.272222221875 0.7640625 0.240277778125 0.7609375 0.2236111109375 0.76328125 0.215277778125 0.75234375 0.19444444375 0.73671875 0.190277778125 0.7328125 0.17916666718750002 0.73046875 0.1583333328125 0.70546875 0.15 0.69140625 0.15 0.68125 0.165277778125 0.6703125 0.1666666671875 0.6671875 0.1763888890625 0.6609375 0.16944444375 0.65625 0.17916666718750002 0.6546875 0.2125 0.66171875 0.2388888890625 0.6671875 0.24305555625 0.6859375 0.2416666671875 0.6984375 0.24722222187499998 0.70078125 0.2666666671875 0.7078125 0.28194444375 0.71953125 0.28472222187499996
6 0.6546875 0.22916666718749998 0.63671875 0.2236111109375 0.634375 0.21944444375 0.6375 0.20277777812500003 0.63515625 0.1888888890625 0.61875 0.1833333328125 0.60625 0.17361111093749998 0.5984375 0.15972222187500001 0.575 0.1611111109375 0.56875 0.18055555625 0.56640625 0.19583333281249998 0.5671875 0.21805555625 0.57734375 0.24305555625 0.60546875 0.259722221875 0.6484375 0.25833333281250004 0.65625 0.2541666671875 0.65703125 0.2388888890625 0.6546875 0.22916666718749998
7 0.85078125 0.23611111093749998 0.86796875 0.252777778125 0.87890625 0.25833333281250004 0.88125 0.2708333328125 0.88671875 0.28055555625 0.89765625 0.27638888906250003 0.9234375 0.2791666671875 0.93046875 0.26805555625 0.93046875 0.23194444375 0.92734375 0.22777777812500002 0.915625 0.18055555625 0.909375 0.172222221875 0.8859375 0.15555555625 0.875 0.1541666671875 0.85625 0.15555555625 0.85390625 0.15972222187500001 0.84375 0.15555555625 0.81875 0.15555555625 0.815625 0.172222221875 0.8140625 0.19305555624999998 0.8171875 0.2 0.8171875 0.2138888890625 0.825 0.22916666718749998 0.83125 0.23055555625 0.8375 0.21805555625 0.846875 0.21944444375 0.85078125 0.23611111093749998
7 0.9875 0.24305555625 0.9890625 0.26805555625 0.99375 0.272222221875 0.99921875 0.2708333328125 0.99921875 0.22638888906250001 0.9953125 0.2166666671875 0.98984375 0.21805555625 0.9875 0.24305555625
7 0.9765625 0.21944444375 0.97578125 0.20555555625 0.97265625 0.2 0.928125 0.16944444375 0.92421875 0.16805555625 0.91875 0.175 0.91875 0.190277778125 0.9296875 0.20972222187499998 0.93046875 0.23055555625 0.93515625 0.2388888890625 0.95546875 0.2388888890625 0.96875 0.25 0.971875 0.24583333281250003 0.9765625 0.21944444375
7 0.94140625 0.125 0.92734375 0.1263888890625 0.92578125 0.1291666671875 0.93359375 0.1375 0.9515625 0.15 0.9765625 0.1611111109375 0.98046875 0.1583333328125 0.9765625 0.1458333328125 0.95546875 0.13055555624999998 0.94140625 0.125
7 0.7921875 0.15277777812499999 0.7984375 0.0958333328125 0.7875 0.09305555625 0.7890625 0.10833333281249999 0.7859375 0.1125 0.784375 0.13194444375 0.7796875 0.134722221875 0.7796875 0.13888888906250002 0.78515625 0.14444444375 0.78671875 0.15277777812499999 0.7921875 0.15277777812499999
7 0.7453125 0.15972222187500001 0.7640625 0.15972222187500001 0.76875 0.15555555625 0.77109375 0.1375 0.77109375 0.0958333328125 0.7671875 0.08194444375 0.75 0.0736111109375 0.7453125 0.15972222187500001
7 0.72578125 0.15555555625 0.73359375 0.1583333328125 0.73671875 0.1541666671875 0.7390625 0.06944444375 0.7171875 0.05694444375 0.7 0.054166667187499996 0.68203125 0.04444444375 0.67890625 0.0458333328125 0.6765625 0.05694444375 0.675 0.0916666671875 0.68046875 0.1041666671875 0.6859375 0.10555555624999999 0.690625 0.115277778125 0.690625 0.1291666671875 0.7046875 0.14305555625 0.71875 0.147222221875 0.72578125 0.15555555625