0 0.0203125 0.6805555562500001 0.02109375 0.6583333328125 0.00078125 0.659722221875 0.00078125 0.73194444375 0.0046875 0.7402777781250001 0.01328125 0.7402777781250001 0.0171875 0.722222221875 0.0203125 0.6805555562500001
0 0.08671875 0.74444444375 0.08984375 0.7263888890625 0.09296875 0.7041666671875 0.08359375 0.690277778125 0.0796875 0.6777777781250001 0.075 0.672222221875 0.059375 0.66944444375 0.05078125 0.6486111109375 0.0421875 0.6458333328125 0.0328125 0.6986111109375 0.0296875 0.74444444375 0.03203125 0.7569444437499999 0.0484375 0.7611111109375 0.0578125 0.76805555625 0.07265625 0.7666666671875 0.08671875 0.74444444375
2 0.9765625 0.575 0.98125 0.575 0.98671875 0.56805555625 0.9859375 0.5291666671875 0.98359375 0.5236111109375 0.975 0.522222221875 0.9671875 0.5333333328125 0.97109375 0.55694444375 0.9765625 0.575
1 0.55859375 0.7833333328125 0.56171875 0.7736111109375 0.5703125 0.7736111109375 0.5625 0.7708333328125 0.56796875 0.7597222218749999 0.54765625 0.75 0.53125 0.7486111109375 0.53125 0.7569444437499999 0.54453125 0.765277778125 0.5484375 0.7833333328125 0.54765625 0.8208333328125 0.5453125 0.8291666671875 0.54609375 0.91805555625 0.55546875 0.91944444375 0.5578125 0.9138888890624999 0.55859375 0.7833333328125
1 0.615625 0.8027777781250001 0.61328125 0.80694444375 0.615625 0.8111111109375001 0.6171875 0.89444444375 0.6203125 0.9 0.6296875 0.89444444375 0.628125 0.751697221875 0.64296875 0.7458333328125 0.63828125 0.7402777781250001 0.63828125 0.73194444375 0.64375 0.734722221875 0.63359375 0.7291666671875 0.63125 0.7208333328125 0.625 0.7138888890625 0.6125 0.7194444437499999 0.59921875 0.7111111109375 0.5984375 0.7194444437499999 0.6078125 0.73055555625 0.61484375 0.7458333328125 0.615625 0.8027777781250001
6 0.2203125 0.7708333328125 0.22109375 0.7263888890625 0.21796875 0.7236111109375 0.21328125 0.7333333328125 0.21171875 0.7597222218749999 0.215625 0.7736111109375 0.21796875 0.7763888890625 0.2203125 0.7708333328125
6 0.25703125 0.722222221875 0.25 0.73194444375 0.24921875 0.75555555625 0.24609375 0.7597222218749999 0.2359375 0.7583333328124999 0.23359375 0.76805555625 0.23125 0.8194444437499999 0.23671875 0.8236111109375001 0.240625 0.8333333328125001 0.2390625 0.8416666671874999 0.24296875 0.8819444437499999 0.25 0.89444444375 0.27265625 0.9041666671874999 0.29140625 0.9041666671874999 0.2984375 0.89305555625 0.30078125 0.859722221875 0.31171875 0.8444444437499999 0.31640625 0.83055555625 0.3125 0.8208333328125 0.31171875 0.775 0.30546875 0.7611111109375 0.29296875 0.7583333328124999 0.2890625 0.7611111109375 0.2828125 0.7819444437499999 0.27734375 0.7819444437499999 0.27109375 0.76805555625 0.26875 0.73194444375 0.2609375 0.722222221875 0.25703125 0.722222221875
7 0.0890625 0.8263888890625 0.109375 0.8416666671874999 0.1375 0.8458333328125001 0.146875 0.840277778125 0.15546875 0.8444444437499999 0.1796875 0.8444444437499999 0.18125 0.840277778125 0.1796875 0.8125 0.15234375 0.784722221875 0.15 0.765277778125 0.14609375 0.7597222218749999 0.121875 0.7416666671875001 0.1171875 0.722222221875 0.10859375 0.7194444437499999 0.10390625 0.7236111109375 0.09375 0.7236111109375 0.0890625 0.7333333328125 0.0859375 0.752777778125 0.0734375 0.76944444375 0.084375 0.81805555625 0.0890625 0.8263888890625
7 0.00703125 0.777777778125 0.01171875 0.7666666671875 0.01171875 0.7458333328125 0.00078125 0.74444444375 0.00078125 0.7708333328125 0.00703125 0.777777778125
7 0.05546875 0.76944444375 0.03203125 0.7569444437499999 0.028125 0.7611111109375 0.02578125 0.79305555625 0.03046875 0.8027777781250001 0.07109375 0.83055555625 0.08125 0.8291666671875 0.08203125 0.8125 0.0703125 0.7833333328125 0.06875 0.7708333328125 0.05546875 0.76944444375
7 0.05234375 0.85694444375 0.04375 0.8444444437499999 0.03046875 0.8388888890624999 0.02109375 0.8416666671874999 0.02109375 0.85 0.025 0.85555555625 0.03984375 0.8666666671875 0.0640625 0.877777778125 0.0734375 0.875 0.075 0.8708333328125001 0.06171875 0.859722221875 0.05234375 0.85694444375
7 0.15703125 0.847222221875 0.146875 0.8444444437499999 0.140625 0.8486111109375001 0.11796875 0.85 0.11875 0.85694444375 0.1328125 0.86944444375 0.14375 0.872222221875 0.14921875 0.8791666671874999 0.16171875 0.877777778125 0.16328125 0.8611111109375 0.1609375 0.85 0.15703125 0.847222221875
7 0.103125 0.91944444375 0.134375 0.9305555562500001 0.14296875 0.9263888890624999 0.14375 0.91944444375 0.12421875 0.8958333328125001 0.1109375 0.8861111109375001 0.10546875 0.8875 0.10234375 0.9069444437499999 0.103125 0.91944444375