0 0.32083333281250004 0.0578125 0.28611111093749997 0.0578125 0.29305555625 0.059375 0.309722221875 0.0609375 0.32083333281250004 0.0578125
0 0.302777778125 0.04375 0.3263888890625 0.04453125 0.3291666671875 0.0390625 0.30555555624999997 0.03359375 0.28055555625 0.03125 0.25833333281250004 0.0328125 0.2611111109375 0.03828125 0.302777778125 0.04375
0 0.25833333281250004 0.0078125 0.25833333281250004 0.01328125 0.2916666671875 0.01875 0.3375 0.02109375 0.3513888890625 0.01015625 0.352777778125 0.00078125 0.28055555625 0.00078125 0.2791666671875 0.00390625 0.25833333281250004 0.0078125
7 0.26527777812500003 0.07109375 0.23472222187499997 0.06953125 0.184722221875 0.08359375 0.16944444375 0.09375 0.15694444375 0.11328125 0.1541666671875 0.13203125 0.15555555625 0.17578125 0.1583333328125 0.18046875 0.16805555625 0.184375 0.184722221875 0.1859375 0.197222221875 0.1828125 0.2138888890625 0.1828125 0.222222221875 0.1796875 0.2236111109375 0.16875 0.21805555625 0.1625 0.21805555625 0.1546875 0.240277778125 0.1453125 0.25833333281250004 0.121875 0.272222221875 0.11875 0.2791666671875 0.1140625 0.275 0.1046875 0.275 0.07734375 0.26527777812500003 0.07109375
7 0.45416666718750004 0.93671875 0.447222221875 0.9328125 0.447222221875 0.93671875 0.45416666718750004 0.93671875
7 0.6013888890625 0.890625 0.6152777781250001 0.88203125 0.6208333328125 0.87265625 0.6166666671875001 0.8578125 0.5861111109375 0.85859375 0.58055555625 0.86171875 0.51805555625 0.86953125 0.5111111109375 0.87421875 0.48333333281249996 0.87421875 0.47361111093749997 0.87734375 0.4791666671875 0.884375 0.47222222187499996 0.88828125 0.447222221875 0.88671875 0.4458333328125 0.9125 0.46805555625000006 0.9265625 0.46805555625000006 0.9328125 0.4625 0.9328125 0.45694444375 0.93671875 0.4625 0.93359375 0.46666666718750005 0.93359375 0.46527777812500004 0.93671875 0.5 0.93359375 0.525 0.9421875 0.5513888890625 0.93984375 0.5555555562500001 0.9375 0.5555555562500001 0.93125 0.55 0.90625 0.54444444375 0.90234375 0.5458333328125 0.89609375 0.55694444375 0.8921875 0.577777778125 0.89375 0.6013888890625 0.890625
7 0.5555555562500001 0.7703125 0.5625 0.76171875 0.565277778125 0.72109375 0.590277778125 0.70703125 0.5930555562500001 0.6828125 0.58194444375 0.67265625 0.5555555562500001 0.66171875 0.5555555562500001 0.65625 0.54305555625 0.64609375 0.5291666671875 0.640625 0.50555555625 0.6359375 0.46944444374999994 0.6359375 0.447222221875 0.63828125 0.434722221875 0.64296875 0.41111111093749997 0.65859375 0.39305555625 0.68125 0.35694444375 0.7125 0.35555555625 0.71796875 0.33194444375 0.72734375 0.3291666671875 0.7390625 0.315277778125 0.7453125 0.3291666671875 0.75390625 0.33055555625 0.7671875 0.36666666718749996 0.77578125 0.36944444375 0.77890625 0.35555555625 0.78359375 0.3375 0.80234375 0.31805555625 0.8109375 0.29444444375 0.84609375 0.290277778125 0.86171875 0.33055555625 0.86171875 0.3513888890625 0.85703125 0.38194444375000003 0.83046875 0.3958333328125 0.825 0.40972222187499996 0.82578125 0.4263888890625 0.83359375 0.43194444374999996 0.85 0.477777778125 0.8484375 0.5736111109375 0.8359375 0.5763888890625 0.83203125 0.56805555625 0.81171875 0.56805555625 0.7890625 0.5555555562500001 0.78125 0.5555555562500001 0.7703125
7 0.23055555625 1 0.2388888890625 0.99609375 0.252777778125 0.9734375 0.25694444375000003 0.96953125 0.26527777812500003 0.96796875 0.272222221875 0.95234375 0.2833333328125 0.94453125 0.28472222187499996 0.9328125 0.3013888890625 0.90625 0.322222221875 0.89921875 0.3263888890625 0.8890625 0.28055555625 0.890625 0.259722221875 0.8984375 0.2513888890625 0.9171875 0.23194444375 0.93984375 0.22638888906250001 0.959375 0.21805555625 0.96875 0.2138888890625 0.9796875 0.215277778125 0.99296875 0.21805555625 1 0.23055555625 1
7 0.14305555625 0.63359375 0.134722221875 0.63828125 0.14305555625 0.6390625 0.14305555625 0.63359375
7 0.14305555625 0.65546875 0.1375 0.64453125 0.13055555624999998 0.64296875 0.1263888890625 0.63203125 0.109722221875 0.6296875 0.10138888906250001 0.61953125 0.0388888890625 0.621875 0.04444444375 0.6359375 0.052777778124999994 0.64453125 0.0513888890625 0.65625 0.05694444375 0.66484375 0.04305555625 0.671875 0.04305555625 0.68203125 0.047222221875 0.70546875 0.058333332812500006 0.71875 0.08055555625000001 0.71796875 0.0861111109375 0.72109375 0.102777778125 0.721875 0.10694444375 0.725 0.1541666671875 0.725 0.15972222187500001 0.7203125 0.1763888890625 0.71640625 0.1708333328125 0.703125 0.1916666671875 0.69765625 0.19444444375 0.69296875 0.19305555624999998 0.67578125 0.16805555625 0.66875 0.16388888906250001 0.6625 0.14305555625 0.65546875
7 0.1763888890625 0.5421875 0.16388888906250001 0.5265625 0.10694444375 0.521875 0.0888888890625 0.52734375 0.08055555625000001 0.525 0.027777778125000003 0.5265625 0.009722221875000001 0.5328125 0.00555555625 0.56953125 0.019444443750000002 0.6046875 0.029166667187500002 0.6109375 0.07638888906249999 0.60859375 0.10138888906250001 0.61328125 0.1125 0.6125 0.13333333281249998 0.60625 0.15555555625 0.60625 0.1708333328125 0.6 0.17916666718750002 0.6 0.18194444375000002 0.58203125 0.177777778125 0.56875 0.1708333328125 0.5671875 0.16805555625 0.5625 0.13194444375 0.5578125 0.13333333281249998 0.54453125 0.1763888890625 0.5421875
7 0.22777777812500002 0.00078125 0.222222221875 0.00703125 0.23333333281250002 0.01015625 0.24305555625 0.00625 0.2388888890625 0.00078125 0.22777777812500002 0.00078125
7 0.18055555625 0.00546875 0.177777778125 0.00625 0.18055555625 0.0078125 0.18055555625 0.00546875
7 0.1875 0.08046875 0.22777777812500002 0.06796875 0.2388888890625 0.0578125 0.2388888890625 0.05546875 0.22916666718749998 0.0546875 0.22777777812500002 0.05078125 0.23055555625 0.03984375 0.24305555625 0.03515625 0.240277778125 0.028125 0.20972222187499998 0.02421875 0.20138888906250002 0.0265625 0.16944444375 0.071875 0.1708333328125 0.0796875 0.1875 0.08046875
7 0.13888888906250002 0.0734375 0.15555555625 0.04921875 0.15694444375 0.03984375 0.16805555625 0.03125 0.16944444375 0.01953125 0.17361111093749998 0.01796875 0.16944444375 0.01640625 0.177777778125 0.01484375 0.177777778125 0.0109375 0.15555555625 0.0203125 0.14305555625 0.021875 0.125 0.05703125 0.1263888890625 0.075 0.13888888906250002 0.0734375
7 0.10138888906250001 0.21328125 0.09305555625 0.213671875 0.097222221875 0.21640625 0.09305555625 0.21875 0.10555555624999999 0.21328125 0.13055555624999998 0.2140625 0.1361111109375 0.21875 0.1513888890625 0.2140625 0.1513888890625 0.2078125 0.12222222187500001 0.20625 0.11388888906250001 0.20234375 0.097222221875 0.20234375 0.09305555625 0.20859375 0.10138888906250001 0.21328125
7 0.097222221875 0.2296875 0.0888888890625 0.22734375 0.08055555625000001 0.2328125 0.075 0.25 0.09305555625 0.25234375 0.15694444375 0.25390625 0.15972222187500001 0.24140625 0.1541666671875 0.23203125 0.13888888906250002 0.2296875 0.097222221875 0.2296875
7 0.10138888906250001 0.3234375 0.10694444375 0.31484375 0.1263888890625 0.30546875 0.15555555625 0.2828125 0.15972222187500001 0.265625 0.15277777812499999 0.2625 0.1166666671875 0.2625 0.075 0.2578125 0.06805555625000001 0.2625 0.055555556250000006 0.2984375 0.047222221875 0.3078125 0.0458333328125 0.3203125 0.0513888890625 0.3234375 0.10138888906250001 0.3234375
4 0.3138888890625 0.94140625 0.31944444375000003 0.94453125 0.32777777812500003 0.94453125 0.3291666671875 0.953125 0.3361111109375 0.953125 0.35694444375 0.94609375 0.4166666671875 0.9421875 0.42222222187499997 0.93515625 0.4166666671875 0.92890625 0.372222221875 0.925 0.35694444375 0.92890625 0.34444444375 0.92734375 0.31944444375000003 0.93359375 0.3138888890625 0.93671875 0.3138888890625 0.94140625
4 0.2708333328125 0.0390625 0.24444444375000002 0.04453125 0.24583333281250003 0.05078125 0.2611111109375 0.05078125 0.2708333328125 0.05546875 0.33194444375 0.05625 0.3333333328125 0.05078125 0.33055555625 0.04609375 0.28611111093749997 0.04296875 0.2708333328125 0.0390625