2 0.98671875 0.56805555625 0.9859375 0.5291666671875 0.98125 0.522222221875 0.975 0.522222221875 0.9671875 0.5319444437499999 0.9703125 0.5555555562500001 0.97734375 0.575 0.98671875 0.56805555625
1 0.61796875 0.8736111109375001 0.615625 0.8986111109375001 0.62265625 0.9 0.63046875 0.89444444375 0.628125 0.8791666671874999 0.6296875 0.74444444375 0.640625 0.7416666671875001 0.64296875 0.7333333328125 0.63359375 0.7291666671875 0.62421875 0.7111111109375 0.6203125 0.7111111109375 0.6171875 0.7194444437499999 0.6 0.7111111109375 0.59921875 0.722222221875 0.60859375 0.73194444375 0.615625 0.7486111109375 0.615625 0.8444444437499999 0.61796875 0.8736111109375001
6 0.2140625 0.7819444437499999 0.21875 0.7819444437499999 0.21953125 0.772222221875 0.22109375 0.725 0.21796875 0.7236111109375 0.2140625 0.73055555625 0.2125 0.7416666671875001 0.21171875 0.7638888890625 0.2140625 0.7819444437499999
6 0.2171875 0.78671875 0.003125 0.0015625
6 0.25625 0.722222221875 0.25 0.734722221875 0.25 0.75555555625 0.24609375 0.7597222218749999 0.2359375 0.7583333328124999 0.23359375 0.76944444375 0.23125 0.8194444437499999 0.23671875 0.8236111109375001 0.23984375 0.83194444375 0.24296875 0.8819444437499999 0.25 0.89444444375 0.27265625 0.9041666671874999 0.28984375 0.9041666671874999 0.29765625 0.8958333328125001 0.30078125 0.8583333328125 0.31171875 0.8444444437499999 0.31640625 0.83055555625 0.3125 0.8208333328125 0.3109375 0.7736111109375 0.30546875 0.7611111109375 0.29296875 0.7583333328124999 0.2890625 0.7611111109375 0.2828125 0.7819444437499999 0.27578125 0.7819444437499999 0.27109375 0.7666666671875 0.26875 0.7333333328125 0.2625 0.7236111109375 0.25625 0.722222221875
7 0.003125 0.6861111109375 0.00078125 0.690277778125 0.00078125 0.73194444375 0.01171875 0.7416666671875001 0.01796875 0.7236111109375 0.02109375 0.6611111109375 0.01875 0.6583333328125 0.00078125 0.6625 0.00078125 0.68194444375 0.003125 0.6861111109375
7 0.09296875 0.7041666671875 0.084375 0.6916666671875 0.0796875 0.6777777781250001 0.075 0.672222221875 0.0578125 0.66944444375 0.05 0.6486111109375 0.04296875 0.64444444375 0.03359375 0.69305555625 0.03046875 0.7541666671875 0.0578125 0.76805555625 0.06953125 0.76805555625 0.08203125 0.7541666671875 0.0921875 0.7138888890625 0.09296875 0.7041666671875
7 0.0328125 0.8680555562500001 0.025 0.89444444375 0.025 0.902777778125 0.0375 0.9138888890624999 0.0390625 0.9013888890624999 0.0390625 0.86944444375 0.0328125 0.8680555562500001
7 0.0984375 0.9069444437499999 0.09921875 0.902777778125 0.09453125 0.8986111109375001 0.09375 0.88055555625 0.075 0.8708333328125001 0.07109375 0.8708333328125001 0.06875 0.877777778125 0.05078125 0.8791666671874999 0.04609375 0.8958333328125001 0.04609375 0.9111111109375001 0.04921875 0.91944444375 0.065625 0.9291666671875 0.09296875 0.91944444375 0.09453125 0.9111111109375001 0.0984375 0.9069444437499999
7 0.09375 0.83055555625 0.109375 0.8416666671874999 0.13828125 0.8458333328125001 0.14453125 0.8444444437499999 0.14921875 0.8333333328125001 0.1515625 0.840277778125 0.1609375 0.8444444437499999 0.1828125 0.8416666671874999 0.18359375 0.8194444437499999 0.16953125 0.8027777781250001 0.1625 0.7861111109375 0.15078125 0.7833333328125 0.1453125 0.7583333328124999 0.121875 0.7416666671875001 0.11875 0.725 0.11484375 0.7208333328125 0.09375 0.7236111109375 0.08828125 0.7361111109375 0.08671875 0.75 0.0734375 0.76944444375 0.084375 0.81805555625 0.09375 0.83055555625
7 0.48203125 0.75 0.4875 0.7819444437499999 0.49296875 0.79444444375 0.4953125 0.79444444375 0.4953125 0.73194444375 0.49375 0.7236111109375 0.490625 0.722222221875 0.4828125 0.7333333328125 0.48203125 0.75
7 0.5234375 0.7083333328125 0.5203125 0.734722221875 0.5203125 0.847222221875 0.52109375 0.8541666671874999 0.53984375 0.8888888890625 0.54609375 0.89444444375 0.57109375 0.8986111109375001 0.575 0.902777778125 0.6390625 0.9138888890624999 0.6625 0.9041666671874999 0.6671875 0.89444444375 0.66875 0.88055555625 0.66953125 0.7833333328125 0.6625 0.7736111109375 0.646875 0.7666666671875 0.64296875 0.7458333328125 0.63046875 0.74444444375 0.6265625 0.7597222218749999 0.61484375 0.7638888890625 0.6125 0.7458333328125 0.5640625 0.725 0.5609375 0.7083333328125 0.55078125 0.6944444437499999 0.54296875 0.6944444437499999 0.53359375 0.7083333328125 0.5234375 0.7083333328125
7 0.00703125 0.7430555562500001 0.00078125 0.74444444375 0.00078125 0.772222221875 0.0078125 0.777777778125 0.01171875 0.765277778125 0.0125 0.747222221875 0.00703125 0.7430555562500001
7 0.0703125 0.79305555625 0.06875 0.772222221875 0.0515625 0.76805555625 0.03203125 0.7569444437499999 0.028125 0.7597222218749999 0.02578125 0.79444444375 0.03046875 0.8027777781250001 0.071875 0.83055555625 0.08046875 0.83055555625 0.08125 0.8138888890624999 0.07578125 0.797222221875 0.0703125 0.79305555625
7 0.0734375 0.86944444375 0.053125 0.85694444375 0.05078125 0.85 0.04375 0.8444444437499999 0.02421875 0.8361111109375001 0.02109375 0.8388888890624999 0.02109375 0.85 0.0234375 0.8541666671874999 0.03984375 0.8666666671875 0.05703125 0.875 0.06875 0.875 0.0703125 0.86944444375 0.07265625 0.875 0.0734375 0.86944444375
7 0.12734375 0.8652777781250001 0.1421875 0.8708333328125001 0.14921875 0.8791666671874999 0.15859375 0.8791666671874999 0.16171875 0.872222221875 0.1609375 0.852777778125 0.15625 0.847222221875 0.11796875 0.85 0.11875 0.85694444375 0.12734375 0.8652777781250001
7 0.10625 0.922222221875 0.125 0.9291666671875 0.14296875 0.9263888890624999 0.14375 0.91944444375 0.12421875 0.8958333328125001 0.10625 0.8861111109375001 0.10390625 0.9041666671874999 0.10390625 0.91944444375 0.10625 0.922222221875
4 1 0.072222221875 0.99453125 0.0791666671875 0.9953125 0.1111111109375 0.9921875 0.1208333328125 0.9921875 0.140277778125 0.99921875 0.1708333328125 1 0.1150791671875 0.99609375 0.10833333281249999 1 0.1079361109375 1 0.10079305624999998 0.99609375 0.1 1 0.0936513890625 1 0.072222221875
4 0.37734375 0.8111111109375001 0.37109375 0.79444444375 0.3640625 0.79305555625 0.36328125 0.8083333328125001 0.365625 0.8125 0.365625 0.83194444375 0.36875 0.8444444437499999 0.375 0.85555555625 0.37890625 0.85694444375 0.38203125 0.8458333328125001 0.38671875 0.840277778125 0.38828125 0.8236111109375001 0.37734375 0.8111111109375001