2 0.577777778125 0.02421875 0.5375 0.02578125 0.5319444437499999 0.0296875 0.5319444437499999 0.03671875 0.540277778125 0.0390625 0.5791666671875 0.0359375 0.58194444375 0.02578125 0.577777778125 0.02421875
1 0.859722221875 0.38515625 0.8847222218749999 0.38515625 0.897222221875 0.3796875 0.89444444375 0.3703125 0.8847222218749999 0.36875 0.847222221875 0.37265625 0.752777778125 0.37265625 0.7402777781250001 0.36875 0.7402777781250001 0.36015625 0.734722221875 0.359375 0.7291666671875 0.3671875 0.7111111109375 0.37734375 0.7166666671875 0.3859375 0.7111111109375 0.39453125 0.7180555562500001 0.39453125 0.734722221875 0.38671875 0.8430555562500001 0.38515625 0.8486111109375001 0.3875 0.859722221875 0.38515625
1 0.7736111109375 0.4375 0.7736111109375 0.43046875 0.76944444375 0.4296875 0.7611111109375 0.4328125 0.7486111109375 0.46015625 0.7611111109375 0.4625 0.7611111109375 0.46453125 0.7708333328125 0.4546875 0.784722221875 0.45234375 0.83194444375 0.45625 0.8513888890624999 0.45390625 0.915277778125 0.4546875 0.9138888890624999 0.44296875 0.784722221875 0.4421875 0.7736111109375 0.4375
6 0.8125 0.73515625 0.8416666671874999 0.73046875 0.85 0.70625 0.85 0.69140625 0.83194444375 0.67890625 0.83194444375 0.6703125 0.8236111109375001 0.66484375 0.8263888890625 0.65703125 0.8222222218749999 0.65625 0.7708333328125 0.65703125 0.7569444437499999 0.66640625 0.7611111109375 0.6828125 0.752777778125 0.6984375 0.725 0.70234375 0.7166666671875 0.7078125 0.715277778125 0.71875 0.7291666671875 0.7296875 0.722222221875 0.7375 0.725 0.7625 0.7597222218749999 0.7640625 0.7819444437499999 0.76171875 0.8027777781250001 0.7546875 0.8125 0.73515625
6 0.840277778125 0.5984375 0.8388888890624999 0.57578125 0.8194444437499999 0.56875 0.7736111109375 0.56875 0.76944444375 0.5734375 0.7597222218749999 0.5765625 0.752777778125 0.58828125 0.7430555562500001 0.59453125 0.7416666671875001 0.65078125 0.75 0.65703125 0.7708333328125 0.6546875 0.7763888890625 0.6375 0.784722221875 0.6328125 0.79444444375 0.63671875 0.8083333328125001 0.63671875 0.8263888890625 0.60546875 0.840277778125 0.5984375
7 0.85618686875 0.883309659375 0.86944444375 0.86640625 0.8708333328125001 0.85625 0.877777778125 0.85 0.8763888890624999 0.84375 0.8625 0.83984375 0.8486111109375001 0.8453125 0.85 0.865625 0.8444444437499999 0.88203125 0.85694444375 0.88203125 0.85618686875 0.883309659375
7 0.909722221875 0.9578125 0.9277777781250001 0.940625 0.9277777781250001 0.9234375 0.9166666671874999 0.90703125 0.88055555625 0.90625 0.872222221875 0.91796875 0.872222221875 0.9234375 0.877777778125 0.9265625 0.877777778125 0.946875 0.8861111109375001 0.95390625 0.9 0.95625 0.8986111109375001 0.96171875 0.8819444437499999 0.96171875 0.8833333328125 0.9671875 0.89444444375 0.9734375 0.902777778125 0.9734375 0.915277778125 0.9625 0.909722221875 0.9578125
7 0.8861111109375001 0.8890625 0.8861111109375001 0.8953125 0.9069444437499999 0.89765625 0.91944444375 0.89609375 0.9291666671875 0.86875 0.9277777781250001 0.86171875 0.922222221875 0.8578125 0.91944444375 0.85703125 0.909722221875 0.86328125 0.8958333328125001 0.87578125 0.8861111109375001 0.8890625
7 0.7333333328125 0.93046875 0.7666666671875 0.93046875 0.7763888890625 0.92578125 0.81805555625 0.915625 0.827777778125 0.909375 0.8444444437499999 0.8796875 0.8444444437499999 0.85625 0.8388888890624999 0.85234375 0.8444444437499999 0.84296875 0.8444444437499999 0.81953125 0.83194444375 0.81640625 0.7819444437499999 0.81796875 0.7708333328125 0.825 0.772222221875 0.8328125 0.7819444437499999 0.83671875 0.7819444437499999 0.8453125 0.777777778125 0.8484375 0.7638888890625 0.85078125 0.74444444375 0.87109375 0.7416666671875001 0.87890625 0.725 0.88125 0.7194444437499999 0.88671875 0.7236111109375 0.89609375 0.7208333328125 0.92109375 0.7333333328125 0.93046875
7 0.7819444437499999 0.99296875 0.7638888890625 0.98828125 0.73194444375 0.98828125 0.73194444375 0.99921875 0.7805555562500001 0.99921875 0.7819444437499999 0.99296875
7 0.8 0.9234375 0.7611111109375 0.93359375 0.7597222218749999 0.9625 0.752777778125 0.96953125 0.7569444437499999 0.971875 0.7763888890625 0.975 0.7958333328125 0.97421875 0.8055555562500001 0.965625 0.83055555625 0.92890625 0.83194444375 0.921875 0.8263888890625 0.91875 0.8083333328125001 0.91875 0.8 0.9234375
7 0.840277778125 0.98046875 0.85694444375 0.97578125 0.8736111109375001 0.94609375 0.877777778125 0.93125 0.875 0.9265625 0.8680555562500001 0.925 0.8583333328125 0.93515625 0.8541666671874999 0.95546875 0.8458333328125001 0.96484375 0.840277778125 0.98046875
7 0.8611111109375 0.78046875 0.8486111109375001 0.78671875 0.8486111109375001 0.79296875 0.877777778125 0.79296875 0.8791666671874999 0.78671875 0.8680555562500001 0.78515625 0.8611111109375 0.78046875
7 0.9069444437499999 0.78828125 0.8958333328125001 0.790625 0.8833333328125 0.7890625 0.8819444437499999 0.79296875 0.8916666671875 0.7921875 0.89444444375 0.796875 0.902777778125 0.79765625 0.9069444437499999 0.78828125
7 0.9083333328125001 0.77109375 0.9166666671874999 0.76875 0.925 0.75390625 0.9236111109375 0.74921875 0.9138888890624999 0.7484375 0.8416666671874999 0.7453125 0.840277778125 0.76328125 0.8458333328125001 0.76875 0.8583333328125 0.7703125 0.9083333328125001 0.77109375
7 0.95555555625 0.68203125 0.952777778125 0.67734375 0.9444444437499999 0.6765625 0.9069444437499999 0.675 0.9 0.67734375 0.89305555625 0.68671875 0.8819444437499999 0.690625 0.86944444375 0.69140625 0.8583333328125 0.70234375 0.852777778125 0.71953125 0.8444444437499999 0.72578125 0.8444444437499999 0.73671875 0.9138888890624999 0.7390625 0.93194444375 0.7375 0.9416666671874999 0.721875 0.9458333328125 0.7015625 0.95555555625 0.68203125