7 0.23055555625 0.06953125 0.222222221875 0.07421875 0.1833333328125 0.08359375 0.16805555625 0.0953125 0.15694444375 0.11328125 0.1541666671875 0.13359375 0.15555555625 0.14453125 0.16805555625 0.14765625 0.15972222187500001 0.15078125 0.1583333328125 0.1609375 0.1611111109375 0.1796875 0.16805555625 0.18359375 0.1986111109375 0.184375 0.2208333328125 0.1796875 0.222222221875 0.16875 0.215277778125 0.1640625 0.2166666671875 0.15390625 0.222222221875 0.15078125 0.23611111093749998 0.14921875 0.25833333281250004 0.121875 0.272222221875 0.11875 0.2791666671875 0.1140625 0.275 0.10546875 0.275 0.07578125 0.26527777812500003 0.06953125 0.23055555625 0.06953125
7 0.64305555625 0.934375 0.63055555625 0.93671875 0.6458333328125 0.93671875 0.64305555625 0.934375
7 0.5555555562500001 0.89375 0.5930555562500001 0.89375 0.602777778125 0.89140625 0.6180555562500001 0.8796875 0.6180555562500001 0.85859375 0.5888888890625 0.85859375 0.58194444375 0.86171875 0.515277778125 0.86953125 0.5097222218749999 0.87265625 0.48333333281249996 0.87421875 0.47222222187499996 0.8796875 0.4583333328125 0.88203125 0.427777778125 0.8828125 0.43194444374999996 0.9109375 0.4513888890625 0.91796875 0.459722221875 0.925 0.45694444375 0.9296875 0.44305555625000004 0.93125 0.440277778125 0.93671875 0.44444444375 0.9375 0.5041666671875 0.9359375 0.5333333328125 0.94296875 0.5625 0.93828125 0.575 0.93984375 0.6013888890625 0.93359375 0.60555555625 0.9359375 0.609722221875 0.9328125 0.6138888890625 0.9359375 0.6180555562500001 0.9328125 0.559722221875 0.93125 0.559722221875 0.92578125 0.5541666671875001 0.9234375 0.5513888890625 0.90078125 0.5555555562500001 0.89375
7 0.5763888890625 0.83515625 0.56805555625 0.81015625 0.56805555625 0.7875 0.55694444375 0.78046875 0.5555555562500001 0.7703125 0.5625 0.76328125 0.565277778125 0.72265625 0.5930555562500001 0.70078125 0.5930555562500001 0.68203125 0.5888888890625 0.67578125 0.559722221875 0.66328125 0.5555555562500001 0.65546875 0.5263888890625 0.640625 0.49305555625 0.6359375 0.46666666718750005 0.6359375 0.44305555625000004 0.6390625 0.41111111093749997 0.6578125 0.39305555625 0.68046875 0.372222221875 0.69609375 0.3638888890625 0.70703125 0.35694444375 0.709375 0.3541666671875 0.7171875 0.3333333328125 0.72578125 0.32777777812500003 0.73984375 0.3138888890625 0.7453125 0.32777777812500003 0.75234375 0.33055555625 0.76796875 0.35694444375 0.778125 0.3458333328125 0.78359375 0.34027777812500004 0.79921875 0.315277778125 0.8140625 0.3 0.84140625 0.29444444375 0.84453125 0.2888888890625 0.86171875 0.33055555625 0.8609375 0.3416666671875 0.85703125 0.34305555625 0.8484375 0.3513888890625 0.84921875 0.3888888890625 0.8265625 0.4 0.825 0.427777778125 0.8328125 0.43333333281249997 0.83828125 0.4486111109375 0.8390625 0.45555555625000005 0.846875 0.4625 0.83828125 0.5 0.83359375 0.5333333328125 0.8390625 0.5763888890625 0.83515625
7 0.259722221875 0.9 0.2513888890625 0.91796875 0.23194444375 0.93984375 0.22638888906250001 0.959375 0.21805555625 0.96953125 0.21805555625 0.99375 0.22638888906250001 0.99609375 0.2416666671875 0.99375 0.2513888890625 0.9765625 0.2611111109375 0.96875 0.26805555625 0.96796875 0.2708333328125 0.95703125 0.2833333328125 0.94453125 0.28472222187499996 0.93515625 0.302777778125 0.90546875 0.322222221875 0.8984375 0.3263888890625 0.88828125 0.2791666671875 0.890625 0.26805555625 0.89375 0.259722221875 0.9
7 0.1611111109375 0.63125 0.13333333281249998 0.63046875 0.10833333281249999 0.6265625 0.10138888906250001 0.61953125 0.0375 0.6203125 0.04444444375 0.6359375 0.054166667187499996 0.64453125 0.054166667187499996 0.66328125 0.04305555625 0.67109375 0.05 0.7109375 0.055555556250000006 0.71796875 0.08055555625000001 0.71875 0.0958333328125 0.7234375 0.15555555625 0.725 0.16805555625 0.71875 0.16805555625 0.709375 0.1611111109375 0.7046875 0.1888888890625 0.69765625 0.190277778125 0.67578125 0.16944444375 0.67109375 0.1611111109375 0.66640625 0.1611111109375 0.66015625 0.15694444375 0.65859375 0.1583333328125 0.6515625 0.16805555625 0.6484375 0.16944444375 0.634375 0.1611111109375 0.63125
7 0.10833333281249999 0.55859375 0.08055555625000001 0.55546875 0.08333333281250001 0.54609375 0.09444444375 0.53984375 0.1208333328125 0.54375 0.16944444375 0.54140625 0.16944444375 0.53828125 0.1611111109375 0.534375 0.1583333328125 0.5265625 0.13055555624999998 0.521875 0.0666666671875 0.5234375 0.034722221875 0.52578125 0.0083333328125 0.53359375 0.00555555625 0.57109375 0.019444443750000002 0.6046875 0.030555556249999997 0.61171875 0.06944444375 0.60859375 0.10555555624999999 0.61328125 0.1208333328125 0.61171875 0.13055555624999998 0.60625 0.15277777812499999 0.60546875 0.16944444375 0.6 0.18055555625 0.6 0.1888888890625 0.5890625 0.1875 0.578125 0.18055555625 0.5703125 0.1708333328125 0.56796875 0.16388888906250001 0.5625 0.14305555625 0.55859375 0.10833333281249999 0.55859375
7 0.20555555625 0.02578125 0.19444444375 0.0328125 0.1763888890625 0.06640625 0.16944444375 0.071875 0.16944444375 0.08046875 0.1861111109375 0.08203125 0.197222221875 0.0765625 0.2125 0.075 0.22916666718749998 0.06953125 0.23333333281250002 0.06171875 0.23194444375 0.059375 0.22777777812500002 0.06171875 0.2236111109375 0.059375 0.2208333328125 0.05 0.22916666718749998 0.03984375 0.2416666671875 0.03671875 0.24722222187499998 0.03125 0.24305555625 0.028125 0.20555555625 0.02578125
7 0.16805555625 0.02109375 0.15694444375 0.0203125 0.14305555625 0.025 0.127777778125 0.0515625 0.1263888890625 0.075 0.134722221875 0.075 0.14305555625 0.06796875 0.15694444375 0.0421875 0.16805555625 0.03046875 0.16805555625 0.02109375
7 0.1263888890625 0.20703125 0.127777778125 0.2125 0.1416666671875 0.21328125 0.1458333328125 0.2109375 0.14444444375 0.2078125 0.1263888890625 0.20703125
7 0.10555555624999999 0.20234375 0.097222221875 0.2046875 0.097222221875 0.21171875 0.10138888906250001 0.2078125 0.10555555624999999 0.20859375 0.10555555624999999 0.20234375
7 0.08055555625000001 0.25234375 0.15555555625 0.2546875 0.15972222187500001 0.25234375 0.15972222187500001 0.23828125 0.1513888890625 0.23125 0.0861111109375 0.22734375 0.075 0.24921875 0.08055555625000001 0.25234375
7 0.102777778125 0.32265625 0.10694444375 0.31484375 0.13055555624999998 0.30234375 0.14305555625 0.2890625 0.15277777812499999 0.28515625 0.15972222187500001 0.27421875 0.15972222187500001 0.265625 0.15555555625 0.26328125 0.1041666671875 0.2609375 0.06805555625000001 0.26328125 0.047222221875 0.3125 0.047222221875 0.31953125 0.055555556250000006 0.3234375 0.102777778125 0.32265625
4 0.34305555625 0.846875 0.33194444375 0.846875 0.322222221875 0.85234375 0.325 0.85859375 0.33055555625 0.8609375 0.34305555625 0.8609375 0.34861111093749997 0.85859375 0.41805555625 0.8546875 0.43194444374999996 0.8515625 0.5263888890625 0.84296875 0.5319444437499999 0.8390625 0.50555555625 0.83671875 0.41111111093749997 0.83828125 0.40277777812500004 0.83515625 0.38055555625 0.83515625 0.36944444375 0.83828125 0.34861111093749997 0.85 0.34305555625 0.846875
4 0.1666666671875 0.34609375 0.13888888906250002 0.34296875 0.13055555624999998 0.33984375 0.1166666671875 0.33984375 0.10138888906250001 0.3453125 0.10138888906250001 0.35 0.1111111109375 0.3546875 0.15 0.3546875 0.172222221875 0.3515625 0.172222221875 0.34921875 0.1666666671875 0.34609375
4 0.23472222187499997 0.72578125 0.2736111109375 0.725 0.27638888906250003 0.7203125 0.252777778125 0.709375 0.240277778125 0.709375 0.22777777812500002 0.71328125 0.1916666671875 0.71171875 0.18055555625 0.7140625 0.172222221875 0.71953125 0.172222221875 0.725 0.1833333328125 0.7328125 0.20833333281250002 0.73515625 0.23472222187499997 0.72578125
4 0.259722221875 0.0046875 0.25555555625 0.00078125 0.2166666671875 0.00078125 0.2166666671875 0.00625 0.23333333281250002 0.01171875 0.2916666671875 0.015625 0.30694444375 0.0140625 0.309722221875 0.009375 0.272222221875 0.00703125 0.259722221875 0.0046875