2 0.97109375 0.5319444437499999 0.9625 0.5319444437499999 0.9609375 0.54305555625 0.9640625 0.5791666671875 0.975 0.58055555625 0.975 0.540277778125 0.97109375 0.5319444437499999
1 0.615625 0.8916666671875 0.61796875 0.8958333328125001 0.62734375 0.897222221875 0.63203125 0.890277778125 0.62734375 0.840277778125 0.62734375 0.752777778125 0.63125 0.7402777781250001 0.63984375 0.7402777781250001 0.640625 0.734722221875 0.6328125 0.7291666671875 0.625 0.7138888890625 0.6203125 0.7111111109375 0.61328125 0.7166666671875 0.60546875 0.7111111109375 0.60546875 0.7180555562500001 0.61328125 0.7361111109375 0.61328125 0.85694444375 0.615625 0.8916666671875
1 0.55703125 0.9138888890624999 0.5578125 0.7833333328125 0.5625 0.7736111109375 0.56875 0.7736111109375 0.5703125 0.76944444375 0.5671875 0.7611111109375 0.56171875 0.7569444437499999 0.5328125 0.7486111109375 0.53125 0.7569444437499999 0.54375 0.765277778125 0.546875 0.7833333328125 0.54375 0.83055555625 0.54609375 0.8541666671874999 0.5453125 0.9166666671874999 0.55703125 0.9138888890624999
6 0.24765625 0.8055555562500001 0.26484375 0.8125 0.26953125 0.8416666671874999 0.3046875 0.852777778125 0.31171875 0.8486111109375001 0.32109375 0.8333333328125001 0.33046875 0.83194444375 0.3359375 0.8263888890625 0.3390625 0.83194444375 0.34375 0.8236111109375001 0.34375 0.7805555562500001 0.3375 0.7611111109375 0.3171875 0.7611111109375 0.3015625 0.752777778125 0.29765625 0.725 0.29296875 0.7180555562500001 0.28203125 0.715277778125 0.27578125 0.7194444437499999 0.27109375 0.7291666671875 0.2625 0.722222221875 0.2375 0.725 0.2359375 0.7611111109375 0.23828125 0.7833333328125 0.24765625 0.8055555562500001
6 0.39375 0.8263888890625 0.40234375 0.840277778125 0.42421875 0.8388888890624999 0.43125 0.8194444437499999 0.43359375 0.7916666671875 0.43046875 0.772222221875 0.42109375 0.7569444437499999 0.41328125 0.7541666671875 0.40234375 0.7416666671875001 0.35078125 0.7416666671875001 0.34609375 0.7430555562500001 0.34296875 0.75 0.3453125 0.7708333328125 0.3640625 0.777777778125 0.3671875 0.784722221875 0.36328125 0.79305555625 0.36328125 0.8083333328125001 0.39375 0.8263888890625
7 0.15625 0.8486111109375001 0.14765625 0.8458333328125001 0.134375 0.85 0.11328125 0.8444444437499999 0.11171875 0.852777778125 0.10703125 0.8458333328125001 0.11015625 0.852777778125 0.13359375 0.86944444375 0.14296875 0.8708333328125001 0.15078125 0.8791666671874999 0.1625 0.877777778125 0.16328125 0.8708333328125001 0.15625 0.8486111109375001
7 0.02734375 0.8986111109375001 0.028125 0.902777778125 0.03671875 0.9069444437499999 0.0375 0.8819444437499999 0.02734375 0.8986111109375001
7 0.07734375 0.872222221875 0.0734375 0.877777778125 0.05234375 0.8791666671874999 0.04921875 0.8819444437499999 0.04609375 0.89444444375 0.04609375 0.9166666671874999 0.0609375 0.9277777781250001 0.0765625 0.9277777781250001 0.0921875 0.91805555625 0.09375 0.88055555625 0.0875 0.875 0.07734375 0.872222221875
7 0.13046875 0.9291666671875 0.1390625 0.9277777781250001 0.14296875 0.922222221875 0.14375 0.91944444375 0.125 0.897222221875 0.11015625 0.8861111109375001 0.1046875 0.8861111109375001 0.103125 0.91944444375 0.13046875 0.9291666671875
7 0.07734375 0.7208333328125 0.06953125 0.7333333328125 0.06953125 0.7666666671875 0.07421875 0.7763888890625 0.08359375 0.8166666671874999 0.090625 0.827777778125 0.11953125 0.8444444437499999 0.14375 0.8444444437499999 0.1484375 0.8361111109375001 0.1609375 0.8444444437499999 0.18046875 0.8444444437499999 0.18203125 0.840277778125 0.1859375 0.815277778125 0.18203125 0.797222221875 0.18125 0.777777778125 0.178125 0.7736111109375 0.16875 0.7708333328125 0.16484375 0.7736111109375 0.1625 0.7819444437499999 0.15390625 0.7819444437499999 0.146875 0.7611111109375 0.121875 0.7416666671875001 0.11875 0.725 0.11328125 0.7194444437499999 0.10390625 0.7236111109375 0.07734375 0.7208333328125
7 0.00546875 0.7208333328125 0.00078125 0.725 0.00078125 0.7805555562500001 0.00703125 0.7819444437499999 0.01171875 0.7666666671875 0.0125 0.73194444375 0.00546875 0.7208333328125
7 0.08125 0.8083333328125001 0.07734375 0.8041666671875 0.075 0.7875 0.0671875 0.7638888890625 0.0625 0.7597222218749999 0.0375 0.7597222218749999 0.03046875 0.752777778125 0.028125 0.7569444437499999 0.025 0.777777778125 0.0265625 0.797222221875 0.071875 0.83055555625 0.078125 0.83194444375 0.08125 0.8263888890625 0.08125 0.8083333328125001
7 0.021875 0.85694444375 0.05390625 0.8736111109375001 0.07265625 0.877777778125 0.075 0.86944444375 0.0625 0.85694444375 0.04453125 0.85555555625 0.03515625 0.8458333328125001 0.01953125 0.840277778125 0.021875 0.85694444375
7 0.2078125 0.8916666671875 0.2140625 0.877777778125 0.21484375 0.8680555562500001 0.21875 0.8652777781250001 0.21875 0.859722221875 0.2140625 0.85 0.209375 0.8486111109375001 0.20703125 0.85 0.20703125 0.8833333328125 0.209375 0.8847222218749999 0.203125 0.89444444375 0.203125 0.9041666671874999 0.2125 0.9055555562500001 0.2078125 0.8916666671875
7 0.22890625 0.909722221875 0.23359375 0.91944444375 0.25078125 0.9236111109375 0.2546875 0.8416666671874999 0.2375 0.840277778125 0.23203125 0.8458333328125001 0.2296875 0.859722221875 0.23125 0.8680555562500001 0.22890625 0.909722221875
7 0.32109375 0.95555555625 0.3234375 0.9513888890625 0.325 0.9069444437499999 0.31953125 0.8958333328125001 0.3125 0.8916666671875 0.309375 0.88055555625 0.3109375 0.8708333328125001 0.29453125 0.85694444375 0.28203125 0.8541666671874999 0.27578125 0.8458333328125001 0.2640625 0.8430555562500001 0.26171875 0.9305555562500001 0.27578125 0.940277778125 0.2984375 0.9458333328125 0.309375 0.952777778125 0.32109375 0.95555555625
4 0.82578125 0.73055555625 0.825 0.7138888890625 0.83046875 0.7041666671875 0.83203125 0.6944444437499999 0.8328125 0.6611111109375 0.82734375 0.64305555625 0.8265625 0.5986111109375 0.81953125 0.6 0.8203125 0.6347222218749999 0.815625 0.6333333328124999 0.8109375 0.6 0.80703125 0.6041666671875 0.80703125 0.6152777781250001 0.8125 0.6583333328125 0.81171875 0.702777778125 0.81796875 0.7111111109375 0.81953125 0.7291666671875 0.82578125 0.73055555625