2 0.425 0.9765625 0.425 0.98125 0.43194444374999996 0.98671875 0.47083333281249995 0.9859375 0.477777778125 0.98203125 0.477777778125 0.975 0.46805555625000006 0.9671875 0.4486111109375 0.96953125 0.425 0.9765625
1 0.10138888906250001 0.6140625 0.1 0.62265625 0.10555555624999999 0.63046875 0.19444444375 0.628125 0.2541666671875 0.6296875 0.259722221875 0.6421875 0.2666666671875 0.64296875 0.2708333328125 0.63359375 0.2888888890625 0.62421875 0.2888888890625 0.6203125 0.28055555625 0.6171875 0.2888888890625 0.59921875 0.27777777812500004 0.59921875 0.26805555625 0.60859375 0.2541666671875 0.61484375 0.10555555624999999 0.61796875 0.10138888906250001 0.6140625
1 0.10138888906250001 0.61015625 0.097222221875 0.61015625 0.1 0.6125 0.10138888906250001 0.61015625
1 0.096875 0.5953125 0.0015625 0.003125
6 0.177777778125 0.21640625 0.1833333328125 0.21328125 0.172222221875 0.215625 0.15277777812499999 0.2125 0.15 0.22734375 0.15555555625 0.22890625 0.15972222187500001 0.2265625 0.1625 0.23046875 0.17361111093749998 0.23046875 0.17916666718750002 0.22578125 0.20277777812500003 0.21796875 0.25694444375000003 0.22109375 0.2736111109375 0.22109375 0.27638888906250003 0.21796875 0.26527777812500003 0.2125 0.25 0.21171875 0.21111111093749999 0.21171875 0.1986111109375 0.215625 0.19305555624999998 0.21328125 0.19583333281249998 0.21796875 0.18055555625 0.21875 0.177777778125 0.21640625
6 0.26527777812500003 0.25 0.24305555625 0.25 0.24305555625 0.23671875 0.23333333281250002 0.23359375 0.17916666718750002 0.23125 0.16944444375 0.2390625 0.11805555625 0.24296875 0.10555555624999999 0.25 0.0958333328125 0.27265625 0.097222221875 0.29375 0.10694444375 0.2984375 0.14305555625 0.3015625 0.15555555625 0.31171875 0.16944444375 0.31640625 0.1833333328125 0.3125 0.2 0.30234375 0.2388888890625 0.30078125 0.2388888890625 0.2921875 0.21805555625 0.28359375 0.2166666671875 0.278125 0.23194444375 0.27109375 0.2666666671875 0.26875 0.27638888906250003 0.2625 0.27777777812500004 0.25703125 0.26527777812500003 0.25
7 0.315277778125 0.0203125 0.3416666671875 0.01953125 0.33888888906250003 0.00078125 0.26805555625 0.00078125 0.259722221875 0.00625 0.25833333281250004 0.0125 0.2625 0.0140625 0.315277778125 0.0203125
7 0.2958333328125 0.09296875 0.3083333328125 0.084375 0.322222221875 0.0796875 0.3291666671875 0.07265625 0.33055555625 0.059375 0.3513888890625 0.05 0.35555555625 0.0421875 0.30416666718749996 0.0328125 0.24583333281250003 0.03046875 0.23194444375 0.0578125 0.23333333281250002 0.07265625 0.25555555625 0.0859375 0.28611111093749997 0.0921875 0.2958333328125 0.09296875
7 0.27638888906250003 0.21796875 0.26527777812500003 0.2125 0.23333333281250002 0.21171875 0.2236111109375 0.21484375 0.22638888906250001 0.2203125 0.275 0.22109375 0.27638888906250003 0.21796875
7 0.18194444375000002 0.21796875 0.177777778125 0.21796875 0.1763888890625 0.225 0.18055555625 0.22578125 0.18055555625 0.21875 0.19444444375 0.21796875 0.19444444375 0.215625 0.1833333328125 0.2140625 0.18194444375000002 0.21796875
7 0.240277778125 0.078125 0.23055555625 0.07421875 0.20694444375 0.07734375 0.18194444375000002 0.084375 0.16944444375 0.09375 0.15972222187500001 0.1078125 0.1541666671875 0.1375 0.1583333328125 0.1453125 0.16805555625 0.1484375 0.15555555625 0.1625 0.15555555625 0.18046875 0.15972222187500001 0.1828125 0.18055555625 0.18359375 0.1875 0.1796875 0.197222221875 0.16953125 0.2138888890625 0.16171875 0.215277778125 0.1515625 0.23611111093749998 0.1484375 0.24305555625 0.14453125 0.25833333281250004 0.121875 0.275 0.11875 0.2791666671875 0.11484375 0.27638888906250003 0.09375 0.2666666671875 0.0890625 0.2486111109375 0.0859375 0.240277778125 0.078125
7 0.20555555625 0.49453125 0.26805555625 0.4953125 0.27638888906250003 0.49375 0.27777777812500004 0.48984375 0.26805555625 0.48359375 0.25 0.48203125 0.20972222187499998 0.4890625 0.20555555625 0.49453125
7 0.30555555624999997 0.55078125 0.30416666718749996 0.53984375 0.29305555625 0.53671875 0.2916666671875 0.52421875 0.28611111093749997 0.521875 0.252777778125 0.52109375 0.24305555625 0.51796875 0.20555555625 0.52109375 0.1513888890625 0.5203125 0.14305555625 0.521875 0.10694444375 0.54453125 0.10138888906250001 0.57265625 0.097222221875 0.575 0.0861111109375 0.6390625 0.0958333328125 0.6625 0.10555555624999999 0.6671875 0.11944444375 0.66875 0.215277778125 0.66953125 0.22638888906250001 0.6625 0.23333333281250002 0.646875 0.2541666671875 0.64296875 0.25833333281250004 0.6375 0.25555555625 0.63046875 0.24583333281250003 0.628125 0.15694444375 0.6296875 0.1541666671875 0.61640625 0.22638888906250001 0.615625 0.2541666671875 0.6125 0.275 0.5640625 0.2916666671875 0.5609375 0.30555555624999997 0.55078125
7 0.2208333328125 0.00703125 0.23472222187499997 0.01171875 0.2541666671875 0.01171875 0.25555555625 0.00078125 0.22638888906250001 0.00078125 0.2208333328125 0.00703125
7 0.22916666718749998 0.06796875 0.2416666671875 0.0296875 0.21805555625 0.02578125 0.20555555625 0.02578125 0.197222221875 0.0296875 0.16944444375 0.07109375 0.16944444375 0.08046875 0.1916666671875 0.08046875 0.20555555625 0.07421875 0.20694444375 0.0703125 0.22916666718749998 0.06796875
7 0.1611111109375 0.021875 0.147222221875 0.021875 0.13333333281249998 0.03984375 0.12222222187500001 0.0671875 0.1263888890625 0.07421875 0.13055555624999998 0.07421875 0.14305555625 0.053125 0.15555555625 0.04375 0.16388888906250001 0.025 0.1611111109375 0.021875
7 0.15277777812499999 0.15625 0.15555555625 0.146875 0.1513888890625 0.140625 0.15 0.11796875 0.14444444375 0.11796875 0.13055555624999998 0.1328125 0.127777778125 0.14375 0.1208333328125 0.14921875 0.12222222187500001 0.16015625 0.1361111109375 0.1625 0.15 0.16015625 0.15277777812499999 0.15625
7 0.10138888906250001 0.10546875 0.09305555625 0.10234375 0.08055555625000001 0.10390625 0.07083333281250001 0.12734375 0.0736111109375 0.14296875 0.08055555625000001 0.14375 0.1041666671875 0.125 0.11388888906250001 0.1109375 0.1111111109375 0.1046875 0.10138888906250001 0.10546875
4 0.197222221875 0.303125 0.1888888890625 0.309375 0.190277778125 0.3140625 0.20833333281250002 0.31328125 0.25555555625 0.31953125 0.28055555625 0.31953125 0.28472222187499996 0.3234375 0.2888888890625 0.32265625 0.290277778125 0.3140625 0.26944444375 0.31171875 0.28055555625 0.3046875 0.2916666671875 0.30546875 0.29305555625 0.30078125 0.2833333328125 0.29765625 0.25555555625 0.303125 0.23194444375 0.30078125 0.197222221875 0.303125