2 0.015625 0.427777778125 0.0125 0.43333333281249997 0.01328125 0.46805555625000006 0.01640625 0.4763888890625 0.025 0.477777778125 0.0328125 0.46666666718750005 0.03125 0.4486111109375 0.025 0.427777778125 0.015625 0.427777778125
1 0.38828125 0.2666666671875 0.38515625 0.25555555625 0.3828125 0.10555555624999999 0.38046875 0.10138888906250001 0.3703125 0.1041666671875 0.371875 0.2541666671875 0.35703125 0.2541666671875 0.36015625 0.25555555625 0.3631990140625 0.269078946875 0.36640625 0.2708333328125 0.375 0.28611111093749997 0.38828125 0.28055555625 0.40078125 0.2888888890625 0.4015625 0.28055555625 0.38828125 0.2666666671875
1 0.46875 0.2513888890625 0.46796875 0.2416666671875 0.4546875 0.23333333281250002 0.4515625 0.2166666671875 0.45234375 0.17916666718750002 0.4546875 0.172222221875 0.45390625 0.08333333281250001 0.4421875 0.08333333281250001 0.43984375 0.2236111109375 0.4375 0.22916666718749998 0.42734375 0.22638888906250001 0.42734375 0.23055555625 0.43125 0.2388888890625 0.4375 0.24305555625 0.45234375 0.25 0.46875 0.2513888890625
7 0.921875 0.2791666671875 0.93046875 0.2666666671875 0.9296875 0.23194444375 0.925 0.2208333328125 0.9171875 0.184722221875 0.9109375 0.17361111093749998 0.884375 0.15555555625 0.8609375 0.1541666671875 0.853125 0.15972222187500001 0.8421875 0.15555555625 0.81875 0.15694444375 0.81953125 0.1861111109375 0.8484375 0.2166666671875 0.85 0.23472222187499997 0.8546875 0.2416666671875 0.87734375 0.25833333281250004 0.88203125 0.27638888906250003 0.88671875 0.28055555625 0.921875 0.2791666671875
7 0.85 0.1208333328125 0.84140625 0.1208333328125 0.8390625 0.125 0.8390625 0.1458333328125 0.84375 0.15277777812499999 0.87578125 0.1541666671875 0.88203125 0.15 0.88125 0.14305555625 0.86640625 0.13055555624999998 0.85703125 0.1291666671875 0.85 0.1208333328125
7 0.85703125 0.08194444375 0.875 0.1041666671875 0.88828125 0.11388888906250001 0.89453125 0.11388888906250001 0.89609375 0.08055555625000001 0.8734375 0.07083333281250001 0.85703125 0.0736111109375 0.85703125 0.08194444375
7 0.946875 0.1208333328125 0.95078125 0.1166666671875 0.95390625 0.1041666671875 0.95234375 0.08194444375 0.9390625 0.072222221875 0.92578125 0.07083333281250001 0.90625 0.08194444375 0.90546875 0.0888888890625 0.90078125 0.09444444375 0.90625 0.102777778125 0.90546875 0.11805555625 0.91640625 0.1263888890625 0.9234375 0.127777778125 0.93046875 0.1208333328125 0.946875 0.1208333328125
7 0.7421875 0.1666666671875 0.73828125 0.165277778125 0.7375 0.16805555625 0.7421875 0.1666666671875
7 0.79296875 0.115277778125 0.796875 0.097222221875 0.78828125 0.09444444375 0.78828125 0.1041666671875 0.7921875 0.10694444375 0.79296875 0.115277778125
7 0.76796875 0.1513888890625 0.77109375 0.11805555625 0.76796875 0.08194444375 0.7515625 0.072222221875 0.74453125 0.0736111109375 0.74453125 0.15694444375 0.76796875 0.1513888890625
7 0.8421875 0.06944444375 0.8421875 0.055555556250000006 0.83671875 0.0486111109375 0.8359375 0.0638888890625 0.83828125 0.06944444375 0.8421875 0.06944444375
7 0.74140625 0.09305555625 0.74296875 0.072222221875 0.7328125 0.06805555625000001 0.7234375 0.058333332812500006 0.70078125 0.055555556250000006 0.68203125 0.04444444375 0.67734375 0.047222221875 0.6765625 0.055555556250000006 0.6765625 0.1 0.6859375 0.10555555624999999 0.69140625 0.11388888906250001 0.696875 0.13888888906250002 0.7125 0.1541666671875 0.7359375 0.16805555625 0.7375 0.10555555624999999 0.74140625 0.09305555625
7 0.8265625 0.0513888890625 0.82421875 0.04305555625 0.82421875 0.05694444375 0.8265625 0.0513888890625
7 0.84921875 0.23611111093749998 0.84453125 0.21944444375 0.83359375 0.2166666671875 0.83046875 0.1986111109375 0.8203125 0.1916666671875 0.8171875 0.177777778125 0.81640625 0.1888888890625 0.8125 0.19305555624999998 0.8109375 0.2166666671875 0.81015625 0.25555555625 0.8140625 0.25694444375000003 0.8171875 0.26805555625 0.8234375 0.272222221875 0.83671875 0.2708333328125 0.84140625 0.27777777812500004 0.846875 0.26805555625 0.84921875 0.23611111093749998
7 0.75078125 0.15972222187500001 0.7375 0.1833333328125 0.7375 0.2208333328125 0.7453125 0.22638888906250001 0.753125 0.222222221875 0.76796875 0.22638888906250001 0.7703125 0.19305555624999998 0.76875 0.15555555625 0.76171875 0.15277777812499999 0.75078125 0.15972222187500001
7 0.79296875 0.1416666671875 0.7859375 0.1375 0.78203125 0.1513888890625 0.77890625 0.23472222187499997 0.78046875 0.2541666671875 0.7859375 0.25694444375000003 0.790625 0.23055555625 0.79296875 0.2 0.79140625 0.17916666718750002 0.79453125 0.147222221875 0.79296875 0.1416666671875
7 0.98984375 0.275 0.99921875 0.275 0.99921875 0.2236111109375 0.9921875 0.21944444375 0.9875 0.240277778125 0.9875 0.2708333328125 0.98984375 0.275
7 0.97421875 0.21944444375 0.97421875 0.20555555625 0.96953125 0.197222221875 0.925 0.16805555625 0.91953125 0.1708333328125 0.91953125 0.1875 0.92421875 0.20277777812500003 0.9296875 0.20833333281250002 0.93203125 0.23611111093749998 0.93515625 0.240277778125 0.95234375 0.23611111093749998 0.96953125 0.24722222187499998 0.97421875 0.21944444375
7 0.9640625 0.13888888906250002 0.959375 0.13194444375 0.935546875 0.125 0.934375 0.13333333281249998 0.93203125 0.13194444375 0.9314453125 0.125 0.92578125 0.1263888890625 0.925 0.1291666671875 0.94765625 0.14305555625 0.95859375 0.15555555625 0.971875 0.1611111109375 0.978125 0.1611111109375 0.9796875 0.15694444375 0.978125 0.147222221875 0.9640625 0.13888888906250002
4 0.91015625 0.809722221875 0.90625 0.8194444437499999 0.90625 0.827777778125 0.90078125 0.8361111109375001 0.89921875 0.85 0.89140625 0.852777778125 0.89296875 0.8625 0.90078125 0.8708333328125001 0.90703125 0.8888888890625 0.9109375 0.8916666671875 0.91953125 0.8763888890624999 0.92578125 0.8458333328125001 0.9375 0.8166666671874999 0.9453125 0.75555555625 0.94375 0.7194444437499999 0.946875 0.709722221875 0.946875 0.6986111109375 0.93828125 0.6972222218749999 0.93515625 0.6888888890625 0.93125 0.6875 0.9203125 0.6972222218749999 0.91953125 0.7083333328125 0.92265625 0.727777778125 0.91953125 0.73194444375 0.91640625 0.7513888890625 0.9125 0.7569444437499999 0.90390625 0.790277778125 0.9109375 0.797222221875 0.91015625 0.809722221875
4 0.1828125 0.490277778125 0.18203125 0.48472222187499997 0.17578125 0.477777778125 0.17265625 0.41111111093749997 0.17421875 0.40694444374999994 0.1828125 0.4138888890625 0.18828125 0.40833333281249995 0.1734375 0.384722221875 0.17421875 0.3458333328125 0.1671875 0.3458333328125 0.15390625 0.36805555624999997 0.1515625 0.3763888890625 0.1515625 0.41805555625 0.15703125 0.4458333328125 0.1546875 0.497222221875 0.1578125 0.502777778125 0.16328125 0.502777778125 0.16875 0.490277778125 0.1828125 0.490277778125
4 0.55234375 0.15555555625 0.5609375 0.15555555625 0.56328125 0.10694444375 0.55625 0.10138888906250001 0.55 0.10694444375 0.5484375 0.1291666671875 0.55234375 0.15555555625