2 0.5319444437499999 0.0296875 0.5319444437499999 0.0359375 0.575 0.03671875 0.58194444375 0.0328125 0.5791666671875 0.02421875 0.5375 0.025 0.5319444437499999 0.0296875
1 0.89444444375 0.38359375 0.8986111109375001 0.3765625 0.8916666671875 0.36875 0.8652777781250001 0.371875 0.75555555625 0.37265625 0.7388888890625 0.36875 0.7402777781250001 0.359375 0.734722221875 0.3578125 0.727777778125 0.36875 0.7138888890625 0.37578125 0.7166666671875 0.38671875 0.709722221875 0.39375 0.7166666671875 0.3953125 0.734722221875 0.38671875 0.7666666671875 0.38515625 0.8861111109375001 0.3859375 0.89444444375 0.38359375
1 0.75555555625 0.46953125 0.7597222218749999 0.4671875 0.7611111109375 0.4625 0.7486111109375 0.4625 0.75 0.46875 0.75555555625 0.46953125
1 0.7736111109375 0.43828125 0.7708333328125 0.4296875 0.7611111109375 0.43203125 0.7569444437499999 0.43828125 0.7569444437499999 0.446875 0.7958333328125 0.446875 0.8194444437499999 0.45078125 0.8263888890625 0.45625 0.8541666671874999 0.45390625 0.9166666671874999 0.4546875 0.9138888890624999 0.44296875 0.7833333328125 0.4421875 0.7736111109375 0.43828125
6 0.840277778125 0.5984375 0.8388888890624999 0.575 0.8194444437499999 0.56875 0.8055555562500001 0.56640625 0.7805555562500001 0.5671875 0.7583333328124999 0.57734375 0.7402777781250001 0.6 0.7430555562500001 0.640625 0.747222221875 0.64375 0.7736111109375 0.64765625 0.7763888890625 0.6375 0.7833333328125 0.6328125 0.790277778125 0.6328125 0.79444444375 0.63671875 0.8083333328125001 0.63671875 0.8263888890625 0.60546875 0.840277778125 0.5984375
6 0.734722221875 0.7578125 0.75555555625 0.75546875 0.76805555625 0.76171875 0.7819444437499999 0.76171875 0.7861111109375 0.7578125 0.8027777781250001 0.753125 0.8125 0.73515625 0.8416666671874999 0.73046875 0.852777778125 0.6953125 0.8486111109375001 0.68828125 0.8333333328125001 0.68046875 0.83055555625 0.6703125 0.8194444437499999 0.66640625 0.8194444437499999 0.66171875 0.8041666671875 0.6640625 0.772222221875 0.66328125 0.7569444437499999 0.66875 0.7597222218749999 0.68515625 0.752777778125 0.69765625 0.725 0.70234375 0.715277778125 0.7109375 0.7166666671875 0.72109375 0.7291666671875 0.72890625 0.722222221875 0.73671875 0.722222221875 0.75546875 0.734722221875 0.7578125
7 0.8708333328125001 0.85625 0.8791666671874999 0.84921875 0.877777778125 0.83671875 0.86944444375 0.83515625 0.8486111109375001 0.84453125 0.8458333328125001 0.89296875 0.852777778125 0.89140625 0.86944444375 0.8671875 0.8708333328125001 0.85625
7 0.9277777781250001 0.92421875 0.91944444375 0.909375 0.9138888890624999 0.90703125 0.88055555625 0.90625 0.872222221875 0.91796875 0.88055555625 0.9515625 0.9013888890624999 0.95546875 0.9069444437499999 0.96015625 0.9 0.9625 0.8819444437499999 0.9625 0.89444444375 0.96953125 0.902777778125 0.96875 0.9138888890624999 0.9625 0.9069444437499999 0.95703125 0.91805555625 0.953125 0.9277777781250001 0.93828125 0.9277777781250001 0.92421875
7 0.9083333328125001 0.8984375 0.91944444375 0.896875 0.9291666671875 0.86875 0.9291666671875 0.8625 0.922222221875 0.8578125 0.9111111109375001 0.8625 0.897222221875 0.875 0.8861111109375001 0.8890625 0.8861111109375001 0.8953125 0.9083333328125001 0.8984375
7 0.7333333328125 0.93046875 0.76944444375 0.9296875 0.7986111109375 0.91875 0.81805555625 0.915625 0.8263888890625 0.9109375 0.8444444437499999 0.8796875 0.8444444437499999 0.81953125 0.8375 0.8171875 0.80694444375 0.815625 0.7805555562500001 0.81875 0.772222221875 0.8234375 0.7708333328125 0.83203125 0.7819444437499999 0.83671875 0.7819444437499999 0.846875 0.7638888890625 0.85078125 0.74444444375 0.87109375 0.7416666671875001 0.87890625 0.7236111109375 0.88203125 0.7194444437499999 0.88671875 0.7236111109375 0.89609375 0.722222221875 0.92421875 0.7333333328125 0.93046875
7 0.7666666671875 0.9890625 0.73194444375 0.9875 0.725 0.98984375 0.725 0.99375 0.73194444375 0.99921875 0.7791666671875 0.99921875 0.7819444437499999 0.99296875 0.7666666671875 0.9890625
7 0.7986111109375 0.92890625 0.7805555562500001 0.92734375 0.7638888890625 0.9328125 0.7597222218749999 0.94140625 0.76805555625 0.96015625 0.752777778125 0.96953125 0.772222221875 0.97421875 0.7875 0.975 0.797222221875 0.97265625 0.8194444437499999 0.94609375 0.83055555625 0.9234375 0.825 0.92265625 0.7986111109375 0.92890625
7 0.840277778125 0.98046875 0.85555555625 0.978125 0.8652777781250001 0.9640625 0.877777778125 0.9359375 0.875 0.92578125 0.86944444375 0.925 0.85694444375 0.93828125 0.8541666671874999 0.9546875 0.8458333328125001 0.9640625 0.840277778125 0.98046875
7 0.859722221875 0.78125 0.85 0.7859375 0.8486111109375001 0.790625 0.85 0.79296875 0.8680555562500001 0.79375 0.877777778125 0.79296875 0.8847222218749999 0.7890625 0.8888888890625 0.79375 0.9041666671874999 0.78828125 0.8833333328125 0.78828125 0.86944444375 0.7859375 0.8652777781250001 0.78125 0.859722221875 0.78125
7 0.9236111109375 0.74921875 0.8416666671874999 0.7453125 0.840277778125 0.76171875 0.847222221875 0.76875 0.8583333328125 0.7703125 0.9083333328125001 0.77109375 0.91944444375 0.76640625 0.9236111109375 0.74921875
7 0.9069444437499999 0.675 0.890277778125 0.6859375 0.8708333328125001 0.69140625 0.85694444375 0.70625 0.852777778125 0.71953125 0.8444444437499999 0.72578125 0.8444444437499999 0.73671875 0.9305555562500001 0.7390625 0.94305555625 0.71875 0.9458333328125 0.7015625 0.95555555625 0.68203125 0.952777778125 0.67734375 0.9444444437499999 0.6765625 0.9069444437499999 0.675
4 0.747222221875 0.50546875 0.7458333328125 0.509375 0.734722221875 0.5125 0.734722221875 0.50625 0.73055555625 0.51015625 0.725 0.5109375 0.7291666671875 0.5109375 0.73194444375 0.51484375 0.7569444437499999 0.5109375 0.8055555562500001 0.51171875 0.8111111109375001 0.50625 0.75625 0.50546875 0.7541666671875 0.509375 0.747222221875 0.50546875
4 0.7541666671875 0.7546875 0.734722221875 0.7578125 0.665277778125 0.75625 0.6583333328125 0.75390625 0.6569444437499999 0.7609375 0.76805555625 0.76640625 0.76944444375 0.76171875 0.7541666671875 0.7546875
4 0.09444444375 0.16171875 0.09305555625 0.1640625 0.097222221875 0.16796875 0.12361111093749999 0.16953125 0.1375 0.16328125 0.16805555625 0.15625 0.2 0.1578125 0.25555555625 0.153125 0.275 0.14453125 0.28611111093749997 0.1359375 0.309722221875 0.1296875 0.3083333328125 0.12265625 0.29444444375 0.11640625 0.27777777812500004 0.1171875 0.2666666671875 0.12109375 0.2513888890625 0.11796875 0.2166666671875 0.1171875 0.19583333281249998 0.11328125 0.19305555624999998 0.1203125 0.20833333281250002 0.12578125 0.20416666718749998 0.1296875 0.18055555625 0.1375 0.1361111109375 0.13828125 0.11805555625 0.14921875 0.10555555624999999 0.15 0.10555555624999999 0.16015625 0.09444444375 0.16171875
4 0.7194444437499999 0.64921875 0.7166666671875 0.65625 0.7208333328125 0.66015625 0.8 0.66328125 0.827777778125 0.65625 0.827777778125 0.65234375 0.8194444437499999 0.65 0.7986111109375 0.65234375 0.7402777781250001 0.64765625 0.73194444375 0.65078125 0.7194444437499999 0.64921875
4 0.777777778125 0.44765625 0.715277778125 0.4484375 0.7111111109375 0.44921875 0.7111111109375 0.45390625 0.7430555562500001 0.45546875 0.7166666671875 0.46640625 0.725 0.46796875 0.75 0.46171875 0.80694444375 0.4625 0.8208333328125 0.45625 0.8194444437499999 0.45078125 0.7819444437499999 0.4453125 0.777777778125 0.44765625