1 0.3953125 0.2833333328125 0.3859375 0.2541666671875 0.3859375 0.2166666671875 0.38984375 0.19444444375 0.3890625 0.140277778125 0.38515625 0.127777778125 0.384375 0.10555555624999999 0.37734375 0.102777778125 0.371875 0.10833333281249999 0.371875 0.25555555625 0.3578125 0.259722221875 0.3578125 0.26527777812500003 0.36875 0.272222221875 0.37578125 0.28611111093749997 0.38671875 0.2833333328125 0.39375 0.2888888890625 0.3953125 0.2833333328125
1 0.43203125 0.2388888890625 0.4375 0.24305555625 0.4515625 0.25 0.46875 0.2513888890625 0.46875 0.24305555625 0.45390625 0.23055555625 0.45390625 0.1861111109375 0.45625 0.16805555625 0.4546875 0.09305555625 0.45 0.08055555625000001 0.4421875 0.0916666671875 0.4421875 0.15 0.43828125 0.16388888906250001 0.4421875 0.1916666671875 0.44140625 0.21944444375 0.4375 0.22777777812500002 0.4296875 0.22638888906250001 0.42890625 0.23055555625 0.43203125 0.2388888890625
6 0.70859375 0.2833333328125 0.7203125 0.2833333328125 0.72890625 0.2708333328125 0.7375 0.27777777812500004 0.74453125 0.27777777812500004 0.7609375 0.27638888906250003 0.76328125 0.26944444375 0.7640625 0.2388888890625 0.76171875 0.2166666671875 0.75078125 0.19305555624999998 0.73671875 0.1888888890625 0.73125 0.1611111109375 0.72734375 0.15555555625 0.69140625 0.15 0.68046875 0.16388888906250001 0.675 0.1611111109375 0.6609375 0.16805555625 0.6546875 0.1861111109375 0.65390625 0.21111111093749999 0.6609375 0.2375 0.66328125 0.2416666671875 0.6828125 0.2388888890625 0.69765625 0.24722222187499998 0.70078125 0.25555555625 0.70234375 0.275 0.70859375 0.2833333328125
6 0.65703125 0.240277778125 0.6546875 0.22916666718749998 0.6390625 0.2236111109375 0.634375 0.21805555625 0.63671875 0.197222221875 0.63203125 0.197222221875 0.62421875 0.184722221875 0.6109375 0.18055555625 0.5984375 0.1611111109375 0.5765625 0.15972222187500001 0.56875 0.17916666718750002 0.56640625 0.19444444375 0.56875 0.22777777812500002 0.5734375 0.23194444375 0.5765625 0.2416666671875 0.5859375 0.25 0.5984375 0.259722221875 0.65625 0.25555555625 0.65703125 0.240277778125
7 0.8453125 0.1513888890625 0.8861328125 0.1541666671875 0.8873814828125001 0.14782421875 0.88125 0.140277778125 0.85078125 0.12222222187500001 0.84375 0.12222222187500001 0.83984375 0.13055555624999998 0.8390625 0.1361111109375 0.8453125 0.1513888890625
7 0.96796875 0.11388888906250001 0.96953125 0.097222221875 0.9625 0.08333333281250001 0.96171875 0.11805555625 0.9640625 0.11805555625 0.96796875 0.11388888906250001
7 0.9390625 0.072222221875 0.9234375 0.072222221875 0.9078125 0.08194444375 0.90625 0.11944444375 0.91953125 0.127777778125 0.925 0.127777778125 0.92890625 0.12222222187500001 0.946875 0.12222222187500001 0.95390625 0.10138888906250001 0.95390625 0.08333333281250001 0.9390625 0.072222221875
7 0.8578125 0.077777778125 0.85703125 0.08055555625000001 0.875 0.102777778125 0.8890625 0.11388888906250001 0.8953125 0.11388888906250001 0.896875 0.08055555625000001 0.86953125 0.07083333281250001 0.8625 0.07083333281250001 0.8578125 0.077777778125
7 0.20390625 0.1458333328125 0.171875 0.1111111109375 0.1515625 0.109722221875 0.14453125 0.1263888890625 0.1484375 0.1666666671875 0.15390625 0.16944444375 0.16171875 0.1875 0.175 0.1875 0.1828125 0.19583333281249998 0.1921875 0.19583333281249998 0.20546875 0.1708333328125 0.20390625 0.1458333328125
7 0.85078125 0.23611111093749998 0.878125 0.25833333281250004 0.8859375 0.28055555625 0.8953125 0.27638888906250003 0.921875 0.27777777812500004 0.9296875 0.26805555625 0.93046875 0.23194444375 0.92578125 0.2236111109375 0.91640625 0.1833333328125 0.9109375 0.17361111093749998 0.88046875 0.15555555625 0.81875 0.15555555625 0.8140625 0.1888888890625 0.8171875 0.19583333281249998 0.8171875 0.2166666671875 0.821875 0.22638888906250001 0.8296875 0.22916666718749998 0.83828125 0.2125 0.8484375 0.2166666671875 0.85078125 0.23611111093749998
7 0.29609375 0.172222221875 0.3046875 0.19305555624999998 0.321875 0.19444444375 0.32578125 0.1916666671875 0.3328125 0.165277778125 0.3515625 0.1708333328125 0.36875 0.16805555625 0.36953125 0.109722221875 0.38046875 0.10138888906250001 0.3796875 0.0375 0.37578125 0.034722221875 0.35546875 0.055555556250000006 0.34140625 0.052777778124999994 0.33515625 0.058333332812500006 0.32890625 0.04305555625 0.29296875 0.047222221875 0.28125 0.055555556250000006 0.27890625 0.072222221875 0.275 0.077777778125 0.278125 0.08194444375 0.275 0.10555555624999999 0.275 0.1625 0.28125 0.16944444375 0.28203125 0.177777778125 0.29609375 0.172222221875
7 0.40078125 0.17916666718750002 0.40703125 0.184722221875 0.42109375 0.184722221875 0.42734375 0.177777778125 0.4390625 0.1541666671875 0.44140625 0.11944444375 0.45546875 0.1208333328125 0.45625 0.17916666718750002 0.465625 0.177777778125 0.47578125 0.1541666671875 0.478125 0.13888888906250002 0.4765625 0.06527777812499999 0.4734375 0.0333333328125 0.4671875 0.009722221875000001 0.42578125 0.006944443749999999 0.41640625 0.013888889062500001 0.39375 0.0208333328125 0.3890625 0.030555556249999997 0.3890625 0.0638888890625 0.39140625 0.07638888906249999 0.3890625 0.08055555625000001 0.38828125 0.11805555625 0.39453125 0.134722221875 0.39453125 0.15555555625 0.4 0.1666666671875 0.40078125 0.17916666718750002
7 0.9921875 0.272222221875 0.99765625 0.2708333328125 0.99921875 0.2208333328125 0.99296875 0.21805555625 0.98828125 0.23333333281250002 0.9875 0.26805555625 0.9921875 0.272222221875
7 0.97421875 0.20555555625 0.96875 0.197222221875 0.928125 0.16944444375 0.92265625 0.16805555625 0.91953125 0.172222221875 0.91875 0.1875 0.925 0.20416666718749998 0.92734375 0.2208333328125 0.93515625 0.2388888890625 0.9578125 0.23472222187499997 0.96875 0.24722222187499998 0.971875 0.24305555625 0.97421875 0.20555555625
7 0.959375 0.13194444375 0.9359375 0.12222222187500001 0.9265625 0.125 0.92578125 0.13055555624999998 0.92890625 0.13055555624999998 0.9375 0.14305555625 0.95390625 0.1458333328125 0.96484375 0.15555555625 0.98046875 0.15972222187500001 0.9796875 0.1458333328125 0.959375 0.13194444375
7 0.78125 0.140277778125 0.78671875 0.15277777812499999 0.790625 0.15277777812499999 0.79375 0.1458333328125 0.79296875 0.1208333328125 0.7890625 0.115277778125 0.7859375 0.1208333328125 0.78125 0.140277778125
7 0.79296875 0.109722221875 0.79765625 0.1 0.79453125 0.09444444375 0.78828125 0.09444444375 0.7890625 0.1041666671875 0.79296875 0.109722221875
7 0.7453125 0.1583333328125 0.7625 0.15972222187500001 0.76875 0.1513888890625 0.7703125 0.0861111109375 0.76640625 0.08055555625000001 0.75078125 0.075 0.7484375 0.090277778125 0.7453125 0.1583333328125
7 0.73828125 0.06805555625000001 0.6921875 0.047222221875 0.6796875 0.0458333328125 0.67734375 0.047222221875 0.6765625 0.055555556250000006 0.6765625 0.097222221875 0.6890625 0.1111111109375 0.69453125 0.13055555624999998 0.7265625 0.15555555625 0.734375 0.1583333328125 0.7375 0.1541666671875 0.73984375 0.0861111109375 0.73828125 0.06805555625000001