2 0.41805555625 0.96640625 0.41805555625 0.97421875 0.42222222187499997 0.97578125 0.4583333328125 0.975 0.46805555625000006 0.97109375 0.46805555625000006 0.96328125 0.4625 0.9609375 0.42222222187499997 0.96328125 0.41805555625 0.96640625
1 0.1583333328125 0.61484375 0.1541666671875 0.61171875 0.109722221875 0.61484375 0.1041666671875 0.61953125 0.1041666671875 0.62578125 0.109722221875 0.63046875 0.1541666671875 0.62734375 0.24722222187499998 0.62734375 0.259722221875 0.63125 0.259722221875 0.63984375 0.26527777812500003 0.640625 0.272222221875 0.63125 0.2888888890625 0.62421875 0.2888888890625 0.61953125 0.2833333328125 0.615625 0.2888888890625 0.60546875 0.27777777812500004 0.60625 0.2638888890625 0.61328125 0.2375 0.61484375 0.1583333328125 0.61484375
1 0.08194444375 0.55 0.0861111109375 0.55703125 0.215277778125 0.5578125 0.22638888906250001 0.56171875 0.22638888906250001 0.56875 0.23055555625 0.5703125 0.2388888890625 0.5671875 0.24305555625 0.56015625 0.2513888890625 0.5328125 0.24305555625 0.53125 0.23611111093749998 0.54296875 0.2166666671875 0.54765625 0.16944444375 0.54375 0.14861111093749999 0.54609375 0.084722221875 0.5453125 0.08194444375 0.55
6 0.2125 0.2421875 0.197222221875 0.2453125 0.1875 0.26484375 0.1583333328125 0.26953125 0.15 0.29375 0.15 0.309375 0.16805555625 0.321875 0.16805555625 0.3390625 0.1763888890625 0.34375 0.2166666671875 0.34375 0.2416666671875 0.3359375 0.2388888890625 0.315625 0.24722222187499998 0.30234375 0.2541666671875 0.29921875 0.275 0.29765625 0.28472222187499996 0.28828125 0.2833333328125 0.27890625 0.2708333328125 0.27109375 0.27777777812500004 0.2625 0.27638888906250003 0.23828125 0.2666666671875 0.2359375 0.2166666671875 0.23828125 0.2125 0.2421875
6 0.1916666671875 0.36328125 0.17361111093749998 0.39375 0.15972222187500001 0.4015625 0.1611111109375 0.425 0.18055555625 0.43125 0.20694444375 0.43359375 0.22916666718749998 0.43046875 0.23055555625 0.4265625 0.2416666671875 0.42265625 0.24722222187499998 0.41171875 0.259722221875 0.4015625 0.25833333281250004 0.34921875 0.2513888890625 0.34296875 0.22916666718749998 0.3453125 0.222222221875 0.3640625 0.2166666671875 0.3671875 0.20972222187499998 0.3671875 0.20555555625 0.36328125 0.1916666671875 0.36328125
7 0.1513888890625 0.15546875 0.15 0.13359375 0.15555555625 0.115625 0.14444444375 0.11796875 0.147222221875 0.1109375 0.15555555625 0.10859375 0.1541666671875 0.10703125 0.147222221875 0.11015625 0.13055555624999998 0.1328125 0.12222222187500001 0.15 0.12222222187500001 0.16328125 0.1291666671875 0.1640625 0.1513888890625 0.15546875
7 0.10555555624999999 0.03046875 0.097222221875 0.03125 0.0958333328125 0.0359375 0.11805555625 0.0375 0.10555555624999999 0.03046875
7 0.12222222187500001 0.07421875 0.1208333328125 0.05078125 0.115277778125 0.04765625 0.0916666671875 0.0453125 0.08055555625000001 0.0484375 0.07083333281250001 0.06953125 0.08333333281250001 0.09296875 0.11944444375 0.09375 0.125 0.0875 0.127777778125 0.078125 0.12222222187500001 0.07421875
7 0.09444444375 0.10234375 0.08055555625000001 0.10390625 0.07083333281250001 0.13125 0.07083333281250001 0.1375 0.07638888906249999 0.14296875 0.08055555625000001 0.14375 0.102777778125 0.125 0.11388888906250001 0.11015625 0.11388888906250001 0.1046875 0.09444444375 0.10234375
7 0.2666666671875 0.06953125 0.23194444375 0.06953125 0.2236111109375 0.07421875 0.18194444375000002 0.084375 0.172222221875 0.090625 0.15555555625 0.11953125 0.15555555625 0.14375 0.15972222187500001 0.146875 0.15555555625 0.15625 0.15555555625 0.18046875 0.16805555625 0.18359375 0.19444444375 0.184375 0.22638888906250001 0.1796875 0.22916666718749998 0.16953125 0.21805555625 0.1625 0.21805555625 0.153125 0.23611111093749998 0.14921875 0.25555555625 0.12890625 0.25833333281250004 0.12109375 0.27638888906250003 0.11796875 0.28055555625 0.11328125 0.27638888906250003 0.10390625 0.2791666671875 0.07890625 0.27777777812500004 0.075 0.2666666671875 0.06953125
7 0.272222221875 0.00703125 0.2708333328125 0.00078125 0.2208333328125 0.00078125 0.21944444375 0.00703125 0.23472222187499997 0.01171875 0.2666666671875 0.0125 0.272222221875 0.00703125
7 0.1888888890625 0.08203125 0.20138888906250002 0.07578125 0.2125 0.075 0.23611111093749998 0.0671875 0.240277778125 0.06328125 0.240277778125 0.0375 0.24722222187499998 0.03125 0.24305555625 0.028125 0.22638888906250001 0.025 0.20277777812500003 0.0265625 0.16944444375 0.071875 0.16805555625 0.078125 0.17361111093749998 0.08125 0.1888888890625 0.08203125
7 0.147222221875 0.05546875 0.1458333328125 0.04453125 0.1541666671875 0.0359375 0.15972222187500001 0.01953125 0.14444444375 0.02109375 0.140277778125 0.0265625 0.12222222187500001 0.06640625 0.134722221875 0.06875 0.12361111093749999 0.07421875 0.13055555624999998 0.075 0.14305555625 0.0625 0.147222221875 0.05546875
7 0.13888888906250002 0.2203125 0.1513888890625 0.2140625 0.1513888890625 0.20703125 0.1208333328125 0.20703125 0.1208333328125 0.2140625 0.13055555624999998 0.21484375 0.13888888906250002 0.2203125
7 0.0958333328125 0.203125 0.09305555625 0.2109375 0.1 0.21171875 0.11388888906250001 0.20703125 0.10555555624999999 0.203125 0.0958333328125 0.203125
7 0.0916666671875 0.22890625 0.08333333281250001 0.23125 0.075 0.246875 0.07638888906249999 0.25078125 0.0875 0.2515625 0.1583333328125 0.2546875 0.15972222187500001 0.23828125 0.15 0.23125 0.1416666671875 0.2296875 0.0916666671875 0.22890625
7 0.04444444375 0.3203125 0.0486111109375 0.3234375 0.09305555625 0.325 0.10138888906250001 0.32265625 0.10555555624999999 0.31484375 0.11805555625 0.309375 0.1291666671875 0.3109375 0.1416666671875 0.29765625 0.1458333328125 0.284375 0.15555555625 0.27421875 0.15694444375 0.2640625 0.06944444375 0.26171875 0.058333332812500006 0.27890625 0.0513888890625 0.30546875 0.047222221875 0.30859375 0.04444444375 0.3203125