2 0.58055555625 0.025 0.5375 0.025 0.5305555562500001 0.03046875 0.5361111109375 0.04296875 0.5527777781250001 0.04375 0.5625 0.0375 0.5791666671875 0.0359375 0.58055555625 0.025
1 0.8055555562500001 0.3875 0.8430555562500001 0.3859375 0.8458333328125001 0.38828125 0.8888888890625 0.38671875 0.89444444375 0.38359375 0.897222221875 0.3734375 0.8861111109375001 0.3703125 0.847222221875 0.37265625 0.7486111109375 0.37265625 0.7402777781250001 0.36875 0.7402777781250001 0.36015625 0.734722221875 0.359375 0.727777778125 0.36796875 0.7138888890625 0.375 0.7111111109375 0.3796875 0.715277778125 0.38828125 0.709722221875 0.39453125 0.7166666671875 0.3953125 0.7402777781250001 0.38671875 0.765277778125 0.38515625 0.8055555562500001 0.3875
1 0.8291666671875 0.45625 0.8444444437499999 0.45625 0.8513888890624999 0.45390625 0.9138888890624999 0.4546875 0.9166666671874999 0.45078125 0.9125 0.44296875 0.7833333328125 0.4421875 0.772222221875 0.43828125 0.7736111109375 0.43125 0.76944444375 0.4296875 0.7597222218749999 0.434375 0.75 0.45546875 0.7486111109375 0.4609375 0.7611111109375 0.4609375 0.7597222218749999 0.46640625 0.7486111109375 0.46796875 0.7569444437499999 0.46875 0.775 0.45390625 0.81805555625 0.45390625 0.8291666671875 0.45625
6 0.7819444437499999 0.7609375 0.784722221875 0.7640625 0.7875 0.76015625 0.8027777781250001 0.75546875 0.8083333328125001 0.74921875 0.809722221875 0.73671875 0.8430555562500001 0.72890625 0.85 0.6921875 0.834722221875 0.6796875 0.83194444375 0.66796875 0.8236111109375001 0.66640625 0.8236111109375001 0.66328125 0.83055555625 0.6609375 0.8263888890625 0.66171875 0.8208333328125 0.65625 0.7888888890625 0.65546875 0.7611111109375 0.66171875 0.7569444437499999 0.6671875 0.7597222218749999 0.68125 0.752777778125 0.69765625 0.727777778125 0.70234375 0.7180555562500001 0.7078125 0.715277778125 0.71953125 0.727777778125 0.72890625 0.7208333328125 0.73984375 0.722222221875 0.759375 0.727777778125 0.76328125 0.7611111109375 0.7640625 0.7819444437499999 0.7609375
6 0.840277778125 0.5984375 0.8388888890624999 0.575 0.8194444437499999 0.56875 0.8041666671875 0.56640625 0.7819444437499999 0.5671875 0.7569444437499999 0.57734375 0.7402777781250001 0.60546875 0.7416666671875001 0.646875 0.7430555562500001 0.653125 0.75 0.65703125 0.7708333328125 0.65546875 0.777777778125 0.63671875 0.7819444437499999 0.634375 0.797222221875 0.6375 0.809722221875 0.63671875 0.8263888890625 0.60625 0.840277778125 0.5984375
7 0.73194444375 0.93046875 0.7666666671875 0.93046875 0.7763888890625 0.92578125 0.8166666671874999 0.91640625 0.8263888890625 0.9109375 0.8444444437499999 0.8859375 0.8444444437499999 0.85703125 0.83194444375 0.8515625 0.8444444437499999 0.83828125 0.8444444437499999 0.81875 0.8375 0.8171875 0.80694444375 0.8140625 0.7986111109375 0.8171875 0.7791666671875 0.81875 0.772222221875 0.8234375 0.7708333328125 0.83203125 0.7819444437499999 0.83671875 0.7819444437499999 0.84609375 0.7638888890625 0.85078125 0.7416666671875001 0.878125 0.725 0.88125 0.7194444437499999 0.88671875 0.7236111109375 0.89609375 0.7208333328125 0.92265625 0.73194444375 0.93046875
7 0.8486111109375001 0.84453125 0.8458333328125001 0.85390625 0.85 0.8671875 0.8458333328125001 0.8859375 0.852777778125 0.8875 0.8458333328125001 0.8921875 0.852777778125 0.88984375 0.85694444375 0.8765625 0.86944444375 0.8671875 0.8791666671874999 0.85 0.877777778125 0.83984375 0.8652777781250001 0.8390625 0.8486111109375001 0.84453125
7 0.8819444437499999 0.9640625 0.8958333328125001 0.971875 0.902777778125 0.971875 0.9069444437499999 0.9640625 0.897222221875 0.9625 0.8819444437499999 0.96171875 0.8819444437499999 0.9640625
7 0.9041666671874999 0.95625 0.9166666671874999 0.953125 0.9277777781250001 0.9375 0.9277777781250001 0.92421875 0.9166666671874999 0.90703125 0.88055555625 0.90625 0.8708333328125001 0.921875 0.8736111109375001 0.93828125 0.8819444437499999 0.9515625 0.9041666671874999 0.95625
7 0.8861111109375001 0.8890625 0.8861111109375001 0.8953125 0.9069444437499999 0.89765625 0.91944444375 0.89609375 0.9291666671875 0.871875 0.9291666671875 0.86328125 0.922222221875 0.85703125 0.91944444375 0.85625 0.909722221875 0.86328125 0.897222221875 0.87578125 0.8861111109375001 0.8890625
7 0.7208333328125 0.99375 0.727777778125 0.99921875 0.7805555562500001 0.99921875 0.7819444437499999 0.99296875 0.76805555625 0.9890625 0.73194444375 0.98828125 0.7208333328125 0.99375
7 0.825 0.91875 0.8138888890624999 0.91796875 0.8055555562500001 0.92265625 0.7888888890625 0.925 0.7833333328125 0.92890625 0.76944444375 0.93046875 0.7611111109375 0.93515625 0.7611111109375 0.959375 0.75 0.96875 0.7569444437499999 0.97265625 0.79444444375 0.975 0.8027777781250001 0.9703125 0.83055555625 0.92890625 0.83194444375 0.92265625 0.825 0.91875
7 0.8486111109375001 0.98046875 0.85555555625 0.9765625 0.8652777781250001 0.96171875 0.875 0.9421875 0.872222221875 0.9265625 0.8625 0.93359375 0.85555555625 0.9484375 0.85 0.9515625 0.8388888890624999 0.98046875 0.8486111109375001 0.98046875
7 0.8458333328125001 0.78984375 0.85 0.79375 0.872222221875 0.7953125 0.8847222218749999 0.79296875 0.8888888890625 0.7859375 0.8680555562500001 0.784375 0.8625 0.77734375 0.8583333328125 0.78359375 0.847222221875 0.7859375 0.8458333328125001 0.78984375
7 0.8888888890625 0.79609375 0.9041666671874999 0.79765625 0.9055555562500001 0.7890625 0.89444444375 0.790625 0.8888888890625 0.79609375
7 0.8444444437499999 0.74453125 0.840277778125 0.7453125 0.8388888890624999 0.75078125 0.840277778125 0.76328125 0.8458333328125001 0.76875 0.8625 0.77109375 0.9069444437499999 0.77109375 0.91805555625 0.7671875 0.922222221875 0.76171875 0.9277777781250001 0.75078125 0.922222221875 0.74921875 0.88055555625 0.7484375 0.8444444437499999 0.74453125
7 0.952777778125 0.67890625 0.9416666671874999 0.6765625 0.9055555562500001 0.67578125 0.8958333328125001 0.68125 0.8916666671875 0.68828125 0.88055555625 0.6921875 0.8708333328125001 0.69140625 0.85694444375 0.70546875 0.852777778125 0.71796875 0.8444444437499999 0.72578125 0.8444444437499999 0.73671875 0.9305555562500001 0.7390625 0.940277778125 0.72421875 0.9458333328125 0.7 0.95555555625 0.6828125 0.952777778125 0.67890625