0 0.006944443749999999 0 0.0361111109375 0.10234375 0.04444444375 0.12109375 0.05694444375 0.12734375 0.0486111109375 0.1328125 0.04444444375 0.14296875 0.03194444375 0.15390625 0.030555556249999997 0.16953125 0.0361111109375 0.1875 0.052777778124999994 0.1984375 0.0861111109375 0.20625 0.1111111109375 0.22890625 0.1375 0.234375 0.21111111093749999 0.22890625 0.27777777812500004 0.215625 0.30555555624999997 0.2 0.31805555625 0.1859375 0.32083333281250004 0.10234375 0.3333333328125 0.096875 0.3375 0.09765625 0.34027777812500004 0.10546875 0.3541666671875 0.1015625 0.3458333328125 0.09375 0.3375 0.09140625 0.352777778125 0.08046875 0.4138888890625 0.04921875 0.40833333281249995 0.04921875 0.38194444375000003 0.0625 0.34305555625 0.06484375 0.34027777812500004 0.01953125 0.334722221875 0 0.006944443749999999 0
2 0.5791666671875 0.02421875 0.5388888890625 0.025 0.5319444437499999 0.028125 0.5319444437499999 0.03671875 0.5361111109375 0.0390625 0.577777778125 0.03671875 0.58194444375 0.03359375 0.5791666671875 0.02421875
1 0.8416666671874999 0.38515625 0.8458333328125001 0.38828125 0.8583333328125 0.3859375 0.8888888890625 0.3859375 0.8958333328125001 0.38046875 0.8958333328125001 0.371875 0.8875 0.36875 0.840277778125 0.37265625 0.7486111109375 0.37265625 0.7402777781250001 0.36875 0.7402777781250001 0.359375 0.7361111109375 0.3578125 0.7291666671875 0.3671875 0.7111111109375 0.37734375 0.7180555562500001 0.3859375 0.709722221875 0.39375 0.7166666671875 0.3953125 0.7375 0.38671875 0.7625 0.38515625 0.8027777781250001 0.3875 0.8416666671874999 0.38515625
1 0.9138888890624999 0.44296875 0.784722221875 0.4421875 0.7736111109375 0.43828125 0.7736111109375 0.43046875 0.76944444375 0.4296875 0.7611111109375 0.4328125 0.7569444437499999 0.43828125 0.7486111109375 0.46796875 0.7569444437499999 0.46875 0.765277778125 0.45625 0.7833333328125 0.45234375 0.83194444375 0.45625 0.8513888890624999 0.45390625 0.9166666671874999 0.45390625 0.9138888890624999 0.44296875
6 0.8041666671875 0.75390625 0.8125 0.73515625 0.8416666671874999 0.73046875 0.852777778125 0.69453125 0.8444444437499999 0.68515625 0.834722221875 0.68125 0.827777778125 0.66484375 0.83194444375 0.6609375 0.827777778125 0.65703125 0.7833333328125 0.65625 0.7583333328124999 0.6640625 0.7569444437499999 0.675 0.7611111109375 0.6828125 0.752777778125 0.696875 0.747222221875 0.7 0.725 0.70234375 0.715277778125 0.71171875 0.715277778125 0.71875 0.7236111109375 0.72578125 0.722222221875 0.753125 0.7263888890625 0.7625 0.7833333328125 0.7625 0.8041666671875 0.75390625
6 0.840277778125 0.59765625 0.8388888890624999 0.57578125 0.8194444437499999 0.56875 0.7916666671875 0.56640625 0.7708333328125 0.56953125 0.7597222218749999 0.5765625 0.752777778125 0.58828125 0.7416666671875001 0.59765625 0.7416666671875001 0.65078125 0.7486111109375 0.65703125 0.7708333328125 0.6546875 0.777777778125 0.63671875 0.784722221875 0.6328125 0.79444444375 0.63671875 0.8083333328125001 0.63671875 0.8263888890625 0.60703125 0.840277778125 0.59765625
7 0.8458333328125001 0.89296875 0.852777778125 0.89140625 0.85694444375 0.88046875 0.8652777781250001 0.87421875 0.875 0.85078125 0.8791666671874999 0.8484375 0.8763888890624999 0.8421875 0.86944444375 0.8421875 0.8638888890624999 0.8390625 0.8486111109375001 0.84453125 0.8458333328125001 0.89296875
7 0.8847222218749999 0.96640625 0.8986111109375001 0.971875 0.9111111109375001 0.9625 0.8819444437499999 0.9625 0.8847222218749999 0.96640625
7 0.872222221875 0.9234375 0.877777778125 0.9265625 0.877777778125 0.94765625 0.8819444437499999 0.9515625 0.897222221875 0.9546875 0.9166666671874999 0.95390625 0.9277777781250001 0.93828125 0.9277777781250001 0.92265625 0.915277778125 0.90703125 0.88055555625 0.90625 0.872222221875 0.91953125 0.872222221875 0.9234375
7 0.9291666671875 0.86953125 0.9291666671875 0.8625 0.922222221875 0.85703125 0.91944444375 0.85625 0.897222221875 0.875 0.8861111109375001 0.88984375 0.8861111109375001 0.8953125 0.91944444375 0.896875 0.9291666671875 0.86953125
7 0.7333333328125 0.93046875 0.7666666671875 0.93046875 0.7791666671875 0.925 0.8194444437499999 0.915625 0.827777778125 0.909375 0.8444444437499999 0.88046875 0.8444444437499999 0.85625 0.840277778125 0.853125 0.8444444437499999 0.8484375 0.8444444437499999 0.81953125 0.8375 0.8171875 0.8125 0.8140625 0.7791666671875 0.81875 0.7708333328125 0.82421875 0.772222221875 0.834375 0.7819444437499999 0.8375 0.7819444437499999 0.846875 0.7638888890625 0.85078125 0.7458333328125 0.86953125 0.7416666671875001 0.87890625 0.725 0.88125 0.7194444437499999 0.88671875 0.7236111109375 0.89609375 0.722222221875 0.925 0.7333333328125 0.93046875
7 0.7194444437499999 0.99453125 0.7236111109375 0.99921875 0.7805555562500001 0.99921875 0.7819444437499999 0.9921875 0.76805555625 0.9890625 0.7291666671875 0.9875 0.7194444437499999 0.99453125
7 0.7986111109375 0.92421875 0.7875 0.925 0.7638888890625 0.9328125 0.7597222218749999 0.9375 0.7597222218749999 0.9625 0.7541666671875 0.9703125 0.7763888890625 0.975 0.797222221875 0.9734375 0.83055555625 0.92890625 0.83194444375 0.921875 0.825 0.91875 0.8083333328125001 0.91875 0.7986111109375 0.92421875
7 0.85694444375 0.9765625 0.8736111109375001 0.94609375 0.8763888890624999 0.9265625 0.86944444375 0.925 0.85694444375 0.93671875 0.8541666671874999 0.95390625 0.8458333328125001 0.96328125 0.840277778125 0.98046875 0.85694444375 0.9765625
7 0.8791666671874999 0.7859375 0.8680555562500001 0.78515625 0.8611111109375 0.78046875 0.85694444375 0.784375 0.8486111109375001 0.7859375 0.8486111109375001 0.79296875 0.8791666671874999 0.79296875 0.8791666671874999 0.7859375
7 0.897222221875 0.7890625 0.8916666671875 0.79296875 0.89305555625 0.79609375 0.902777778125 0.79765625 0.9069444437499999 0.79140625 0.9069444437499999 0.78828125 0.897222221875 0.7890625
7 0.840277778125 0.76171875 0.8486111109375001 0.76875 0.9069444437499999 0.77109375 0.91944444375 0.76640625 0.9236111109375 0.74921875 0.8416666671874999 0.7453125 0.840277778125 0.76171875
7 0.9541666671875 0.67734375 0.9472222218749999 0.6765625 0.9069444437499999 0.675 0.8958333328125001 0.68046875 0.8916666671875 0.6875 0.8708333328125001 0.6890625 0.8583333328125 0.70234375 0.8541666671874999 0.71796875 0.8444444437499999 0.7265625 0.8444444437499999 0.73671875 0.925 0.7390625 0.93194444375 0.7375 0.9444444437499999 0.715625 0.9458333328125 0.7015625 0.95555555625 0.6828125 0.9541666671875 0.67734375