0 0.00078125 0.659722221875 0.00078125 0.7333333328125 0.00625 0.7416666671875001 0.0125 0.7430555562500001 0.0171875 0.7208333328125 0.02109375 0.6611111109375 0.00078125 0.659722221875
0 0.09296875 0.7041666671875 0.075 0.672222221875 0.05859375 0.66944444375 0.05 0.6486111109375 0.0421875 0.64444444375 0.03984375 0.6486111109375 0.0359375 0.6888888890625 0.0328125 0.6972222218749999 0.0296875 0.752777778125 0.0578125 0.76805555625 0.06953125 0.76805555625 0.08125 0.75555555625 0.0875 0.7402777781250001 0.09296875 0.7041666671875
2 0.98671875 0.56805555625 0.9859375 0.527777778125 0.98203125 0.522222221875 0.975 0.522222221875 0.9671875 0.5333333328125 0.96953125 0.5513888890625 0.97734375 0.575 0.98671875 0.56805555625
1 0.54765625 0.7805555562500001 0.54765625 0.8194444437499999 0.5453125 0.827777778125 0.54609375 0.9166666671874999 0.55546875 0.91944444375 0.5578125 0.9138888890624999 0.55859375 0.784722221875 0.5625 0.7708333328125 0.57421875 0.7736111109375 0.57421875 0.76944444375 0.571875 0.7666666671875 0.56953125 0.772222221875 0.565625 0.7708333328125 0.56796875 0.7597222218749999 0.5625 0.7569444437499999 0.54765625 0.75 0.53125 0.7486111109375 0.53125 0.7569444437499999 0.54453125 0.765277778125 0.54765625 0.7805555562500001
1 0.6171875 0.875 0.6171875 0.89444444375 0.61953125 0.8986111109375001 0.62734375 0.8986111109375001 0.6296875 0.89444444375 0.628125 0.7515875000000001 0.64296875 0.7458333328125 0.63828125 0.7402777781250001 0.63828125 0.73194444375 0.64375 0.734722221875 0.63359375 0.7291666671875 0.625 0.7138888890625 0.6125 0.7194444437499999 0.59921875 0.7111111109375 0.5984375 0.7194444437499999 0.6109375 0.73194444375 0.61484375 0.7430555562500001 0.6140625 0.8652777781250001 0.6171875 0.875
6 0.43359375 0.8055555562500001 0.4328125 0.7805555562500001 0.42109375 0.75555555625 0.396875 0.7402777781250001 0.34921875 0.7416666671875001 0.34375 0.7458333328125 0.3453125 0.76944444375 0.36640625 0.7819444437499999 0.37265625 0.8111111109375001 0.39453125 0.8263888890625 0.40078125 0.8388888890624999 0.4234375 0.840277778125 0.43046875 0.827777778125 0.43359375 0.8055555562500001
6 0.2203125 0.7708333328125 0.21875 0.7583333328124999 0.22109375 0.7263888890625 0.21796875 0.7236111109375 0.2125 0.734722221875 0.21171875 0.7666666671875 0.2171875 0.7763888890625 0.2203125 0.7708333328125
6 0.21875 0.8194444437499999 0.22109375 0.8236111109375001 0.22578125 0.8208333328125 0.21875 0.8194444437499999
6 0.22578125 0.8296875 0.0015625 0.0015625
6 0.25703125 0.722222221875 0.25 0.7333333328125 0.24921875 0.7569444437499999 0.23671875 0.7569444437499999 0.23359375 0.765277778125 0.23125 0.8194444437499999 0.23984375 0.8333333328125001 0.23828125 0.840277778125 0.24296875 0.8819444437499999 0.25 0.89444444375 0.27421875 0.9041666671874999 0.2890625 0.9041666671874999 0.29765625 0.89444444375 0.3015625 0.85694444375 0.31171875 0.8444444437499999 0.31640625 0.83055555625 0.3125 0.8208333328125 0.31171875 0.775 0.30546875 0.7611111109375 0.29296875 0.7583333328124999 0.2890625 0.7611111109375 0.28359375 0.7819444437499999 0.278125 0.7833333328125 0.27109375 0.76805555625 0.26875 0.73194444375 0.2609375 0.722222221875 0.25703125 0.722222221875
7 0.00078125 0.74444444375 0.00078125 0.7736111109375 0.0046875 0.7819444437499999 0.00859375 0.7805555562500001 0.01171875 0.765277778125 0.0125 0.7458333328125 0.00078125 0.74444444375
7 0.07109375 0.7916666671875 0.06953125 0.772222221875 0.05546875 0.76944444375 0.03203125 0.7569444437499999 0.028125 0.7597222218749999 0.02578125 0.79305555625 0.03046875 0.8027777781250001 0.07109375 0.83055555625 0.08046875 0.83055555625 0.08125 0.8125 0.0765625 0.797222221875 0.07109375 0.7916666671875
7 0.02109375 0.840277778125 0.021875 0.852777778125 0.0265625 0.85694444375 0.06328125 0.877777778125 0.06634395781249999 0.865526946875 0.05234375 0.85694444375 0.04140625 0.8444444437499999 0.02109375 0.840277778125
7 0.12734375 0.8652777781250001 0.14375 0.872222221875 0.14921875 0.8791666671874999 0.15859375 0.8791666671874999 0.1609375 0.875 0.16015625 0.852777778125 0.15234375 0.8458333328125001 0.12109375 0.8458333328125001 0.1171875 0.8541666671874999 0.12734375 0.8652777781250001
7 0.140625 0.9291666671875 0.14375 0.91944444375 0.13671875 0.909722221875 0.1234375 0.89444444375 0.10625 0.8861111109375001 0.10390625 0.91944444375 0.1203125 0.9277777781250001 0.140625 0.9291666671875
4 0.15703125 0.8194444437499999 0.15859375 0.8111111109375001 0.16328125 0.80694444375 0.1640625 0.784722221875 0.1578125 0.76944444375 0.15078125 0.76944444375 0.14921875 0.8 0.1515625 0.81805555625 0.15703125 0.8194444437499999
4 0.05546875 0.3333333328125 0.05 0.334722221875 0.04609375 0.3736111109375 0.04609375 0.4138888890625 0.05078125 0.4236111109375 0.05234375 0.440277778125 0.05625 0.44305555625000004 0.059375 0.45694444375 0.06796875 0.45555555625000005 0.0703125 0.440277778125 0.0796875 0.4263888890625 0.0953125 0.36944444375 0.0890625 0.36666666718749996 0.0875 0.35972222187499997 0.09765625 0.315277778125 0.0984375 0.275 0.10546875 0.26805555625 0.10546875 0.2611111109375 0.10078125 0.25833333281250004 0.0890625 0.2625 0.0859375 0.2986111109375 0.0828125 0.30555555624999997 0.075 0.29305555625 0.06875 0.3013888890625 0.0578125 0.34444444375 0.05546875 0.3333333328125