2 0.025 0.459722221875 0.02890625 0.46805555625000006 0.03671875 0.46805555625000006 0.040625 0.4625 0.040625 0.45555555625000005 0.0359375 0.42083333281249996 0.025 0.41944444374999995 0.025 0.459722221875
1 0.35546875 0.10694444375 0.35546875 0.11388888906250001 0.3578125 0.10833333281249999 0.36328125 0.1111111109375 0.35546875 0.10694444375
1 0.38671875 0.2833333328125 0.39375 0.290277778125 0.39375 0.27777777812500004 0.38671875 0.26527777812500003 0.38515625 0.1666666671875 0.3859375 0.15694444375 0.3890625 0.15277777812499999 0.3859375 0.13888888906250002 0.38515625 0.109722221875 0.3796875 0.102777778125 0.37265625 0.102777778125 0.36875 0.1111111109375 0.37265625 0.15277777812499999 0.37265625 0.25 0.36875 0.259722221875 0.359375 0.259722221875 0.3578125 0.2638888890625 0.3671875 0.2708333328125 0.3765625 0.2888888890625 0.38671875 0.2833333328125
1 0.46953125 0.24583333281250003 0.4578125 0.23611111093749998 0.45234375 0.215277778125 0.45625 0.1708333328125 0.45390625 0.13888888906250002 0.4546875 0.0861111109375 0.4515625 0.08194444375 0.44296875 0.0861111109375 0.4421875 0.2166666671875 0.43828125 0.22638888906250001 0.43125 0.22638888906250001 0.4296875 0.23055555625 0.43203125 0.2388888890625 0.43828125 0.24305555625 0.46796875 0.2513888890625 0.46953125 0.24583333281250003
6 0.7296875 0.2708333328125 0.73671875 0.27777777812500004 0.76171875 0.27638888906250003 0.7640625 0.26527777812500003 0.76171875 0.2166666671875 0.7578125 0.2125 0.75546875 0.197222221875 0.73515625 0.1875 0.73046875 0.1583333328125 0.7078125 0.15 0.69140625 0.15 0.67890625 0.1666666671875 0.6703125 0.1666666671875 0.6640625 0.17361111093749998 0.66015625 0.16944444375 0.65703125 0.17361111093749998 0.65625 0.21805555625 0.66328125 0.240277778125 0.6828125 0.2388888890625 0.6984375 0.24722222187499998 0.7015625 0.26944444375 0.70859375 0.2833333328125 0.72109375 0.2833333328125 0.7296875 0.2708333328125
6 0.65546875 0.23055555625 0.6375 0.2236111109375 0.6328125 0.215277778125 0.63671875 0.20694444375 0.6359375 0.190277778125 0.60625 0.17361111093749998 0.5984375 0.15972222187500001 0.57578125 0.1611111109375 0.56875 0.18055555625 0.56640625 0.20694444375 0.56953125 0.22916666718749998 0.5765625 0.2416666671875 0.58828125 0.24722222187499998 0.5984375 0.259722221875 0.6515625 0.25833333281250004 0.65703125 0.2513888890625 0.65546875 0.23055555625
7 0.8671875 0.13055555624999998 0.8578125 0.1291666671875 0.8484375 0.1208333328125 0.84140625 0.12222222187500001 0.8390625 0.1263888890625 0.8390625 0.1375 0.84453125 0.1513888890625 0.86875 0.1513888890625 0.8796875 0.15555555625 0.89375 0.15277777812499999 0.890625 0.1458333328125 0.8671875 0.13055555624999998
7 0.9625 0.1 0.9625 0.11805555625 0.9703125 0.10555555624999999 0.9703125 0.097222221875 0.9625 0.0861111109375 0.9578125 0.09305555625 0.95390625 0.08333333281250001 0.9390625 0.072222221875 0.9234375 0.072222221875 0.9125 0.077777778125 0.90703125 0.0861111109375 0.90625 0.1208333328125 0.91796875 0.127777778125 0.92421875 0.127777778125 0.92734375 0.12222222187500001 0.9515625 0.11944444375 0.9546875 0.10138888906250001 0.96015625 0.09305555625 0.9625 0.1
7 0.8609375 0.072222221875 0.85703125 0.077777778125 0.85625 0.08055555625000001 0.875 0.102777778125 0.8890625 0.11388888906250001 0.8953125 0.11388888906250001 0.8984375 0.0916666671875 0.896875 0.08055555625000001 0.86875 0.07083333281250001 0.8609375 0.072222221875
7 0.878125 0.25833333281250004 0.88125 0.275 0.88671875 0.28055555625 0.89609375 0.27638888906250003 0.925 0.27777777812500004 0.93046875 0.2666666671875 0.93046875 0.23333333281250002 0.9265625 0.22638888906250001 0.91640625 0.1833333328125 0.909375 0.172222221875 0.8796875 0.15555555625 0.85625 0.15555555625 0.85390625 0.15972222187500001 0.846875 0.15555555625 0.81953125 0.15555555625 0.8171875 0.1611111109375 0.815625 0.19305555624999998 0.81875 0.222222221875 0.821875 0.22638888906250001 0.83125 0.22916666718749998 0.83671875 0.21805555625 0.846875 0.21805555625 0.85078125 0.23611111093749998 0.878125 0.25833333281250004
7 0.99375 0.27638888906250003 0.99921875 0.2708333328125 0.99921875 0.222222221875 0.9921875 0.21805555625 0.98828125 0.23611111093749998 0.9875 0.26805555625 0.99375 0.27638888906250003
7 0.97265625 0.20277777812500003 0.92890625 0.16944444375 0.9203125 0.16805555625 0.91875 0.172222221875 0.91796875 0.1875 0.92421875 0.20138888906250002 0.925 0.215277778125 0.93515625 0.2388888890625 0.9625 0.240277778125 0.9703125 0.24583333281250003 0.975 0.222222221875 0.97265625 0.20277777812500003
7 0.97734375 0.14444444375 0.9625 0.134722221875 0.940625 0.125 0.92578125 0.1263888890625 0.925 0.13055555624999998 0.93046875 0.13333333281249998 0.93515625 0.14305555625 0.94453125 0.147222221875 0.95625 0.1458333328125 0.96484375 0.1541666671875 0.98046875 0.15972222187500001 0.97734375 0.14444444375
7 0.79296875 0.1208333328125 0.790625 0.11805555625 0.79296875 0.1166666671875 0.79140625 0.1125 0.796875 0.10694444375 0.79765625 0.097222221875 0.7875 0.09305555625 0.7921875 0.109722221875 0.78046875 0.13888888906250002 0.78515625 0.14444444375 0.7859375 0.1513888890625 0.78984375 0.15277777812499999 0.79296875 0.1513888890625 0.79375 0.1416666671875 0.79296875 0.1208333328125
7 0.74921875 0.07638888906249999 0.7484375 0.0861111109375 0.7453125 0.1583333328125 0.76328125 0.15972222187500001 0.76875 0.1541666671875 0.7703125 0.1416666671875 0.77109375 0.090277778125 0.76796875 0.08194444375 0.75390625 0.075 0.74921875 0.07638888906249999
7 0.7265625 0.15555555625 0.73671875 0.15555555625 0.7390625 0.07638888906249999 0.7375 0.06805555625000001 0.71796875 0.05694444375 0.68125 0.04444444375 0.67734375 0.047222221875 0.6765625 0.054166667187499996 0.675 0.09305555625 0.68046875 0.1041666671875 0.68671875 0.10694444375 0.690625 0.11805555625 0.6890625 0.127777778125 0.7015625 0.140277778125 0.7171875 0.1458333328125 0.7265625 0.15555555625
4 0.084375 0.2541666671875 0.08046875 0.252777778125 0.07890625 0.302777778125 0.08671875 0.32083333281250004 0.08828125 0.35555555625 0.096875 0.35555555625 0.09453125 0.30694444375 0.096875 0.302777778125 0.09765625 0.2791666671875 0.084375 0.2541666671875
4 0.57265625 0.40555555625000006 0.57421875 0.4125 0.5796875 0.41805555625 0.5828125 0.44305555625000004 0.59609375 0.440277778125 0.59765625 0.43333333281249997 0.58828125 0.4263888890625 0.58125 0.39027777812500003 0.58125 0.3416666671875 0.57890625 0.33055555625 0.58046875 0.31944444375000003 0.57421875 0.30694444375 0.5703125 0.30694444375 0.56875 0.3263888890625 0.5625 0.334722221875 0.56171875 0.3916666671875 0.55625 0.40555555625000006 0.55234375 0.44305555625000004 0.5578125 0.44444444375 0.56328125 0.4361111109375 0.5640625 0.44305555625000004 0.56953125 0.40555555625000006 0.57265625 0.40555555625000006