2 0.02421875 0.4263888890625 0.02109375 0.42222222187499997 0.01328125 0.43194444374999996 0.0125 0.45555555625000005 0.01484375 0.47361111093749997 0.021875 0.477777778125 0.0296875 0.47222222187499996 0.03125 0.4513888890625 0.02421875 0.4263888890625
7 0.925 0.27638888906250003 0.93046875 0.26805555625 0.93046875 0.23194444375 0.9265625 0.225 0.915625 0.18194444375000002 0.9046875 0.16805555625 0.88203125 0.15555555625 0.85625 0.15555555625 0.8515625 0.1708333328125 0.8484375 0.16388888906250001 0.8359375 0.1583333328125 0.8234375 0.15972222187500001 0.81640625 0.16805555625 0.8171875 0.20833333281250002 0.81875 0.21944444375 0.82421875 0.22638888906250001 0.8328125 0.22638888906250001 0.8375 0.21805555625 0.84453125 0.215277778125 0.84921875 0.2208333328125 0.8515625 0.23611111093749998 0.86953125 0.2541666671875 0.87890625 0.25833333281250004 0.88203125 0.275 0.8859375 0.2791666671875 0.89609375 0.275 0.925 0.27638888906250003
7 0.06796875 0.577777778125 0.0703125 0.5722222218749999 0.06875 0.5666666671875 0.07421875 0.5638888890625 0.0734375 0.55694444375 0.09921875 0.55 0.10625 0.55694444375 0.1078125 0.6013888890625 0.115625 0.6083333328125 0.1203125 0.6180555562500001 0.14140625 0.6166666671875001 0.14140625 0.590277778125 0.13046875 0.5305555562500001 0.13046875 0.51805555625 0.12578125 0.5111111109375 0.1265625 0.48194444374999995 0.1234375 0.46805555625000006 0.11953125 0.46666666718750005 0.1171875 0.43194444374999996 0.09140625 0.43194444374999996 0.07421875 0.46666666718750005 0.06875 0.4583333328125 0.06796875 0.44166666718750003 0.0625 0.44166666718750003 0.0625 0.477777778125 0.065625 0.5013888890625 0.0578125 0.5236111109375 0.0578125 0.5388888890625 0.0625 0.5555555562500001 0.0609375 0.5625 0.06328125 0.5694444437499999 0.06015625 0.5736111109375 0.0640625 0.584722221875 0.06328125 0.5930555562500001 0.0671875 0.6013888890625 0.0640625 0.6138888890625 0.0671875 0.6152777781250001 0.06796875 0.577777778125
7 0.21953125 0.5555555562500001 0.23046875 0.5555555562500001 0.23671875 0.5625 0.27578125 0.5638888890625 0.3 0.5930555562500001 0.3171875 0.5930555562500001 0.32890625 0.5791666671875 0.33359375 0.55694444375 0.34296875 0.5541666671875001 0.36015625 0.527777778125 0.36484375 0.50555555625 0.3640625 0.46666666718750005 0.36171875 0.447222221875 0.35703125 0.434722221875 0.3421875 0.41111111093749997 0.3203125 0.39305555625 0.29453125 0.365277778125 0.290625 0.35694444375 0.28203125 0.3513888890625 0.27421875 0.3333333328125 0.26171875 0.3291666671875 0.2546875 0.315277778125 0.246875 0.32777777812500003 0.2328125 0.33055555625 0.22734375 0.34305555625 0.22421875 0.36805555624999997 0.21875 0.377777778125 0.21640625 0.3638888890625 0.2125 0.35694444375 0.19453125 0.3458333328125 0.184375 0.322222221875 0.1390625 0.28472222187499996 0.13671875 0.28611111093749997 0.13828125 0.33055555625 0.14375 0.3513888890625 0.1515625 0.36666666718749996 0.16875 0.3861111109375 0.1765625 0.40277777812500004 0.1609375 0.427777778125 0.15 0.43333333281249997 0.1515625 0.477777778125 0.1640625 0.5736111109375 0.16796875 0.5763888890625 0.18828125 0.56805555625 0.2125 0.56805555625 0.21953125 0.5555555562500001
7 0 0.2208333328125 0.02890625 0.21944444375 0.0421875 0.23333333281250002 0.04453125 0.25 0.0953125 0.2916666671875 0.1 0.3166666671875 0.11171875 0.3166666671875 0.11015625 0.27777777812500004 0.10546875 0.25555555625 0.07578125 0.22916666718749998 0.06796875 0.21805555625 0.0453125 0.20555555625 0.03671875 0.19444444375 0.01171875 0.1916666671875 0 0.18055555625 0 0.2208333328125
7 0.38828125 0.10694444375 0.39375 0.15694444375 0.39921875 0.16805555625 0.4 0.17916666718750002 0.40625 0.1833333328125 0.42265625 0.1833333328125 0.43671875 0.1625 0.44140625 0.14444444375 0.44140625 0.102777778125 0.4453125 0.084722221875 0.45234375 0.0861111109375 0.45703125 0.0958333328125 0.45625 0.15694444375 0.45859375 0.172222221875 0.47578125 0.15 0.478125 0.13333333281249998 0.47578125 0.0458333328125 0.46796875 0.009722221875000001 0.4625 0.006944443749999999 0.43046875 0.00555555625 0.3953125 0.019444443750000002 0.38984375 0.025 0.38828125 0.03194444375 0.3890625 0.055555556250000006 0.38046875 0.054166667187499996 0.378125 0.0375 0.36484375 0.04444444375 0.35546875 0.055555556250000006 0.3484375 0.0513888890625 0.33515625 0.055555556250000006 0.32890625 0.04305555625 0.29375 0.047222221875 0.28203125 0.055555556250000006 0.28046875 0.08194444375 0.2765625 0.09305555625 0.275 0.1541666671875 0.28046875 0.1611111109375 0.2828125 0.172222221875 0.296875 0.1708333328125 0.30234375 0.190277778125 0.309375 0.19444444375 0.32421875 0.19305555624999998 0.33359375 0.165277778125 0.3625 0.16944444375 0.3640625 0.15555555625 0.36875 0.15555555625 0.3703125 0.10833333281249999 0.38203125 0.097222221875 0.38828125 0.10694444375
7 0.9953125 0.26527777812500003 0.99921875 0.25694444375000003 0.99921875 0.21944444375 0.99296875 0.21805555625 0.98828125 0.23472222187499997 0.9875 0.25555555625 0.9953125 0.26527777812500003
7 0.91875 0.172222221875 0.91875 0.1875 0.9265625 0.20555555625 0.93125 0.22916666718749998 0.93828125 0.23194444375 0.94296875 0.222222221875 0.9546875 0.222222221875 0.96171875 0.23055555625 0.96328125 0.2416666671875 0.96796875 0.24583333281250003 0.971875 0.24305555625 0.975 0.21805555625 0.9734375 0.20138888906250002 0.925 0.16805555625 0.91875 0.172222221875
7 0.959375 0.13194444375 0.93671875 0.12222222187500001 0.93359375 0.12222222187500001 0.93046875 0.13194444375 0.92734375 0.125 0.9265625 0.13055555624999998 0.93828125 0.1416666671875 0.97578125 0.1583333328125 0.978076171875 0.154253471875 0.975 0.147222221875 0.959375 0.13194444375
7 0.76640625 0.08055555625000001 0.75078125 0.075 0.7484375 0.08055555625000001 0.74609375 0.1583333328125 0.76171875 0.15972222187500001 0.76640625 0.15555555625 0.76875 0.147222221875 0.77109375 0.0861111109375 0.76640625 0.08055555625000001
7 0.6875 0.109722221875 0.69140625 0.1263888890625 0.70859375 0.14305555625 0.71484375 0.1541666671875 0.72578125 0.15972222187500001 0.734375 0.15972222187500001 0.73671875 0.15555555625 0.73984375 0.084722221875 0.7375 0.06805555625000001 0.6828125 0.047222221875 0.6765625 0.054166667187499996 0.6765625 0.0986111109375 0.6875 0.109722221875
7 0.7921875 0.1416666671875 0.79296875 0.125 0.7890625 0.11944444375 0.7859375 0.140277778125 0.7921875 0.1416666671875
7 0.78515625 0.09444444375 0.7875 0.10555555624999999 0.7921875 0.1111111109375 0.78828125 0.11805555625 0.796875 0.1111111109375 0.7984375 0.10138888906250001 0.7953125 0.0958333328125 0.78515625 0.09444444375
7 0.69921875 0.0203125 0.0015625 0.0015625
7 0.7671875 0.0041666671875 0.75390625 0.00555555625 0.75078125 0.013888889062500001 0.7484375 0.009722221875000001 0.74140625 0.013888889062500001 0.7375 0.00555555625 0.70703125 0.0041666671875 0.7033159718750001 0.014074073437500001 0.71171875 0.022222221875 0.728125 0.022222221875 0.73125 0.030555556249999997 0.75078125 0.030555556249999997 0.77421875 0.04305555625 0.79296875 0.04305555625 0.7953125 0.0375 0.79140625 0.03194444375 0.784375 0.03194444375 0.78828125 0.0208333328125 0.7859375 0.019444443750000002 0.78671875 0.00555555625 0.78203125 0.009722221875000001 0.7703125 0.0083333328125 0.7671875 0.0041666671875