1 0.38984375 0.14444444375 0.38515625 0.127777778125 0.384375 0.10555555624999999 0.37734375 0.102777778125 0.371875 0.10694444375 0.3703125 0.1763888890625 0.37265625 0.2513888890625 0.36796875 0.259722221875 0.3578125 0.259722221875 0.3578125 0.26527777812500003 0.37109375 0.275 0.37578125 0.28611111093749997 0.38671875 0.2833333328125 0.39453125 0.2888888890625 0.39375 0.27638888906250003 0.3859375 0.2541666671875 0.3859375 0.21805555625 0.38984375 0.19444444375 0.38984375 0.14444444375
1 0.45625 0.16805555625 0.45546875 0.097222221875 0.45 0.08055555625000001 0.4453125 0.08194444375 0.4421875 0.0916666671875 0.4421875 0.15277777812499999 0.4390625 0.1625 0.4421875 0.1888888890625 0.44140625 0.21805555625 0.43828125 0.22638888906250001 0.43125 0.2236111109375 0.42890625 0.22916666718749998 0.43203125 0.2388888890625 0.43828125 0.24305555625 0.45234375 0.25 0.46875 0.2513888890625 0.46796875 0.2416666671875 0.45390625 0.23055555625 0.45625 0.16805555625
6 0.7640625 0.240277778125 0.76171875 0.2166666671875 0.7515625 0.197222221875 0.73671875 0.190277778125 0.7328125 0.17916666718750002 0.73125 0.1611111109375 0.72734375 0.15555555625 0.690625 0.15 0.68046875 0.16388888906250001 0.6671875 0.16388888906250001 0.659375 0.16944444375 0.65625 0.17361111093749998 0.6546875 0.1888888890625 0.65390625 0.20833333281250002 0.6609375 0.23611111093749998 0.6640625 0.2416666671875 0.6828125 0.2388888890625 0.69765625 0.24722222187499998 0.70078125 0.25555555625 0.70234375 0.27638888906250003 0.7078125 0.2833333328125 0.71796875 0.28472222187499996 0.72890625 0.2708333328125 0.7375 0.27777777812500004 0.759375 0.2791666671875 0.7625 0.275 0.7640625 0.240277778125
6 0.59921875 0.1611111109375 0.57578125 0.1611111109375 0.5703125 0.172222221875 0.5671875 0.190277778125 0.56640625 0.21111111093749999 0.56953125 0.22916666718749998 0.58359375 0.25 0.5984375 0.259722221875 0.65078125 0.25833333281250004 0.65703125 0.2513888890625 0.65546875 0.23194444375 0.63671875 0.2236111109375 0.6328125 0.2166666671875 0.63671875 0.20555555625 0.634375 0.19305555624999998 0.625 0.184722221875 0.6078125 0.177777778125 0.59921875 0.1611111109375
7 0.8879103890625 0.14957010625 0.8671875 0.13055555624999998 0.84375 0.125 0.84140625 0.134722221875 0.84375 0.15 0.8861328125 0.1541666671875 0.8879103890625 0.14957010625
7 0.9703125 0.097222221875 0.9625 0.08333333281250001 0.96171875 0.11805555625 0.96640625 0.1166666671875 0.9703125 0.10555555624999999 0.9703125 0.097222221875
7 0.95390625 0.10138888906250001 0.95390625 0.08333333281250001 0.93828125 0.072222221875 0.9234375 0.072222221875 0.90703125 0.08333333281250001 0.90625 0.11944444375 0.9203125 0.127777778125 0.9296875 0.1208333328125 0.946875 0.12222222187500001 0.95390625 0.10138888906250001
7 0.86796875 0.07083333281250001 0.86328125 0.07083333281250001 0.8578125 0.077777778125 0.85703125 0.08055555625000001 0.875 0.102777778125 0.8890625 0.11388888906250001 0.8953125 0.11388888906250001 0.89765625 0.08055555625000001 0.86796875 0.07083333281250001
7 0.19453125 0.13888888906250002 0.17265625 0.1111111109375 0.1515625 0.109722221875 0.14375 0.1291666671875 0.146875 0.1541666671875 0.13984375 0.16944444375 0.13984375 0.1763888890625 0.14296875 0.18055555625 0.15546875 0.18055555625 0.1609375 0.1888888890625 0.175 0.1888888890625 0.18828125 0.197222221875 0.19453125 0.19305555624999998 0.19765625 0.18194444375000002 0.203125 0.177777778125 0.20546875 0.1708333328125 0.20390625 0.1458333328125 0.19453125 0.13888888906250002
7 0.89296875 0.28055555625 0.8953125 0.27638888906250003 0.92421875 0.27777777812500004 0.93046875 0.2666666671875 0.93046875 0.23333333281250002 0.92578125 0.2236111109375 0.91640625 0.1833333328125 0.909375 0.172222221875 0.88046875 0.15555555625 0.85625 0.15555555625 0.85078125 0.165277778125 0.84765625 0.16388888906250001 0.8484375 0.1583333328125 0.84375 0.15555555625 0.8234375 0.15555555625 0.8203125 0.15694444375 0.81640625 0.16805555625 0.8140625 0.18055555625 0.81796875 0.19583333281249998 0.81640625 0.21111111093749999 0.81875 0.222222221875 0.8234375 0.22777777812500002 0.83125 0.22777777812500002 0.83671875 0.2125 0.840625 0.20972222187499998 0.84921875 0.21805555625 0.85078125 0.23611111093749998 0.878125 0.25833333281250004 0.88125 0.275 0.8859375 0.28055555625 0.89296875 0.28055555625
7 0.35703125 0.15555555625 0.3625 0.15555555625 0.3640625 0.14305555625 0.36875 0.14444444375 0.36875 0.109722221875 0.38046875 0.10138888906250001 0.38125 0.0958333328125 0.37890625 0.0375 0.3640625 0.04444444375 0.35546875 0.055555556250000006 0.34375 0.052777778124999994 0.3375 0.059722221875 0.3328125 0.05694444375 0.328125 0.04305555625 0.29296875 0.047222221875 0.28125 0.055555556250000006 0.27890625 0.075 0.275 0.077777778125 0.278125 0.08333333281250001 0.275 0.1041666671875 0.275 0.16388888906250001 0.28046875 0.16805555625 0.28203125 0.177777778125 0.296875 0.17361111093749998 0.3015625 0.1888888890625 0.30625 0.19444444375 0.325 0.19305555624999998 0.3328125 0.16388888906250001 0.35390625 0.1611111109375 0.35703125 0.15555555625
7 0.45859375 0.09444444375 0.45546875 0.127777778125 0.45625 0.175 0.4609375 0.177777778125 0.46796875 0.16805555625 0.475 0.15 0.478125 0.125 0.47578125 0.0875 0.4765625 0.04444444375 0.47265625 0.015277778124999999 0.46328125 0.006944443749999999 0.43046875 0.00555555625 0.39375 0.0208333328125 0.3890625 0.0361111109375 0.38828125 0.115277778125 0.3953125 0.13333333281249998 0.39375 0.1541666671875 0.39921875 0.16388888906250001 0.40078125 0.17916666718750002 0.41640625 0.184722221875 0.421875 0.1833333328125 0.4296875 0.17361111093749998 0.43828125 0.1541666671875 0.44140625 0.13194444375 0.44140625 0.09305555625 0.4453125 0.08055555625000001 0.44921875 0.08055555625000001 0.45859375 0.09444444375
7 0.99140625 0.272222221875 0.99921875 0.2708333328125 0.99921875 0.222222221875 0.99296875 0.21944444375 0.98828125 0.23472222187499997 0.9875 0.26805555625 0.99140625 0.272222221875
7 0.94296875 0.240277778125 0.94921875 0.23333333281250002 0.95546875 0.23333333281250002 0.9703125 0.24583333281250003 0.97421875 0.22777777812500002 0.9734375 0.20277777812500003 0.96640625 0.19444444375 0.92890625 0.16944444375 0.91953125 0.1708333328125 0.91875 0.1888888890625 0.9328125 0.23611111093749998 0.94296875 0.240277778125
7 0.953125 0.1458333328125 0.96484375 0.15555555625 0.98046875 0.15972222187500001 0.9765625 0.1458333328125 0.9609375 0.13333333281249998 0.9375 0.12222222187500001 0.925 0.12361111093749999 0.925 0.13055555624999998 0.93125 0.13333333281249998 0.9375 0.14305555625 0.953125 0.1458333328125
7 0.7875 0.1208333328125 0.7859375 0.13194444375 0.78125 0.13888888906250002 0.78515625 0.14305555625 0.7859375 0.15 0.79140625 0.1513888890625 0.79296875 0.12222222187500001 0.7875 0.1208333328125
7 0.79296875 0.109722221875 0.79765625 0.102777778125 0.7953125 0.09444444375 0.78828125 0.09444444375 0.79296875 0.109722221875
7 0.75 0.07638888906249999 0.74765625 0.1263888890625 0.7453125 0.13333333281249998 0.74609375 0.15972222187500001 0.76171875 0.15972222187500001 0.76796875 0.15277777812499999 0.77109375 0.10138888906250001 0.76875 0.08194444375 0.75 0.07638888906249999
7 0.6765625 0.097222221875 0.68046875 0.1041666671875 0.6859375 0.10555555624999999 0.6953125 0.13055555624999998 0.70703125 0.1416666671875 0.71875 0.1458333328125 0.7265625 0.15555555625 0.734375 0.1583333328125 0.7375 0.1541666671875 0.7390625 0.06944444375 0.69296875 0.047222221875 0.6796875 0.0458333328125 0.6765625 0.055555556250000006 0.6765625 0.097222221875