1 0.38671875 0.2833333328125 0.39375 0.290277778125 0.3953125 0.2833333328125 0.38671875 0.2638888890625 0.38515625 0.24305555625 0.38515625 0.15694444375 0.38828125 0.1541666671875 0.38515625 0.13055555624999998 0.3859375 0.11388888906250001 0.384375 0.10694444375 0.378125 0.102777778125 0.3734375 0.102777778125 0.36875 0.1111111109375 0.37265625 0.15694444375 0.37265625 0.25 0.3703125 0.25833333281250004 0.359375 0.259722221875 0.3578125 0.2638888890625 0.36640625 0.2708333328125 0.37734375 0.2888888890625 0.38671875 0.2833333328125
1 0.4546875 0.22916666718749998 0.45390625 0.222222221875 0.45390625 0.17916666718750002 0.45625 0.16805555625 0.45390625 0.14444444375 0.4546875 0.0861111109375 0.4515625 0.08194444375 0.44296875 0.0861111109375 0.4421875 0.2166666671875 0.4375 0.22638888906250001 0.43046875 0.22638888906250001 0.4296875 0.23055555625 0.4328125 0.2388888890625 0.43828125 0.24305555625 0.46015625 0.2513888890625 0.4625 0.2388888890625 0.46453125 0.2388888890625 0.4546875 0.22916666718749998
6 0.7296875 0.2708333328125 0.73671875 0.27777777812500004 0.7625 0.275 0.7640625 0.23611111093749998 0.76171875 0.2166666671875 0.75234375 0.19444444375 0.73515625 0.1875 0.73046875 0.1583333328125 0.70625 0.15 0.69140625 0.15 0.68046875 0.165277778125 0.6703125 0.1666666671875 0.6640625 0.172222221875 0.6609375 0.16805555625 0.65625 0.1763888890625 0.65625 0.21944444375 0.6609375 0.23611111093749998 0.6640625 0.2416666671875 0.6828125 0.2388888890625 0.6984375 0.24722222187499998 0.70625 0.28194444375 0.72109375 0.2833333328125 0.7296875 0.2708333328125
6 0.65703125 0.2513888890625 0.6546875 0.23055555625 0.63671875 0.2236111109375 0.6328125 0.2166666671875 0.63671875 0.20555555625 0.63671875 0.1916666671875 0.60625 0.17361111093749998 0.5984375 0.15972222187500001 0.575 0.1611111109375 0.56953125 0.175 0.56640625 0.19583333281249998 0.5671875 0.21805555625 0.56953125 0.22916666718749998 0.5734375 0.23055555625 0.57890625 0.24305555625 0.6 0.259722221875 0.65078125 0.25833333281250004 0.65703125 0.2513888890625
7 0.83828125 0.12361111093749999 0.83671875 0.1291666671875 0.84375 0.1513888890625 0.89296875 0.1541666671875 0.89140625 0.147222221875 0.8671875 0.13055555624999998 0.85078125 0.125 0.8484375 0.1208333328125 0.83828125 0.12361111093749999
7 0.96640625 0.09305555625 0.9625 0.090277778125 0.9625 0.1166666671875 0.96875 0.1041666671875 0.96640625 0.09305555625
7 0.9234375 0.072222221875 0.90703125 0.084722221875 0.90625 0.11944444375 0.91953125 0.127777778125 0.92734375 0.12222222187500001 0.94921875 0.1208333328125 0.9546875 0.10138888906250001 0.9546875 0.08333333281250001 0.9390625 0.072222221875 0.9234375 0.072222221875
7 0.85625 0.08055555625000001 0.875 0.102777778125 0.88984375 0.11388888906250001 0.8953125 0.11388888906250001 0.89765625 0.08055555625000001 0.86953125 0.07083333281250001 0.8578125 0.075 0.85625 0.08055555625000001
7 0.853125 0.2388888890625 0.878125 0.25833333281250004 0.88203125 0.27638888906250003 0.8859375 0.28055555625 0.8953125 0.27638888906250003 0.92421875 0.27777777812500004 0.93046875 0.2666666671875 0.93046875 0.23333333281250002 0.9265625 0.22638888906250001 0.91640625 0.1833333328125 0.909375 0.172222221875 0.8796875 0.15555555625 0.85625 0.15555555625 0.85078125 0.165277778125 0.8484375 0.15972222187500001 0.8390625 0.15555555625 0.81796875 0.15694444375 0.8140625 0.184722221875 0.81796875 0.20138888906250002 0.81796875 0.21805555625 0.821875 0.22638888906250001 0.83125 0.22916666718749998 0.8375 0.21805555625 0.846875 0.21805555625 0.853125 0.2388888890625
7 0 0.502777778125 0.02421875 0.45555555625000005 0.025 0.41944444374999995 0.0328125 0.41805555625 0.03671875 0.42222222187499997 0.0453125 0.40833333281249995 0.06015625 0.40694444374999994 0.06171875 0.377777778125 0.0796875 0.36805555624999997 0.08125 0.3625 0.08203125 0.34722222187499996 0.0796875 0.3333333328125 0.07109375 0.3263888890625 0.06640625 0.3125 0.06640625 0.29305555625 0.06328125 0.28194444375 0.07109375 0.275 0.06328125 0.26527777812500003 0.06328125 0.23055555625 0.05703125 0.23194444375 0.0546875 0.2388888890625 0.04375 0.24722222187499998 0.02421875 0.27777777812500004 0.01875 0.28055555625 0.0109375 0.29722222187499997 0 0.302777778125 0 0.35555555625 0.003125 0.3583333328125 0 0.3638888890625 0 0.502777778125
7 0.99296875 0.275 0.99921875 0.26527777812500003 0.99921875 0.222222221875 0.99296875 0.21944444375 0.9890625 0.23194444375 0.9875 0.2666666671875 0.99296875 0.275
7 0.97421875 0.23055555625 0.97421875 0.20555555625 0.96953125 0.197222221875 0.92890625 0.16944444375 0.921875 0.16805555625 0.91875 0.17361111093749998 0.91875 0.1916666671875 0.92421875 0.20138888906250002 0.925 0.2138888890625 0.93515625 0.2388888890625 0.9640625 0.240277778125 0.96875 0.24583333281250003 0.971875 0.2416666671875 0.97421875 0.23055555625
7 0.97109375 0.140277778125 0.93515625 0.12222222187500001 0.9265625 0.12361111093749999 0.925 0.13055555624999998 0.9359375 0.14305555625 0.94453125 0.147222221875 0.95546875 0.1458333328125 0.96640625 0.15555555625 0.98046875 0.15972222187500001 0.97890625 0.147222221875 0.97109375 0.140277778125
7 0.79140625 0.1111111109375 0.79296875 0.1166666671875 0.796875 0.10833333281249999 0.79765625 0.097222221875 0.7875 0.09444444375 0.79140625 0.10694444375 0.78984375 0.11319444375000001 0.79140625 0.1111111109375
7 0.79296875 0.1513888890625 0.79375 0.1291666671875 0.7859375 0.1291666671875 0.7861177890625 0.128098290625 0.78515625 0.13194444375 0.78046875 0.13888888906250002 0.78671875 0.1513888890625 0.79296875 0.1513888890625
7 0.7453125 0.134722221875 0.74609375 0.15972222187500001 0.7640625 0.15972222187500001 0.76875 0.1541666671875 0.77109375 0.0916666671875 0.76796875 0.08194444375 0.74921875 0.07638888906249999 0.74765625 0.127777778125 0.7453125 0.134722221875
7 0.7265625 0.15555555625 0.73671875 0.15555555625 0.7390625 0.08333333281250001 0.7390625 0.07083333281250001 0.73671875 0.0666666671875 0.68203125 0.04444444375 0.67734375 0.0458333328125 0.6765625 0.052777778124999994 0.675 0.09305555625 0.68046875 0.1041666671875 0.6875 0.10833333281249999 0.690625 0.11944444375 0.6890625 0.1291666671875 0.70546875 0.14305555625 0.71953125 0.1458333328125 0.7265625 0.15555555625
4 0.15390625 0.2416666671875 0.1484375 0.2208333328125 0.14296875 0.2125 0.1375 0.2208333328125 0.13515625 0.25 0.1375 0.259722221875 0.1390625 0.302777778125 0.14765625 0.3125 0.15 0.3013888890625 0.15 0.25833333281250004 0.15390625 0.252777778125 0.15390625 0.2416666671875
4 0.0875 0.3236111109375 0.09296875 0.334722221875 0.09140625 0.3611111109375 0.0984375 0.3625 0.1015625 0.3458333328125 0.09921875 0.3138888890625 0.10390625 0.3013888890625 0.10390625 0.290277778125 0.0984375 0.26944444375 0.0921875 0.25694444375000003 0.08515625 0.24722222187499998 0.0796875 0.2513888890625 0.08046875 0.26805555625 0.06640625 0.28472222187499996 0.0703125 0.28055555625 0.07421875 0.28611111093749997 0.08046875 0.28055555625 0.084375 0.28611111093749997 0.08828125 0.30694444375 0.0875 0.3236111109375