2 0.98671875 0.56805555625 0.9859375 0.527777778125 0.98203125 0.522222221875 0.975 0.522222221875 0.9671875 0.5319444437499999 0.971875 0.5611111109375 0.97734375 0.575 0.98671875 0.56805555625
1 0.61953125 0.8986111109375001 0.6265625 0.8986111109375001 0.6296875 0.89444444375 0.628125 0.7458333328125 0.64296875 0.7458333328125 0.63984375 0.74444444375 0.6368009859375 0.730921053125 0.63359375 0.7291666671875 0.63125 0.7208333328125 0.625 0.7138888890625 0.6125 0.7194444437499999 0.59921875 0.7111111109375 0.5984375 0.7194444437499999 0.6109375 0.73194444375 0.61484375 0.7430555562500001 0.6171875 0.8111111109375001 0.61484375 0.8541666671874999 0.6171875 0.89444444375 0.61953125 0.8986111109375001
1 0.5484375 0.7819444437499999 0.54765625 0.8208333328125 0.5453125 0.8291666671875 0.54609375 0.9166666671874999 0.55546875 0.91944444375 0.5578125 0.9138888890624999 0.55859375 0.7819444437499999 0.5625 0.7708333328125 0.5734375 0.7736111109375 0.57421875 0.76944444375 0.571875 0.7666666671875 0.56875 0.772222221875 0.56796875 0.7597222218749999 0.5625 0.7569444437499999 0.54296875 0.7486111109375 0.53125 0.7486111109375 0.53203125 0.7583333328124999 0.54140625 0.7611111109375 0.5453125 0.7666666671875 0.5484375 0.7819444437499999
6 0.40234375 0.840277778125 0.42578125 0.8388888890624999 0.4296875 0.83194444375 0.4328125 0.8138888890624999 0.43203125 0.777777778125 0.4234375 0.7583333328124999 0.40703125 0.74444444375 0.39609375 0.7402777781250001 0.35 0.7416666671875001 0.34296875 0.7486111109375 0.34609375 0.76944444375 0.35390625 0.7763888890625 0.36328125 0.777777778125 0.3671875 0.784722221875 0.3625 0.79444444375 0.36328125 0.8083333328125001 0.3953125 0.8263888890625 0.40234375 0.840277778125
6 0.21875 0.7763888890625 0.22109375 0.772222221875 0.21875 0.7597222218749999 0.22109375 0.7263888890625 0.21796875 0.7236111109375 0.21328125 0.73194444375 0.21171875 0.7666666671875 0.21875 0.7763888890625
6 0.2625 0.7236111109375 0.25625 0.722222221875 0.25 0.7333333328125 0.24921875 0.7569444437499999 0.2359375 0.7569444437499999 0.23359375 0.7638888890625 0.23125 0.8194444437499999 0.23984375 0.83194444375 0.24296875 0.8819444437499999 0.25 0.89444444375 0.27421875 0.9041666671874999 0.2875 0.9055555562500001 0.29375 0.902777778125 0.2984375 0.89444444375 0.3015625 0.85694444375 0.30625 0.8541666671874999 0.31640625 0.83194444375 0.31640625 0.8263888890625 0.3125 0.8222222218749999 0.31171875 0.775 0.30546875 0.7611111109375 0.29296875 0.7583333328124999 0.28828125 0.7611111109375 0.2828125 0.7819444437499999 0.27734375 0.7819444437499999 0.27109375 0.76805555625 0.26875 0.7333333328125 0.2625 0.7236111109375
7 0.115625 0.8444444437499999 0.14453125 0.8444444437499999 0.15 0.8375 0.15 0.8416666671874999 0.15546875 0.8444444437499999 0.1796875 0.8444444437499999 0.1796875 0.815277778125 0.16484375 0.79444444375 0.15234375 0.784722221875 0.15 0.765277778125 0.14609375 0.7597222218749999 0.121875 0.7416666671875001 0.11875 0.725 0.11484375 0.7208333328125 0.09375 0.722222221875 0.08515625 0.7513888890625 0.0734375 0.76944444375 0.084375 0.81805555625 0.0953125 0.83194444375 0.115625 0.8444444437499999
7 0.00078125 0.6611111109375 0.00078125 0.7333333328125 0.00546875 0.7402777781250001 0.01171875 0.7416666671875001 0.0171875 0.725 0.02109375 0.6611111109375 0.00078125 0.6611111109375
7 0.0921875 0.7138888890625 0.09296875 0.7041666671875 0.084375 0.6916666671875 0.0796875 0.6777777781250001 0.075 0.672222221875 0.05703125 0.66944444375 0.0546875 0.6583333328125 0.04765625 0.6458333328125 0.04140625 0.64444444375 0.0328125 0.6972222218749999 0.03046875 0.7541666671875 0.05703125 0.76805555625 0.07265625 0.7666666671875 0.08671875 0.7430555562500001 0.0921875 0.7138888890625
7 0.14375 0.872222221875 0.14921875 0.8791666671874999 0.1609375 0.8791666671874999 0.16640625 0.8666666671875 0.16015625 0.85 0.1515625 0.8458333328125001 0.11328125 0.85 0.1328125 0.86944444375 0.14375 0.872222221875
7 0.0265625 0.9069444437499999 0.03046875 0.9069444437499999 0.03359375 0.9138888890624999 0.0375 0.9138888890624999 0.03828125 0.9083333328125001 0.03984375 0.8819444437499999 0.0375 0.8680555562500001 0.03203125 0.872222221875 0.025 0.9 0.0265625 0.9069444437499999
7 0.075 0.8708333328125001 0.06953125 0.877777778125 0.05078125 0.8791666671874999 0.04609375 0.8958333328125001 0.04765625 0.91805555625 0.06484375 0.9291666671875 0.075 0.9291666671875 0.09296875 0.91944444375 0.09765625 0.9069444437499999 0.09453125 0.8986111109375001 0.0953125 0.8819444437499999 0.075 0.8708333328125001
7 0.1421875 0.9277777781250001 0.14375 0.91944444375 0.125 0.8958333328125001 0.11015625 0.8861111109375001 0.10234375 0.8861111109375001 0.10234375 0.91944444375 0.125 0.9291666671875 0.1421875 0.9277777781250001
7 0.0078125 0.777777778125 0.01171875 0.765277778125 0.0125 0.7458333328125 0.00078125 0.74444444375 0.00078125 0.772222221875 0.0078125 0.777777778125
7 0.05234375 0.76805555625 0.03203125 0.7569444437499999 0.028125 0.7597222218749999 0.02578125 0.7916666671875 0.03046875 0.8027777781250001 0.071875 0.83055555625 0.08125 0.8291666671875 0.08203125 0.8125 0.07109375 0.7875 0.06875 0.7708333328125 0.05234375 0.76805555625
7 0.0203125 0.8416666671874999 0.021875 0.852777778125 0.03984375 0.8666666671875 0.06328125 0.877777778125 0.0734375 0.875 0.07421875 0.86944444375 0.053125 0.85694444375 0.04375 0.8444444437499999 0.03046875 0.8388888890624999 0.0203125 0.8416666671874999
4 0.7140625 0.5375 0.709375 0.5527777781250001 0.709375 0.5583333328125 0.71796875 0.5722222218749999 0.71953125 0.584722221875 0.7171875 0.6041666671875 0.7140625 0.60555555625 0.71171875 0.5944444437499999 0.70703125 0.5944444437499999 0.70703125 0.6152777781250001 0.7140625 0.6513888890625 0.71875 0.6583333328125 0.72109375 0.6763888890625 0.7265625 0.6833333328125 0.73125 0.68194444375 0.73203125 0.6708333328125 0.73828125 0.6569444437499999 0.7390625 0.647222221875 0.74453125 0.64444444375 0.75 0.63055555625 0.73828125 0.6319444437499999 0.73671875 0.5958333328125 0.73203125 0.58055555625 0.72890625 0.534722221875 0.73359375 0.5138888890625 0.72890625 0.5125 0.721875 0.5208333328125 0.72109375 0.534722221875 0.7140625 0.5375
4 0.35078125 0.81805555625 0.35234375 0.8138888890624999 0.34609375 0.8083333328125001 0.34765625 0.7736111109375 0.34296875 0.7513888890625 0.3390625 0.7486111109375 0.33203125 0.8194444437499999 0.33828125 0.840277778125 0.34375 0.840277778125 0.34375 0.8222222218749999 0.346875 0.809722221875 0.35078125 0.81805555625