2 0.01328125 0.43194444374999996 0.0140625 0.47222222187499996 0.01796875 0.477777778125 0.025 0.477777778125 0.0328125 0.46666666718750005 0.0296875 0.4458333328125 0.0234375 0.425 0.01875 0.425 0.01328125 0.43194444374999996
1 0.4015625 0.28055555625 0.38984375 0.26805555625 0.38515625 0.25694444375000003 0.3828125 0.1888888890625 0.38515625 0.1513888890625 0.3828125 0.140277778125 0.3828125 0.10555555624999999 0.3796875 0.1 0.3703125 0.1041666671875 0.371875 0.2541666671875 0.35703125 0.2541666671875 0.36015625 0.25555555625 0.3631990140625 0.269078946875 0.36640625 0.2708333328125 0.36875 0.2791666671875 0.375 0.28611111093749997 0.3875 0.28055555625 0.40078125 0.2888888890625 0.4015625 0.28055555625
1 0.43203125 0.240277778125 0.45625 0.25 0.45859375 0.24305555625 0.45546875 0.2388888890625 0.4515625 0.21805555625 0.4546875 0.1708333328125 0.45390625 0.08333333281250001 0.44453125 0.08055555625000001 0.4421875 0.0861111109375 0.44140625 0.2125 0.4390625 0.225 0.4265625 0.22638888906250001 0.42578125 0.23055555625 0.428125 0.23333333281250002 0.4296875 0.22638888906250001 0.434375 0.23055555625 0.43203125 0.240277778125
7 0.88203125 0.27638888906250003 0.88671875 0.28055555625 0.90703125 0.27638888906250003 0.91484375 0.25 0.92734375 0.23055555625 0.91640625 0.1833333328125 0.9109375 0.17361111093749998 0.89296875 0.15972222187500001 0.86796875 0.1541666671875 0.85546875 0.15555555625 0.853125 0.15972222187500001 0.84375 0.15555555625 0.81875 0.15555555625 0.81953125 0.1861111109375 0.82890625 0.19305555624999998 0.84375 0.215277778125 0.8484375 0.2166666671875 0.85 0.23472222187499997 0.8546875 0.2416666671875 0.878125 0.25833333281250004 0.88203125 0.27638888906250003
7 0.99921875 0.26805555625 0.9890625 0.25833333281250004 0.9828125 0.27638888906250003 0.97890625 0.3416666671875 0.99921875 0.34027777812500004 0.99921875 0.26805555625
7 0.96953125 0.24583333281250003 0.94296875 0.23194444375 0.93046875 0.23194444375 0.92578125 0.23472222187499997 0.91328125 0.25694444375000003 0.90703125 0.2958333328125 0.92421875 0.32777777812500003 0.9421875 0.33055555625 0.95234375 0.3541666671875 0.95703125 0.35555555625 0.9609375 0.34722222187499996 0.9671875 0.302777778125 0.96953125 0.24583333281250003
7 0.796875 0.10555555624999999 0.796875 0.0958333328125 0.78828125 0.09305555625 0.7875 0.10555555624999999 0.790625 0.109722221875 0.78671875 0.11805555625 0.78671875 0.13333333281249998 0.79296875 0.13888888906250002 0.7953125 0.11805555625 0.79140625 0.1111111109375 0.796875 0.10555555624999999
7 0.83671875 0.0486111109375 0.83671875 0.06805555625000001 0.84296875 0.06944444375 0.84140625 0.052777778124999994 0.83671875 0.0486111109375
7 0.82421875 0.04305555625 0.82421875 0.05694444375 0.8265625 0.0513888890625 0.8265625 0.04305555625 0.82421875 0.04305555625
7 0.7890625 0.04444444375 0.7703125 0.040277778125000004 0.76875 0.04305555625 0.7890625 0.04444444375
7 0.8421875 0.2208333328125 0.8328125 0.2166666671875 0.83046875 0.2 0.81796875 0.190277778125 0.8171875 0.1763888890625 0.81640625 0.1875 0.8125 0.19305555624999998 0.81015625 0.2541666671875 0.815625 0.25555555625 0.81953125 0.26944444375 0.83515625 0.26944444375 0.84140625 0.27638888906250003 0.84765625 0.26527777812500003 0.8484375 0.23333333281250002 0.8421875 0.2208333328125
7 0.76796875 0.15694444375 0.76171875 0.15277777812499999 0.7484375 0.1611111109375 0.7375 0.184722221875 0.7359375 0.20555555625 0.7390625 0.222222221875 0.74453125 0.22638888906250001 0.753125 0.222222221875 0.7671875 0.22638888906250001 0.76875 0.19583333281249998 0.775 0.1861111109375 0.76796875 0.15694444375
7 0.7828125 0.147222221875 0.7796875 0.1888888890625 0.7796875 0.25 0.78125 0.25555555625 0.7859375 0.25694444375000003 0.79296875 0.2 0.79453125 0.1458333328125 0.790625 0.140277778125 0.7859375 0.13888888906250002 0.7828125 0.147222221875
7 0.99921875 0.22777777812500002 0.99296875 0.222222221875 0.98828125 0.23472222187499997 0.98828125 0.2541666671875 0.99921875 0.25555555625 0.99921875 0.22777777812500002
7 0.97421875 0.20555555625 0.96953125 0.197222221875 0.92890625 0.16944444375 0.9203125 0.16805555625 0.91875 0.172222221875 0.91875 0.1888888890625 0.925 0.20555555625 0.92890625 0.20833333281250002 0.93046875 0.22777777812500002 0.9484375 0.23194444375 0.96796875 0.24305555625 0.971875 0.2388888890625 0.97421875 0.20555555625
7 0.9609375 0.13333333281249998 0.9359375 0.12222222187500001 0.92578125 0.1263888890625 0.92578125 0.13055555624999998 0.94765625 0.14305555625 0.95625 0.1541666671875 0.9703125 0.1611111109375 0.9796875 0.1583333328125 0.9796875 0.1513888890625 0.9765625 0.1458333328125 0.9609375 0.13333333281249998
7 0.74140625 0.16805555625 0.7390625 0.165277778125 0.7375 0.16805555625 0.74140625 0.16805555625
7 0.79296875 0.127777778125 0.7890625 0.1208333328125 0.78828125 0.12361111093749999 0.7890625 0.134722221875 0.79296875 0.134722221875 0.79296875 0.127777778125
7 0.79296875 0.10694444375 0.7953125 0.10138888906250001 0.79296875 0.0958333328125 0.78828125 0.0958333328125 0.78828125 0.10138888906250001 0.79296875 0.10694444375
7 0.76875 0.08333333281250001 0.74921875 0.072222221875 0.7453125 0.10138888906250001 0.7453125 0.15555555625 0.76875 0.15 0.76875 0.08333333281250001
7 0.7234375 0.058333332812500006 0.7015625 0.055555556250000006 0.68203125 0.04444444375 0.67734375 0.047222221875 0.6765625 0.05694444375 0.6765625 0.0986111109375 0.68828125 0.10833333281249999 0.6921875 0.1291666671875 0.7 0.14305555625 0.7140625 0.15555555625 0.7359375 0.1666666671875 0.73984375 0.072222221875 0.7234375 0.058333332812500006
7 0.86640625 0.13055555624999998 0.8578125 0.1291666671875 0.8484375 0.11944444375 0.8390625 0.12222222187500001 0.83671875 0.13194444375 0.83984375 0.1513888890625 0.85390625 0.15555555625 0.8578125 0.1513888890625 0.87578125 0.1541666671875 0.8828125 0.15 0.88125 0.14305555625 0.86640625 0.13055555624999998
7 0.85546875 0.08055555625000001 0.875 0.1041666671875 0.89375 0.11388888906250001 0.89609375 0.08055555625000001 0.87265625 0.07083333281250001 0.86015625 0.07083333281250001 0.85625 0.07638888906249999 0.85546875 0.08055555625000001
4 0.47421875 0.2138888890625 0.47890625 0.20555555625 0.4703125 0.1833333328125 0.46875 0.172222221875 0.4640625 0.17361111093749998 0.4578125 0.1875 0.45546875 0.19444444375 0.45546875 0.23194444375 0.45859375 0.2416666671875 0.4578125 0.26805555625 0.46015625 0.2791666671875 0.4671875 0.28472222187499996 0.4703125 0.28194444375 0.47421875 0.2138888890625