2 0.5361111109375 0.04296875 0.54444444375 0.04296875 0.5625 0.0375 0.5791666671875 0.0359375 0.58055555625 0.025 0.5611111109375 0.0234375 0.5361111109375 0.02578125 0.5305555562500001 0.0296875 0.5333333328125 0.040625 0.5361111109375 0.04296875
1 0.897222221875 0.375 0.8847222218749999 0.3703125 0.85 0.37265625 0.747222221875 0.37265625 0.7402777781250001 0.36875 0.7402777781250001 0.36015625 0.734722221875 0.359375 0.727777778125 0.36796875 0.7138888890625 0.375 0.7166666671875 0.38671875 0.709722221875 0.39375 0.715277778125 0.39609375 0.7361111109375 0.3875 0.7569444437499999 0.3859375 0.8916666671875 0.38671875 0.897222221875 0.375
1 0.7833333328125 0.4421875 0.772222221875 0.43828125 0.7736111109375 0.43125 0.765277778125 0.43046875 0.7569444437499999 0.43828125 0.7486111109375 0.46875 0.75555555625 0.46953125 0.7638888890625 0.45703125 0.777777778125 0.45390625 0.827777778125 0.45625 0.8541666671874999 0.45390625 0.915277778125 0.4546875 0.9125 0.44296875 0.7833333328125 0.4421875
6 0.809722221875 0.73671875 0.8208333328125 0.7328125 0.8416666671874999 0.73046875 0.85 0.70546875 0.85 0.69140625 0.834722221875 0.68125 0.8333333328125001 0.6703125 0.8222222218749999 0.665625 0.8263888890625 0.6609375 0.8222222218749999 0.65703125 0.7833333328125 0.65625 0.7583333328124999 0.66328125 0.7583333328124999 0.68515625 0.752777778125 0.69765625 0.727777778125 0.70234375 0.715277778125 0.71171875 0.7166666671875 0.721875 0.727777778125 0.7296875 0.7208333328125 0.73828125 0.7208333328125 0.7546875 0.725 0.7625 0.784722221875 0.7625 0.80694444375 0.75078125 0.809722221875 0.73671875
6 0.8263888890625 0.60625 0.840277778125 0.5984375 0.8388888890624999 0.57578125 0.8194444437499999 0.56875 0.8027777781250001 0.56640625 0.7736111109375 0.56875 0.76944444375 0.5734375 0.7597222218749999 0.5765625 0.74444444375 0.59453125 0.7402777781250001 0.60546875 0.7416666671875001 0.65 0.75 0.65703125 0.76944444375 0.65546875 0.7805555562500001 0.634375 0.79444444375 0.6375 0.8111111109375001 0.6359375 0.8166666671874999 0.61875 0.8263888890625 0.60625
7 0.8458333328125001 0.8921875 0.852777778125 0.88984375 0.8541666671874999 0.8796875 0.86944444375 0.86640625 0.872222221875 0.85625 0.8791666671874999 0.85 0.877777778125 0.8421875 0.86944444375 0.8421875 0.8652777781250001 0.8390625 0.8486111109375001 0.84453125 0.8458333328125001 0.8921875
7 0.902777778125 0.9640625 0.89444444375 0.96171875 0.8875 0.96796875 0.89444444375 0.9734375 0.902777778125 0.971875 0.909722221875 0.9625 0.902777778125 0.9640625
7 0.8958333328125001 0.95390625 0.915277778125 0.95390625 0.9277777781250001 0.93828125 0.9277777781250001 0.9234375 0.915277778125 0.90703125 0.88055555625 0.90625 0.8708333328125001 0.921875 0.875 0.94296875 0.8819444437499999 0.95 0.8958333328125001 0.95390625
7 0.9291666671875 0.871875 0.9291666671875 0.8625 0.922222221875 0.85703125 0.91805555625 0.85703125 0.897222221875 0.875 0.8861111109375001 0.8890625 0.8861111109375001 0.8953125 0.91944444375 0.896875 0.9291666671875 0.871875
7 0.7208333328125 0.921875 0.73194444375 0.93046875 0.7666666671875 0.93046875 0.7736111109375 0.9265625 0.8194444437499999 0.915625 0.827777778125 0.909375 0.8444444437499999 0.88515625 0.8458333328125001 0.87421875 0.8444444437499999 0.85625 0.840277778125 0.853125 0.8444444437499999 0.84765625 0.8444444437499999 0.81953125 0.83194444375 0.81640625 0.80694444375 0.8140625 0.8027777781250001 0.8171875 0.7791666671875 0.81875 0.7708333328125 0.825 0.76944444375 0.83125 0.7819444437499999 0.8375 0.7805555562500001 0.846875 0.7638888890625 0.85078125 0.7416666671875001 0.878125 0.7236111109375 0.88203125 0.7194444437499999 0.88671875 0.7194444437499999 0.89375 0.7236111109375 0.89609375 0.7208333328125 0.921875
7 0.7208333328125 0.99296875 0.722222221875 0.99921875 0.777777778125 0.99921875 0.7819444437499999 0.99296875 0.76805555625 0.9890625 0.73194444375 0.9875 0.7208333328125 0.99296875
7 0.7861111109375 0.9296875 0.76944444375 0.93046875 0.7611111109375 0.93515625 0.7611111109375 0.95546875 0.752777778125 0.96875 0.7569444437499999 0.97265625 0.7861111109375 0.97578125 0.7986111109375 0.9734375 0.83055555625 0.92890625 0.83194444375 0.9234375 0.827777778125 0.91953125 0.8083333328125001 0.91953125 0.7861111109375 0.9296875
7 0.86944444375 0.95546875 0.875 0.94296875 0.8736111109375001 0.92734375 0.8708333328125001 0.92578125 0.85694444375 0.94296875 0.840277778125 0.97421875 0.8416666671874999 0.97890625 0.8541666671874999 0.97578125 0.86944444375 0.95546875
7 0.9069444437499999 0.7875 0.8916666671875 0.79140625 0.8861111109375001 0.7859375 0.8680555562500001 0.784375 0.8625 0.77890625 0.8583333328125 0.784375 0.8486111109375001 0.7859375 0.8458333328125001 0.78984375 0.847222221875 0.79296875 0.85555555625 0.79453125 0.8708333328125001 0.7953125 0.88055555625 0.79296875 0.8847222218749999 0.796875 0.9041666671874999 0.7984375 0.9069444437499999 0.7875
7 0.91944444375 0.765625 0.9277777781250001 0.7515625 0.925 0.74921875 0.8416666671874999 0.7453125 0.8416666671874999 0.76640625 0.8625 0.77265625 0.8666666671875 0.7703125 0.9069444437499999 0.77109375 0.91944444375 0.765625
7 0.9416666671874999 0.6765625 0.9083333328125001 0.675 0.8958333328125001 0.68046875 0.890277778125 0.6890625 0.8680555562500001 0.69375 0.85694444375 0.70625 0.852777778125 0.7203125 0.8444444437499999 0.7265625 0.8458333328125001 0.73671875 0.9305555562500001 0.7390625 0.94305555625 0.7171875 0.9458333328125 0.7 0.95555555625 0.68203125 0.952777778125 0.67890625 0.9416666671874999 0.6765625