2 0.025 0.4625 0.028125 0.46805555625000006 0.0421875 0.46527777812500004 0.0453125 0.447222221875 0.03828125 0.4388888890625 0.0359375 0.42083333281249996 0.025 0.41944444374999995 0.025 0.4625
1 0.3859375 0.2833333328125 0.39375 0.290277778125 0.3953125 0.2833333328125 0.38671875 0.259722221875 0.38515625 0.240277778125 0.38671875 0.109722221875 0.38359375 0.10555555624999999 0.3734375 0.1041666671875 0.3703125 0.11388888906250001 0.37265625 0.1513888890625 0.37265625 0.252777778125 0.36875 0.259722221875 0.36015625 0.259722221875 0.359375 0.26527777812500003 0.3671875 0.2708333328125 0.375 0.28611111093749997 0.3859375 0.2833333328125
1 0.46875 0.24305555625 0.45703125 0.23611111093749998 0.45390625 0.225 0.45390625 0.18194444375000002 0.45625 0.1708333328125 0.45625 0.15555555625 0.45390625 0.14861111093749999 0.4546875 0.084722221875 0.44296875 0.0875 0.4421875 0.2166666671875 0.43828125 0.22777777812500002 0.43125 0.22638888906250001 0.4296875 0.23055555625 0.4328125 0.2388888890625 0.43828125 0.24305555625 0.46796875 0.2513888890625 0.46875 0.24305555625
6 0.70625 0.28055555625 0.71953125 0.28472222187499996 0.72890625 0.272222221875 0.73828125 0.2791666671875 0.7625 0.275 0.7625 0.2166666671875 0.75 0.1916666671875 0.7390625 0.1916666671875 0.73515625 0.1875 0.73046875 0.1583333328125 0.71171875 0.1513888890625 0.69140625 0.15 0.68203125 0.16388888906250001 0.6609375 0.16805555625 0.65625 0.177777778125 0.65546875 0.21111111093749999 0.66171875 0.2388888890625 0.6671875 0.24305555625 0.6859375 0.2416666671875 0.69765625 0.24722222187499998 0.70078125 0.25555555625 0.7015625 0.26944444375 0.70625 0.28055555625
6 0.653125 0.25694444375000003 0.65703125 0.25 0.65703125 0.23611111093749998 0.65390625 0.22777777812500002 0.63671875 0.222222221875 0.634375 0.21805555625 0.6375 0.20277777812500003 0.63671875 0.190277778125 0.60625 0.17361111093749998 0.5984375 0.15972222187500001 0.575 0.1611111109375 0.56875 0.18055555625 0.56640625 0.19583333281249998 0.56875 0.22638888906250001 0.5765625 0.2416666671875 0.584375 0.24444444375000002 0.59375 0.25555555625 0.60546875 0.259722221875 0.646875 0.25833333281250004 0.653125 0.25694444375000003
7 0.85078125 0.23611111093749998 0.87890625 0.25833333281250004 0.88203125 0.27638888906250003 0.88671875 0.28055555625 0.89375 0.28055555625 0.89609375 0.27638888906250003 0.92265625 0.2791666671875 0.93046875 0.26805555625 0.93046875 0.23333333281250002 0.92578125 0.2236111109375 0.91640625 0.1833333328125 0.90390625 0.16805555625 0.88515625 0.15555555625 0.85703125 0.15555555625 0.85390625 0.1611111109375 0.853125 0.172222221875 0.85 0.17361111093749998 0.8484375 0.16805555625 0.84375 0.1666666671875 0.84296875 0.15972222187500001 0.8375 0.15555555625 0.81953125 0.15555555625 0.815625 0.172222221875 0.8140625 0.1916666671875 0.81796875 0.20277777812500003 0.81953125 0.222222221875 0.825 0.22916666718749998 0.834375 0.22777777812500002 0.83671875 0.21805555625 0.846875 0.21944444375 0.85078125 0.23611111093749998
7 0.99296875 0.2791666671875 0.99921875 0.27777777812500004 0.99921875 0.2236111109375 0.99296875 0.21805555625 0.9890625 0.23194444375 0.9875 0.26805555625 0.99296875 0.2791666671875
7 0.97578125 0.21805555625 0.97265625 0.20138888906250002 0.9359375 0.17361111093749998 0.925 0.16805555625 0.91953125 0.172222221875 0.91875 0.1888888890625 0.9296875 0.2125 0.93046875 0.23055555625 0.9359375 0.240277778125 0.9515625 0.2375 0.96953125 0.25 0.97265625 0.24305555625 0.97578125 0.21805555625
7 0.92734375 0.1263888890625 0.92578125 0.1291666671875 0.9421875 0.14305555625 0.96953125 0.1583333328125 0.978125 0.15694444375 0.9734375 0.14444444375 0.9546875 0.13055555624999998 0.93984375 0.125 0.92734375 0.1263888890625
7 0.7984375 0.097222221875 0.79609375 0.09305555625 0.7875 0.09444444375 0.78828125 0.10694444375 0.7859375 0.1111111109375 0.78515625 0.1291666671875 0.77890625 0.1375 0.78515625 0.14444444375 0.78671875 0.15277777812499999 0.7921875 0.15277777812499999 0.7984375 0.097222221875
7 0.75 0.072222221875 0.74921875 0.077777778125 0.7453125 0.1583333328125 0.76640625 0.1583333328125 0.77265625 0.1375 0.76953125 0.13194444375 0.77109375 0.09305555625 0.7671875 0.08194444375 0.76015625 0.07638888906249999 0.75 0.072222221875
7 0.73671875 0.15555555625 0.7390625 0.06944444375 0.71796875 0.05694444375 0.69921875 0.054166667187499996 0.68046875 0.04444444375 0.67578125 0.07083333281250001 0.675 0.0916666671875 0.68046875 0.1041666671875 0.68828125 0.109722221875 0.6921875 0.13055555624999998 0.7078125 0.14444444375 0.71953125 0.147222221875 0.72578125 0.15555555625 0.73671875 0.15555555625