2 0.02421875 0.4263888890625 0.01875 0.425 0.01328125 0.43194444374999996 0.0140625 0.47222222187499996 0.01796875 0.477777778125 0.025 0.477777778125 0.0328125 0.46805555625000006 0.03046875 0.4486111109375 0.02421875 0.4263888890625
1 0.3796875 0.1 0.3703125 0.1041666671875 0.371875 0.2541666671875 0.35703125 0.2541666671875 0.36015625 0.25555555625 0.3631990140625 0.269078946875 0.36640625 0.2708333328125 0.375 0.28611111093749997 0.3875 0.28055555625 0.40078125 0.2888888890625 0.4015625 0.28055555625 0.38828125 0.2666666671875 0.38515625 0.25694444375000003 0.384375 0.19583333281249998 0.38671875 0.19305555624999998 0.384375 0.190277778125 0.3828125 0.10555555624999999 0.3796875 0.1
1 0.4546875 0.1708333328125 0.45390625 0.084722221875 0.4515625 0.08055555625000001 0.4453125 0.08055555625000001 0.4421875 0.0875 0.44140625 0.215277778125 0.43828125 0.22777777812500002 0.42734375 0.22638888906250001 0.42734375 0.23055555625 0.43125 0.2388888890625 0.4375 0.24305555625 0.45234375 0.25 0.46875 0.2513888890625 0.46953125 0.24583333281250003 0.4671875 0.2416666671875 0.4546875 0.23333333281250002 0.4515625 0.2166666671875 0.45234375 0.17916666718750002 0.4546875 0.1708333328125
7 0.99921875 0.33888888906250003 0.99921875 0.26805555625 0.9953125 0.2611111109375 0.98671875 0.2611111109375 0.98046875 0.30555555624999997 0.97890625 0.3416666671875 0.99921875 0.33888888906250003
7 0.9078125 0.29722222187499997 0.915625 0.3083333328125 0.9203125 0.322222221875 0.925 0.32777777812500003 0.9421875 0.33055555625 0.95078125 0.352777778125 0.95703125 0.35555555625 0.9671875 0.302777778125 0.96953125 0.24583333281250003 0.9421875 0.23194444375 0.93046875 0.23194444375 0.91796875 0.24583333281250003 0.9078125 0.28611111093749997 0.9078125 0.29722222187499997
7 0.9109375 0.17361111093749998 0.89296875 0.15972222187500001 0.86953125 0.1541666671875 0.85390625 0.1583333328125 0.8421875 0.1541666671875 0.81953125 0.15555555625 0.81953125 0.18194444375000002 0.83359375 0.20416666718749998 0.84765625 0.215277778125 0.85 0.23472222187499997 0.8546875 0.2416666671875 0.878125 0.25833333281250004 0.88125 0.275 0.88515625 0.2791666671875 0.90625 0.27638888906250003 0.9109375 0.2666666671875 0.9140625 0.25 0.9265625 0.23055555625 0.915625 0.18194444375000002 0.9109375 0.17361111093749998
7 0.9625 0.102777778125 0.9625 0.1263888890625 0.96640625 0.1263888890625 0.96875 0.1208333328125 0.96796875 0.10694444375 0.97421875 0.10555555624999999 0.9734375 0.0958333328125 0.9625 0.102777778125
7 0.90625 0.10138888906250001 0.90546875 0.11805555625 0.91953125 0.127777778125 0.928125 0.1291666671875 0.93125 0.12222222187500001 0.95 0.11944444375 0.95390625 0.102777778125 0.95234375 0.08333333281250001 0.9390625 0.072222221875 0.9265625 0.07083333281250001 0.90625 0.08194444375 0.90234375 0.09305555625 0.90625 0.10138888906250001
7 0.7890625 0.115277778125 0.790625 0.11805555625 0.7875 0.1208333328125 0.78671875 0.13055555624999998 0.79296875 0.13888888906250002 0.796875 0.0958333328125 0.7875 0.09444444375 0.7875 0.10555555624999999 0.79140625 0.10833333281249999 0.79140625 0.11388888906250001 0.7890625 0.115277778125
7 0.84296875 0.06944444375 0.8421875 0.055555556250000006 0.8375 0.047222221875 0.83671875 0.06805555625000001 0.84296875 0.06944444375
7 0.8265625 0.0513888890625 0.8265625 0.04305555625 0.82421875 0.04305555625 0.82421875 0.058333332812500006 0.8265625 0.0513888890625
7 0.775 0.0388888890625 0.7734375 0.04305555625 0.76953125 0.040277778125000004 0.76796875 0.04305555625 0.77578125 0.0458333328125 0.7796875 0.0416666671875 0.78072890625 0.0458333328125 0.790625 0.0458333328125 0.775 0.0388888890625
7 0.99296875 0.222222221875 0.98828125 0.23472222187499997 0.98828125 0.2541666671875 0.99921875 0.25555555625 0.99921875 0.22777777812500002 0.99296875 0.222222221875
7 0.92890625 0.20833333281250002 0.93203125 0.22916666718749998 0.959375 0.23611111093749998 0.96796875 0.24305555625 0.971875 0.2388888890625 0.97421875 0.20555555625 0.96953125 0.197222221875 0.928125 0.16944444375 0.91953125 0.16944444375 0.91875 0.1888888890625 0.92421875 0.20416666718749998 0.92890625 0.20833333281250002
7 0.94765625 0.14305555625 0.95859375 0.15555555625 0.971875 0.1611111109375 0.97734375 0.1611111109375 0.9796875 0.15555555625 0.978125 0.147222221875 0.95546875 0.13055555624999998 0.93515625 0.12222222187500001 0.92578125 0.1263888890625 0.925 0.1291666671875 0.93828125 0.140277778125 0.94765625 0.14305555625
7 0.81171875 0.20833333281250002 0.81015625 0.2541666671875 0.81640625 0.2541666671875 0.81796875 0.2638888890625 0.82421875 0.272222221875 0.83515625 0.26805555625 0.84140625 0.27638888906250003 0.84765625 0.2638888890625 0.8484375 0.23611111093749998 0.84140625 0.2236111109375 0.83125 0.215277778125 0.83203125 0.20555555625 0.82890625 0.197222221875 0.81875 0.1888888890625 0.8179135093750001 0.18070987656249998 0.8125 0.19583333281249998 0.81171875 0.20833333281250002
7 0.73671875 0.190277778125 0.73671875 0.2166666671875 0.7390625 0.222222221875 0.74375 0.22638888906250001 0.75703125 0.222222221875 0.76640625 0.22916666718749998 0.76875 0.2208333328125 0.76875 0.19583333281249998 0.77421875 0.1888888890625 0.77421875 0.18194444375000002 0.76875 0.15694444375 0.76015625 0.15277777812499999 0.7484375 0.1611111109375 0.7375 0.1833333328125 0.73671875 0.190277778125
7 0.78046875 0.2541666671875 0.7859375 0.25694444375000003 0.78828125 0.2513888890625 0.79296875 0.2 0.79453125 0.147222221875 0.790625 0.140277778125 0.7859375 0.13888888906250002 0.7828125 0.147222221875 0.7796875 0.1888888890625 0.78125 0.215277778125 0.77890625 0.24444444375000002 0.78046875 0.2541666671875
7 0.73984375 0.1671875 0.003125 0.0015625
7 0.79296875 0.1375 0.79296875 0.127777778125 0.7890625 0.12222222187500001 0.7875 0.13055555624999998 0.79296875 0.1375
7 0.79296875 0.10694444375 0.7953125 0.097222221875 0.7890625 0.0958333328125 0.7890625 0.102777778125 0.79296875 0.10694444375
7 0.76875 0.15 0.77109375 0.1166666671875 0.76875 0.08333333281250001 0.7484375 0.072222221875 0.74453125 0.11805555625 0.7453125 0.15555555625 0.76875 0.15
7 0.6765625 0.058333332812500006 0.6765625 0.1 0.69140625 0.1111111109375 0.69296875 0.1291666671875 0.7 0.14305555625 0.70390625 0.14305555625 0.7140625 0.15555555625 0.73515625 0.1666666671875 0.7375 0.14305555625 0.7375 0.06944444375 0.72265625 0.058333332812500006 0.70078125 0.055555556250000006 0.68203125 0.04444444375 0.67734375 0.047222221875 0.6765625 0.058333332812500006
7 0.87578125 0.1541666671875 0.8828125 0.15 0.88046875 0.1416666671875 0.8671875 0.13055555624999998 0.85625 0.127777778125 0.8484375 0.11944444375 0.8375 0.1208333328125 0.83671875 0.13888888906250002 0.8390625 0.15 0.8453125 0.1541666671875 0.87578125 0.1541666671875
7 0.859375 0.072222221875 0.85625 0.08055555625000001 0.875 0.1041666671875 0.89375 0.11388888906250001 0.89765625 0.09305555625 0.896875 0.08055555625000001 0.8734375 0.07083333281250001 0.859375 0.072222221875
4 0.47578125 0.140277778125 0.478125 0.13055555624999998 0.47109375 0.147222221875 0.46953125 0.16388888906250001 0.4734375 0.17361111093749998 0.4734375 0.2125 0.47734375 0.2138888890625 0.4796875 0.14305555625 0.47578125 0.140277778125
4 0.94921875 0.9708333328125001 0.94765625 0.9680555562500001 0.946875 0.9708333328125001 0.94921875 0.9708333328125001
4 0.98984375 0.91944444375 0.97421875 0.9055555562500001 0.9625 0.9055555562500001 0.95234375 0.93194444375 0.9515625 0.95555555625 0.9671875 0.95555555625 0.96875 0.972222221875 0.9625 0.975 0.9578125 0.9708333328125001 0.95546875 0.9791666671874999 0.94453125 0.98194444375 0.9390625 0.997222221875 0.99296875 0.997222221875 0.99609375 0.9916666671875 0.99609375 0.984722221875 0.99921875 0.98194444375 0.99921875 0.91944444375 0.98984375 0.91944444375
4 0.04453125 0.10694444375 0.0390625 0.13055555624999998 0.03828125 0.140277778125 0.04296875 0.15 0.04453125 0.165277778125 0.05390625 0.165277778125 0.06328125 0.15277777812499999 0.06640625 0.1541666671875 0.0703125 0.165277778125 0.07734375 0.15 0.06796875 0.1291666671875 0.05625 0.1361111109375 0.05078125 0.11944444375 0.05390625 0.1111111109375 0.05078125 0.10555555624999999 0.04453125 0.10694444375