2 0.025 0.41944444374999995 0.0234375 0.4388888890625 0.02578125 0.4625 0.0296875 0.46805555625000006 0.03671875 0.46805555625000006 0.03671875 0.42222222187499997 0.03359375 0.41805555625 0.025 0.41944444374999995
1 0.3875 0.2 0.38515625 0.165277778125 0.3859375 0.15694444375 0.3890625 0.1541666671875 0.3859375 0.1111111109375 0.3765625 0.102777778125 0.36953125 0.1111111109375 0.37265625 0.15972222187500001 0.37265625 0.24722222187499998 0.36875 0.259722221875 0.359375 0.259722221875 0.359375 0.26527777812500003 0.36875 0.272222221875 0.37578125 0.2888888890625 0.38046875 0.2888888890625 0.384375 0.2833333328125 0.39453125 0.2888888890625 0.39375 0.27777777812500004 0.38671875 0.2638888890625 0.38515625 0.23472222187499997 0.3875 0.2
1 0.4421875 0.2166666671875 0.43671875 0.22638888906250001 0.43125 0.22638888906250001 0.4296875 0.23055555625 0.4328125 0.2388888890625 0.46015625 0.2513888890625 0.4625 0.2388888890625 0.465673828125 0.24001736093749998 0.4546875 0.22916666718749998 0.45234375 0.2166666671875 0.45625 0.16805555625 0.45390625 0.14861111093749999 0.4546875 0.0861111109375 0.453125 0.08194444375 0.44296875 0.0861111109375 0.4421875 0.2166666671875
6 0.75234375 0.19444444375 0.73515625 0.1875 0.73046875 0.1583333328125 0.6953125 0.147222221875 0.68828125 0.1513888890625 0.6796875 0.165277778125 0.6609375 0.16805555625 0.65703125 0.172222221875 0.65625 0.2166666671875 0.659375 0.2208333328125 0.66328125 0.240277778125 0.684375 0.2388888890625 0.6984375 0.24722222187499998 0.70234375 0.275 0.7078125 0.2833333328125 0.71875 0.28472222187499996 0.7296875 0.2708333328125 0.7375 0.27777777812500004 0.76171875 0.27638888906250003 0.7640625 0.2666666671875 0.76171875 0.21805555625 0.75234375 0.19444444375
6 0.63671875 0.19583333281249998 0.6296875 0.1875 0.60625 0.17361111093749998 0.5984375 0.15972222187500001 0.575 0.1611111109375 0.56953125 0.175 0.56640625 0.19444444375 0.5671875 0.21944444375 0.56953125 0.22916666718749998 0.5734375 0.23055555625 0.57890625 0.24305555625 0.60078125 0.259722221875 0.65078125 0.25833333281250004 0.65625 0.2541666671875 0.65625 0.23194444375 0.6453125 0.2236111109375 0.63671875 0.222222221875 0.6328125 0.215277778125 0.63671875 0.20416666718749998 0.63671875 0.19583333281249998
7 0.88125 0.14305555625 0.8671875 0.13055555624999998 0.85625 0.127777778125 0.84921875 0.1208333328125 0.8375 0.12222222187500001 0.8390625 0.14305555625 0.84375 0.1513888890625 0.89296875 0.1541666671875 0.88984375 0.1458333328125 0.88125 0.14305555625
7 0.96640625 0.09305555625 0.9640625 0.09444444375 0.9625 0.10555555624999999 0.96640625 0.1111111109375 0.96875 0.1 0.96640625 0.09305555625
7 0.94921875 0.1208333328125 0.95234375 0.115277778125 0.9546875 0.0916666671875 0.9515625 0.08055555625000001 0.9390625 0.072222221875 0.92265625 0.072222221875 0.90703125 0.084722221875 0.90703125 0.1208333328125 0.921875 0.127777778125 0.92578125 0.12222222187500001 0.94921875 0.1208333328125
7 0.86953125 0.07083333281250001 0.86328125 0.07083333281250001 0.8578125 0.07638888906249999 0.8578125 0.08194444375 0.875 0.102777778125 0.88984375 0.11388888906250001 0.8953125 0.11388888906250001 0.89765625 0.08055555625000001 0.86953125 0.07083333281250001
7 0.925 0.27777777812500004 0.93046875 0.2666666671875 0.93046875 0.23333333281250002 0.92578125 0.2236111109375 0.91640625 0.1833333328125 0.9109375 0.17361111093749998 0.8953125 0.165277778125 0.8921875 0.15972222187500001 0.8796875 0.15555555625 0.85625 0.15555555625 0.85390625 0.15972222187500001 0.84453125 0.15555555625 0.81953125 0.15555555625 0.8171875 0.1611111109375 0.815625 0.19444444375 0.81875 0.222222221875 0.82421875 0.22916666718749998 0.83515625 0.22638888906250001 0.8375 0.21805555625 0.84609375 0.21805555625 0.85078125 0.23611111093749998 0.86953125 0.2541666671875 0.87890625 0.25833333281250004 0.88203125 0.27638888906250003 0.88671875 0.28055555625 0.89609375 0.27638888906250003 0.92109375 0.2791666671875 0.925 0.27777777812500004
7 0.98828125 0.23333333281250002 0.9875 0.26805555625 0.99140625 0.27638888906250003 0.9953125 0.27777777812500004 0.99921875 0.272222221875 0.99921875 0.21944444375 0.99296875 0.21805555625 0.98828125 0.23333333281250002
7 0.97421875 0.22916666718749998 0.9734375 0.20277777812500003 0.928125 0.16944444375 0.921875 0.16805555625 0.91875 0.17361111093749998 0.91796875 0.190277778125 0.93515625 0.2388888890625 0.95234375 0.23611111093749998 0.96953125 0.24722222187499998 0.97421875 0.22916666718749998
7 0.953125 0.1458333328125 0.96328125 0.1541666671875 0.98046875 0.15972222187500001 0.9796875 0.147222221875 0.9765625 0.14305555625 0.94609375 0.1263888890625 0.9265625 0.12361111093749999 0.925 0.13055555624999998 0.9359375 0.14305555625 0.94375 0.147222221875 0.953125 0.1458333328125
7 0.7796875 0.13888888906250002 0.7875 0.1513888890625 0.79296875 0.15 0.79296875 0.12222222187500001 0.7859375 0.12222222187500001 0.78515625 0.13194444375 0.7796875 0.13888888906250002
7 0.78828125 0.09305555625 0.7890625 0.1041666671875 0.7921875 0.109722221875 0.7890625 0.1166666671875 0.79296875 0.1166666671875 0.796875 0.10555555624999999 0.796875 0.0958333328125 0.78828125 0.09305555625
7 0.74921875 0.07638888906249999 0.7453125 0.1583333328125 0.76171875 0.15972222187500001 0.76796875 0.1541666671875 0.77109375 0.1375 0.77109375 0.090277778125 0.76640625 0.08055555625000001 0.74921875 0.07638888906249999
7 0.67734375 0.10138888906250001 0.6875 0.109722221875 0.68828125 0.1291666671875 0.7265625 0.15555555625 0.7359375 0.15694444375 0.73828125 0.06944444375 0.72421875 0.059722221875 0.7015625 0.054166667187499996 0.690625 0.047222221875 0.6796875 0.04444444375 0.6765625 0.0486111109375 0.675 0.09305555625 0.67734375 0.10138888906250001