2 0.040625 0.42222222187499997 0.0375 0.43055555625 0.0375 0.44444444375 0.04140625 0.46805555625000006 0.04765625 0.47083333281249995 0.05390625 0.46666666718750005 0.05 0.427777778125 0.04453125 0.41805555625 0.040625 0.42222222187499997
1 0.39375 0.2888888890625 0.39375 0.27638888906250003 0.38671875 0.259722221875 0.3859375 0.2166666671875 0.38984375 0.19444444375 0.39140625 0.15277777812499999 0.384375 0.1263888890625 0.384375 0.10555555624999999 0.37265625 0.10555555624999999 0.3703125 0.12222222187500001 0.371875 0.2541666671875 0.36796875 0.259722221875 0.3578125 0.259722221875 0.3578125 0.26527777812500003 0.371875 0.27638888906250003 0.375 0.28472222187499996 0.38671875 0.2833333328125 0.39375 0.2888888890625
1 0.43828125 0.24305555625 0.45703125 0.2513888890625 0.46875 0.2513888890625 0.46953125 0.24583333281250003 0.4671875 0.2416666671875 0.45390625 0.23055555625 0.45390625 0.1888888890625 0.45625 0.16944444375 0.45390625 0.140277778125 0.4546875 0.09305555625 0.44921875 0.08055555625000001 0.4421875 0.0916666671875 0.4421875 0.15277777812499999 0.4390625 0.1625 0.4421875 0.190277778125 0.44140625 0.2166666671875 0.43828125 0.22638888906250001 0.42890625 0.22916666718749998 0.43203125 0.2388888890625 0.43828125 0.24305555625
6 0.7375 0.27777777812500004 0.76171875 0.27777777812500004 0.7640625 0.26527777812500003 0.76171875 0.21805555625 0.7546875 0.197222221875 0.7359375 0.1875 0.73046875 0.1583333328125 0.7125 0.1513888890625 0.69140625 0.15 0.67890625 0.165277778125 0.66796875 0.16388888906250001 0.6609375 0.16805555625 0.65625 0.17361111093749998 0.65546875 0.18055555625 0.65390625 0.20833333281250002 0.6625 0.240277778125 0.6828125 0.2388888890625 0.69765625 0.24722222187499998 0.7046875 0.28055555625 0.71796875 0.28472222187499996 0.7296875 0.26944444375 0.7375 0.27777777812500004
6 0.63203125 0.215277778125 0.62734375 0.190277778125 0.61171875 0.18055555625 0.5984375 0.1611111109375 0.5765625 0.15972222187500001 0.56875 0.177777778125 0.56640625 0.19583333281249998 0.5671875 0.21944444375 0.5765625 0.24305555625 0.5984375 0.259722221875 0.65625 0.25555555625 0.65546875 0.23055555625 0.6359375 0.222222221875 0.63203125 0.215277778125
7 0.83984375 0.134722221875 0.8453125 0.1513888890625 0.8921875 0.15277777812499999 0.88984375 0.147222221875 0.8671875 0.13055555624999998 0.8484375 0.1208333328125 0.84375 0.12222222187500001 0.83984375 0.134722221875
7 0.9640625 0.11805555625 0.96953125 0.109722221875 0.9703125 0.097222221875 0.9640625 0.090277778125 0.9625 0.08333333281250001 0.96171875 0.11805555625 0.9640625 0.11805555625
7 0.95390625 0.084722221875 0.9515625 0.08055555625000001 0.9390625 0.072222221875 0.9234375 0.072222221875 0.90703125 0.08333333281250001 0.90625 0.11944444375 0.91953125 0.127777778125 0.92421875 0.127777778125 0.9265625 0.12222222187500001 0.946875 0.12222222187500001 0.95 0.11805555625 0.95390625 0.097222221875 0.95390625 0.084722221875
7 0.8578125 0.07638888906249999 0.8578125 0.08194444375 0.875 0.102777778125 0.88984375 0.11388888906250001 0.89609375 0.11388888906250001 0.896875 0.0791666671875 0.871875 0.07083333281250001 0.86171875 0.07083333281250001 0.8578125 0.07638888906249999
7 0.18828125 0.197222221875 0.19453125 0.19444444375 0.19765625 0.18194444375000002 0.2046875 0.17361111093749998 0.2046875 0.147222221875 0.18203125 0.125 0.1796875 0.11805555625 0.165625 0.10833333281249999 0.1515625 0.109722221875 0.1484375 0.1166666671875 0.14453125 0.1263888890625 0.1453125 0.14305555625 0.14921875 0.16388888906250001 0.15625 0.16944444375 0.15859375 0.1833333328125 0.16328125 0.1875 0.17421875 0.1875 0.18828125 0.197222221875
7 0.846875 0.2166666671875 0.853125 0.2388888890625 0.878125 0.25833333281250004 0.88125 0.275 0.8859375 0.28055555625 0.8953125 0.27638888906250003 0.925 0.27777777812500004 0.9296875 0.26805555625 0.93046875 0.23194444375 0.92578125 0.2236111109375 0.915625 0.18194444375000002 0.909375 0.172222221875 0.88125 0.15555555625 0.85625 0.15555555625 0.85390625 0.15972222187500001 0.83671875 0.1541666671875 0.81875 0.15694444375 0.8140625 0.177777778125 0.8140625 0.19305555624999998 0.8171875 0.20138888906250002 0.81875 0.222222221875 0.821875 0.22638888906250001 0.83125 0.22777777812500002 0.83828125 0.2138888890625 0.846875 0.2166666671875
7 0.2875 0.17361111093749998 0.296875 0.17361111093749998 0.3015625 0.1888888890625 0.30625 0.19444444375 0.32265625 0.19444444375 0.32578125 0.1916666671875 0.3328125 0.165277778125 0.3546875 0.1666666671875 0.3625 0.1583333328125 0.36484375 0.15 0.36875 0.15555555625 0.36640625 0.15 0.36875 0.14791666718750002 0.36875 0.109722221875 0.3796875 0.102777778125 0.38203125 0.097222221875 0.37890625 0.0375 0.3640625 0.04444444375 0.35546875 0.055555556250000006 0.3421875 0.052777778124999994 0.33359375 0.058333332812500006 0.32890625 0.04305555625 0.2921875 0.047222221875 0.28125 0.055555556250000006 0.27890625 0.072222221875 0.275 0.07638888906249999 0.278125 0.08194444375 0.275 0.10138888906250001 0.275 0.15972222187500001 0.28046875 0.165277778125 0.28203125 0.17916666718750002 0.2875 0.17361111093749998
7 0.4015625 0.17916666718750002 0.40625 0.1833333328125 0.421875 0.1833333328125 0.4265625 0.17916666718750002 0.4390625 0.1541666671875 0.4421875 0.125 0.45625 0.125 0.45625 0.177777778125 0.4640625 0.177777778125 0.47578125 0.15 0.478125 0.1375 0.478125 0.0638888890625 0.47265625 0.0208333328125 0.46796875 0.009722221875000001 0.42578125 0.006944443749999999 0.41640625 0.013888889062500001 0.39375 0.0208333328125 0.3890625 0.0361111109375 0.3890625 0.0916666671875 0.38671875 0.09305555625 0.38671875 0.102777778125 0.3890625 0.11944444375 0.3953125 0.134722221875 0.39375 0.15277777812499999 0.39921875 0.16388888906250001 0.4015625 0.17916666718750002
7 0.9875 0.26805555625 0.99921875 0.26944444375 0.99921875 0.21944444375 0.99296875 0.21805555625 0.98984375 0.22638888906250001 0.9875 0.23611111093749998 0.9875 0.26805555625
7 0.96484375 0.24305555625 0.96875 0.24722222187499998 0.971875 0.24305555625 0.975 0.2138888890625 0.9734375 0.20277777812500003 0.96640625 0.19444444375 0.928125 0.16944444375 0.91953125 0.172222221875 0.91875 0.1888888890625 0.92421875 0.20277777812500003 0.92578125 0.2166666671875 0.93515625 0.2388888890625 0.94375 0.2388888890625 0.95 0.23194444375 0.959375 0.22916666718749998 0.96484375 0.24305555625
7 0.978125 0.14305555625 0.94375 0.125 0.92578125 0.12361111093749999 0.925 0.13055555624999998 0.93203125 0.13333333281249998 0.9390625 0.14305555625 0.95546875 0.14444444375 0.96796875 0.15555555625 0.98046875 0.15972222187500001 0.98046875 0.147222221875 0.978125 0.14305555625
7 0.79765625 0.0958333328125 0.7875 0.09444444375 0.790625 0.109722221875 0.78125 0.13888888906250002 0.7859375 0.1513888890625 0.790625 0.15277777812499999 0.79375 0.14444444375 0.79296875 0.1125 0.796875 0.10833333281249999 0.79765625 0.0958333328125
7 0.77109375 0.0861111109375 0.7671875 0.08055555625000001 0.75078125 0.075 0.7484375 0.084722221875 0.7484375 0.11388888906250001 0.74453125 0.15555555625 0.75 0.1611111109375 0.765625 0.1583333328125 0.76875 0.1541666671875 0.7703125 0.1375 0.76875 0.13055555624999998 0.77109375 0.0861111109375
7 0.7375 0.15555555625 0.73984375 0.0888888890625 0.73828125 0.06805555625000001 0.69296875 0.047222221875 0.6796875 0.0458333328125 0.6765625 0.054166667187499996 0.6765625 0.0986111109375 0.6859375 0.10555555624999999 0.6921875 0.11805555625 0.69453125 0.13055555624999998 0.70625 0.1416666671875 0.71796875 0.1458333328125 0.72578125 0.15555555625 0.7375 0.15555555625
4 0.98984375 0.3083333328125 0.98046875 0.3416666671875 0.978125 0.35694444375 0.9796875 0.39027777812500003 0.9875 0.39305555625 0.98984375 0.36666666718749996 0.99765625 0.34305555625 0.99609375 0.29305555625 0.98984375 0.2958333328125 0.98984375 0.3083333328125