2 0.41944444374999995 0.975 0.4625 0.975 0.46805555625000006 0.9703125 0.46666666718750005 0.95703125 0.447222221875 0.9546875 0.4375 0.96171875 0.42083333281249996 0.9640625 0.41944444374999995 0.975
1 0.084722221875 0.5453125 0.0875 0.55703125 0.21805555625 0.5578125 0.22777777812500002 0.56171875 0.22638888906250001 0.56875 0.23055555625 0.5703125 0.2388888890625 0.56796875 0.24305555625 0.56171875 0.2513888890625 0.53203125 0.24444444375000002 0.53046875 0.23611111093749998 0.54296875 0.222222221875 0.54609375 0.18055555625 0.54609375 0.16805555625 0.54375 0.15 0.54609375 0.084722221875 0.5453125
1 0.102777778125 0.62421875 0.10694444375 0.628125 0.1166666671875 0.6296875 0.15 0.62734375 0.252777778125 0.62734375 0.259722221875 0.63125 0.2611111109375 0.640625 0.26527777812500003 0.640625 0.2708333328125 0.6328125 0.2888888890625 0.62265625 0.2833333328125 0.61328125 0.290277778125 0.60546875 0.28194444375 0.6046875 0.2638888890625 0.6125 0.24305555625 0.6140625 0.109722221875 0.61328125 0.102777778125 0.62421875
6 0.2236111109375 0.2390625 0.215277778125 0.2359375 0.1916666671875 0.25 0.1916666671875 0.2625 0.17916666718750002 0.2671875 0.1583333328125 0.26953125 0.1513888890625 0.28828125 0.15 0.30859375 0.165277778125 0.31875 0.1666666671875 0.3296875 0.177777778125 0.33515625 0.172222221875 0.3390625 0.17916666718750002 0.34375 0.2138888890625 0.34453125 0.240277778125 0.3375 0.240277778125 0.31796875 0.24722222187499998 0.30234375 0.272222221875 0.29765625 0.28194444375 0.2921875 0.28472222187499996 0.28046875 0.272222221875 0.27109375 0.2791666671875 0.2609375 0.2791666671875 0.2453125 0.27638888906250003 0.23828125 0.26944444375 0.2359375 0.23611111093749998 0.2359375 0.2236111109375 0.2390625
6 0.15972222187500001 0.4015625 0.15972222187500001 0.42265625 0.18055555625 0.43125 0.197222221875 0.43359375 0.21805555625 0.4328125 0.24305555625 0.42265625 0.259722221875 0.39453125 0.25833333281250004 0.35 0.2541666671875 0.34375 0.23611111093749998 0.34296875 0.22916666718749998 0.3453125 0.21944444375 0.365625 0.20277777812500003 0.3625 0.190277778125 0.36328125 0.1763888890625 0.390625 0.16944444375 0.39765625 0.15972222187500001 0.4015625
7 0.15 0.13671875 0.15277777812499999 0.1078125 0.147222221875 0.1109375 0.1458333328125 0.1203125 0.13055555624999998 0.1328125 0.1208333328125 0.15 0.12222222187500001 0.1609375 0.134722221875 0.16171875 0.15 0.15703125 0.1541666671875 0.1515625 0.15 0.13671875
7 0.090277778125 0.03359375 0.090277778125 0.0375 0.11944444375 0.0375 0.11805555625 0.03359375 0.1041666671875 0.02578125 0.090277778125 0.03359375
7 0.1041666671875 0.04609375 0.08333333281250001 0.04609375 0.072222221875 0.0625 0.072222221875 0.0765625 0.084722221875 0.09296875 0.11944444375 0.09375 0.127777778125 0.08125 0.125 0.05625 0.11805555625 0.05 0.1041666671875 0.04609375
7 0.0916666671875 0.10234375 0.08055555625000001 0.10390625 0.07083333281250001 0.1296875 0.07083333281250001 0.1375 0.077777778125 0.14296875 0.08055555625000001 0.14375 0.102777778125 0.125 0.11388888906250001 0.1109375 0.11388888906250001 0.1046875 0.0916666671875 0.10234375
7 0.23333333281250002 0.06953125 0.2236111109375 0.07421875 0.18055555625 0.084375 0.172222221875 0.090625 0.15555555625 0.11484375 0.15555555625 0.14296875 0.1611111109375 0.14765625 0.15555555625 0.159375 0.15555555625 0.18046875 0.16805555625 0.18359375 0.19305555624999998 0.1859375 0.20138888906250002 0.1828125 0.2208333328125 0.18125 0.22916666718749998 0.17578125 0.23055555625 0.16875 0.21805555625 0.1625 0.21944444375 0.153125 0.23611111093749998 0.14921875 0.25833333281250004 0.121875 0.28055555625 0.11328125 0.27638888906250003 0.1015625 0.2791666671875 0.078125 0.26805555625 0.06953125 0.23333333281250002 0.06953125
7 0.28055555625 0.00625 0.2791666671875 0.00078125 0.21944444375 0.00078125 0.21805555625 0.00703125 0.23611111093749998 0.01171875 0.275 0.01171875 0.28055555625 0.00625
7 0.20972222187499998 0.0703125 0.23055555625 0.06953125 0.240277778125 0.0640625 0.240277778125 0.040625 0.25 0.03125 0.24583333281250003 0.028125 0.2138888890625 0.02421875 0.20138888906250002 0.02734375 0.16944444375 0.07109375 0.16805555625 0.07734375 0.175 0.08125 0.1888888890625 0.08125 0.20972222187499998 0.0703125
7 0.14444444375 0.0515625 0.15 0.04765625 0.1611111109375 0.02421875 0.1583333328125 0.02109375 0.1458333328125 0.025 0.13055555624999998 0.04453125 0.125 0.064453125 0.134722221875 0.06640625 0.13055555624999998 0.0703125 0.125 0.06953125 0.127777778125 0.07265625 0.140277778125 0.0625 0.14444444375 0.0515625
7 0.109722221875 0.20859375 0.115277778125 0.2140625 0.13055555624999998 0.215625 0.13888888906250002 0.22109375 0.14305555625 0.215625 0.15277777812499999 0.2140625 0.1541666671875 0.21015625 0.15277777812499999 0.20703125 0.140277778125 0.2046875 0.11944444375 0.20546875 0.097222221875 0.2015625 0.09305555625 0.20390625 0.09444444375 0.2125 0.109722221875 0.20859375
7 0.1375 0.2265625 0.13194444375 0.2296875 0.09305555625 0.22890625 0.08194444375 0.2328125 0.07638888906249999 0.23984375 0.072222221875 0.25 0.077777778125 0.25078125 0.15972222187500001 0.2546875 0.15972222187500001 0.23359375 0.1416666671875 0.2296875 0.1375 0.2265625
7 0.097222221875 0.3234375 0.1111111109375 0.3109375 0.1291666671875 0.30859375 0.14305555625 0.29453125 0.147222221875 0.28125 0.15555555625 0.27421875 0.1541666671875 0.26328125 0.06944444375 0.2609375 0.05694444375 0.28203125 0.054166667187499996 0.30078125 0.04444444375 0.31875 0.05 0.32265625 0.058333332812500006 0.3234375 0.097222221875 0.3234375
4 0.3583333328125 0.84375 0.3583333328125 0.840625 0.35555555625 0.83828125 0.26944444375 0.8390625 0.25 0.84921875 0.25694444375000003 0.85703125 0.26805555625 0.86015625 0.2916666671875 0.8609375 0.309722221875 0.85234375 0.3458333328125 0.8484375 0.3583333328125 0.84375