2 0.425 0.9765625 0.425 0.98125 0.43194444374999996 0.98671875 0.47222222187499996 0.9859375 0.477777778125 0.98203125 0.477777778125 0.975 0.46805555625000006 0.9671875 0.4486111109375 0.96953125 0.425 0.9765625
1 0.1833333328125 0.6140625 0.1513888890625 0.61796875 0.10555555624999999 0.6171875 0.1 0.6203125 0.1041666671875 0.6296875 0.2541666671875 0.628125 0.2541666671875 0.64296875 0.25694444375000003 0.6390625 0.26805555625 0.63828125 0.26527777812500003 0.64375 0.2708333328125 0.63359375 0.2791666671875 0.63125 0.28611111093749997 0.625 0.28055555625 0.6125 0.2888888890625 0.59921875 0.28472222187499996 0.596875 0.2791666671875 0.59921875 0.2625 0.61484375 0.1833333328125 0.6140625
1 0.18055555625 0.54765625 0.172222221875 0.5453125 0.08333333281250001 0.54609375 0.08055555625000001 0.55546875 0.0861111109375 0.5578125 0.2166666671875 0.55859375 0.22916666718749998 0.56171875 0.22638888906250001 0.5734375 0.23055555625 0.57421875 0.23333333281250002 0.571875 0.22777777812500002 0.56953125 0.240277778125 0.56796875 0.24305555625 0.5625 0.25 0.54765625 0.2513888890625 0.53125 0.24305555625 0.53125 0.23472222187499997 0.54453125 0.2166666671875 0.5484375 0.18055555625 0.54765625
6 0.36805555624999997 0.23125 0.3763888890625 0.2296875 0.38055555625 0.2359375 0.3888888890625 0.23828125 0.39305555625 0.23125 0.38194444375000003 0.22578125 0.3541666671875 0.2203125 0.30555555624999997 0.21796875 0.30555555624999997 0.22421875 0.3541666671875 0.2265625 0.35694444375 0.2296875 0.365277778125 0.23125 0.36666666718749996 0.2359375 0.36805555624999997 0.23125
6 0.39027777812500003 0.2390625 0.3736111109375 0.240625 0.34305555625 0.23828125 0.2708333328125 0.23828125 0.2638888890625 0.24921875 0.23194444375 0.25234375 0.2236111109375 0.25859375 0.2236111109375 0.2625 0.20833333281250002 0.26953125 0.20972222187499998 0.27421875 0.21944444375 0.278125 0.21805555625 0.30625 0.24444444375000002 0.3203125 0.23611111093749998 0.3296875 0.2513888890625 0.3328125 0.259722221875 0.34296875 0.2833333328125 0.34609375 0.30416666718749996 0.34765625 0.3263888890625 0.34375 0.334722221875 0.3296875 0.33055555625 0.3234375 0.334722221875 0.309375 0.35694444375 0.3015625 0.36805555624999997 0.29375 0.384722221875 0.2921875 0.4 0.28203125 0.4 0.26875 0.38055555625 0.25703125 0.38333333281250004 0.2515625 0.3916666671875 0.2484375 0.39027777812500003 0.2390625
6 0.27638888906250003 0.21796875 0.2638888890625 0.21328125 0.23611111093749998 0.2125 0.22777777812500002 0.215625 0.22777777812500002 0.2203125 0.272222221875 0.22265625 0.27638888906250003 0.21796875
6 0.165277778125 0.21953125 0.165277778125 0.2234375 0.17361111093749998 0.22421875 0.18055555625 0.22109375 0.172222221875 0.2234375 0.165277778125 0.21953125
6 0.1166666671875 0.24296875 0.10833333281249999 0.246875 0.097222221875 0.26796875 0.09444444375 0.28828125 0.097222221875 0.29375 0.10694444375 0.29921875 0.1291666671875 0.303125 0.134722221875 0.33125 0.15277777812499999 0.33125 0.177777778125 0.3140625 0.16805555625 0.30703125 0.16805555625 0.29609375 0.20277777812500003 0.2796875 0.20972222187499998 0.26484375 0.2166666671875 0.26328125 0.2388888890625 0.2484375 0.24305555625 0.2421875 0.2416666671875 0.23359375 0.16944444375 0.23046875 0.15694444375 0.2328125 0.14861111093749999 0.23984375 0.1166666671875 0.24296875
6 0.18055555625 0.36640625 0.177777778125 0.375 0.18194444375000002 0.37734375 0.1763888890625 0.390625 0.1611111109375 0.40078125 0.1583333328125 0.41171875 0.1611111109375 0.42578125 0.1861111109375 0.4328125 0.215277778125 0.43359375 0.240277778125 0.42421875 0.25 0.40859375 0.24722222187499998 0.4015625 0.26805555625 0.39296875 0.26805555625 0.37734375 0.25555555625 0.3703125 0.25 0.35703125 0.23611111093749998 0.35234375 0.2236111109375 0.35703125 0.215277778125 0.3640625 0.1916666671875 0.36171875 0.1833333328125 0.36328125 0.18055555625 0.36640625
7 0.134722221875 0.12734375 0.127777778125 0.14296875 0.1208333328125 0.14921875 0.11944444375 0.16328125 0.1263888890625 0.16640625 0.134722221875 0.1671875 0.15277777812499999 0.1578125 0.1541666671875 0.11015625 0.147222221875 0.11328125 0.134722221875 0.12734375
7 0.0986111109375 0.0390625 0.1291666671875 0.0390625 0.13055555624999998 0.0328125 0.10694444375 0.025 0.097222221875 0.025 0.09305555625 0.0265625 0.0888888890625 0.0375 0.0986111109375 0.0390625
7 0.097222221875 0.09765625 0.10138888906250001 0.09375 0.11805555625 0.09453125 0.1208333328125 0.0921875 0.1291666671875 0.071875 0.12222222187500001 0.06875 0.11944444375 0.04921875 0.115277778125 0.04765625 0.0888888890625 0.04609375 0.08055555625000001 0.04921875 0.072222221875 0.06171875 0.07083333281250001 0.0734375 0.08194444375 0.09375 0.097222221875 0.09765625
7 0.072222221875 0.1421875 0.08055555625000001 0.14375 0.1 0.1296875 0.11388888906250001 0.1109375 0.11388888906250001 0.10234375 0.08055555625000001 0.10234375 0.07083333281250001 0.125 0.072222221875 0.1421875
7 0.33888888906250003 0.00078125 0.26805555625 0.00078125 0.259722221875 0.00625 0.25833333281250004 0.0125 0.2791666671875 0.01875 0.34027777812500004 0.02109375 0.33888888906250003 0.00078125
7 0.322222221875 0.0796875 0.32777777812500003 0.075 0.33055555625 0.0578125 0.3541666671875 0.0484375 0.35555555625 0.04140625 0.2888888890625 0.03125 0.24583333281250003 0.03046875 0.23194444375 0.0578125 0.23194444375 0.06953125 0.24583333281250003 0.08203125 0.28611111093749997 0.0921875 0.29444444375 0.09296875 0.322222221875 0.0796875
7 0.17361111093749998 0.0890625 0.15972222187500001 0.1078125 0.1541666671875 0.13828125 0.15972222187500001 0.146875 0.15555555625 0.15625 0.15555555625 0.18125 0.1611111109375 0.18359375 0.19444444375 0.1859375 0.22638888906250001 0.1796875 0.22916666718749998 0.171875 0.21805555625 0.16171875 0.21944444375 0.153125 0.23611111093749998 0.14921875 0.25833333281250004 0.121875 0.275 0.11875 0.28055555625 0.11328125 0.27638888906250003 0.09375 0.2486111109375 0.08515625 0.23055555625 0.0734375 0.1833333328125 0.08359375 0.17361111093749998 0.0890625
7 0.25694444375000003 0.00703125 0.25555555625 0.00078125 0.22777777812500002 0.00078125 0.21944444375 0.00859375 0.23333333281250002 0.01171875 0.252777778125 0.0125 0.25694444375000003 0.00703125
7 0.2125 0.06953125 0.22916666718749998 0.06796875 0.23055555625 0.05625 0.24305555625 0.03203125 0.2388888890625 0.028125 0.20833333281250002 0.02578125 0.197222221875 0.03046875 0.16944444375 0.07109375 0.16944444375 0.08046875 0.190277778125 0.08046875 0.20416666718749998 0.07578125 0.2125 0.06953125
7 0.16388888906250001 0.03125 0.16388888906250001 0.021875 0.1583333328125 0.0203125 0.147222221875 0.021875 0.13888888906250002 0.03671875 0.13333333281249998 0.03984375 0.125 0.05625 0.125 0.064453125 0.13194444375 0.06953125 0.125 0.0685546875 0.125 0.07265625 0.1291666671875 0.075 0.16388888906250001 0.03125
4 0.16805555625 0.6 0.16944444375 0.60625 0.177777778125 0.60625 0.19583333281249998 0.61328125 0.215277778125 0.6140625 0.22777777812500002 0.6109375 0.26527777812500003 0.61171875 0.26944444375 0.60546875 0.259722221875 0.6046875 0.252777778125 0.60078125 0.26805555625 0.59609375 0.26805555625 0.5921875 0.22777777812500002 0.59375 0.2236111109375 0.58828125 0.20833333281250002 0.5890625 0.1833333328125 0.59453125 0.177777778125 0.6 0.16805555625 0.6