2 0.5722222218749999 0.05 0.58194444375 0.04453125 0.577777778125 0.040625 0.5694444437499999 0.0375 0.5555555562500001 0.0375 0.5319444437499999 0.04140625 0.5291666671875 0.04765625 0.5333333328125 0.05390625 0.5722222218749999 0.05
1 0.8736111109375001 0.384375 0.89444444375 0.384375 0.89444444375 0.37265625 0.877777778125 0.3703125 0.7458333328125 0.371875 0.7402777781250001 0.36796875 0.7402777781250001 0.3578125 0.734722221875 0.3578125 0.7236111109375 0.371875 0.715277778125 0.375 0.7166666671875 0.38671875 0.7111111109375 0.39375 0.7236111109375 0.39375 0.7402777781250001 0.38671875 0.7833333328125 0.3859375 0.8055555562500001 0.38984375 0.847222221875 0.39140625 0.8736111109375001 0.384375
1 0.8111111109375001 0.45390625 0.83055555625 0.45625 0.859722221875 0.45390625 0.9069444437499999 0.4546875 0.91944444375 0.44921875 0.9083333328125001 0.4421875 0.847222221875 0.4421875 0.8375 0.4390625 0.809722221875 0.4421875 0.7833333328125 0.44140625 0.7736111109375 0.43828125 0.7708333328125 0.42890625 0.7611111109375 0.43203125 0.7569444437499999 0.43828125 0.7486111109375 0.45703125 0.7486111109375 0.46875 0.7541666671875 0.46953125 0.7583333328124999 0.4671875 0.76944444375 0.45390625 0.8111111109375001 0.45390625
6 0.8416666671874999 0.73046875 0.8486111109375001 0.7125 0.85 0.69140625 0.834722221875 0.67890625 0.8361111109375001 0.66796875 0.83194444375 0.6609375 0.8263888890625 0.65625 0.8194444437499999 0.65546875 0.7916666671875 0.65390625 0.7597222218749999 0.6625 0.7611111109375 0.6828125 0.752777778125 0.69765625 0.7194444437499999 0.7046875 0.715277778125 0.71796875 0.73055555625 0.7296875 0.722222221875 0.7375 0.722222221875 0.76171875 0.734722221875 0.7640625 0.7819444437499999 0.76171875 0.8027777781250001 0.7546875 0.8125 0.7359375 0.8416666671874999 0.73046875
6 0.8041666671875 0.56640625 0.7805555562500001 0.5671875 0.7569444437499999 0.5765625 0.7402777781250001 0.5984375 0.74444444375 0.65625 0.76944444375 0.65546875 0.777777778125 0.6359375 0.784722221875 0.63203125 0.809722221875 0.62734375 0.8194444437499999 0.61171875 0.8388888890624999 0.5984375 0.840277778125 0.5765625 0.8222222218749999 0.56875 0.8041666671875 0.56640625
7 0.877777778125 0.84375 0.8652777781250001 0.83984375 0.8486111109375001 0.8453125 0.847222221875 0.8921875 0.852777778125 0.88984375 0.86944444375 0.8671875 0.8791666671874999 0.8484375 0.877777778125 0.84375
7 0.8819444437499999 0.9640625 0.890277778125 0.96953125 0.902777778125 0.9703125 0.909722221875 0.9640625 0.9166666671874999 0.9625 0.8819444437499999 0.96171875 0.8819444437499999 0.9640625
7 0.872222221875 0.91953125 0.872222221875 0.92421875 0.877777778125 0.9265625 0.877777778125 0.946875 0.8819444437499999 0.95 0.902777778125 0.95390625 0.915277778125 0.95390625 0.91944444375 0.9515625 0.9277777781250001 0.9390625 0.9277777781250001 0.9234375 0.9166666671874999 0.90703125 0.88055555625 0.90625 0.872222221875 0.91953125
7 0.9291666671875 0.871875 0.9291666671875 0.86171875 0.9236111109375 0.8578125 0.91805555625 0.8578125 0.897222221875 0.875 0.8861111109375001 0.88984375 0.8861111109375001 0.89609375 0.9208333328125 0.896875 0.9291666671875 0.871875
7 0.8819444437499999 0.1796875 0.8916666671875 0.165625 0.890277778125 0.1515625 0.8833333328125 0.1484375 0.8736111109375001 0.14453125 0.85694444375 0.1453125 0.8361111109375001 0.14921875 0.83055555625 0.15625 0.8166666671874999 0.15859375 0.8125 0.16328125 0.8125 0.17421875 0.8027777781250001 0.18828125 0.8055555562500001 0.19453125 0.81805555625 0.19765625 0.8263888890625 0.2046875 0.852777778125 0.2046875 0.875 0.18203125 0.8819444437499999 0.1796875
7 0.722222221875 0.925 0.73194444375 0.9296875 0.76805555625 0.93046875 0.7763888890625 0.92578125 0.81805555625 0.915625 0.827777778125 0.909375 0.8444444437499999 0.88125 0.8444444437499999 0.85625 0.840277778125 0.85390625 0.8458333328125001 0.83671875 0.8430555562500001 0.81875 0.8222222218749999 0.8140625 0.80694444375 0.8140625 0.7986111109375 0.8171875 0.777777778125 0.81875 0.7736111109375 0.821875 0.772222221875 0.83125 0.7861111109375 0.83828125 0.7833333328125 0.846875 0.7611111109375 0.853125 0.7416666671875001 0.878125 0.725 0.88125 0.7194444437499999 0.8859375 0.7236111109375 0.8953125 0.722222221875 0.925
7 0.834722221875 0.3328125 0.8333333328125001 0.3546875 0.8416666671874999 0.3625 0.85 0.36484375 0.8444444437499999 0.36875 0.85 0.36640625 0.8520833328125 0.36875 0.890277778125 0.36875 0.897222221875 0.3796875 0.902777778125 0.38203125 0.9625 0.37890625 0.95555555625 0.3640625 0.9444444437499999 0.35546875 0.9472222218749999 0.3421875 0.9416666671874999 0.33359375 0.95694444375 0.32890625 0.952777778125 0.2921875 0.9444444437499999 0.28125 0.9277777781250001 0.27890625 0.9236111109375 0.275 0.91805555625 0.278125 0.8986111109375001 0.275 0.840277778125 0.275 0.834722221875 0.28046875 0.8208333328125 0.28203125 0.8263888890625 0.2875 0.8263888890625 0.296875 0.8111111109375001 0.3015625 0.8055555562500001 0.30625 0.8055555562500001 0.32265625 0.8083333328125001 0.32578125 0.834722221875 0.3328125
7 0.875 0.45625 0.8222222218749999 0.45625 0.8222222218749999 0.4640625 0.85 0.47578125 0.8625 0.478125 0.9361111109375001 0.478125 0.9791666671874999 0.47265625 0.9902777781250001 0.46796875 0.9930555562500001 0.42578125 0.9861111109375 0.41640625 0.9791666671874999 0.39375 0.9638888890624999 0.3890625 0.9083333328125001 0.3890625 0.9069444437499999 0.38671875 0.897222221875 0.38671875 0.88055555625 0.3890625 0.8652777781250001 0.3953125 0.847222221875 0.39375 0.8361111109375001 0.39921875 0.8208333328125 0.4015625 0.8166666671874999 0.40625 0.8166666671874999 0.421875 0.8208333328125 0.4265625 0.8458333328125001 0.4390625 0.875 0.4421875 0.875 0.45625
7 0.73194444375 0.9875 0.73055555625 0.99921875 0.7805555562500001 0.99921875 0.7819444437499999 0.99296875 0.7736111109375 0.98984375 0.7638888890625 0.9875 0.73194444375 0.9875
7 0.83055555625 0.928125 0.827777778125 0.91953125 0.8111111109375001 0.91875 0.797222221875 0.92421875 0.7833333328125 0.92578125 0.7611111109375 0.93515625 0.7611111109375 0.94375 0.76805555625 0.95 0.7708333328125 0.959375 0.7569444437499999 0.96484375 0.752777778125 0.96875 0.7569444437499999 0.971875 0.7861111109375 0.975 0.797222221875 0.9734375 0.8055555562500001 0.96640625 0.83055555625 0.928125
7 0.85555555625 0.95546875 0.8444444437499999 0.96796875 0.840277778125 0.98046875 0.852777778125 0.98046875 0.85694444375 0.978125 0.875 0.94375 0.8763888890624999 0.92578125 0.86944444375 0.925 0.8666666671875 0.93203125 0.85694444375 0.9390625 0.85555555625 0.95546875
7 0.85555555625 0.79375 0.8875 0.79296875 0.8916666671875 0.796875 0.9041666671874999 0.79765625 0.9055555562500001 0.7875 0.890277778125 0.790625 0.8611111109375 0.78125 0.8486111109375001 0.7859375 0.847222221875 0.790625 0.85555555625 0.79375
7 0.8388888890624999 0.75 0.8416666671874999 0.765625 0.8458333328125001 0.76875 0.8625 0.7703125 0.86944444375 0.76875 0.9138888890624999 0.77109375 0.91944444375 0.7671875 0.925 0.75078125 0.915277778125 0.7484375 0.8861111109375001 0.7484375 0.8444444437499999 0.74453125 0.8388888890624999 0.75
7 0.9013888890624999 0.6765625 0.89444444375 0.6859375 0.8819444437499999 0.6921875 0.86944444375 0.69453125 0.8583333328125 0.70625 0.8541666671874999 0.71796875 0.8444444437499999 0.72578125 0.8444444437499999 0.7375 0.9111111109375001 0.73984375 0.93194444375 0.73828125 0.952777778125 0.69296875 0.9541666671875 0.6796875 0.9458333328125 0.6765625 0.9013888890624999 0.6765625
4 0.6569444437499999 0.99765625 0.70694444375 0.99609375 0.7041666671875 0.98984375 0.6916666671875 0.98984375 0.6583333328125 0.98046875 0.64305555625 0.978125 0.609722221875 0.9796875 0.60694444375 0.9875 0.6333333328124999 0.98984375 0.6569444437499999 0.99765625