2 0.02578125 0.41944444374999995 0.0234375 0.427777778125 0.02578125 0.4625 0.0296875 0.46805555625000006 0.0359375 0.46805555625000006 0.03828125 0.4625 0.03671875 0.425 0.0328125 0.41805555625 0.02578125 0.41944444374999995
1 0.38671875 0.2833333328125 0.39375 0.290277778125 0.39453125 0.28055555625 0.38671875 0.26527777812500003 0.38515625 0.23333333281250002 0.38515625 0.1111111109375 0.378125 0.10138888906250001 0.36953125 0.10833333281249999 0.37265625 0.15694444375 0.37265625 0.2513888890625 0.36953125 0.259722221875 0.36015625 0.259722221875 0.359375 0.26527777812500003 0.36875 0.272222221875 0.375 0.28611111093749997 0.38671875 0.2833333328125
1 0.46875 0.24444444375000002 0.45703125 0.23611111093749998 0.45234375 0.215277778125 0.45625 0.16944444375 0.45390625 0.1416666671875 0.4546875 0.084722221875 0.44921875 0.08194444375 0.44296875 0.0861111109375 0.4421875 0.215277778125 0.43671875 0.22777777812500002 0.43046875 0.22638888906250001 0.4296875 0.23055555625 0.4328125 0.2388888890625 0.4390625 0.24305555625 0.4671875 0.2513888890625 0.46875 0.24444444375000002
6 0.71875 0.28472222187499996 0.7296875 0.2708333328125 0.73671875 0.27777777812500004 0.7625 0.275 0.7640625 0.23611111093749998 0.76171875 0.21805555625 0.7578125 0.2125 0.7546875 0.197222221875 0.73515625 0.1875 0.73046875 0.1583333328125 0.70625 0.15 0.69140625 0.15 0.6796875 0.1666666671875 0.675 0.165277778125 0.6640625 0.17361111093749998 0.6609375 0.16944444375 0.65703125 0.1763888890625 0.65625 0.21805555625 0.6609375 0.23611111093749998 0.6671875 0.24305555625 0.6828125 0.2388888890625 0.6984375 0.24722222187499998 0.70234375 0.275 0.70703125 0.28194444375 0.71875 0.28472222187499996
6 0.6328125 0.2166666671875 0.63671875 0.20555555625 0.63671875 0.1916666671875 0.60625 0.17361111093749998 0.5984375 0.15972222187500001 0.57578125 0.1611111109375 0.56875 0.18055555625 0.56875 0.22638888906250001 0.58125 0.24583333281250003 0.6015625 0.259722221875 0.65078125 0.25833333281250004 0.65703125 0.2513888890625 0.65546875 0.23055555625 0.63671875 0.2236111109375 0.6328125 0.2166666671875
7 0.8390625 0.1361111109375 0.84453125 0.1513888890625 0.859375 0.15 0.884375 0.15555555625 0.8874891125 0.1458672078125 0.8671875 0.13055555624999998 0.85625 0.1291666671875 0.84921875 0.1208333328125 0.83984375 0.12222222187500001 0.8390625 0.1361111109375
7 0.9734375 0.10555555624999999 0.97265625 0.097222221875 0.9625 0.0888888890625 0.96171875 0.11805555625 0.96640625 0.1166666671875 0.9734375 0.10555555624999999
7 0.9234375 0.072222221875 0.9078125 0.08194444375 0.90625 0.11944444375 0.9140625 0.1263888890625 0.9421875 0.125 0.95234375 0.115277778125 0.9546875 0.10138888906250001 0.953125 0.08194444375 0.9390625 0.072222221875 0.9234375 0.072222221875
7 0.8625 0.07083333281250001 0.85703125 0.077777778125 0.85625 0.08055555625000001 0.875 0.102777778125 0.8890625 0.11388888906250001 0.8953125 0.11388888906250001 0.89765625 0.09305555625 0.89609375 0.08055555625000001 0.86953125 0.07083333281250001 0.8625 0.07083333281250001
7 0.86953125 0.2541666671875 0.87890625 0.25833333281250004 0.88203125 0.27638888906250003 0.88671875 0.28055555625 0.89609375 0.27638888906250003 0.921875 0.2791666671875 0.93046875 0.2666666671875 0.93046875 0.23194444375 0.92578125 0.2236111109375 0.91640625 0.1833333328125 0.91015625 0.17361111093749998 0.8953125 0.165277778125 0.8921875 0.15972222187500001 0.8796875 0.15555555625 0.85625 0.15555555625 0.853125 0.1611111109375 0.84140625 0.15555555625 0.81796875 0.15694444375 0.815625 0.19305555624999998 0.81796875 0.21805555625 0.821875 0.22638888906250001 0.83203125 0.22916666718749998 0.8375 0.21805555625 0.846875 0.21805555625 0.85078125 0.23611111093749998 0.86953125 0.2541666671875
7 0.9875 0.26805555625 0.98984375 0.275 0.99375 0.27638888906250003 0.99921875 0.26805555625 0.99921875 0.21944444375 0.99296875 0.21805555625 0.98828125 0.2375 0.9875 0.26805555625
7 0.975 0.22638888906250001 0.9734375 0.20277777812500003 0.928125 0.16944444375 0.92265625 0.16805555625 0.91953125 0.172222221875 0.91875 0.1916666671875 0.925 0.20555555625 0.925 0.215277778125 0.93515625 0.2388888890625 0.953125 0.23611111093749998 0.96875 0.24583333281250003 0.971875 0.2416666671875 0.975 0.22638888906250001
7 0.93515625 0.12222222187500001 0.92578125 0.1263888890625 0.92578125 0.13055555624999998 0.9359375 0.14305555625 0.9515625 0.1458333328125 0.96484375 0.15555555625 0.98046875 0.15972222187500001 0.97734375 0.14444444375 0.9625 0.134722221875 0.93515625 0.12222222187500001
7 0.79296875 0.1513888890625 0.79375 0.1416666671875 0.7921875 0.11944444375 0.796875 0.10833333281249999 0.79765625 0.097222221875 0.7875 0.09444444375 0.790625 0.1111111109375 0.7859375 0.1208333328125 0.78515625 0.13194444375 0.78046875 0.13888888906250002 0.784375 0.14305555625 0.7859375 0.1513888890625 0.790625 0.15277777812499999 0.79296875 0.1513888890625
7 0.7453125 0.1361111109375 0.74609375 0.15972222187500001 0.76171875 0.15972222187500001 0.76875 0.15277777812499999 0.77109375 0.10138888906250001 0.76875 0.08194444375 0.74921875 0.07638888906249999 0.74765625 0.1291666671875 0.7453125 0.1361111109375
7 0.7265625 0.15555555625 0.734375 0.1583333328125 0.7375 0.1541666671875 0.7390625 0.06944444375 0.721875 0.058333332812500006 0.6828125 0.04444444375 0.678125 0.0458333328125 0.6765625 0.055555556250000006 0.675 0.09305555625 0.6796875 0.102777778125 0.6875 0.10694444375 0.69140625 0.11944444375 0.69140625 0.13055555624999998 0.7015625 0.140277778125 0.71953125 0.147222221875 0.7265625 0.15555555625