2 0.025 0.41944444374999995 0.025 0.4625 0.03125 0.46944444374999994 0.0421875 0.46666666718750005 0.046875 0.45555555625000005 0.046875 0.447222221875 0.03828125 0.4375 0.03515625 0.41944444374999995 0.025 0.41944444374999995
1 0.3875 0.28472222187499996 0.39453125 0.290277778125 0.3953125 0.2833333328125 0.38671875 0.259722221875 0.38515625 0.10694444375 0.37578125 0.102777778125 0.371875 0.10694444375 0.3703125 0.11805555625 0.37265625 0.15694444375 0.37265625 0.2513888890625 0.36875 0.259722221875 0.36015625 0.259722221875 0.359375 0.26527777812500003 0.37109375 0.27638888906250003 0.37578125 0.2888888890625 0.3875 0.28472222187499996
1 0.46328125 0.2388888890625 0.46640625 0.240277778125 0.46796875 0.2513888890625 0.46875 0.24444444375000002 0.45390625 0.21597222187499998 0.45234375 0.20416666718749998 0.45625 0.1708333328125 0.45390625 0.1458333328125 0.4546875 0.0861111109375 0.44921875 0.08333333281250001 0.44296875 0.0875 0.4421875 0.2166666671875 0.4375 0.22777777812500002 0.43125 0.22638888906250001 0.43046875 0.23472222187499997 0.43828125 0.24305555625 0.4609375 0.2513888890625 0.4609375 0.2388888890625 0.46328125 0.2388888890625
6 0.70234375 0.272222221875 0.7078125 0.28194444375 0.71953125 0.28472222187499996 0.72890625 0.272222221875 0.7390625 0.2791666671875 0.759375 0.27777777812500004 0.76328125 0.272222221875 0.76484375 0.2541666671875 0.7609375 0.2236111109375 0.7625 0.215277778125 0.7578125 0.20833333281250002 0.75546875 0.197222221875 0.75 0.1916666671875 0.73671875 0.190277778125 0.7328125 0.18055555625 0.73046875 0.1583333328125 0.69140625 0.15 0.68125 0.165277778125 0.6703125 0.1666666671875 0.665625 0.177777778125 0.65625 0.17916666718750002 0.65546875 0.215277778125 0.65625 0.22638888906250001 0.66015625 0.23611111093749998 0.66640625 0.24305555625 0.690625 0.24305555625 0.696875 0.24722222187499998 0.7 0.252777778125 0.70234375 0.272222221875
6 0.65703125 0.2375 0.6546875 0.22916666718749998 0.634375 0.21944444375 0.6375 0.20138888906250002 0.63671875 0.190277778125 0.6078125 0.1763888890625 0.5984375 0.15972222187500001 0.57578125 0.1611111109375 0.56875 0.18055555625 0.56640625 0.197222221875 0.5671875 0.21805555625 0.57734375 0.24305555625 0.5984375 0.25833333281250004 0.60703125 0.259722221875 0.65 0.25833333281250004 0.65625 0.2541666671875 0.65703125 0.2375
7 0.85625 0.127777778125 0.85 0.1208333328125 0.8421875 0.12222222187500001 0.8421875 0.1291666671875 0.83828125 0.134722221875 0.84375 0.1513888890625 0.8921875 0.15277777812499999 0.88984375 0.147222221875 0.88203125 0.147222221875 0.86640625 0.13055555624999998 0.85625 0.127777778125
7 0.96953125 0.10555555624999999 0.96953125 0.097222221875 0.96640625 0.09305555625 0.96328125 0.0958333328125 0.9625 0.090277778125 0.959375 0.097222221875 0.95625 0.097222221875 0.95390625 0.084722221875 0.93828125 0.072222221875 0.9234375 0.072222221875 0.909375 0.08055555625000001 0.90625 0.0861111109375 0.90625 0.11944444375 0.91953125 0.127777778125 0.9390625 0.125 0.95390625 0.115277778125 0.9625 0.11805555625 0.9671875 0.115277778125 0.96953125 0.10555555624999999
7 0.8625 0.07083333281250001 0.8578125 0.07638888906249999 0.8578125 0.08194444375 0.875 0.102777778125 0.8890625 0.11388888906250001 0.89453125 0.11388888906250001 0.89765625 0.09305555625 0.896875 0.08055555625000001 0.86953125 0.07083333281250001 0.8625 0.07083333281250001
7 0.84609375 0.21805555625 0.85078125 0.23611111093749998 0.878125 0.25833333281250004 0.88125 0.275 0.88671875 0.28055555625 0.89609375 0.27638888906250003 0.921875 0.2791666671875 0.93046875 0.26805555625 0.93046875 0.23333333281250002 0.9265625 0.22638888906250001 0.91640625 0.1833333328125 0.9109375 0.17361111093749998 0.88515625 0.15555555625 0.85703125 0.15555555625 0.8515625 0.165277778125 0.84921875 0.15972222187500001 0.8390625 0.15555555625 0.81875 0.15555555625 0.8171875 0.1625 0.8140625 0.19305555624999998 0.81796875 0.20416666718749998 0.81875 0.2208333328125 0.8234375 0.22777777812500002 0.83125 0.23055555625 0.83515625 0.22638888906250001 0.83671875 0.21805555625 0.84609375 0.21805555625
7 0.99375 0.27638888906250003 0.99921875 0.275 0.99921875 0.222222221875 0.99375 0.2166666671875 0.98984375 0.21805555625 0.98828125 0.26805555625 0.99375 0.27638888906250003
7 0.97578125 0.222222221875 0.97578125 0.20972222187499998 0.97265625 0.2 0.928125 0.16944444375 0.9234375 0.16805555625 0.91875 0.17361111093749998 0.91796875 0.1861111109375 0.9296875 0.2138888890625 0.93046875 0.23055555625 0.93515625 0.2388888890625 0.959375 0.240277778125 0.96875 0.25 0.97265625 0.24305555625 0.97578125 0.222222221875
7 0.94609375 0.1263888890625 0.92734375 0.1263888890625 0.92578125 0.1291666671875 0.93359375 0.1375 0.94765625 0.14444444375 0.95078125 0.15 0.97578125 0.1611111109375 0.98046875 0.15972222187500001 0.978125 0.14444444375 0.94609375 0.1263888890625
7 0.79296875 0.15277777812499999 0.79453125 0.1416666671875 0.7953125 0.1291666671875 0.79296875 0.1263888890625 0.7984375 0.097222221875 0.79609375 0.09305555625 0.7875 0.09444444375 0.790625 0.1041666671875 0.7875 0.1111111109375 0.790625 0.1111111109375 0.79296875 0.11944444375 0.7859375 0.1263888890625 0.7859375 0.15277777812499999 0.790625 0.1541666671875 0.79296875 0.15277777812499999
7 0.765625 0.15972222187500001 0.76875 0.15555555625 0.77109375 0.09305555625 0.7671875 0.08194444375 0.75 0.0736111109375 0.7453125 0.1583333328125 0.765625 0.15972222187500001
7 0.7390625 0.06944444375 0.72421875 0.059722221875 0.7 0.054166667187499996 0.68203125 0.04444444375 0.67890625 0.0458333328125 0.6765625 0.05694444375 0.675 0.0916666671875 0.68046875 0.1041666671875 0.6890625 0.1111111109375 0.69140625 0.13055555624999998 0.72578125 0.15555555625 0.734375 0.1583333328125 0.73671875 0.1541666671875 0.7390625 0.06944444375