2 0.971875 0.5319444437499999 0.96328125 0.5319444437499999 0.96328125 0.577777778125 0.96640625 0.58194444375 0.975 0.58055555625 0.975 0.5375 0.971875 0.5319444437499999
1 0.61015625 0.8083333328125001 0.61328125 0.8111111109375001 0.61484375 0.8333333328125001 0.61484375 0.8430555562500001 0.6125 0.8458333328125001 0.61484375 0.890277778125 0.61796875 0.8958333328125001 0.625 0.897222221875 0.63046875 0.8847222218749999 0.62734375 0.8416666671874999 0.62734375 0.75 0.63125 0.7402777781250001 0.640625 0.7402777781250001 0.640625 0.734722221875 0.6328125 0.7291666671875 0.625 0.7138888890625 0.6203125 0.7111111109375 0.61328125 0.7166666671875 0.60625 0.709722221875 0.6046875 0.7166666671875 0.61328125 0.7375 0.61484375 0.7833333328125 0.61015625 0.8083333328125001
1 0.5484375 0.91805555625 0.55703125 0.9138888890624999 0.5578125 0.7833333328125 0.56171875 0.7736111109375 0.56875 0.7736111109375 0.5703125 0.76944444375 0.5671875 0.7611111109375 0.5609375 0.7569444437499999 0.53359375 0.7486111109375 0.53125 0.7569444437499999 0.54375 0.765277778125 0.54765625 0.784722221875 0.54375 0.83194444375 0.54609375 0.8625 0.5453125 0.915277778125 0.5484375 0.91805555625
6 0.2453125 0.8027777781250001 0.26484375 0.8125 0.27109375 0.8430555562500001 0.30859375 0.85 0.3203125 0.8333333328125001 0.33046875 0.83194444375 0.33359375 0.8222222218749999 0.34375 0.8194444437499999 0.34375 0.7819444437499999 0.3375 0.7611111109375 0.3171875 0.7611111109375 0.3015625 0.752777778125 0.29765625 0.725 0.2921875 0.7166666671875 0.28125 0.715277778125 0.2703125 0.7291666671875 0.2625 0.722222221875 0.23828125 0.7236111109375 0.23671875 0.7291666671875 0.2359375 0.7666666671875 0.23828125 0.7819444437499999 0.2453125 0.8027777781250001
6 0.3921875 0.8236111109375001 0.40234375 0.840277778125 0.42421875 0.8388888890624999 0.43125 0.8194444437499999 0.43359375 0.7958333328125 0.43046875 0.772222221875 0.4265625 0.76944444375 0.4234375 0.7597222218749999 0.4109375 0.752777778125 0.4046875 0.7430555562500001 0.3484375 0.7416666671875001 0.34296875 0.7486111109375 0.3453125 0.7708333328125 0.36328125 0.7763888890625 0.3671875 0.784722221875 0.36328125 0.79444444375 0.36328125 0.8083333328125001 0.3921875 0.8236111109375001
7 0.1453125 0.872222221875 0.15 0.8791666671874999 0.16015625 0.8791666671874999 0.1609375 0.8638888890624999 0.15546875 0.8486111109375001 0.13359375 0.85 0.11484375 0.8458333328125001 0.11409269375 0.85384460625 0.1328125 0.86944444375 0.1453125 0.872222221875
7 0.03359375 0.9069444437499999 0.0359375 0.9055555562500001 0.0375 0.8819444437499999 0.03359375 0.8861111109375001 0.03125 0.897222221875 0.03359375 0.9069444437499999
7 0.1015625 0.9083333328125001 0.10390625 0.91944444375 0.125 0.9277777781250001 0.13828125 0.9277777781250001 0.1421875 0.922222221875 0.1375 0.9111111109375001 0.125 0.897222221875 0.1109375 0.8861111109375001 0.1046875 0.8861111109375001 0.1015625 0.9083333328125001
7 0.07734375 0.872222221875 0.06875 0.8791666671874999 0.05234375 0.8791666671874999 0.0484375 0.8833333328125 0.04609375 0.89444444375 0.04609375 0.9166666671874999 0.0609375 0.9277777781250001 0.07734375 0.9277777781250001 0.09296875 0.9166666671874999 0.09375 0.8819444437499999 0.0875 0.875 0.07734375 0.872222221875
7 0.06953125 0.7666666671875 0.0734375 0.7736111109375 0.08359375 0.8166666671874999 0.08984375 0.8263888890625 0.115625 0.8444444437499999 0.14296875 0.8444444437499999 0.14765625 0.8291666671875 0.1546875 0.8333333328125001 0.16171875 0.8444444437499999 0.18046875 0.8444444437499999 0.1828125 0.8375 0.1859375 0.8166666671874999 0.18125 0.777777778125 0.17578125 0.7708333328125 0.165625 0.772222221875 0.1625 0.7819444437499999 0.153125 0.7819444437499999 0.14921875 0.7638888890625 0.121875 0.7416666671875001 0.11796875 0.7236111109375 0.11328125 0.7194444437499999 0.10390625 0.7236111109375 0.078125 0.7208333328125 0.06953125 0.73194444375 0.06953125 0.7666666671875
7 0.00546875 0.7291666671875 0.00078125 0.734722221875 0.00078125 0.7791666671875 0.00703125 0.7805555562500001 0.01171875 0.7625 0.0125 0.734722221875 0.00546875 0.7291666671875
7 0.08203125 0.8138888890624999 0.07734375 0.8041666671875 0.06953125 0.76944444375 0.06484375 0.7611111109375 0.0359375 0.7597222218749999 0.03125 0.7541666671875 0.028125 0.7597222218749999 0.025 0.7763888890625 0.025 0.79444444375 0.03046875 0.8027777781250001 0.07421875 0.83194444375 0.0796875 0.83055555625 0.08125 0.825 0.08203125 0.8138888890624999
7 0.04375 0.86944444375 0.0640625 0.877777778125 0.07421875 0.8763888890624999 0.075 0.8708333328125001 0.06171875 0.8583333328125 0.02421875 0.8416666671874999 0.0203125 0.8444444437499999 0.025 0.85694444375 0.04375 0.86944444375
7 0.2140625 0.8819444437499999 0.21484375 0.8708333328125001 0.2203125 0.8625 0.21015625 0.847222221875 0.20703125 0.85 0.20703125 0.8791666671874999 0.21015625 0.8833333328125 0.2140625 0.8819444437499999
7 0.2046875 0.890277778125 0.20234375 0.902777778125 0.21171875 0.9069444437499999 0.2109375 0.89444444375 0.2046875 0.890277778125
7 0.2328125 0.91805555625 0.24609375 0.925 0.25078125 0.9236111109375 0.2546875 0.8416666671874999 0.23828125 0.840277778125 0.23125 0.847222221875 0.2296875 0.8583333328125 0.2296875 0.909722221875 0.2328125 0.91805555625
7 0.3234375 0.94305555625 0.325 0.9083333328125001 0.32109375 0.8986111109375001 0.3140625 0.89444444375 0.309375 0.8847222218749999 0.309375 0.8708333328125001 0.29375 0.85694444375 0.28125 0.8541666671874999 0.27421875 0.8444444437499999 0.26328125 0.8444444437499999 0.2609375 0.9305555562500001 0.27578125 0.940277778125 0.3171875 0.95555555625 0.32265625 0.952777778125 0.3234375 0.94305555625