7 0.88203125 0.27638888906250003 0.88671875 0.28055555625 0.89609375 0.275 0.92421875 0.27638888906250003 0.9296875 0.2666666671875 0.9296875 0.23055555625 0.92578125 0.225 0.915625 0.18194444375000002 0.90625 0.16944444375 0.88203125 0.15555555625 0.83828125 0.1541666671875 0.8234375 0.15555555625 0.815625 0.1708333328125 0.8140625 0.18194444375000002 0.81953125 0.222222221875 0.83125 0.22777777812500002 0.84609375 0.21805555625 0.85 0.23472222187499997 0.87109375 0.25555555625 0.878125 0.25833333281250004 0.88203125 0.27638888906250003
7 0.9515625 0.3138888890625 0.95078125 0.31944444375000003 0.95546875 0.3236111109375 0.95703125 0.3375 0.9609375 0.33888888906250003 0.9625 0.33055555625 0.9578125 0.325 0.95703125 0.315277778125 0.9515625 0.3138888890625
7 0.9578125 0.27734375 0.00234375 0.00390625
7 0.99921875 0.259722221875 0.99609375 0.25694444375000003 0.99609375 0.24305555625 0.99296875 0.2388888890625 0.9875 0.24305555625 0.984375 0.28194444375 0.9765625 0.3083333328125 0.97578125 0.3291666671875 0.978125 0.3375 0.98984375 0.3513888890625 0.99921875 0.352777778125 0.99921875 0.28055555625 0.99609375 0.272222221875 0.99609375 0.2638888890625 0.99921875 0.259722221875
7 0.06015625 0.5513888890625 0.0625 0.5555555562500001 0.071875 0.5555555562500001 0.09609375 0.55 0.10390625 0.559722221875 0.1078125 0.602777778125 0.1203125 0.6180555562500001 0.14140625 0.6166666671875001 0.1421875 0.5958333328125 0.13515625 0.54444444375 0.1265625 0.5041666671875 0.12265625 0.46805555625000006 0.11953125 0.46805555625000006 0.115625 0.459722221875 0.11796875 0.447222221875 0.115625 0.434722221875 0.11171875 0.43194444374999996 0.1046875 0.434722221875 0.1015625 0.44166666718750003 0.09765625 0.4388888890625 0.09765625 0.4458333328125 0.09140625 0.4513888890625 0.0875 0.447222221875 0.0859375 0.45416666718750004 0.08046875 0.45555555625000005 0.07421875 0.46666666718750005 0.0703125 0.46388888906250003 0.0671875 0.46805555625000006 0.0671875 0.4458333328125 0.065625 0.45277777812500003 0.06328125 0.4513888890625 0.065625 0.45694444375 0.06328125 0.45868055625000004 0.065625 0.46388888906250003 0.06328125 0.465972221875 0.06328125 0.48055555625 0.06640625 0.49583333281249997 0.0578125 0.527777778125 0.06015625 0.5513888890625
7 0.15 0.459722221875 0.153125 0.46944444374999994 0.15625 0.50555555625 0.15625 0.5291666671875 0.1640625 0.5763888890625 0.21640625 0.5666666671875 0.2265625 0.55 0.22421875 0.527777778125 0.22578125 0.5166666671875 0.23203125 0.5069444437499999 0.23671875 0.50555555625 0.24453125 0.51944444375 0.24453125 0.540277778125 0.2546875 0.547222221875 0.2625 0.5625 0.28125 0.56805555625 0.2953125 0.5916666671875 0.31796875 0.5930555562500001 0.3296875 0.577777778125 0.3375 0.55694444375 0.34765625 0.5527777781250001 0.3609375 0.527777778125 0.36484375 0.5083333328124999 0.3640625 0.46666666718750005 0.3609375 0.44444444375 0.35625 0.43194444374999996 0.3421875 0.41111111093749997 0.31953125 0.39305555625 0.2921875 0.35972222187499997 0.28203125 0.35555555625 0.27265625 0.33194444375 0.2609375 0.3291666671875 0.2546875 0.315277778125 0.246875 0.32777777812500003 0.23203125 0.33194444375 0.22421875 0.35972222187499997 0.21953125 0.3638888890625 0.2171875 0.34305555625 0.20703125 0.34027777812500004 0.18671875 0.309722221875 0.1390625 0.290277778125 0.1375 0.322222221875 0.14296875 0.3513888890625 0.16953125 0.38194444375000003 0.1671875 0.4138888890625 0.14921875 0.415277778125 0.153125 0.41805555625 0.1484375 0.427777778125 0.15 0.459722221875
7 0 0.259722221875 0.0234375 0.26944444375 0.03125 0.28472222187499996 0.046875 0.2916666671875 0.05234375 0.3 0.06171875 0.2958333328125 0.1 0.3138888890625 0.1078125 0.33055555625 0.11171875 0.33055555625 0.109375 0.28055555625 0.10546875 0.26944444375 0.0875 0.2638888890625 0.0546875 0.24305555625 0.034375 0.2416666671875 0 0.222222221875 0 0.259722221875
7 0.340625 0.15694444375 0.3515625 0.11805555625 0.35859375 0.1166666671875 0.3640625 0.1263888890625 0.36875 0.1263888890625 0.36875 0.109722221875 0.38203125 0.097222221875 0.3796875 0.0388888890625 0.375 0.0375 0.3546875 0.054166667187499996 0.3453125 0.05 0.3359375 0.052777778124999994 0.33046875 0.04305555625 0.28515625 0.0513888890625 0.28125 0.055555556250000006 0.28046875 0.08055555625000001 0.275 0.1041666671875 0.275 0.16805555625 0.28125 0.17361111093749998 0.296875 0.16944444375 0.30234375 0.1916666671875 0.3046875 0.19305555624999998 0.32421875 0.19305555624999998 0.33046875 0.16944444375 0.340625 0.15694444375
7 0.4 0.18055555625 0.41796875 0.184722221875 0.4375 0.1666666671875 0.44140625 0.1416666671875 0.43984375 0.10694444375 0.4453125 0.08055555625000001 0.45234375 0.08333333281250001 0.45703125 0.09444444375 0.45546875 0.15 0.4578125 0.1763888890625 0.4671875 0.172222221875 0.475 0.1541666671875 0.47890625 0.1208333328125 0.4765625 0.034722221875 0.47109375 0.015277778124999999 0.459375 0.006944443749999999 0.4328125 0.00555555625 0.39453125 0.019444443750000002 0.3890625 0.027777778125000003 0.38984375 0.06944444375 0.3890625 0.090277778125 0.38671875 0.09305555625 0.3875 0.10555555624999999 0.39375 0.134722221875 0.39375 0.1583333328125 0.39921875 0.16944444375 0.4 0.18055555625
7 0.99296875 0.2416666671875 0.99921875 0.2388888890625 0.99921875 0.22777777812500002 0.99375 0.2208333328125 0.9921875 0.2236111109375 0.98984375 0.23611111093749998 0.99296875 0.2416666671875
7 0.9609375 0.22916666718749998 0.96171875 0.23611111093749998 0.9671875 0.24444444375000002 0.971875 0.2416666671875 0.975 0.20416666718749998 0.94609375 0.18055555625 0.9203125 0.16944444375 0.91796875 0.18194444375000002 0.9203125 0.19305555624999998 0.9234375 0.19583333281249998 0.92734375 0.2208333328125 0.93203125 0.2236111109375 0.93828125 0.2166666671875 0.9484375 0.21805555625 0.9609375 0.22916666718749998
7 0.94453125 0.125 0.92734375 0.1263888890625 0.92578125 0.1291666671875 0.93125 0.13333333281249998 0.9328125 0.140277778125 0.95078125 0.15277777812499999 0.98046875 0.1611111109375 0.97890625 0.15 0.96015625 0.13194444375 0.94453125 0.125
7 0.7828125 0.13828125 0.003125 0.0015625
7 0.7984375 0.10555555624999999 0.79765625 0.097222221875 0.78515625 0.09305555625 0.7875 0.11805555625 0.7953125 0.11805555625 0.7984375 0.10555555624999999
7 0.74765625 0.08055555625000001 0.74609375 0.15694444375 0.76484375 0.1583333328125 0.76875 0.15 0.7703125 0.09305555625 0.77265625 0.0861111109375 0.75390625 0.075 0.74921875 0.075 0.74765625 0.08055555625000001
7 0.7375 0.06805555625000001 0.6875 0.047222221875 0.68046875 0.047222221875 0.6765625 0.052777778124999994 0.67734375 0.1 0.68515625 0.10833333281249999 0.69453125 0.13055555624999998 0.71875 0.15555555625 0.72890625 0.15972222187500001 0.73671875 0.15555555625 0.73984375 0.08333333281250001 0.7375 0.06805555625000001
7 0.7828125 0.034722221875 0.7578125 0.025 0.759375 0.030555556249999997 0.75625 0.034722221875 0.76171875 0.03194444375 0.7640625 0.0375 0.77421875 0.04305555625 0.7890625 0.04305555625 0.7875 0.0375 0.7828125 0.034722221875
7 0.71171875 0.0208333328125 0.72578125 0.0208333328125 0.7265625 0.0111111109375 0.73046875 0.00555555625 0.7109375 0.002777778125 0.71015625 0.0083333328125 0.70625 0.0041666671875 0.71171875 0.0208333328125
4 0.95703125 0.25833333281250004 0.95625 0.275 0.9515625 0.29305555625 0.95 0.3166666671875 0.95625 0.3236111109375 0.95625 0.334722221875 0.959375 0.34027777812500004 0.96328125 0.3291666671875 0.96953125 0.259722221875 0.9625 0.2416666671875 0.95703125 0.25833333281250004
4 0.24296875 0.690277778125 0.2453125 0.6777777781250001 0.2484375 0.68194444375 0.25625 0.7430555562500001 0.26171875 0.74444444375 0.2640625 0.7375 0.2640625 0.7013888890625 0.26015625 0.6555555562500001 0.26171875 0.6291666671875 0.26796875 0.6125 0.26796875 0.597222221875 0.25546875 0.5527777781250001 0.2421875 0.540277778125 0.24375 0.51805555625 0.23671875 0.5069444437499999 0.2328125 0.5069444437499999 0.2265625 0.51944444375 0.2265625 0.5305555562500001 0.23125 0.55 0.22109375 0.5694444437499999 0.21953125 0.58055555625 0.21875 0.61944444375 0.22890625 0.6569444437499999 0.22734375 0.66944444375 0.23125 0.6944444437499999 0.23125 0.7138888890625 0.23671875 0.725 0.24296875 0.722222221875 0.24296875 0.690277778125
4 0.01875 0.5138888890625 0.01484375 0.48472222187499997 0.01640625 0.4625 0.01171875 0.40694444374999994 0.0015625 0.40694444374999994 0 0.5319444437499999 0.0015625 0.547222221875 0.00546875 0.5513888890625 0.01171875 0.54444444375 0.0140625 0.5333333328125 0.02265625 0.534722221875 0.02421875 0.5305555562500001 0.01875 0.5138888890625
4 0.53203125 0.14305555625 0.540625 0.1458333328125 0.54296875 0.14305555625 0.54296875 0.09305555625 0.5390625 0.08055555625000001 0.53515625 0.08194444375 0.53125 0.0986111109375 0.53203125 0.14305555625