1 0.42890625 0.23055555625 0.4375 0.24305555625 0.45625 0.2513888890625 0.46875 0.2513888890625 0.46875 0.24305555625 0.4609375 0.2388888890625 0.45390625 0.22916666718749998 0.45390625 0.184722221875 0.45625 0.16805555625 0.45390625 0.084722221875 0.4515625 0.08055555625000001 0.4453125 0.08055555625000001 0.4421875 0.0888888890625 0.4421875 0.14305555625 0.44140625 0.15555555625 0.43828125 0.1625 0.44140625 0.18194444375000002 0.44140625 0.215277778125 0.43671875 0.22638888906250001 0.42890625 0.22638888906250001 0.42890625 0.23055555625
1 0.39375 0.290277778125 0.3953125 0.2833333328125 0.38515625 0.2513888890625 0.38671875 0.2 0.3890625 0.19444444375 0.3859375 0.175 0.38984375 0.1513888890625 0.384375 0.1263888890625 0.384375 0.10555555624999999 0.37578125 0.102777778125 0.3703125 0.10833333281249999 0.371875 0.252777778125 0.3671875 0.259722221875 0.3578125 0.259722221875 0.3578125 0.2666666671875 0.36640625 0.2708333328125 0.375 0.28472222187499996 0.38671875 0.2833333328125 0.39375 0.290277778125
6 0.7078125 0.2833333328125 0.71796875 0.28472222187499996 0.72890625 0.2708333328125 0.7375 0.27777777812500004 0.75859375 0.2791666671875 0.7625 0.275 0.7640625 0.2416666671875 0.76171875 0.21805555625 0.753125 0.197222221875 0.7359375 0.1875 0.73125 0.1611111109375 0.72734375 0.15555555625 0.690625 0.15 0.67890625 0.165277778125 0.65703125 0.1708333328125 0.6546875 0.18194444375000002 0.65390625 0.20972222187499998 0.6609375 0.2375 0.66796875 0.24305555625 0.6828125 0.2388888890625 0.696875 0.24722222187499998 0.7 0.252777778125 0.70234375 0.27638888906250003 0.7078125 0.2833333328125
6 0.63203125 0.2138888890625 0.62734375 0.1888888890625 0.61015625 0.17916666718750002 0.5984375 0.1611111109375 0.57421875 0.1611111109375 0.5671875 0.1861111109375 0.56796875 0.2236111109375 0.57890625 0.24305555625 0.5984375 0.2611111109375 0.65390625 0.25833333281250004 0.65703125 0.2513888890625 0.6546875 0.23055555625 0.63671875 0.222222221875 0.63203125 0.2138888890625
7 0.85625 0.127777778125 0.84921875 0.1208333328125 0.84140625 0.12222222187500001 0.8390625 0.13194444375 0.84375 0.15 0.87109375 0.1541666671875 0.88359375 0.1541666671875 0.8875 0.15 0.88671875 0.1458333328125 0.8671875 0.13055555624999998 0.85625 0.127777778125
7 0.9703125 0.10555555624999999 0.9703125 0.097222221875 0.9625 0.08333333281250001 0.9625 0.11944444375 0.96640625 0.11805555625 0.9703125 0.10555555624999999
7 0.9125 0.077777778125 0.90703125 0.0875 0.90625 0.1208333328125 0.92578125 0.1291666671875 0.92890625 0.12222222187500001 0.9484375 0.1208333328125 0.95546875 0.08333333281250001 0.9390625 0.072222221875 0.9234375 0.072222221875 0.9125 0.077777778125
7 0.85703125 0.08055555625000001 0.8625 0.0888888890625 0.88828125 0.11388888906250001 0.89609375 0.11388888906250001 0.89765625 0.08055555625000001 0.87578125 0.072222221875 0.86171875 0.072222221875 0.85703125 0.08055555625000001
7 0.853125 0.2388888890625 0.86875 0.2541666671875 0.878125 0.25833333281250004 0.88125 0.275 0.8859375 0.28055555625 0.89296875 0.28055555625 0.89609375 0.27638888906250003 0.9234375 0.27777777812500004 0.93046875 0.2666666671875 0.93046875 0.23194444375 0.92578125 0.2236111109375 0.92265625 0.20555555625 0.9109375 0.17361111093749998 0.89296875 0.15972222187500001 0.88125 0.15555555625 0.81875 0.15555555625 0.8140625 0.1833333328125 0.8171875 0.19583333281249998 0.8171875 0.2166666671875 0.8203125 0.2236111109375 0.83125 0.22777777812500002 0.83828125 0.215277778125 0.846875 0.215277778125 0.853125 0.2388888890625
7 0.9625 0.3138888890625 0.9671875 0.30555555624999997 0.96953125 0.25694444375000003 0.9625 0.2666666671875 0.95859375 0.28055555625 0.9578125 0.30555555624999997 0.9625 0.3138888890625
7 0.9890625 0.23194444375 0.9859375 0.26944444375 0.98046875 0.2986111109375 0.978125 0.3291666671875 0.9796875 0.3375 0.984375 0.34027777812500004 0.98984375 0.352777778125 0.99921875 0.3541666671875 0.99921875 0.2236111109375 0.99296875 0.2236111109375 0.9890625 0.23194444375
7 0.20390625 0.147222221875 0.17265625 0.1111111109375 0.1515625 0.10833333281249999 0.1328125 0.1291666671875 0.12890625 0.14305555625 0.13046875 0.1916666671875 0.1328125 0.2 0.13671875 0.19583333281249998 0.16640625 0.190277778125 0.1921875 0.19583333281249998 0.20546875 0.172222221875 0.20390625 0.147222221875
7 0.96640625 0.19444444375 0.92890625 0.16944444375 0.91875 0.16944444375 0.91796875 0.1888888890625 0.93515625 0.2388888890625 0.94375 0.2388888890625 0.95390625 0.22638888906250001 0.9625 0.22916666718749998 0.96875 0.2125 0.9703125 0.20277777812500003 0.96640625 0.19444444375
7 0.96171875 0.13333333281249998 0.93515625 0.1208333328125 0.925 0.12361111093749999 0.925 0.13055555624999998 0.9296875 0.13194444375 0.9359375 0.1416666671875 0.9546875 0.1458333328125 0.96953125 0.15694444375 0.98046875 0.15972222187500001 0.9765625 0.14305555625 0.96171875 0.13333333281249998
7 0.33125 0.16805555625 0.3375 0.16388888906250001 0.3453125 0.14305555625 0.3546875 0.13888888906250002 0.3578125 0.1263888890625 0.3625 0.13055555624999998 0.36875 0.1263888890625 0.36875 0.109722221875 0.3828125 0.097222221875 0.38671875 0.0986111109375 0.38828125 0.1166666671875 0.39609375 0.134722221875 0.3953125 0.15555555625 0.39921875 0.16388888906250001 0.4 0.177777778125 0.403125 0.18055555625 0.42421875 0.18055555625 0.43515625 0.1666666671875 0.43984375 0.14305555625 0.43984375 0.09444444375 0.4453125 0.08055555625000001 0.45078125 0.08055555625000001 0.45703125 0.09444444375 0.45546875 0.14444444375 0.4578125 0.1763888890625 0.4625 0.1763888890625 0.4671875 0.16944444375 0.4734375 0.15 0.47265625 0.1416666671875 0.4765625 0.127777778125 0.4765625 0.0638888890625 0.47421875 0.0333333328125 0.4671875 0.009722221875000001 0.46328125 0.006944443749999999 0.43046875 0.00555555625 0.3953125 0.019444443750000002 0.3890625 0.026388889062499997 0.38828125 0.040277778125000004 0.3796875 0.04194444375 0.3796875 0.034722221875 0.37578125 0.034722221875 0.35546875 0.055555556250000006 0.34375 0.052777778124999994 0.3390625 0.055555556250000006 0.3375 0.0625 0.328125 0.04305555625 0.29296875 0.047222221875 0.28125 0.055555556250000006 0.28046875 0.08055555625000001 0.27578125 0.09305555625 0.275 0.16805555625 0.28203125 0.17916666718750002 0.2875 0.17361111093749998 0.296875 0.17361111093749998 0.30234375 0.1916666671875 0.30703125 0.19444444375 0.325 0.19305555624999998 0.33125 0.16805555625
7 0.790625 0.11388888906250001 0.796875 0.10694444375 0.79765625 0.097222221875 0.7875 0.0958333328125 0.7921875 0.109722221875 0.7875 0.115277778125 0.7859375 0.13055555624999998 0.78125 0.13888888906250002 0.78671875 0.1513888890625 0.79296875 0.1513888890625 0.79375 0.127777778125 0.790625 0.11388888906250001
7 0.7484375 0.0861111109375 0.7453125 0.1583333328125 0.76640625 0.1583333328125 0.76953125 0.14305555625 0.77109375 0.0888888890625 0.76640625 0.08055555625000001 0.75234375 0.075 0.74921875 0.07638888906249999 0.7484375 0.0861111109375
7 0.7375 0.1541666671875 0.73984375 0.06944444375 0.7234375 0.059722221875 0.6953125 0.0513888890625 0.69296875 0.047222221875 0.6796875 0.04444444375 0.6765625 0.0486111109375 0.67734375 0.10138888906250001 0.68828125 0.109722221875 0.6953125 0.1291666671875 0.70625 0.140277778125 0.71875 0.1458333328125 0.72578125 0.15555555625 0.73515625 0.1583333328125 0.7375 0.1541666671875
4 0.33515625 0.8819444437499999 0.34375 0.89444444375 0.34765625 0.9388888890624999 0.3421875 0.9583333328125001 0.34921875 0.959722221875 0.35546875 0.95555555625 0.35390625 0.91805555625 0.3609375 0.9069444437499999 0.3609375 0.902777778125 0.35 0.8875 0.35078125 0.877777778125 0.35546875 0.8680555562500001 0.35703125 0.8430555562500001 0.353125 0.7819444437499999 0.3421875 0.74444444375 0.3328125 0.7333333328125 0.33046875 0.7180555562500001 0.31796875 0.7138888890625 0.3125 0.7194444437499999 0.31015625 0.7291666671875 0.3140625 0.7597222218749999 0.309375 0.8125 0.3125 0.8194444437499999 0.3140625 0.8513888890624999 0.31796875 0.8666666671875 0.321875 0.8680555562500001 0.32734375 0.8833333328125 0.33515625 0.8819444437499999