0 0 0.9930555562500001 0.10234375 0.9638888890624999 0.12109375 0.95555555625 0.1296875 0.94305555625 0.13203125 0.9513888890625 0.14296875 0.95555555625 0.15390625 0.9680555562500001 0.17890625 0.9680555562500001 0.1921875 0.9583333328125001 0.19921875 0.9444444437499999 0.2046875 0.9138888890624999 0.225 0.8916666671875 0.23125 0.8791666671874999 0.2328125 0.8638888890624999 0.23125 0.81805555625 0.22734375 0.8055555562500001 0.22421875 0.7611111109375 0.2109375 0.7111111109375 0.1875 0.68194444375 0.1015625 0.6791666671875001 0.0984375 0.672222221875 0.10546875 0.6555555562500001 0.1 0.6458333328125 0.0921875 0.6583333328125 0.08515625 0.6555555562500001 0.0671875 0.61944444375 0.05968440625 0.61544279375 0.0625 0.6208333328125 0.0625 0.64305555625 0.06640625 0.6541666671875 0.06484375 0.6583333328125 0.03203125 0.6583333328125 0 0.665277778125 0 0.897222221875 0.003125 0.9013888890624999 0 0.9055555562500001 0 0.9930555562500001
2 0.03359375 0.41805555625 0.02578125 0.41805555625 0.02421875 0.42222222187499997 0.025 0.4625 0.028125 0.46805555625000006 0.03671875 0.46805555625000006 0.0390625 0.46388888906250003 0.03671875 0.42222222187499997 0.03359375 0.41805555625
1 0.3875 0.19444444375 0.38515625 0.15694444375 0.38828125 0.1541666671875 0.3859375 0.1416666671875 0.38671875 0.10833333281249999 0.3734375 0.102777778125 0.36953125 0.10694444375 0.36875 0.1166666671875 0.371875 0.13333333281249998 0.37265625 0.15972222187500001 0.37265625 0.25 0.36875 0.259722221875 0.359375 0.259722221875 0.3578125 0.2638888890625 0.3671875 0.2708333328125 0.37734375 0.2888888890625 0.384375 0.2833333328125 0.39453125 0.2888888890625 0.39453125 0.28194444375 0.38671875 0.26527777812500003 0.38515625 0.2416666671875 0.3875 0.19444444375
1 0.44296875 0.0861111109375 0.4421875 0.215277778125 0.4390625 0.2236111109375 0.4296875 0.23055555625 0.43203125 0.2388888890625 0.4390625 0.24305555625 0.46796875 0.2513888890625 0.4671875 0.240277778125 0.45625 0.23472222187499997 0.45234375 0.215277778125 0.45625 0.16805555625 0.45390625 0.1458333328125 0.4546875 0.084722221875 0.44921875 0.08194444375 0.44296875 0.0861111109375
6 0.76171875 0.21805555625 0.7578125 0.2138888890625 0.75625 0.20138888906250002 0.75234375 0.19444444375 0.73515625 0.1875 0.73046875 0.1583333328125 0.70625 0.15 0.69140625 0.15 0.68125 0.16388888906250001 0.66171875 0.16805555625 0.65625 0.175 0.65625 0.222222221875 0.66171875 0.2388888890625 0.66875 0.24305555625 0.68203125 0.2388888890625 0.69765625 0.24722222187499998 0.70078125 0.25555555625 0.70234375 0.275 0.7078125 0.2833333328125 0.72109375 0.2833333328125 0.7265625 0.272222221875 0.73671875 0.27777777812500004 0.7625 0.275 0.7640625 0.2388888890625 0.76171875 0.21805555625
6 0.6359375 0.190277778125 0.6296875 0.184722221875 0.62109375 0.184722221875 0.60625 0.17361111093749998 0.5984375 0.15972222187500001 0.575 0.1611111109375 0.56953125 0.175 0.56640625 0.197222221875 0.56875 0.22638888906250001 0.57265625 0.22916666718749998 0.5765625 0.240277778125 0.58671875 0.24583333281250003 0.5953125 0.25694444375000003 0.65 0.25833333281250004 0.65703125 0.2513888890625 0.65546875 0.23055555625 0.63671875 0.222222221875 0.6328125 0.215277778125 0.63671875 0.20694444375 0.6375 0.197222221875 0.6359375 0.190277778125
7 0.8671875 0.13055555624999998 0.8546875 0.127777778125 0.84921875 0.1208333328125 0.84375 0.1208333328125 0.83984375 0.1263888890625 0.8390625 0.1375 0.84375 0.1513888890625 0.89296875 0.1541666671875 0.89140625 0.147222221875 0.8671875 0.13055555624999998
7 0.96953125 0.10555555624999999 0.96875 0.0958333328125 0.9625 0.0916666671875 0.9625 0.11805555625 0.96953125 0.10555555624999999
7 0.9546875 0.0916666671875 0.9515625 0.08055555625000001 0.93828125 0.072222221875 0.92265625 0.072222221875 0.90703125 0.08333333281250001 0.90625 0.11944444375 0.9125 0.125 0.94921875 0.125 0.95390625 0.115277778125 0.9546875 0.0916666671875
7 0.8953125 0.11388888906250001 0.89765625 0.09444444375 0.89609375 0.08055555625000001 0.86953125 0.07083333281250001 0.8578125 0.07638888906249999 0.85703125 0.08055555625000001 0.8625 0.0888888890625 0.87578125 0.102777778125 0.8890625 0.11388888906250001 0.8953125 0.11388888906250001
7 0.93046875 0.26805555625 0.93046875 0.23194444375 0.925 0.2208333328125 0.915625 0.18194444375000002 0.909375 0.172222221875 0.8953125 0.165277778125 0.8921875 0.15972222187500001 0.87890625 0.15555555625 0.85625 0.15555555625 0.85234375 0.1611111109375 0.84375 0.15555555625 0.8203125 0.15555555625 0.81640625 0.16805555625 0.815625 0.19444444375 0.81875 0.2208333328125 0.825 0.22916666718749998 0.83125 0.22916666718749998 0.8375 0.21805555625 0.846875 0.21805555625 0.85078125 0.23611111093749998 0.87109375 0.25555555625 0.87890625 0.25833333281250004 0.88125 0.2708333328125 0.88671875 0.28055555625 0.89609375 0.27638888906250003 0.925 0.27777777812500004 0.93046875 0.26805555625
7 0.99375 0.27638888906250003 0.99921875 0.26805555625 0.99921875 0.21944444375 0.99296875 0.21805555625 0.98828125 0.23611111093749998 0.9875 0.2666666671875 0.99375 0.27638888906250003
7 0.92578125 0.2166666671875 0.93515625 0.2388888890625 0.9609375 0.2388888890625 0.9703125 0.24444444375000002 0.97421875 0.22916666718749998 0.9734375 0.20277777812500003 0.928125 0.16944444375 0.92265625 0.16805555625 0.91875 0.17361111093749998 0.91796875 0.1888888890625 0.92421875 0.20138888906250002 0.92578125 0.2166666671875
7 0.95390625 0.1458333328125 0.96640625 0.15555555625 0.98046875 0.15972222187500001 0.9765625 0.14305555625 0.94609375 0.1263888890625 0.93203125 0.12222222187500001 0.92578125 0.1263888890625 0.925 0.13055555624999998 0.9359375 0.14305555625 0.94453125 0.147222221875 0.95390625 0.1458333328125
7 0.7859375 0.11805555625 0.784375 0.13194444375 0.77890625 0.1375 0.78359375 0.1416666671875 0.78671875 0.1513888890625 0.7921875 0.1513888890625 0.79296875 0.11944444375 0.7859375 0.11805555625
7 0.79609375 0.10833333281249999 0.79765625 0.097222221875 0.7890625 0.09305555625 0.7890625 0.102777778125 0.79609375 0.10833333281249999
7 0.7703125 0.1416666671875 0.77109375 0.09305555625 0.7671875 0.08194444375 0.75390625 0.075 0.74921875 0.07638888906249999 0.74453125 0.1541666671875 0.74609375 0.15972222187500001 0.76171875 0.15972222187500001 0.76796875 0.1541666671875 0.7703125 0.1416666671875
7 0.6765625 0.0513888890625 0.675 0.090277778125 0.67734375 0.1 0.6875 0.10833333281249999 0.6890625 0.13055555624999998 0.70546875 0.14305555625 0.71875 0.1458333328125 0.7265625 0.15555555625 0.73671875 0.15555555625 0.73828125 0.06944444375 0.721875 0.058333332812500006 0.7015625 0.054166667187499996 0.68203125 0.04444444375 0.67734375 0.0458333328125 0.6765625 0.0513888890625