2 0.56805555625 0.01328125 0.5291666671875 0.0140625 0.522222221875 0.01875 0.522222221875 0.025 0.5333333328125 0.0328125 0.5513888890625 0.03046875 0.575 0.02265625 0.56805555625 0.01328125
2 0.30694444375 0.00546875 0.3513888890625 0.00625 0.39444444375 0.00078125 0.30694444375 0 0.30694444375 0.00546875
1 0.8583333328125 0.3828125 0.89444444375 0.3828125 0.9 0.38046875 0.8958333328125001 0.3703125 0.7513888890625 0.371875 0.7458333328125 0.35703125 0.7402777781250001 0.36171875 0.73194444375 0.36171875 0.734722221875 0.35625 0.7291666671875 0.36640625 0.7208333328125 0.36875 0.7138888890625 0.375 0.7194444437499999 0.38828125 0.7111111109375 0.40078125 0.7194444437499999 0.4015625 0.7430555562500001 0.38515625 0.85 0.38515625 0.8583333328125 0.3828125
1 0.8208333328125 0.45234375 0.827777778125 0.4546875 0.8833333328125 0.45234375 0.9138888890624999 0.45390625 0.91944444375 0.45078125 0.91944444375 0.44453125 0.9138888890624999 0.44140625 0.7861111109375 0.44140625 0.7708333328125 0.43828125 0.7736111109375 0.42578125 0.76944444375 0.42578125 0.7666666671875 0.428125 0.772222221875 0.43046875 0.7597222218749999 0.43203125 0.7569444437499999 0.4375 0.75 0.45234375 0.7486111109375 0.46875 0.7583333328124999 0.46796875 0.765277778125 0.45546875 0.7833333328125 0.4515625 0.8208333328125 0.45234375
7 0.8263888890625 0.9109375 0.840277778125 0.89296875 0.8458333328125001 0.86875 0.8444444437499999 0.85546875 0.840277778125 0.85234375 0.8444444437499999 0.84453125 0.8444444437499999 0.81953125 0.81805555625 0.81953125 0.7958333328125 0.83359375 0.784722221875 0.84765625 0.7708333328125 0.84921875 0.7597222218749999 0.85390625 0.7416666671875001 0.878125 0.725 0.88125 0.7194444437499999 0.88671875 0.7236111109375 0.90625 0.7333333328125 0.9109375 0.7513888890625 0.9140625 0.76944444375 0.9265625 0.81805555625 0.915625 0.8263888890625 0.9109375
7 0.6944444437499999 0.98046875 0.6611111109375 0.97890625 0.6611111109375 0.99921875 0.7333333328125 0.99921875 0.7402777781250001 0.99453125 0.7402777781250001 0.98671875 0.7236111109375 0.9828125 0.6944444437499999 0.98046875
7 0.66944444375 0.9421875 0.6486111109375 0.95 0.64444444375 0.9578125 0.7 0.9671875 0.7541666671875 0.96953125 0.76805555625 0.94296875 0.76805555625 0.93046875 0.7569444437499999 0.9203125 0.7388888890625 0.9125 0.702777778125 0.9078125 0.6736111109375 0.92421875 0.66944444375 0.9421875
7 0.9111111109375001 0.96640625 0.9111111109375001 0.9625 0.9055555562500001 0.96171875 0.8763888890624999 0.9609375 0.86944444375 0.9625 0.86944444375 0.96640625 0.9 0.975 0.9069444437499999 0.97265625 0.9111111109375001 0.96640625
7 0.88055555625 0.90625 0.8708333328125001 0.925 0.8791666671874999 0.94921875 0.8958333328125001 0.95390625 0.9111111109375001 0.95390625 0.91944444375 0.95078125 0.9291666671875 0.934375 0.922222221875 0.9125 0.9069444437499999 0.9015625 0.9041666671874999 0.90078125 0.897222221875 0.90625 0.88055555625 0.90625
7 0.7458333328125 0.99921875 0.7736111109375 0.99921875 0.7819444437499999 0.99453125 0.7805555562500001 0.99140625 0.765277778125 0.98828125 0.7458333328125 0.98828125 0.7458333328125 0.99921875
7 0.7916666671875 0.92890625 0.772222221875 0.93125 0.7638888890625 0.96015625 0.7569444437499999 0.96796875 0.7611111109375 0.971875 0.79305555625 0.97421875 0.8027777781250001 0.96953125 0.83194444375 0.92578125 0.83055555625 0.91953125 0.8111111109375001 0.91875 0.7958333328125 0.92421875 0.7916666671875 0.92890625
7 0.85694444375 0.946875 0.8458333328125001 0.95625 0.8388888890624999 0.96875 0.8388888890624999 0.978125 0.8430555562500001 0.9796875 0.8541666671874999 0.9765625 0.8666666671875 0.96015625 0.877777778125 0.93515625 0.875 0.92734375 0.86944444375 0.9265625 0.859722221875 0.9375 0.85694444375 0.946875
7 0.7458333328125 0.81015625 0.74444444375 0.81640625 0.73055555625 0.81953125 0.73055555625 0.83671875 0.7236111109375 0.84140625 0.734722221875 0.84765625 0.765277778125 0.8484375 0.7791666671875 0.84140625 0.7833333328125 0.83203125 0.8013888890624999 0.83046875 0.8111111109375001 0.81875 0.8263888890625 0.8171875 0.8222222218749999 0.81328125 0.7458333328125 0.81015625
7 0.777777778125 0.7390625 0.7736111109375 0.74375 0.777777778125 0.75859375 0.772222221875 0.7671875 0.8027777781250001 0.76875 0.809722221875 0.77421875 0.81805555625 0.775 0.8416666671874999 0.76875 0.847222221875 0.7609375 0.8333333328125001 0.7453125 0.8083333328125001 0.73671875 0.79305555625 0.7359375 0.777777778125 0.7390625
7 0.7458333328125 0.78046875 0.7430555562500001 0.7859375 0.7611111109375 0.790625 0.81805555625 0.79453125 0.8486111109375001 0.7953125 0.859722221875 0.790625 0.8611111109375 0.7859375 0.85555555625 0.7828125 0.8138888890624999 0.7796875 0.7875 0.78125 0.7569444437499999 0.77890625 0.7458333328125 0.78046875
7 0.902777778125 0.7953125 0.9041666671874999 0.7890625 0.8916666671875 0.79296875 0.902777778125 0.7953125
7 0.877777778125 0.77109375 0.9166666671874999 0.76875 0.9277777781250001 0.7515625 0.9277777781250001 0.74765625 0.922222221875 0.7453125 0.9138888890624999 0.74765625 0.8819444437499999 0.74453125 0.8444444437499999 0.7453125 0.85 0.76796875 0.877777778125 0.77109375
7 0.952777778125 0.67734375 0.9416666671874999 0.6765625 0.9 0.6765625 0.8916666671875 0.68828125 0.88055555625 0.6921875 0.8708333328125001 0.6921875 0.85694444375 0.7 0.8333333328125001 0.73203125 0.83194444375 0.74140625 0.8388888890624999 0.73515625 0.8958333328125001 0.7375 0.9277777781250001 0.74140625 0.9416666671874999 0.7234375 0.9444444437499999 0.7015625 0.95555555625 0.6828125 0.952777778125 0.67734375
7 0.8444444437499999 0.8546875 0.8486111109375001 0.859375 0.8486111109375001 0.88125 0.85694444375 0.8796875 0.86944444375 0.8671875 0.872222221875 0.85625 0.8791666671874999 0.85078125 0.8791666671874999 0.83984375 0.875 0.83828125 0.85 0.8390625 0.847222221875 0.84296875 0.8444444437499999 0.8546875
7 0.8958333328125001 0.87578125 0.8861111109375001 0.89375 0.91944444375 0.89609375 0.9291666671875 0.87265625 0.9263888890624999 0.85703125 0.91944444375 0.85625 0.8958333328125001 0.87578125
4 0.7708333328125 0 0.7638888890625 0.003125 0.7458333328125 0.003125 0.7361111109375 0 0.7291666671875 0.0078125 0.73194444375 0.0140625 0.7416666671875001 0.01171875 0.8125 0.01171875 0.8194444437499999 0.009375 0.8458333328125001 0.01328125 0.8666666671875 0.00625 0.88055555625 0.00625 0.8861111109375001 0.00234375 0.8861111109375001 0 0.7708333328125 0
4 0.8652777781250001 0.44140625 0.897222221875 0.44296875 0.9138888890624999 0.44140625 0.915277778125 0.43828125 0.9069444437499999 0.43671875 0.8708333328125001 0.4359375 0.85694444375 0.4328125 0.8486111109375001 0.43515625 0.85 0.43828125 0.8652777781250001 0.44140625