2 0.98671875 0.56805555625 0.9859375 0.527777778125 0.98125 0.522222221875 0.975 0.522222221875 0.9671875 0.5319444437499999 0.96953125 0.5513888890625 0.97734375 0.575 0.98671875 0.56805555625
1 0.54453125 0.765277778125 0.54765625 0.7805555562500001 0.54765625 0.8208333328125 0.5453125 0.827777778125 0.54609375 0.9166666671874999 0.55546875 0.91944444375 0.5578125 0.9138888890624999 0.55859375 0.784722221875 0.56171875 0.7708333328125 0.5734375 0.7736111109375 0.57421875 0.76944444375 0.571875 0.7666666671875 0.56953125 0.772222221875 0.565625 0.7708333328125 0.56796875 0.7597222218749999 0.5625 0.7569444437499999 0.54765625 0.75 0.53125 0.7486111109375 0.53046875 0.7541666671875 0.5328125 0.7583333328124999 0.54453125 0.765277778125
1 0.6296875 0.8958333328125001 0.628125 0.75154305625 0.64375 0.74444444375 0.63984375 0.74444444375 0.6368009859375 0.730921053125 0.63359375 0.7291666671875 0.63125 0.7208333328125 0.625 0.7138888890625 0.6125 0.7194444437499999 0.6 0.7111111109375 0.5984375 0.7194444437499999 0.61484375 0.74444444375 0.6171875 0.8013888890624999 0.61484375 0.85 0.6171875 0.89444444375 0.6203125 0.9 0.6296875 0.8958333328125001
6 0.4296875 0.83055555625 0.4328125 0.8138888890624999 0.4328125 0.7805555562500001 0.42265625 0.7569444437499999 0.41484375 0.75 0.3953125 0.7402777781250001 0.34921875 0.7416666671875001 0.34375 0.747222221875 0.3453125 0.76944444375 0.3515625 0.7763888890625 0.36484375 0.7805555562500001 0.37265625 0.8111111109375001 0.39453125 0.8263888890625 0.40234375 0.840277778125 0.4234375 0.840277778125 0.4296875 0.83055555625
6 0.2140625 0.772222221875 0.21796875 0.7763888890625 0.2203125 0.772222221875 0.21875 0.7583333328124999 0.22109375 0.7263888890625 0.21796875 0.7236111109375 0.21328125 0.73194444375 0.21171875 0.7611111109375 0.2140625 0.772222221875
6 0.25703125 0.722222221875 0.25 0.7333333328125 0.24921875 0.7569444437499999 0.2359375 0.7583333328124999 0.23359375 0.7666666671875 0.23125 0.8194444437499999 0.23984375 0.83194444375 0.24296875 0.8819444437499999 0.25 0.89444444375 0.27421875 0.9041666671874999 0.2921875 0.902777778125 0.29765625 0.89444444375 0.3015625 0.85694444375 0.31171875 0.8444444437499999 0.31640625 0.83055555625 0.3125 0.8222222218749999 0.31171875 0.775 0.30546875 0.7611111109375 0.29296875 0.7583333328124999 0.28828125 0.7611111109375 0.284375 0.7805555562500001 0.27734375 0.7819444437499999 0.27109375 0.76805555625 0.26875 0.7333333328125 0.2625 0.7236111109375 0.25703125 0.722222221875
7 0.0734375 0.76944444375 0.084375 0.81805555625 0.0890625 0.8263888890625 0.10703125 0.840277778125 0.13125 0.8458333328125001 0.14453125 0.8444444437499999 0.146875 0.840277778125 0.15625 0.8444444437499999 0.178125 0.8430555562500001 0.1796875 0.840277778125 0.175 0.83194444375 0.1671875 0.7986111109375 0.15078125 0.7819444437499999 0.15 0.765277778125 0.14609375 0.7597222218749999 0.121875 0.7416666671875001 0.1171875 0.722222221875 0.109375 0.7194444437499999 0.1046875 0.7236111109375 0.09296875 0.7236111109375 0.0890625 0.73194444375 0.0859375 0.752777778125 0.0734375 0.76944444375
7 0.00078125 0.6611111109375 0.00078125 0.73194444375 0.00546875 0.7388888890625 0.01328125 0.7388888890625 0.01953125 0.6944444437499999 0.02109375 0.6583333328125 0.00078125 0.6611111109375
7 0.09296875 0.702777778125 0.0859375 0.6944444437499999 0.07578125 0.672222221875 0.05703125 0.66944444375 0.053125 0.665277778125 0.0484375 0.65 0.04296875 0.64444444375 0.0328125 0.6986111109375 0.03046875 0.7541666671875 0.0578125 0.76805555625 0.06953125 0.76805555625 0.0796875 0.7569444437499999 0.0875 0.7388888890625 0.09296875 0.702777778125
7 0.00703125 0.7430555562500001 0.00078125 0.74444444375 0.00078125 0.7736111109375 0.00703125 0.7791666671875 0.01171875 0.765277778125 0.0125 0.747222221875 0.00703125 0.7430555562500001
7 0.05234375 0.76805555625 0.03203125 0.7569444437499999 0.028125 0.7597222218749999 0.02578125 0.79444444375 0.03046875 0.8027777781250001 0.07109375 0.83055555625 0.08046875 0.83055555625 0.08125 0.8125 0.0703125 0.7875 0.06875 0.7708333328125 0.05234375 0.76805555625
7 0.02109375 0.840277778125 0.021875 0.852777778125 0.03984375 0.8666666671875 0.0640625 0.877777778125 0.07265625 0.875 0.075 0.8708333328125001 0.05390625 0.85694444375 0.04375 0.8444444437499999 0.0265625 0.8361111109375001 0.02109375 0.840277778125
7 0.13984375 0.8486111109375001 0.1171875 0.85 0.11953125 0.85694444375 0.1328125 0.86944444375 0.1421875 0.8708333328125001 0.1515625 0.88055555625 0.16171875 0.877777778125 0.16328125 0.8611111109375 0.16015625 0.8486111109375001 0.146875 0.8444444437499999 0.13984375 0.8486111109375001
7 0.1046875 0.9208333328125 0.1265625 0.9291666671875 0.1421875 0.9277777781250001 0.14375 0.91944444375 0.1375 0.9111111109375001 0.12421875 0.8958333328125001 0.10625 0.8861111109375001 0.10234375 0.915277778125 0.1046875 0.9208333328125