2 0.98671875 0.56805555625 0.9859375 0.527777778125 0.98203125 0.522222221875 0.975 0.522222221875 0.9671875 0.5333333328125 0.9703125 0.5555555562500001 0.97734375 0.575 0.98671875 0.56805555625
1 0.61484375 0.8486111109375001 0.6171875 0.859722221875 0.6171875 0.89444444375 0.6203125 0.9 0.628125 0.897222221875 0.628125 0.7458333328125 0.64296875 0.7458333328125 0.63984375 0.74444444375 0.6368009859375 0.730921053125 0.63359375 0.7291666671875 0.63125 0.7208333328125 0.625 0.7138888890625 0.6125 0.7194444437499999 0.59921875 0.7111111109375 0.5984375 0.7194444437499999 0.61171875 0.7333333328125 0.61484375 0.74444444375 0.6171875 0.7986111109375 0.61484375 0.80694444375 0.6171875 0.8125 0.61484375 0.8486111109375001
1 0.54765625 0.8236111109375001 0.5453125 0.8291666671875 0.54609375 0.9166666671874999 0.55546875 0.91944444375 0.5578125 0.9138888890624999 0.55859375 0.7833333328125 0.5609375 0.772222221875 0.5734375 0.7736111109375 0.57421875 0.76944444375 0.571875 0.7666666671875 0.56875 0.772222221875 0.56796875 0.7597222218749999 0.5625 0.7569444437499999 0.54765625 0.75 0.53125 0.7486111109375 0.53125 0.7569444437499999 0.54453125 0.765277778125 0.5484375 0.7819444437499999 0.54765625 0.8236111109375001
6 0.2296875 0.6236111109375 0.23203125 0.6166666671875001 0.2375 0.6152777781250001 0.2359375 0.6083333328125 0.23203125 0.60555555625 0.225 0.61944444375 0.21875 0.665277778125 0.21796875 0.69305555625 0.22421875 0.6916666671875 0.22578125 0.652777778125 0.23046875 0.6347222218749999 0.2296875 0.6236111109375
6 0.2484375 0.60694444375 0.23984375 0.609722221875 0.23828125 0.7291666671875 0.25 0.7361111109375 0.25234375 0.76805555625 0.2609375 0.7763888890625 0.26796875 0.790277778125 0.271875 0.790277778125 0.27734375 0.7819444437499999 0.30703125 0.7805555562500001 0.32109375 0.7541666671875 0.325 0.7583333328124999 0.33203125 0.7541666671875 0.34375 0.73194444375 0.34609375 0.7166666671875 0.34609375 0.68194444375 0.34296875 0.675 0.3328125 0.6666666671875 0.31328125 0.66944444375 0.30859375 0.665277778125 0.3 0.640277778125 0.29453125 0.6333333328124999 0.29140625 0.6111111109375 0.2859375 0.6041666671875 0.28046875 0.5986111109375 0.26875 0.6 0.25625 0.6208333328125 0.2484375 0.60694444375
6 0.22109375 0.7541666671875 0.22265625 0.7291666671875 0.21796875 0.7236111109375 0.2140625 0.73055555625 0.2125 0.7486111109375 0.21328125 0.76805555625 0.21796875 0.7736111109375 0.22109375 0.7541666671875
6 0.21875 0.8333333328125001 0.22421875 0.8361111109375001 0.225 0.83194444375 0.21875 0.8333333328125001
6 0.29140625 0.9041666671874999 0.2984375 0.89444444375 0.3015625 0.85694444375 0.3125 0.85 0.30703125 0.834722221875 0.28984375 0.8222222218749999 0.28046875 0.797222221875 0.26484375 0.7916666671875 0.246875 0.7597222218749999 0.23515625 0.7569444437499999 0.2328125 0.7708333328125 0.23125 0.83055555625 0.23984375 0.847222221875 0.2453125 0.890277778125 0.27890625 0.9055555562500001 0.29140625 0.9041666671874999
6 0.40234375 0.840277778125 0.4234375 0.840277778125 0.4296875 0.83194444375 0.4328125 0.8138888890624999 0.43359375 0.784722221875 0.43046875 0.7736111109375 0.4234375 0.7583333328124999 0.40546875 0.7430555562500001 0.35 0.7402777781250001 0.3453125 0.7416666671875001 0.3421875 0.7486111109375 0.3453125 0.76944444375 0.3640625 0.7791666671875 0.36484375 0.79444444375 0.36875 0.797222221875 0.37265625 0.8125 0.3953125 0.8263888890625 0.40234375 0.840277778125
7 0.02109375 0.6763888890625 0.02109375 0.6583333328125 0.00078125 0.659722221875 0.00078125 0.73194444375 0.0078125 0.7416666671875001 0.01328125 0.7388888890625 0.0171875 0.722222221875 0.02109375 0.6763888890625
7 0.09296875 0.70555555625 0.0796875 0.6777777781250001 0.075 0.672222221875 0.059375 0.66944444375 0.05 0.6486111109375 0.0421875 0.64444444375 0.03203125 0.70694444375 0.03046875 0.7541666671875 0.0578125 0.76805555625 0.06953125 0.76805555625 0.075 0.7638888890625 0.08671875 0.7430555562500001 0.0921875 0.7138888890625 0.09296875 0.70555555625
7 0.0859375 0.752777778125 0.0734375 0.76944444375 0.08359375 0.8166666671874999 0.0890625 0.8263888890625 0.1078125 0.840277778125 0.13359375 0.8458333328125001 0.14375 0.8444444437499999 0.146875 0.840277778125 0.15625 0.8444444437499999 0.1828125 0.8416666671874999 0.1859375 0.809722221875 0.1796875 0.7736111109375 0.171875 0.7708333328125 0.16328125 0.7819444437499999 0.15390625 0.7819444437499999 0.14921875 0.7638888890625 0.121875 0.7416666671875001 0.11875 0.725 0.11328125 0.7194444437499999 0.1078125 0.7194444437499999 0.10390625 0.725 0.09375 0.7236111109375 0.08828125 0.7361111109375 0.0859375 0.752777778125
7 0.00625 0.7430555562500001 0.00078125 0.747222221875 0.00078125 0.7708333328125 0.00625 0.777777778125 0.01015625 0.7736111109375 0.01171875 0.7458333328125 0.00625 0.7430555562500001
7 0.0296875 0.7583333328124999 0.02578125 0.79444444375 0.03046875 0.8027777781250001 0.07109375 0.83055555625 0.08125 0.8291666671875 0.08203125 0.8138888890624999 0.07578125 0.797222221875 0.0703125 0.7916666671875 0.06796875 0.7708333328125 0.0296875 0.7583333328124999
7 0.04375 0.8444444437499999 0.028125 0.8361111109375001 0.02109375 0.840277778125 0.0234375 0.852777778125 0.03984375 0.8666666671875 0.05625 0.875 0.0685546875 0.875 0.06953125 0.8680555562500001 0.07265625 0.875 0.075 0.8708333328125001 0.05390625 0.85694444375 0.04375 0.8444444437499999
7 0.140625 0.8486111109375001 0.12421875 0.8458333328125001 0.115625 0.85 0.12734375 0.8652777781250001 0.14375 0.872222221875 0.146875 0.877777778125 0.16171875 0.877777778125 0.16328125 0.8652777781250001 0.16015625 0.8486111109375001 0.146875 0.8444444437499999 0.140625 0.8486111109375001
7 0.10546875 0.8986111109375001 0.10234375 0.9083333328125001 0.10390625 0.91944444375 0.128125 0.9291666671875 0.14296875 0.9263888890624999 0.14375 0.91944444375 0.125 0.8958333328125001 0.1109375 0.8861111109375001 0.1046875 0.8888888890625 0.10546875 0.8986111109375001
4 1 0.727777778125 0.99375 0.727777778125 0.98828125 0.7291666671875 0.98359375 0.7388888890625 0.9828125 0.777777778125 0.98515625 0.7875 0.98125 0.8236111109375001 0.984375 0.83194444375 0.9984375 0.8291666671875 1 0.8111111109375001 0.996875 0.8 0.99375 0.7583333328124999 1 0.7402777781250001 1 0.727777778125