2 0.015625 0.427777778125 0.0125 0.43333333281249997 0.01328125 0.46805555625000006 0.01640625 0.4763888890625 0.025 0.477777778125 0.03203125 0.46805555625000006 0.03046875 0.447222221875 0.0234375 0.425 0.015625 0.427777778125
1 0.4015625 0.28055555625 0.3890625 0.26805555625 0.38515625 0.25833333281250004 0.3828125 0.10555555624999999 0.3796875 0.1 0.3703125 0.10555555624999999 0.371875 0.2541666671875 0.35703125 0.2541666671875 0.36015625 0.25555555625 0.3631990140625 0.269078946875 0.36640625 0.2708333328125 0.36875 0.2791666671875 0.375 0.28611111093749997 0.38828125 0.28055555625 0.4 0.2888888890625 0.4015625 0.28055555625
1 0.46796875 0.2416666671875 0.4546875 0.23333333281250002 0.4515625 0.21805555625 0.45234375 0.17916666718750002 0.4546875 0.172222221875 0.45390625 0.084722221875 0.4515625 0.08055555625000001 0.4421875 0.08333333281250001 0.44140625 0.2125 0.43828125 0.22916666718749998 0.42734375 0.22638888906250001 0.42734375 0.23055555625 0.4375 0.24305555625 0.45234375 0.25 0.46875 0.2513888890625 0.46796875 0.2416666671875
7 0.88671875 0.28055555625 0.921875 0.2791666671875 0.93046875 0.26805555625 0.9296875 0.23055555625 0.92578125 0.2236111109375 0.915625 0.18055555625 0.9109375 0.17361111093749998 0.884375 0.15555555625 0.81875 0.15694444375 0.8203125 0.184722221875 0.8375 0.20833333281250002 0.8484375 0.2166666671875 0.85 0.23472222187499997 0.853125 0.240277778125 0.878125 0.25833333281250004 0.88203125 0.27638888906250003 0.88671875 0.28055555625
7 0.8578125 0.1291666671875 0.85 0.1208333328125 0.83984375 0.12222222187500001 0.8390625 0.15 0.85078125 0.15555555625 0.8578125 0.1513888890625 0.8796875 0.1541666671875 0.8859375 0.15 0.8859375 0.1458333328125 0.86640625 0.13055555624999998 0.8578125 0.1291666671875
7 0.85625 0.08194444375 0.875 0.1041666671875 0.88828125 0.11388888906250001 0.89453125 0.11388888906250001 0.89609375 0.08055555625000001 0.87265625 0.07083333281250001 0.85703125 0.0736111109375 0.85625 0.08194444375
7 0.915625 0.165277778125 0.9140625 0.1611111109375 0.90625 0.1611111109375 0.90390625 0.16388888906250001 0.90703125 0.1666666671875 0.915625 0.165277778125
7 0.95390625 0.10138888906250001 0.95234375 0.08333333281250001 0.93828125 0.072222221875 0.921875 0.072222221875 0.90625 0.08194444375 0.90078125 0.09444444375 0.90625 0.10138888906250001 0.9046875 0.1166666671875 0.91953125 0.127777778125 0.92421875 0.127777778125 0.9296875 0.1208333328125 0.94921875 0.11944444375 0.95390625 0.10138888906250001
7 0.7875 0.12361111093749999 0.78671875 0.13194444375 0.79296875 0.1375 0.79296875 0.115277778125 0.7875 0.12361111093749999
7 0.78984375 0.1041666671875 0.79296875 0.10694444375 0.796875 0.10138888906250001 0.79609375 0.0958333328125 0.7890625 0.09444444375 0.7875 0.097222221875 0.78984375 0.1041666671875
7 0.83671875 0.05 0.83671875 0.06805555625000001 0.84296875 0.06944444375 0.8421875 0.055555556250000006 0.83671875 0.05
7 0.82421875 0.04305555625 0.82421875 0.059722221875 0.8265625 0.052777778124999994 0.8265625 0.04305555625 0.82421875 0.04305555625
7 0.790625 0.0458333328125 0.7734375 0.040277778125000004 0.7703125 0.04305555625 0.790625 0.0458333328125
7 0.8453125 0.2611111109375 0.84375 0.25555555625 0.84296875 0.26805555625 0.8453125 0.2611111109375
7 0.83125 0.21805555625 0.83125 0.20416666718749998 0.82890625 0.197222221875 0.81875 0.1875 0.8171875 0.17361111093749998 0.81640625 0.1875 0.8125 0.19444444375 0.81015625 0.2541666671875 0.8203125 0.25 0.82734375 0.2541666671875 0.82578125 0.24722222187499998 0.83125 0.24722222187499998 0.83203125 0.23611111093749998 0.83671875 0.23194444375 0.83125 0.21805555625
7 0.775 0.184722221875 0.76875 0.15694444375 0.7609375 0.15277777812499999 0.74609375 0.16388888906250001 0.73671875 0.190277778125 0.7359375 0.20833333281250002 0.7390625 0.222222221875 0.74921875 0.22638888906250001 0.7546875 0.2208333328125 0.765625 0.22916666718749998 0.76796875 0.22638888906250001 0.76875 0.19583333281249998 0.775 0.184722221875
7 0.7828125 0.1458333328125 0.7796875 0.1861111109375 0.7796875 0.25 0.78125 0.25555555625 0.7859375 0.25694444375000003 0.79140625 0.2208333328125 0.7953125 0.15972222187500001 0.79375 0.14305555625 0.7859375 0.13888888906250002 0.7828125 0.1458333328125
7 0.9875 0.2708333328125 0.98984375 0.275 0.99765625 0.275 0.99921875 0.222222221875 0.99453125 0.215277778125 0.98984375 0.2236111109375 0.9875 0.2416666671875 0.9875 0.2708333328125
7 0.96953125 0.24722222187499998 0.97421875 0.21944444375 0.97421875 0.20555555625 0.96953125 0.197222221875 0.928125 0.16944444375 0.91953125 0.1708333328125 0.91875 0.1875 0.92421875 0.20277777812500003 0.93046875 0.20972222187499998 0.93046875 0.23194444375 0.93359375 0.2388888890625 0.94375 0.240277778125 0.95078125 0.23611111093749998 0.96953125 0.24722222187499998
7 0.97890625 0.1513888890625 0.975 0.14444444375 0.9640625 0.13888888906250002 0.9609375 0.13333333281249998 0.94375 0.125 0.935546875 0.125 0.93203125 0.13194444375 0.9314453125 0.125 0.92578125 0.1263888890625 0.925 0.1291666671875 0.934375 0.13333333281249998 0.9390625 0.140277778125 0.94765625 0.14305555625 0.95703125 0.15555555625 0.97578125 0.16388888906250001 0.97890625 0.1583333328125 0.97890625 0.1513888890625
7 0.73984375 0.1671875 0.003125 0.0015625
7 0.75 0.072222221875 0.7453125 0.07638888906249999 0.74765625 0.0861111109375 0.74453125 0.11805555625 0.74453125 0.1541666671875 0.7546875 0.15555555625 0.7609375 0.15 0.76875 0.15 0.76875 0.084722221875 0.75 0.072222221875
7 0.7375 0.1041666671875 0.74140625 0.072222221875 0.72421875 0.059722221875 0.7 0.055555556250000006 0.68125 0.04444444375 0.67734375 0.047222221875 0.6765625 0.055555556250000006 0.6765625 0.1 0.68671875 0.10555555624999999 0.6921875 0.11388888906250001 0.69375 0.13194444375 0.7 0.14305555625 0.73125 0.1666666671875 0.7359375 0.1666666671875 0.7375 0.1041666671875
4 0.82265625 0.6944444437499999 0.82421875 0.7041666671875 0.83828125 0.7111111109375 0.83515625 0.7291666671875 0.83671875 0.73194444375 0.84375 0.73055555625 0.85546875 0.70555555625 0.86328125 0.6569444437499999 0.86875 0.640277778125 0.87421875 0.5958333328125 0.87265625 0.584722221875 0.86796875 0.5763888890625 0.8703125 0.5625 0.86875 0.55 0.8609375 0.5527777781250001 0.8546875 0.54305555625 0.8453125 0.5555555562500001 0.8484375 0.58055555625 0.8390625 0.6083333328125 0.83671875 0.6291666671875 0.84375 0.6347222218749999 0.84296875 0.6416666671875 0.83359375 0.6763888890625 0.8328125 0.6888888890625 0.82265625 0.6944444437499999
4 0.60625 0.1263888890625 0.6109375 0.13333333281249998 0.6125 0.15972222187500001 0.621875 0.1611111109375 0.62265625 0.115277778125 0.61875 0.10555555624999999 0.60703125 0.10138888906250001 0.60625 0.1263888890625
4 0.2859375 0.39027777812500003 0.29140625 0.39027777812500003 0.28671875 0.3541666671875 0.28671875 0.3375 0.2921875 0.31944444375000003 0.290625 0.2958333328125 0.28671875 0.28472222187499996 0.2859375 0.2708333328125 0.2828125 0.26805555625 0.27421875 0.28055555625 0.26953125 0.28055555625 0.26484375 0.29305555625 0.26328125 0.30694444375 0.2671875 0.315277778125 0.2703125 0.38194444375000003 0.27265625 0.4 0.27734375 0.40277777812500004 0.278125 0.375 0.28125 0.3708333328125 0.2859375 0.39027777812500003