2 0.577777778125 0.03671875 0.58194444375 0.03359375 0.58055555625 0.025 0.5361111109375 0.025 0.5305555562500001 0.0296875 0.534722221875 0.040625 0.5416666671875 0.04296875 0.5625 0.0375 0.577777778125 0.03671875
1 0.897222221875 0.37421875 0.8819444437499999 0.36953125 0.8416666671874999 0.37265625 0.7458333328125 0.37265625 0.7388888890625 0.36875 0.7402777781250001 0.36015625 0.7361111109375 0.3578125 0.7291666671875 0.3671875 0.7138888890625 0.37578125 0.7166666671875 0.38671875 0.709722221875 0.39453125 0.722222221875 0.39375 0.734722221875 0.38671875 0.8486111109375001 0.38671875 0.89305555625 0.384375 0.897222221875 0.37421875
1 0.915277778125 0.4546875 0.9125 0.44296875 0.7833333328125 0.4421875 0.772222221875 0.4375 0.7736111109375 0.43125 0.76944444375 0.4296875 0.7611111109375 0.4328125 0.7569444437499999 0.4390625 0.7486111109375 0.4671875 0.75555555625 0.46875 0.7638888890625 0.45703125 0.7833333328125 0.45234375 0.8027777781250001 0.45234375 0.8291666671875 0.45625 0.859722221875 0.45390625 0.915277778125 0.4546875
6 0.784722221875 0.76484375 0.7833333328125 0.7625 0.8027777781250001 0.75546875 0.8083333328125001 0.75 0.809722221875 0.73671875 0.8194444437499999 0.7328125 0.8416666671874999 0.73046875 0.85 0.69140625 0.8361111109375001 0.68125 0.83194444375 0.66015625 0.8222222218749999 0.65625 0.777777778125 0.65625 0.7583333328124999 0.66328125 0.7597222218749999 0.68125 0.752777778125 0.69765625 0.727777778125 0.70234375 0.715277778125 0.71171875 0.7166666671875 0.721875 0.727777778125 0.7296875 0.7208333328125 0.73828125 0.722222221875 0.76171875 0.7333333328125 0.7640625 0.7638888890625 0.7640625 0.7805555562500001 0.7609375 0.784722221875 0.76484375
6 0.840277778125 0.5984375 0.8388888890624999 0.57578125 0.8194444437499999 0.56875 0.8041666671875 0.56640625 0.7763888890625 0.56875 0.7597222218749999 0.5765625 0.74444444375 0.59453125 0.7402777781250001 0.60546875 0.7416666671875001 0.65 0.75 0.65703125 0.7708333328125 0.6546875 0.7763888890625 0.63671875 0.7805555562500001 0.634375 0.8 0.6375 0.809722221875 0.6359375 0.8263888890625 0.60546875 0.840277778125 0.5984375
7 0.8791666671874999 0.84375 0.86944444375 0.8390625 0.8652777781250001 0.83828125 0.8486111109375001 0.84453125 0.8486111109375001 0.87734375 0.85694444375 0.87890625 0.847222221875 0.8828125 0.8458333328125001 0.8859375 0.852777778125 0.88671875 0.8458333328125001 0.8921875 0.852777778125 0.88984375 0.8583333328125 0.87734375 0.86944444375 0.86640625 0.875 0.8515625 0.8791666671874999 0.85 0.8791666671874999 0.84375
7 0.8819444437499999 0.9640625 0.89305555625 0.96953125 0.902777778125 0.96953125 0.9069444437499999 0.9640625 0.9013888890624999 0.9625 0.8819444437499999 0.96171875 0.8819444437499999 0.9640625
7 0.875 0.94375 0.8819444437499999 0.95078125 0.8958333328125001 0.95390625 0.915277778125 0.95390625 0.9277777781250001 0.93828125 0.9277777781250001 0.92265625 0.9166666671874999 0.90703125 0.88055555625 0.90625 0.8736111109375001 0.91640625 0.8708333328125001 0.9296875 0.875 0.94375
7 0.91944444375 0.896875 0.9277777781250001 0.8765625 0.9277777781250001 0.8609375 0.91944444375 0.85703125 0.9111111109375001 0.8625 0.89444444375 0.87890625 0.8861111109375001 0.89453125 0.9069444437499999 0.89765625 0.91944444375 0.896875
7 0.7236111109375 0.89609375 0.7208333328125 0.921875 0.73194444375 0.93046875 0.7666666671875 0.93046875 0.7763888890625 0.92578125 0.81805555625 0.915625 0.8263888890625 0.91015625 0.8444444437499999 0.88515625 0.8458333328125001 0.87578125 0.8444444437499999 0.85625 0.8388888890624999 0.85234375 0.8444444437499999 0.84375 0.8444444437499999 0.81875 0.8388888890624999 0.8171875 0.80694444375 0.8140625 0.79444444375 0.81796875 0.7791666671875 0.81875 0.7708333328125 0.82421875 0.76944444375 0.83125 0.7736111109375 0.83515625 0.7819444437499999 0.83671875 0.7805555562500001 0.846875 0.7638888890625 0.85078125 0.747222221875 0.86796875 0.7416666671875001 0.87890625 0.7236111109375 0.88203125 0.7194444437499999 0.88671875 0.7236111109375 0.89609375
7 0.7138888890625 0.26015625 0.7166666671875 0.26640625 0.73194444375 0.2703125 0.76944444375 0.26875 0.827777778125 0.23515625 0.834722221875 0.2140625 0.8263888890625 0.1890625 0.8111111109375001 0.18125 0.8083333328125001 0.16953125 0.8 0.17421875 0.747222221875 0.17265625 0.73194444375 0.1765625 0.734722221875 0.1890625 0.7291666671875 0.19921875 0.7 0.2078125 0.6958333328124999 0.2125 0.6972222218749999 0.2171875 0.709722221875 0.22109375 0.7180555562500001 0.2375 0.7194444437499999 0.25546875 0.7138888890625 0.26015625
7 0.7819444437499999 0.98984375 0.7291666671875 0.9875 0.7208333328125 0.98984375 0.7194444437499999 0.996875 0.7208333328125 0.99921875 0.7763888890625 0.99921875 0.7833333328125 0.9953125 0.7819444437499999 0.98984375
7 0.809722221875 0.91875 0.7916666671875 0.92890625 0.76944444375 0.93046875 0.7611111109375 0.93515625 0.7611111109375 0.95546875 0.752777778125 0.96875 0.75555555625 0.971875 0.7736111109375 0.975 0.7958333328125 0.975 0.8 0.97265625 0.83055555625 0.928125 0.83194444375 0.92265625 0.8263888890625 0.91875 0.809722221875 0.91875
7 0.8486111109375001 0.9515625 0.8388888890624999 0.975 0.840277778125 0.98046875 0.852777778125 0.97890625 0.85694444375 0.975 0.8736111109375001 0.94609375 0.8736111109375001 0.92734375 0.8708333328125001 0.92578125 0.8625 0.93359375 0.85555555625 0.946875 0.8486111109375001 0.9515625
7 0.8916666671875 0.790625 0.8847222218749999 0.7859375 0.8680555562500001 0.784375 0.8611111109375 0.77890625 0.85694444375 0.784375 0.8458333328125001 0.7859375 0.8458333328125001 0.7921875 0.85694444375 0.7953125 0.8819444437499999 0.79296875 0.8861111109375001 0.796875 0.902777778125 0.7984375 0.9069444437499999 0.79375 0.9055555562500001 0.7875 0.8916666671875 0.790625
7 0.9236111109375 0.74921875 0.840277778125 0.7453125 0.8416666671874999 0.76640625 0.8625 0.77109375 0.9069444437499999 0.77109375 0.91805555625 0.7671875 0.9236111109375 0.759375 0.9236111109375 0.74921875
7 0.95555555625 0.6828125 0.9541666671875 0.678125 0.9444444437499999 0.6765625 0.9069444437499999 0.675 0.8986111109375001 0.67734375 0.89305555625 0.68671875 0.8847222218749999 0.6890625 0.872222221875 0.68828125 0.8583333328125 0.70234375 0.852777778125 0.71796875 0.8444444437499999 0.72578125 0.8444444437499999 0.7359375 0.9277777781250001 0.73984375 0.93194444375 0.7375 0.9416666671874999 0.7234375 0.9458333328125 0.70078125 0.95555555625 0.6828125