0 0.9765625 0.278125 0.00234375 0.0015625
2 0.01328125 0.43194444374999996 0.0140625 0.47083333281249995 0.01640625 0.4763888890625 0.025 0.477777778125 0.0328125 0.46805555625000006 0.0296875 0.44444444375 0.0234375 0.425 0.01875 0.425 0.01328125 0.43194444374999996
6 0.77890625 0.272222221875 0.78203125 0.27638888906250003 0.7875 0.2638888890625 0.78828125 0.23333333281250002 0.784375 0.21805555625 0.78125 0.21944444375 0.78046875 0.22777777812500002 0.77890625 0.272222221875
6 0.78125 0.17890625 0.00078125 0.003125
6 0.78125 0.1703125 0.00078125 0.0015625
6 0.7125 0.2375 0.71796875 0.21805555625 0.72265625 0.21805555625 0.72890625 0.23194444375 0.73203125 0.26805555625 0.7375 0.27638888906250003 0.74296875 0.27777777812500004 0.75 0.2666666671875 0.75078125 0.24305555625 0.7625 0.24305555625 0.76640625 0.23333333281250002 0.76875 0.18055555625 0.76328125 0.1763888890625 0.76015625 0.16805555625 0.76171875 0.16388888906250001 0.7578125 0.1416666671875 0.75703125 0.11805555625 0.75 0.10555555624999999 0.72578125 0.0958333328125 0.70625 0.097222221875 0.7015625 0.10555555624999999 0.69921875 0.140277778125 0.68828125 0.15555555625 0.68359375 0.16944444375 0.6875 0.177777778125 0.68828125 0.225 0.69453125 0.2388888890625 0.70703125 0.2416666671875 0.7125 0.2375
7 0.88125 0.275 0.8875 0.28055555625 0.90703125 0.275 0.909375 0.259722221875 0.90625 0.252777778125 0.90625 0.24444444375000002 0.91328125 0.23472222187499997 0.9203125 0.240277778125 0.92578125 0.23055555625 0.925 0.21805555625 0.91640625 0.1833333328125 0.9109375 0.17361111093749998 0.890625 0.1583333328125 0.86171875 0.1541666671875 0.85078125 0.1611111109375 0.84375 0.15555555625 0.81875 0.15555555625 0.8171875 0.15972222187500001 0.8171875 0.18194444375000002 0.8296875 0.19583333281249998 0.8375 0.2125 0.84921875 0.2166666671875 0.85078125 0.23194444375 0.85546875 0.24305555625 0.878125 0.25833333281250004 0.88125 0.275
7 0.99140625 0.25833333281250004 0.98671875 0.2611111109375 0.98125 0.2791666671875 0.97890625 0.2791666671875 0.98203125 0.2888888890625 0.97890625 0.3416666671875 0.99375 0.34305555625 0.99921875 0.34027777812500004 0.99921875 0.26805555625 0.99140625 0.25833333281250004
7 0.95625 0.3513888890625 0.9625 0.33055555625 0.96875 0.28194444375 0.97265625 0.27777777812500004 0.96953125 0.2708333328125 0.96953125 0.24583333281250003 0.95 0.2388888890625 0.9421875 0.23194444375 0.93046875 0.23194444375 0.9203125 0.24305555625 0.91328125 0.25694444375000003 0.9078125 0.2916666671875 0.90625 0.3083333328125 0.9140625 0.3083333328125 0.925 0.32777777812500003 0.946875 0.33055555625 0.95234375 0.3375 0.95078125 0.3416666671875 0.95390625 0.34305555625 0.95625 0.3513888890625
7 0.5046875 0.26805555625 0.50625 0.27777777812500004 0.51171875 0.27777777812500004 0.5171875 0.2666666671875 0.51796875 0.24722222187499998 0.51015625 0.20833333281250002 0.5046875 0.20555555625 0.5046875 0.26805555625
7 0.3734375 0.24305555625 0.3703125 0.23611111093749998 0.3734375 0.17361111093749998 0.37734375 0.16944444375 0.3828125 0.1763888890625 0.39375 0.1763888890625 0.3953125 0.16944444375 0.4 0.165277778125 0.40078125 0.18055555625 0.403125 0.1833333328125 0.4015625 0.20277777812500003 0.40546875 0.222222221875 0.40546875 0.252777778125 0.40859375 0.2638888890625 0.43515625 0.275 0.4390625 0.2916666671875 0.44921875 0.30555555624999997 0.46015625 0.30416666718749996 0.46328125 0.29305555625 0.4765625 0.2916666671875 0.4796875 0.26527777812500003 0.4796875 0.1513888890625 0.478125 0.14305555625 0.46015625 0.1111111109375 0.45390625 0.10555555624999999 0.42890625 0.10138888906250001 0.425 0.097222221875 0.3609375 0.0861111109375 0.3375 0.0958333328125 0.33359375 0.102777778125 0.33125 0.1166666671875 0.33046875 0.2166666671875 0.3375 0.22638888906250001 0.353125 0.23333333281250002 0.35703125 0.2541666671875 0.37265625 0.25833333281250004 0.37890625 0.25 0.3796875 0.24583333281250003 0.3734375 0.24305555625
7 0.99921875 0.22777777812500002 0.99296875 0.222222221875 0.98828125 0.23333333281250002 0.9875 0.2541666671875 0.99921875 0.25555555625 0.99921875 0.22777777812500002
7 0.91953125 0.16944444375 0.91953125 0.190277778125 0.9296875 0.20833333281250002 0.93203125 0.22916666718749998 0.9703125 0.2416666671875 0.97421875 0.20555555625 0.96953125 0.197222221875 0.92890625 0.16944444375 0.91953125 0.16944444375
7 0.96015625 0.13333333281249998 0.93125 0.12222222187500001 0.92578125 0.1263888890625 0.925 0.1291666671875 0.9375 0.140277778125 0.946875 0.14305555625 0.9578125 0.15555555625 0.97265625 0.1611111109375 0.97890625 0.1583333328125 0.978125 0.147222221875 0.96015625 0.13333333281249998
7 0.84375 0.11944444375 0.83671875 0.12361111093749999 0.83515625 0.134722221875 0.84140625 0.1513888890625 0.88125 0.1513888890625 0.88203125 0.1458333328125 0.87265625 0.134722221875 0.8578125 0.1291666671875 0.853125 0.12222222187500001 0.84375 0.11944444375
7 0.85625 0.08055555625000001 0.8625 0.0888888890625 0.87578125 0.1041666671875 0.89375 0.11388888906250001 0.89765625 0.08055555625000001 0.8734375 0.07083333281250001 0.859375 0.072222221875 0.85625 0.08055555625000001
4 0.90625 0.24444444375000002 0.90625 0.2541666671875 0.9109375 0.2666666671875 0.9125 0.25555555625 0.91796875 0.24722222187499998 0.91796875 0.23055555625 0.91328125 0.23055555625 0.90625 0.24444444375000002
4 0.3890625 0.177777778125 0.384375 0.20416666718749998 0.3828125 0.222222221875 0.39140625 0.2708333328125 0.38984375 0.275 0.39375 0.2888888890625 0.40625 0.29305555625 0.4046875 0.22638888906250001 0.4 0.1833333328125 0.3890625 0.177777778125