1 0.85 0.38671875 0.890277778125 0.384375 0.897222221875 0.38046875 0.897222221875 0.37265625 0.8875 0.36953125 0.8430555562500001 0.37265625 0.75 0.37265625 0.7402777781250001 0.36875 0.7402777781250001 0.359375 0.734722221875 0.359375 0.727777778125 0.36875 0.7138888890625 0.375 0.7166666671875 0.38671875 0.709722221875 0.39375 0.7166666671875 0.3953125 0.7375 0.38671875 0.7513888890625 0.3859375 0.8166666671874999 0.384375 0.85 0.38671875
1 0.7833333328125 0.4421875 0.7736111109375 0.43828125 0.7736111109375 0.43125 0.765277778125 0.43046875 0.7569444437499999 0.4390625 0.7486111109375 0.46015625 0.7611111109375 0.46015625 0.75985663125 0.46580141093750005 0.7708333328125 0.4546875 0.797222221875 0.45234375 0.83194444375 0.45625 0.8541666671874999 0.45390625 0.915277778125 0.4546875 0.91805555625 0.45078125 0.9138888890624999 0.44296875 0.7833333328125 0.4421875
6 0.7833333328125 0.76171875 0.8027777781250001 0.7546875 0.8125 0.73515625 0.8416666671874999 0.73046875 0.85 0.70703125 0.85 0.69140625 0.834722221875 0.68125 0.83194444375 0.66953125 0.8236111109375001 0.6640625 0.83055555625 0.6609375 0.8222222218749999 0.65625 0.7805555562500001 0.65625 0.7583333328124999 0.66328125 0.7611111109375 0.68203125 0.752777778125 0.69765625 0.727777778125 0.70234375 0.7180555562500001 0.70703125 0.715277778125 0.71171875 0.7166666671875 0.72109375 0.7291666671875 0.7296875 0.722222221875 0.73671875 0.725 0.7625 0.765277778125 0.7640625 0.7833333328125 0.76171875
6 0.8263888890625 0.60546875 0.840277778125 0.5984375 0.8388888890624999 0.57578125 0.8194444437499999 0.56875 0.8041666671875 0.56640625 0.777777778125 0.56796875 0.76805555625 0.57421875 0.7597222218749999 0.57578125 0.7541666671875 0.5859375 0.7430555562500001 0.5953125 0.7416666671875001 0.6515625 0.7458333328125 0.65625 0.76944444375 0.65546875 0.7763888890625 0.6375 0.7833333328125 0.63359375 0.8027777781250001 0.6375 0.809722221875 0.63515625 0.8263888890625 0.60546875
7 0.8486111109375001 0.8453125 0.85 0.86171875 0.8444444437499999 0.88203125 0.847222221875 0.89296875 0.852777778125 0.89140625 0.85694444375 0.88125 0.8652777781250001 0.87421875 0.8708333328125001 0.8578125 0.8791666671874999 0.8484375 0.877777778125 0.84375 0.86944444375 0.83984375 0.8625 0.8390625 0.8486111109375001 0.8453125
7 0.9277777781250001 0.92421875 0.922222221875 0.91328125 0.9138888890624999 0.90703125 0.88055555625 0.90625 0.872222221875 0.91953125 0.88055555625 0.95 0.902777778125 0.95625 0.902777778125 0.9640625 0.8833333328125 0.9625 0.8847222218749999 0.965625 0.89305555625 0.96796875 0.902777778125 0.9671875 0.909722221875 0.9625 0.9069444437499999 0.95703125 0.91805555625 0.95234375 0.9277777781250001 0.93828125 0.9277777781250001 0.92421875
7 0.9069444437499999 0.89765625 0.91944444375 0.89609375 0.9277777781250001 0.875 0.9277777781250001 0.8609375 0.922222221875 0.85703125 0.91805555625 0.85703125 0.897222221875 0.875 0.8861111109375001 0.8890625 0.8861111109375001 0.8953125 0.9069444437499999 0.89765625
7 0.7208333328125 0.921875 0.7333333328125 0.93046875 0.7666666671875 0.93046875 0.7763888890625 0.92578125 0.81805555625 0.915625 0.827777778125 0.909375 0.8444444437499999 0.87890625 0.8444444437499999 0.85625 0.8388888890624999 0.85234375 0.8444444437499999 0.84375 0.8444444437499999 0.81953125 0.8375 0.8171875 0.8194444437499999 0.8140625 0.8027777781250001 0.8171875 0.7833333328125 0.8171875 0.7736111109375 0.8203125 0.7708333328125 0.83125 0.7819444437499999 0.83671875 0.7819444437499999 0.84609375 0.7638888890625 0.85078125 0.74444444375 0.87109375 0.7416666671875001 0.87890625 0.725 0.88125 0.7194444437499999 0.8859375 0.7236111109375 0.89609375 0.7208333328125 0.921875
7 0.7819444437499999 0.99296875 0.765277778125 0.9890625 0.73194444375 0.98828125 0.73194444375 0.99921875 0.7805555562500001 0.99921875 0.7819444437499999 0.99296875
7 0.7986111109375 0.92421875 0.7833333328125 0.92578125 0.7611111109375 0.93515625 0.7597222218749999 0.95625 0.7638888890625 0.959375 0.7541666671875 0.96953125 0.777777778125 0.975 0.797222221875 0.9734375 0.83055555625 0.92890625 0.83194444375 0.92265625 0.8263888890625 0.91875 0.8111111109375001 0.91796875 0.7986111109375 0.92421875
7 0.8736111109375001 0.92578125 0.86944444375 0.92578125 0.8583333328125 0.93828125 0.840277778125 0.98046875 0.85694444375 0.97421875 0.8666666671875 0.96015625 0.877777778125 0.93515625 0.8736111109375001 0.92578125
7 0.8791666671874999 0.7859375 0.86944444375 0.7859375 0.8652777781250001 0.78125 0.859722221875 0.78125 0.85694444375 0.78515625 0.85 0.7859375 0.8486111109375001 0.79140625 0.8847222218749999 0.79296875 0.89305555625 0.796875 0.9041666671874999 0.796875 0.9055555562500001 0.7875 0.8888888890625 0.7921875 0.8791666671874999 0.7859375
7 0.9236111109375 0.74921875 0.8416666671874999 0.7453125 0.840277778125 0.76328125 0.847222221875 0.76875 0.859722221875 0.7703125 0.9111111109375001 0.7703125 0.91944444375 0.76640625 0.9236111109375 0.74921875
7 0.952777778125 0.67734375 0.9444444437499999 0.6765625 0.909722221875 0.675 0.9 0.67734375 0.8916666671875 0.68828125 0.8833333328125 0.69140625 0.86944444375 0.6921875 0.85694444375 0.70625 0.8541666671874999 0.71796875 0.8444444437499999 0.7265625 0.8444444437499999 0.73671875 0.9111111109375001 0.7390625 0.9291666671875 0.7390625 0.9333333328125001 0.73671875 0.95555555625 0.68203125 0.952777778125 0.67734375
7 0.75 0.9703125 0.772222221875 0.975 0.79444444375 0.975 0.8 0.96953125 0.7958333328125 0.96484375 0.7597222218749999 0.9625 0.75 0.9703125