2 0.015625 0.427777778125 0.0125 0.43333333281249997 0.0140625 0.47222222187499996 0.0171875 0.477777778125 0.025 0.477777778125 0.0328125 0.46805555625000006 0.03046875 0.4486111109375 0.0234375 0.425 0.015625 0.427777778125
1 0.38671875 0.2791666671875 0.4 0.2888888890625 0.4015625 0.2791666671875 0.39609375 0.275 0.384375 0.2513888890625 0.384375 0.15555555625 0.38203125 0.11296250000000001 0.38515625 0.10138888906250001 0.38203125 0.1041666671875 0.37734375 0.1 0.36953125 0.10555555624999999 0.371875 0.11944444375 0.3703125 0.25555555625 0.3578125 0.25833333281250004 0.35703125 0.2666666671875 0.36640625 0.2708333328125 0.375 0.2888888890625 0.3796875 0.2888888890625 0.38671875 0.2791666671875
6 0.78125 0.21944444375 0.78046875 0.22777777812500002 0.77890625 0.2611111109375 0.7859375 0.2666666671875 0.77890625 0.2736111109375 0.78125 0.27638888906250003 0.78671875 0.26527777812500003 0.78828125 0.23472222187499997 0.784375 0.21805555625 0.78125 0.21944444375
6 0.78125 0.17890625 0.00078125 0.003125
6 0.78125 0.1703125 0.00078125 0.0015625
6 0.71171875 0.2388888890625 0.7171875 0.21805555625 0.72265625 0.21805555625 0.72890625 0.23333333281250002 0.73125 0.2666666671875 0.7375 0.27638888906250003 0.74375 0.27777777812500004 0.75 0.2666666671875 0.75078125 0.24305555625 0.7640625 0.2416666671875 0.76640625 0.23194444375 0.76875 0.18055555625 0.76328125 0.1763888890625 0.759375 0.1666666671875 0.75703125 0.11805555625 0.75 0.10555555624999999 0.72578125 0.0958333328125 0.70625 0.097222221875 0.7015625 0.10694444375 0.6984375 0.14305555625 0.69375 0.1458333328125 0.68359375 0.16944444375 0.6875 0.17916666718750002 0.68828125 0.225 0.69453125 0.2388888890625 0.70390625 0.24305555625 0.71171875 0.2388888890625
7 0.88125 0.275 0.88515625 0.2791666671875 0.90625 0.27777777812500004 0.9109375 0.26805555625 0.9140625 0.24722222187499998 0.921875 0.240277778125 0.9265625 0.23055555625 0.915625 0.18194444375000002 0.90625 0.16944444375 0.890625 0.1583333328125 0.85546875 0.15555555625 0.85078125 0.16805555625 0.8484375 0.15972222187500001 0.83828125 0.15555555625 0.8171875 0.1583333328125 0.81640625 0.17916666718750002 0.83125 0.197222221875 0.83828125 0.2125 0.84921875 0.2166666671875 0.85 0.22916666718749998 0.8546875 0.2416666671875 0.878125 0.25833333281250004 0.88125 0.275
7 0.99921875 0.33888888906250003 0.99921875 0.26805555625 0.99453125 0.2611111109375 0.98671875 0.2611111109375 0.98046875 0.30555555624999997 0.97890625 0.34027777812500004 0.99921875 0.33888888906250003
7 0.9578125 0.35555555625 0.9671875 0.30416666718749996 0.96953125 0.24583333281250003 0.9421875 0.23194444375 0.93046875 0.23194444375 0.91796875 0.24583333281250003 0.9078125 0.28611111093749997 0.90703125 0.2958333328125 0.915625 0.3083333328125 0.9203125 0.322222221875 0.925 0.32777777812500003 0.94296875 0.33055555625 0.9453125 0.3416666671875 0.95234375 0.3541666671875 0.9578125 0.35555555625
7 0.99921875 0.22777777812500002 0.99453125 0.21805555625 0.98984375 0.2236111109375 0.98828125 0.2541666671875 0.99921875 0.25555555625 0.99921875 0.22777777812500002
7 0.96953125 0.197222221875 0.92890625 0.16944444375 0.9203125 0.16805555625 0.91875 0.172222221875 0.91875 0.1888888890625 0.92890625 0.20833333281250002 0.93046875 0.22777777812500002 0.95859375 0.23611111093749998 0.96796875 0.24305555625 0.971875 0.240277778125 0.97421875 0.20555555625 0.96953125 0.197222221875
7 0.96015625 0.13333333281249998 0.9359375 0.12222222187500001 0.9265625 0.125 0.92578125 0.13055555624999998 0.946875 0.14305555625 0.95625 0.15555555625 0.96953125 0.1611111109375 0.97890625 0.15972222187500001 0.978125 0.147222221875 0.96328125 0.13888888906250002 0.96015625 0.13333333281249998
7 0.8578125 0.1291666671875 0.85078125 0.1208333328125 0.8390625 0.12222222187500001 0.83671875 0.1361111109375 0.84140625 0.1513888890625 0.85078125 0.15555555625 0.8578125 0.1513888890625 0.88125 0.1513888890625 0.88125 0.14305555625 0.8671875 0.13055555624999998 0.8578125 0.1291666671875
7 0.859375 0.072222221875 0.85625 0.08055555625000001 0.87578125 0.1041666671875 0.8890625 0.11388888906250001 0.89453125 0.1125 0.89765625 0.084722221875 0.89609375 0.08055555625000001 0.87890625 0.072222221875 0.859375 0.072222221875