2 0.0328125 0.41805555625 0.02578125 0.41805555625 0.02421875 0.42222222187499997 0.025 0.459722221875 0.02890625 0.46805555625000006 0.0375 0.46805555625000006 0.040625 0.459722221875 0.03671875 0.425 0.0328125 0.41805555625
1 0.38828125 0.15277777812499999 0.38515625 0.13055555624999998 0.3859375 0.11388888906250001 0.384375 0.10694444375 0.3796875 0.1041666671875 0.371875 0.10555555624999999 0.36953125 0.1111111109375 0.371875 0.134722221875 0.37265625 0.24583333281250003 0.36875 0.259722221875 0.359375 0.259722221875 0.359375 0.26527777812500003 0.36875 0.272222221875 0.37890625 0.2888888890625 0.384375 0.2833333328125 0.39453125 0.2888888890625 0.39375 0.27777777812500004 0.38671875 0.26527777812500003 0.38515625 0.2416666671875 0.38515625 0.15694444375 0.38828125 0.15277777812499999
1 0.4421875 0.215277778125 0.4375 0.22638888906250001 0.43046875 0.22638888906250001 0.4296875 0.23055555625 0.4328125 0.2388888890625 0.46015625 0.2513888890625 0.46171875 0.2388888890625 0.46573660781250004 0.24007936562499999 0.4546875 0.22916666718749998 0.45234375 0.215277778125 0.45625 0.16805555625 0.45390625 0.1458333328125 0.4546875 0.0861111109375 0.453125 0.08194444375 0.44296875 0.0861111109375 0.4421875 0.215277778125
6 0.73515625 0.1875 0.73046875 0.1583333328125 0.6953125 0.147222221875 0.68828125 0.1513888890625 0.6796875 0.165277778125 0.66015625 0.16805555625 0.65625 0.17361111093749998 0.65625 0.21805555625 0.6640625 0.2416666671875 0.68203125 0.2388888890625 0.6984375 0.24722222187499998 0.70234375 0.275 0.71171875 0.28472222187499996 0.72109375 0.2833333328125 0.72890625 0.2708333328125 0.7375 0.27777777812500004 0.7625 0.275 0.7640625 0.2416666671875 0.76171875 0.2166666671875 0.7546875 0.197222221875 0.73515625 0.1875
6 0.63671875 0.1916666671875 0.60625 0.17361111093749998 0.5984375 0.15972222187500001 0.57578125 0.1611111109375 0.56875 0.18055555625 0.5671875 0.21805555625 0.56953125 0.22916666718749998 0.57265625 0.23055555625 0.5765625 0.2416666671875 0.58671875 0.24583333281250003 0.5984375 0.259722221875 0.65 0.25833333281250004 0.65625 0.2541666671875 0.65546875 0.23055555625 0.64453125 0.2236111109375 0.63671875 0.2236111109375 0.6328125 0.21805555625 0.63671875 0.20555555625 0.63671875 0.1916666671875
7 0.88984375 0.147222221875 0.8671875 0.13055555624999998 0.8578125 0.1291666671875 0.85 0.12222222187500001 0.8421875 0.12361111093749999 0.8421875 0.13055555624999998 0.8390625 0.1361111109375 0.84375 0.15 0.8921875 0.15277777812499999 0.88984375 0.147222221875
7 0.96953125 0.10555555624999999 0.96796875 0.09444444375 0.9625 0.0888888890625 0.9625 0.115277778125 0.96640625 0.11388888906250001 0.96953125 0.10555555624999999
7 0.92578125 0.12222222187500001 0.94609375 0.12222222187500001 0.95234375 0.11805555625 0.95546875 0.09444444375 0.9546875 0.08333333281250001 0.95234375 0.08055555625000001 0.9390625 0.072222221875 0.92265625 0.072222221875 0.9078125 0.08194444375 0.90703125 0.1208333328125 0.92265625 0.127777778125 0.92578125 0.12222222187500001
7 0.8984375 0.0916666671875 0.89609375 0.08055555625000001 0.87578125 0.072222221875 0.86171875 0.072222221875 0.85703125 0.077777778125 0.85625 0.08055555625000001 0.875 0.102777778125 0.88984375 0.11388888906250001 0.8953125 0.11388888906250001 0.8984375 0.0916666671875
7 0.925 0.27777777812500004 0.93046875 0.2666666671875 0.93046875 0.23333333281250002 0.9265625 0.22638888906250001 0.91640625 0.1833333328125 0.909375 0.172222221875 0.88046875 0.15555555625 0.85625 0.15555555625 0.85390625 0.15972222187500001 0.84453125 0.15555555625 0.8203125 0.15555555625 0.8171875 0.1625 0.8140625 0.1875 0.8171875 0.197222221875 0.81875 0.222222221875 0.821875 0.22638888906250001 0.83125 0.22916666718749998 0.8375 0.21805555625 0.84609375 0.21805555625 0.85078125 0.23611111093749998 0.86953125 0.2541666671875 0.87890625 0.25833333281250004 0.88125 0.275 0.88671875 0.28055555625 0.89609375 0.27638888906250003 0.925 0.27777777812500004
7 0.99375 0.2791666671875 0.99921875 0.272222221875 0.99921875 0.21944444375 0.99296875 0.21805555625 0.98828125 0.23611111093749998 0.9875 0.26805555625 0.99375 0.2791666671875
7 0.9234375 0.197222221875 0.925 0.2125 0.93515625 0.2388888890625 0.9640625 0.240277778125 0.96875 0.24583333281250003 0.971875 0.2416666671875 0.975 0.222222221875 0.9734375 0.20277777812500003 0.928125 0.16944444375 0.921875 0.16805555625 0.91875 0.17361111093749998 0.91796875 0.1888888890625 0.9234375 0.197222221875
7 0.96484375 0.1541666671875 0.98046875 0.15972222187500001 0.97734375 0.14444444375 0.9625 0.134722221875 0.94140625 0.125 0.92890625 0.12222222187500001 0.92578125 0.1263888890625 0.925 0.13055555624999998 0.93515625 0.14305555625 0.959375 0.147222221875 0.96484375 0.1541666671875
7 0.79296875 0.1208333328125 0.78828125 0.11805555625 0.7859375 0.12222222187500001 0.78515625 0.13055555624999998 0.7796875 0.13888888906250002 0.78359375 0.1416666671875 0.78671875 0.1513888890625 0.7921875 0.1513888890625 0.79296875 0.1208333328125
7 0.78828125 0.1 0.79296875 0.109722221875 0.796875 0.10555555624999999 0.796875 0.0958333328125 0.79140625 0.09305555625 0.78828125 0.09305555625 0.78828125 0.1
7 0.74921875 0.07638888906249999 0.7453125 0.1583333328125 0.76171875 0.15972222187500001 0.76796875 0.15277777812499999 0.7703125 0.1416666671875 0.77109375 0.090277778125 0.76640625 0.08055555625000001 0.74921875 0.07638888906249999
7 0.67734375 0.0458333328125 0.6765625 0.0513888890625 0.675 0.09305555625 0.68046875 0.1041666671875 0.68671875 0.10694444375 0.6890625 0.1166666671875 0.68828125 0.1291666671875 0.70546875 0.14305555625 0.71875 0.1458333328125 0.7265625 0.15555555625 0.73671875 0.15555555625 0.7375 0.06805555625000001 0.715625 0.055555556250000006 0.70234375 0.054166667187499996 0.6828125 0.04444444375 0.67734375 0.0458333328125