2 0.9765625 0.575 0.98125 0.575 0.98671875 0.56805555625 0.9859375 0.5291666671875 0.98359375 0.5236111109375 0.975 0.522222221875 0.9671875 0.5319444437499999 0.96953125 0.5527777781250001 0.9765625 0.575
1 0.61484375 0.86944444375 0.6171875 0.875 0.6171875 0.89444444375 0.6203125 0.9 0.6296875 0.89444444375 0.628125 0.7458333328125 0.64296875 0.7458333328125 0.63828125 0.7402777781250001 0.63828125 0.73194444375 0.64375 0.734722221875 0.63359375 0.7291666671875 0.63125 0.7208333328125 0.625 0.7138888890625 0.6125 0.7194444437499999 0.59921875 0.7111111109375 0.5984375 0.7194444437499999 0.61484375 0.74444444375 0.6171875 0.8027777781250001 0.61484375 0.86944444375
1 0.54765625 0.8208333328125 0.5453125 0.827777778125 0.5453125 0.9138888890624999 0.546875 0.91944444375 0.5546875 0.91944444375 0.5578125 0.9138888890624999 0.55859375 0.7833333328125 0.5609375 0.772222221875 0.5734375 0.7736111109375 0.57421875 0.76944444375 0.571875 0.7666666671875 0.5703125 0.772222221875 0.5625 0.7708333328125 0.56796875 0.7597222218749999 0.54765625 0.75 0.53125 0.7486111109375 0.53203125 0.7583333328124999 0.54453125 0.765277778125 0.5484375 0.7833333328125 0.54765625 0.8208333328125
7 0.00078125 0.6611111109375 0.00078125 0.73194444375 0.0046875 0.7388888890625 0.01171875 0.7416666671875001 0.0171875 0.7236111109375 0.02109375 0.659722221875 0.00078125 0.6611111109375
7 0.0921875 0.7138888890625 0.09296875 0.70555555625 0.0796875 0.6777777781250001 0.075 0.672222221875 0.05703125 0.66944444375 0.053125 0.6569444437499999 0.04375 0.64444444375 0.03984375 0.6513888890625 0.0359375 0.6888888890625 0.0328125 0.6972222218749999 0.03046875 0.7541666671875 0.0578125 0.76805555625 0.07265625 0.7666666671875 0.0859375 0.74444444375 0.0921875 0.7138888890625
7 0.0953125 0.83194444375 0.11484375 0.8444444437499999 0.1390625 0.8458333328125001 0.146875 0.840277778125 0.15625 0.8444444437499999 0.18046875 0.8444444437499999 0.18046875 0.8166666671874999 0.16640625 0.7958333328125 0.15234375 0.784722221875 0.15 0.765277778125 0.1453125 0.7583333328124999 0.121875 0.7416666671875001 0.11875 0.725 0.11484375 0.7208333328125 0.09453125 0.722222221875 0.0890625 0.7333333328125 0.0859375 0.7513888890625 0.0734375 0.76944444375 0.084375 0.81805555625 0.0953125 0.83194444375
7 0.0375 0.9083333328125001 0.0375 0.8736111109375001 0.0328125 0.8736111109375001 0.0296875 0.8888888890625 0.02578125 0.89305555625 0.02578125 0.902777778125 0.03359375 0.909722221875 0.0375 0.9083333328125001
7 0.09375 0.8986111109375001 0.09453125 0.8819444437499999 0.0921875 0.8791666671874999 0.07109375 0.8708333328125001 0.06953125 0.877777778125 0.0484375 0.8833333328125 0.04609375 0.9111111109375001 0.04921875 0.91944444375 0.06171875 0.9277777781250001 0.07265625 0.9291666671875 0.09375 0.91805555625 0.0984375 0.9041666671874999 0.09375 0.8986111109375001
7 0.0078125 0.7791666671875 0.01171875 0.7666666671875 0.0125 0.747222221875 0.00078125 0.74444444375 0.00078125 0.772222221875 0.0078125 0.7791666671875
7 0.05390625 0.76944444375 0.03203125 0.7569444437499999 0.028125 0.7597222218749999 0.02578125 0.79444444375 0.03046875 0.8027777781250001 0.07109375 0.83055555625 0.08046875 0.83055555625 0.08046875 0.809722221875 0.0703125 0.790277778125 0.06875 0.772222221875 0.05390625 0.76944444375
7 0.025 0.8361111109375001 0.02109375 0.8388888890624999 0.0203125 0.8486111109375001 0.0234375 0.8541666671874999 0.03984375 0.8666666671875 0.0640625 0.877777778125 0.07421875 0.8736111109375001 0.07421875 0.86944444375 0.053125 0.85694444375 0.04375 0.8444444437499999 0.025 0.8361111109375001
7 0.18125 0.815277778125 0.1828125 0.8263888890625 0.18359375 0.815277778125 0.1875 0.80694444375 0.18984375 0.74444444375 0.18515625 0.74444444375 0.1828125 0.73194444375 0.1796875 0.7291666671875 0.1625 0.7291666671875 0.15859375 0.7236111109375 0.15234375 0.734722221875 0.1515625 0.7666666671875 0.15546875 0.7708333328125 0.1578125 0.7805555562500001 0.1671875 0.7833333328125 0.1703125 0.8027777781250001 0.17578125 0.8055555562500001 0.18125 0.815277778125
7 0.26328125 0.7833333328125 0.2609375 0.777777778125 0.25546875 0.7736111109375 0.24375 0.777777778125 0.2359375 0.7708333328125 0.2328125 0.772222221875 0.23125 0.8027777781250001 0.22578125 0.8083333328125001 0.225 0.8138888890624999 0.23203125 0.8430555562500001 0.24296875 0.8458333328125001 0.25390625 0.834722221875 0.2625 0.8166666671874999 0.26328125 0.7833333328125
7 0.21328125 0.74444444375 0.209375 0.7597222218749999 0.20625 0.80694444375 0.20625 0.85694444375 0.2140625 0.8611111109375 0.2171875 0.8541666671874999 0.2203125 0.8138888890624999 0.21875 0.7861111109375 0.22109375 0.7569444437499999 0.21875 0.74444444375 0.21328125 0.74444444375
7 0.2609375 0.83359375 0.003125 0.003125
7 0.25234375 0.9277777781250001 0.25546875 0.8819444437499999 0.2546875 0.8444444437499999 0.23125 0.85 0.23125 0.9166666671874999 0.25234375 0.9277777781250001
7 0.3234375 0.9013888890624999 0.30859375 0.8888888890625 0.30546875 0.8666666671875 0.3 0.85694444375 0.2859375 0.8444444437499999 0.2640625 0.8333333328125001 0.2625 0.8958333328125001 0.25859375 0.9277777781250001 0.27734375 0.9416666671874999 0.2984375 0.9444444437499999 0.31796875 0.95555555625 0.32109375 0.9541666671875 0.3234375 0.9416666671874999 0.3234375 0.9013888890624999
7 0.14609375 0.8444444437499999 0.1421875 0.8486111109375001 0.11796875 0.85 0.11953125 0.85694444375 0.12734375 0.8652777781250001 0.14375 0.872222221875 0.14921875 0.8791666671874999 0.16015625 0.8791666671874999 0.16171875 0.875 0.16328125 0.8680555562500001 0.16015625 0.8486111109375001 0.14609375 0.8444444437499999
7 0.12890625 0.9 0.10625 0.8861111109375001 0.10390625 0.91944444375 0.1203125 0.9277777781250001 0.140625 0.9277777781250001 0.14375 0.91944444375 0.12890625 0.9
4 0.86484375 0.9333333328125001 0.8640625 0.89444444375 0.85859375 0.89305555625 0.85625 0.89444444375 0.85703125 0.91805555625 0.8546875 0.9416666671874999 0.8515625 0.95 0.85625 0.9680555562500001 0.853125 0.975 0.85703125 0.9791666671874999 0.86640625 0.9625 0.8671875 0.9375 0.86484375 0.9333333328125001
4 0.41171875 0.89444444375 0.41328125 0.91944444375 0.41875 0.922222221875 0.4203125 0.909722221875 0.42421875 0.902777778125 0.425 0.8819444437499999 0.42109375 0.8708333328125001 0.42265625 0.85694444375 0.41796875 0.85694444375 0.41171875 0.89444444375