2 0.0234375 0.425 0.01875 0.425 0.01328125 0.43194444374999996 0.0140625 0.47222222187499996 0.01875 0.477777778125 0.025 0.477777778125 0.0328125 0.46805555625000006 0.0296875 0.44444444375 0.0234375 0.425
1 0.38515625 0.177777778125 0.38515625 0.15 0.3828125 0.10555555624999999 0.3796875 0.1 0.3703125 0.1041666671875 0.371875 0.2541666671875 0.35703125 0.2541666671875 0.36171875 0.259722221875 0.36171875 0.26805555625 0.35625 0.26527777812500003 0.36640625 0.2708333328125 0.37578125 0.2888888890625 0.3828125 0.28055555625 0.40078125 0.2888888890625 0.4015625 0.28055555625 0.39140625 0.26944444375 0.38515625 0.25555555625 0.3828125 0.1875 0.38515625 0.177777778125
1 0.45234375 0.17916666718750002 0.4546875 0.172222221875 0.45390625 0.08333333281250001 0.44453125 0.08055555625000001 0.4421875 0.0861111109375 0.44140625 0.215277778125 0.4375 0.22916666718749998 0.4265625 0.22638888906250001 0.42578125 0.23055555625 0.428125 0.23333333281250002 0.43125 0.22777777812500002 0.43203125 0.240277778125 0.4375 0.24305555625 0.45703125 0.2513888890625 0.46875 0.2513888890625 0.46875 0.24305555625 0.45546875 0.23472222187499997 0.4515625 0.2166666671875 0.45234375 0.17916666718750002
6 0.6390625 0.25694444375000003 0.65546875 0.25555555625 0.65625 0.23333333281250002 0.64921875 0.2236111109375 0.64375 0.22638888906250001 0.6390625 0.24305555625 0.6390625 0.25694444375000003
6 0.5671875 0.1861111109375 0.56640625 0.2166666671875 0.57734375 0.24305555625 0.6 0.259722221875 0.61640625 0.259722221875 0.62578125 0.2541666671875 0.62890625 0.22777777812500002 0.62421875 0.21805555625 0.62421875 0.19305555624999998 0.61640625 0.17916666718750002 0.6015625 0.16805555625 0.596875 0.15972222187500001 0.57578125 0.15972222187500001 0.5703125 0.16944444375 0.5671875 0.1861111109375
6 0.78203125 0.27638888906250003 0.7875 0.2638888890625 0.78828125 0.23611111093749998 0.78515625 0.22777777812500002 0.77890625 0.2236111109375 0.77890625 0.2736111109375 0.78203125 0.27638888906250003
6 0.74375 0.27777777812500004 0.75 0.2666666671875 0.75078125 0.24305555625 0.7640625 0.2416666671875 0.76640625 0.23611111093749998 0.76875 0.18055555625 0.76015625 0.16805555625 0.75703125 0.11805555625 0.74921875 0.10555555624999999 0.72578125 0.0958333328125 0.70859375 0.0958333328125 0.7015625 0.10694444375 0.6984375 0.14305555625 0.68828125 0.15555555625 0.68359375 0.16944444375 0.6875 0.177777778125 0.68828125 0.225 0.69453125 0.2388888890625 0.70703125 0.2416666671875 0.71171875 0.2388888890625 0.7171875 0.21805555625 0.72265625 0.21805555625 0.728125 0.23194444375 0.73203125 0.26805555625 0.7390625 0.27777777812500004 0.74375 0.27777777812500004
7 0.890625 0.1583333328125 0.86796875 0.1541666671875 0.85390625 0.1583333328125 0.81953125 0.15694444375 0.81953125 0.1833333328125 0.8375 0.20833333281250002 0.84765625 0.215277778125 0.85 0.23472222187499997 0.85390625 0.240277778125 0.878125 0.25833333281250004 0.88125 0.275 0.88515625 0.2791666671875 0.90625 0.27638888906250003 0.9140625 0.2486111109375 0.9265625 0.23055555625 0.915625 0.18194444375000002 0.90625 0.16944444375 0.890625 0.1583333328125
7 0.99921875 0.33888888906250003 0.99921875 0.26805555625 0.99296875 0.259722221875 0.9875 0.259722221875 0.98203125 0.27777777812500004 0.97890625 0.3416666671875 0.99921875 0.33888888906250003
7 0.925 0.23611111093749998 0.91328125 0.25694444375000003 0.9078125 0.28611111093749997 0.9078125 0.29722222187499997 0.9203125 0.322222221875 0.925 0.32777777812500003 0.94140625 0.33055555625 0.94453125 0.34305555625 0.95234375 0.3541666671875 0.95703125 0.35555555625 0.96171875 0.34027777812500004 0.9671875 0.302777778125 0.96953125 0.24583333281250003 0.95 0.2388888890625 0.9421875 0.23194444375 0.93046875 0.23194444375 0.925 0.23611111093749998
7 0.83828125 0.12222222187500001 0.83828125 0.1458333328125 0.84375 0.15277777812499999 0.8859375 0.15 0.87265625 0.134722221875 0.85625 0.127777778125 0.85078125 0.1208333328125 0.83828125 0.12222222187500001
7 0.96640625 0.13055555624999998 0.975 0.10555555624999999 0.97421875 0.0958333328125 0.9625 0.0888888890625 0.9609375 0.10138888906250001 0.96171875 0.13055555624999998 0.96640625 0.13055555624999998
7 0.90546875 0.090277778125 0.90234375 0.09305555625 0.90625 0.10138888906250001 0.9046875 0.1166666671875 0.91953125 0.127777778125 0.92890625 0.1291666671875 0.93046875 0.12222222187500001 0.9484375 0.1208333328125 0.95390625 0.1041666671875 0.95234375 0.08333333281250001 0.93828125 0.072222221875 0.9234375 0.072222221875 0.90625 0.08194444375 0.90546875 0.090277778125
7 0.86015625 0.072222221875 0.85703125 0.08055555625000001 0.875 0.1041666671875 0.8890625 0.11388888906250001 0.89765625 0.11388888906250001 0.89765625 0.08055555625000001 0.878125 0.072222221875 0.86015625 0.072222221875
7 0.99296875 0.222222221875 0.98828125 0.23611111093749998 0.98828125 0.2541666671875 0.99921875 0.25555555625 0.99921875 0.22777777812500002 0.99296875 0.222222221875
7 0.94765625 0.23194444375 0.96796875 0.24305555625 0.971875 0.2388888890625 0.97421875 0.20555555625 0.96953125 0.197222221875 0.92890625 0.16944444375 0.91875 0.1708333328125 0.91953125 0.19305555624999998 0.92890625 0.20833333281250002 0.93125 0.22916666718749998 0.94765625 0.23194444375
7 0.9796875 0.1583333328125 0.9765625 0.1458333328125 0.96015625 0.13333333281249998 0.93671875 0.12222222187500001 0.9265625 0.125 0.92578125 0.13055555624999998 0.94765625 0.14305555625 0.95625 0.1541666671875 0.96953125 0.1611111109375 0.9796875 0.1583333328125
7 0.82890625 0.19305555624999998 0.83515625 0.20555555625 0.84453125 0.215277778125 0.84921875 0.2138888890625 0.85 0.1833333328125 0.853125 0.17361111093749998 0.85390625 0.15694444375 0.84296875 0.15277777812499999 0.81875 0.15555555625 0.8171875 0.172222221875 0.81953125 0.1875 0.82890625 0.19305555624999998
4 0.20625 0.20277777812500003 0.20078125 0.20555555625 0.19921875 0.21944444375 0.19921875 0.31944444375000003 0.20546875 0.32083333281250004 0.2078125 0.31805555625 0.2046875 0.309722221875 0.2078125 0.29444444375 0.2109375 0.29444444375 0.2140625 0.309722221875 0.2234375 0.302777778125 0.21875 0.2986111109375 0.21328125 0.27777777812500004 0.2125 0.25694444375000003 0.215625 0.2416666671875 0.2078125 0.2166666671875 0.20625 0.20277777812500003
4 0.63203125 0.26527777812500003 0.63828125 0.259722221875 0.64375 0.22777777812500002 0.64375 0.20555555625 0.63671875 0.177777778125 0.634375 0.17361111093749998 0.625 0.172222221875 0.625 0.2208333328125 0.6296875 0.22638888906250001 0.62421875 0.2638888890625 0.63203125 0.26527777812500003