2 0.015625 0.427777778125 0.0125 0.43333333281249997 0.01328125 0.46805555625000006 0.01875 0.477777778125 0.025 0.477777778125 0.0328125 0.46805555625000006 0.03125 0.4513888890625 0.025 0.427777778125 0.015625 0.427777778125
1 0.38828125 0.28055555625 0.40078125 0.2888888890625 0.4015625 0.28055555625 0.38828125 0.26805555625 0.38515625 0.25833333281250004 0.3828125 0.10555555624999999 0.3796875 0.1 0.3703125 0.1041666671875 0.371875 0.2541666671875 0.36796875 0.259722221875 0.36171875 0.259722221875 0.35703125 0.2541666671875 0.35546875 0.2638888890625 0.36640625 0.2708333328125 0.375 0.28611111093749997 0.38828125 0.28055555625
1 0.46875 0.2513888890625 0.46796875 0.2416666671875 0.4546875 0.23333333281250002 0.4515625 0.2166666671875 0.45234375 0.18055555625 0.4546875 0.1708333328125 0.45390625 0.08333333281250001 0.44453125 0.08055555625000001 0.44140625 0.090277778125 0.43984375 0.2236111109375 0.4375 0.22916666718749998 0.42734375 0.22638888906250001 0.42734375 0.23055555625 0.43125 0.2388888890625 0.4375 0.24305555625 0.4515625 0.25 0.46875 0.2513888890625
6 0.6484375 0.2236111109375 0.6328125 0.21805555625 0.63203125 0.20833333281250002 0.634375 0.20555555625 0.63515625 0.19444444375 0.63203125 0.1888888890625 0.60625 0.1763888890625 0.596875 0.1583333328125 0.57421875 0.1611111109375 0.56953125 0.172222221875 0.56640625 0.19305555624999998 0.56875 0.22777777812500002 0.5734375 0.23055555625 0.57734375 0.24305555625 0.59453125 0.25694444375000003 0.6515625 0.25833333281250004 0.65625 0.2541666671875 0.6546875 0.23055555625 0.6484375 0.2236111109375
7 0.96640625 0.13194444375 0.97421875 0.10833333281249999 0.97421875 0.0958333328125 0.96484375 0.090277778125 0.96171875 0.0986111109375 0.96171875 0.127777778125 0.96640625 0.13194444375
7 0.95390625 0.102777778125 0.95234375 0.08194444375 0.93515625 0.07083333281250001 0.9265625 0.07083333281250001 0.9078125 0.08055555625000001 0.9015625 0.09305555625 0.90078125 0.097222221875 0.90625 0.10138888906250001 0.90546875 0.11805555625 0.9203125 0.127777778125 0.925 0.127777778125 0.93125 0.1208333328125 0.95 0.11944444375 0.95390625 0.102777778125
7 0.88203125 0.27638888906250003 0.88671875 0.28055555625 0.921875 0.2791666671875 0.93046875 0.2666666671875 0.9296875 0.23194444375 0.91640625 0.1833333328125 0.9109375 0.17361111093749998 0.88515625 0.15555555625 0.8609375 0.1541666671875 0.853125 0.15972222187500001 0.81953125 0.15555555625 0.8203125 0.184722221875 0.828125 0.1916666671875 0.8328125 0.20416666718749998 0.8484375 0.2166666671875 0.85 0.23472222187499997 0.853125 0.240277778125 0.878125 0.25833333281250004 0.88203125 0.27638888906250003
7 0.8578125 0.1291666671875 0.85 0.1208333328125 0.83984375 0.12222222187500001 0.83828125 0.14305555625 0.8390625 0.14861111093749999 0.84375 0.15277777812499999 0.87734375 0.1541666671875 0.884375 0.15 0.88359375 0.14444444375 0.8734375 0.134722221875 0.8578125 0.1291666671875
7 0.87265625 0.07083333281250001 0.8609375 0.07083333281250001 0.85625 0.07638888906249999 0.85546875 0.08055555625000001 0.875 0.1041666671875 0.88828125 0.11388888906250001 0.89453125 0.11388888906250001 0.8953125 0.0986111109375 0.89765625 0.09444444375 0.89609375 0.08055555625000001 0.87265625 0.07083333281250001
7 0.74140625 0.16805555625 0.7390625 0.165277778125 0.73828125 0.16805555625 0.74140625 0.16805555625
7 0.79296875 0.11805555625 0.7875 0.1208333328125 0.7875 0.13333333281249998 0.79296875 0.1375 0.79296875 0.11805555625
7 0.78828125 0.09305555625 0.78828125 0.10555555624999999 0.79375 0.1111111109375 0.796875 0.0958333328125 0.78828125 0.09305555625
7 0.83671875 0.05 0.83671875 0.0666666671875 0.84296875 0.06944444375 0.8421875 0.055555556250000006 0.83671875 0.05
7 0.82421875 0.04305555625 0.82421875 0.05694444375 0.8265625 0.0513888890625 0.8265625 0.04305555625 0.82421875 0.04305555625
7 0.79140625 0.0458333328125 0.76953125 0.0416666671875 0.7765625 0.0458333328125 0.79140625 0.0458333328125
7 0.84765625 0.2541666671875 0.8453125 0.25 0.8484375 0.23611111093749998 0.83203125 0.215277778125 0.8296875 0.197222221875 0.81953125 0.1916666671875 0.8171875 0.172222221875 0.8109375 0.1916666671875 0.8125 0.20694444375 0.81015625 0.2541666671875 0.81796875 0.252777778125 0.8203125 0.26805555625 0.8390625 0.26805555625 0.84140625 0.272222221875 0.84609375 0.26805555625 0.84765625 0.2541666671875
7 0.7609375 0.15277777812499999 0.74609375 0.16388888906250001 0.73671875 0.190277778125 0.73828125 0.2208333328125 0.7453125 0.22638888906250001 0.75703125 0.222222221875 0.765625 0.22777777812500002 0.76875 0.19583333281249998 0.7734375 0.1875 0.76875 0.15555555625 0.7609375 0.15277777812499999
7 0.79375 0.14305555625 0.7875 0.13888888906250002 0.7828125 0.147222221875 0.7796875 0.175 0.7796875 0.25 0.78125 0.25555555625 0.7859375 0.25694444375000003 0.790625 0.23611111093749998 0.79296875 0.165277778125 0.7953125 0.1513888890625 0.79375 0.14305555625
7 0.9875 0.2708333328125 0.98984375 0.275 0.99765625 0.275 0.99921875 0.222222221875 0.99375 0.2166666671875 0.99140625 0.21944444375 0.9875 0.240277778125 0.9875 0.2708333328125
7 0.9953125 0.18194444375000002 0.99375 0.1708333328125 0.9875 0.17361111093749998 0.9953125 0.18194444375000002
7 0.97421875 0.21944444375 0.97421875 0.20555555625 0.96953125 0.197222221875 0.925 0.16805555625 0.91953125 0.16944444375 0.91875 0.1888888890625 0.92421875 0.20416666718749998 0.93046875 0.2125 0.93046875 0.23194444375 0.93359375 0.2388888890625 0.9546875 0.2388888890625 0.96953125 0.24722222187499998 0.97421875 0.21944444375
7 0.9314453125 0.125 0.93125 0.13194444375 0.92734375 0.125 0.9265625 0.13055555624999998 0.946875 0.14305555625 0.95703125 0.15555555625 0.978125 0.1611111109375 0.978125 0.147222221875 0.9609375 0.13333333281249998 0.94375 0.125 0.9314453125 0.125
7 0.79140625 0.13055555624999998 0.7890625 0.127777778125 0.7890625 0.13194444375 0.79140625 0.13055555624999998
7 0.7890625 0.09444444375 0.78828125 0.1 0.79375 0.10555555624999999 0.7953125 0.097222221875 0.7890625 0.09444444375
7 0.75078125 0.072222221875 0.7453125 0.0736111109375 0.74765625 0.0861111109375 0.74453125 0.1541666671875 0.75 0.15694444375 0.7671875 0.15 0.7703125 0.1291666671875 0.7703125 0.1 0.7671875 0.08333333281250001 0.75078125 0.072222221875
7 0.7375 0.14305555625 0.73671875 0.1111111109375 0.74140625 0.072222221875 0.72265625 0.058333332812500006 0.7 0.055555556250000006 0.68125 0.04444444375 0.6765625 0.05694444375 0.675 0.0875 0.67734375 0.10138888906250001 0.69140625 0.1111111109375 0.69296875 0.1291666671875 0.7 0.14305555625 0.7140625 0.15555555625 0.73515625 0.1666666671875 0.7375 0.14305555625
4 0.84140625 0.66805555625 0.85 0.6638888890625 0.85 0.6486111109375 0.85625 0.6111111109375 0.85859375 0.60555555625 0.86484375 0.60694444375 0.86484375 0.5291666671875 0.86796875 0.51805555625 0.86796875 0.497222221875 0.8625 0.4916666671875 0.85625 0.49444444374999996 0.85546875 0.50555555625 0.85 0.5097222218749999 0.84375 0.527777778125 0.8390625 0.584722221875 0.8390625 0.625 0.81953125 0.6486111109375 0.825 0.6763888890625 0.8296875 0.672222221875 0.83203125 0.659722221875 0.8359375 0.659722221875 0.84140625 0.66805555625
4 0.27265625 0.4625 0.27265625 0.440277778125 0.26953125 0.42083333281249996 0.2703125 0.40694444374999994 0.27578125 0.40277777812500004 0.275 0.372222221875 0.26875 0.36666666718749996 0.26875 0.352777778125 0.27265625 0.34444444375 0.27109375 0.3333333328125 0.2640625 0.33055555625 0.25234375 0.35972222187499997 0.25234375 0.4138888890625 0.26171875 0.44444444375 0.2609375 0.4916666671875 0.27265625 0.4916666671875 0.275 0.48472222187499997 0.2703125 0.4791666671875 0.27890625 0.46666666718750005 0.27265625 0.4625
4 0.64140625 0.197222221875 0.64765625 0.15694444375 0.63671875 0.14305555625 0.6265625 0.1458333328125 0.62578125 0.1611111109375 0.63125 0.16805555625 0.63125 0.18055555625 0.63671875 0.19305555624999998 0.63515625 0.20833333281250002 0.6390625 0.2125 0.63671875 0.20416666718749998 0.64140625 0.197222221875