0 0.10546875 0.659722221875 0.10078125 0.6458333328125 0.0953125 0.652777778125 0.09375 0.6625 0.10546875 0.659722221875
0 0 0.9930555562500001 0.10234375 0.9638888890624999 0.12109375 0.95555555625 0.12890625 0.9416666671874999 0.13984375 0.9486111109375001 0.15078125 0.965277778125 0.16171875 0.9694444437499999 0.1796875 0.9680555562500001 0.19453125 0.95555555625 0.2 0.94305555625 0.20546875 0.9138888890624999 0.228125 0.890277778125 0.234375 0.8625 0.23203125 0.8222222218749999 0.22734375 0.8055555562500001 0.22890625 0.790277778125 0.2234375 0.75555555625 0.2125 0.7166666671875 0.2 0.6944444437499999 0.1859375 0.68194444375 0.10234375 0.6791666671875001 0.0984375 0.66805555625 0.0828125 0.6541666671875 0.06171875 0.60694444375 0.05546875 0.60555555625 0.05625 0.6 0.05 0.5861111109375 0.04921875 0.5916666671875 0.0546875 0.6013888890625 0.0640625 0.6583333328125 0.028125 0.6583333328125 0 0.6638888890625 0 0.9930555562500001
2 0.03359375 0.41805555625 0.02578125 0.41805555625 0.02421875 0.42222222187499997 0.025 0.4625 0.0265625 0.46805555625000006 0.03671875 0.46805555625000006 0.040625 0.4625 0.03671875 0.42222222187499997 0.03359375 0.41805555625
1 0.3890625 0.15277777812499999 0.3859375 0.140277778125 0.38671875 0.10833333281249999 0.3734375 0.10138888906250001 0.3703125 0.1041666671875 0.36875 0.1125 0.37265625 0.1583333328125 0.37265625 0.2513888890625 0.3703125 0.25833333281250004 0.359375 0.259722221875 0.3578125 0.26527777812500003 0.36875 0.272222221875 0.37578125 0.2888888890625 0.38671875 0.2833333328125 0.39375 0.290277778125 0.3953125 0.2833333328125 0.38671875 0.2638888890625 0.38515625 0.23472222187499997 0.38515625 0.15972222187500001 0.3890625 0.15277777812499999
1 0.44921875 0.08194444375 0.44296875 0.0861111109375 0.4421875 0.215277778125 0.4375 0.22638888906250001 0.43046875 0.22638888906250001 0.4296875 0.23055555625 0.43828125 0.24305555625 0.46796875 0.2513888890625 0.46875 0.24444444375000002 0.46640625 0.240277778125 0.45546875 0.23333333281250002 0.45234375 0.215277778125 0.45625 0.16944444375 0.45390625 0.1458333328125 0.4546875 0.084722221875 0.44921875 0.08194444375
6 0.7578125 0.2125 0.7546875 0.197222221875 0.73515625 0.1875 0.73046875 0.1583333328125 0.6953125 0.147222221875 0.68828125 0.1513888890625 0.6796875 0.165277778125 0.6609375 0.16805555625 0.65625 0.17361111093749998 0.65625 0.21805555625 0.66328125 0.240277778125 0.675 0.24305555625 0.6828125 0.2388888890625 0.69765625 0.24722222187499998 0.70078125 0.25555555625 0.70234375 0.275 0.71171875 0.28472222187499996 0.71875 0.28472222187499996 0.72890625 0.275 0.7625 0.275 0.7640625 0.23472222187499997 0.76171875 0.21805555625 0.7578125 0.2125
6 0.62109375 0.184722221875 0.60625 0.17361111093749998 0.59765625 0.15972222187500001 0.57578125 0.1611111109375 0.56875 0.18055555625 0.56640625 0.20555555625 0.56953125 0.22916666718749998 0.57734375 0.2416666671875 0.58671875 0.24583333281250003 0.5953125 0.25694444375000003 0.65 0.25833333281250004 0.65703125 0.2513888890625 0.6546875 0.22916666718749998 0.6359375 0.222222221875 0.6328125 0.2166666671875 0.6375 0.197222221875 0.63671875 0.1916666671875 0.62890625 0.184722221875 0.62109375 0.184722221875
7 0.8671875 0.13055555624999998 0.85546875 0.127777778125 0.84921875 0.1208333328125 0.84375 0.1208333328125 0.83984375 0.13055555624999998 0.8390625 0.1361111109375 0.84453125 0.1513888890625 0.89296875 0.1541666671875 0.89140625 0.147222221875 0.8671875 0.13055555624999998
7 0.96640625 0.09305555625 0.9640625 0.0958333328125 0.9625 0.1166666671875 0.96953125 0.10555555624999999 0.96953125 0.097222221875 0.96640625 0.09305555625
7 0.92265625 0.127777778125 0.9265625 0.12222222187500001 0.94609375 0.12222222187500001 0.95078125 0.1166666671875 0.95390625 0.1041666671875 0.95390625 0.084722221875 0.93828125 0.072222221875 0.9234375 0.072222221875 0.90703125 0.08333333281250001 0.90625 0.11944444375 0.9125 0.125 0.92265625 0.127777778125
7 0.8984375 0.0916666671875 0.896875 0.08055555625000001 0.86953125 0.07083333281250001 0.8625 0.07083333281250001 0.8578125 0.07638888906249999 0.8578125 0.08194444375 0.875 0.102777778125 0.8890625 0.11388888906250001 0.8953125 0.11388888906250001 0.8984375 0.0916666671875
7 0.9296875 0.26805555625 0.9296875 0.23055555625 0.92578125 0.2236111109375 0.915625 0.18055555625 0.909375 0.172222221875 0.88046875 0.15555555625 0.85625 0.15555555625 0.8515625 0.16388888906250001 0.8484375 0.15694444375 0.84375 0.15555555625 0.81953125 0.15555555625 0.8171875 0.1625 0.8171875 0.21111111093749999 0.81875 0.222222221875 0.82421875 0.22916666718749998 0.83046875 0.23055555625 0.8375 0.21805555625 0.8453125 0.21805555625 0.8484375 0.222222221875 0.85078125 0.23611111093749998 0.878125 0.25833333281250004 0.88125 0.275 0.88671875 0.28055555625 0.8953125 0.27638888906250003 0.92421875 0.27777777812500004 0.9296875 0.26805555625
7 0.9890625 0.23194444375 0.9875 0.26805555625 0.98984375 0.27638888906250003 0.9953125 0.2791666671875 0.99921875 0.272222221875 0.99921875 0.21805555625 0.99296875 0.21805555625 0.9890625 0.23194444375
7 0.92421875 0.20138888906250002 0.925 0.2138888890625 0.93359375 0.2388888890625 0.9625 0.240277778125 0.9703125 0.24444444375000002 0.975 0.2236111109375 0.975 0.20555555625 0.97265625 0.20138888906250002 0.92890625 0.16944444375 0.921875 0.16805555625 0.91875 0.17361111093749998 0.91875 0.1916666671875 0.92421875 0.20138888906250002
7 0.94609375 0.1263888890625 0.93046875 0.12222222187500001 0.92578125 0.1263888890625 0.925 0.13055555624999998 0.93515625 0.14305555625 0.95546875 0.147222221875 0.98046875 0.15972222187500001 0.9765625 0.14305555625 0.94609375 0.1263888890625
7 0.7859375 0.11805555625 0.784375 0.13194444375 0.7796875 0.13888888906250002 0.784375 0.14305555625 0.7859375 0.1513888890625 0.79296875 0.1513888890625 0.79296875 0.11944444375 0.7859375 0.11805555625
7 0.7953125 0.10833333281249999 0.79765625 0.097222221875 0.7890625 0.09305555625 0.7890625 0.102777778125 0.7953125 0.10833333281249999
7 0.74921875 0.07638888906249999 0.74765625 0.127777778125 0.7453125 0.1361111109375 0.74609375 0.15972222187500001 0.76171875 0.15972222187500001 0.76875 0.15277777812499999 0.77109375 0.09305555625 0.7671875 0.08194444375 0.74921875 0.07638888906249999
7 0.6765625 0.054166667187499996 0.675 0.09305555625 0.68046875 0.1041666671875 0.68671875 0.10694444375 0.68828125 0.1291666671875 0.70546875 0.14305555625 0.71953125 0.147222221875 0.7265625 0.15555555625 0.73671875 0.15555555625 0.73828125 0.06944444375 0.72421875 0.059722221875 0.70078125 0.054166667187499996 0.68203125 0.04444444375 0.67734375 0.0458333328125 0.6765625 0.054166667187499996