2 0.97578125 0.577777778125 0.975 0.5416666671875 0.96953125 0.5319444437499999 0.96328125 0.5319444437499999 0.9609375 0.5416666671875 0.9640625 0.5791666671875 0.97421875 0.58194444375 0.97578125 0.577777778125
1 0.61484375 0.8375 0.61171875 0.8458333328125001 0.6140625 0.859722221875 0.61328125 0.890277778125 0.6203125 0.897222221875 0.6265625 0.897222221875 0.63046875 0.8875 0.62734375 0.840277778125 0.628125 0.7458333328125 0.6328125 0.7388888890625 0.640625 0.7402777781250001 0.6421875 0.7361111109375 0.63125 0.727777778125 0.62109375 0.7111111109375 0.61484375 0.7166666671875 0.60546875 0.7111111109375 0.60625 0.722222221875 0.61328125 0.734722221875 0.61484375 0.7666666671875 0.6125 0.8027777781250001 0.61484375 0.8375
1 0.54375 0.83194444375 0.54609375 0.8513888890624999 0.5453125 0.915277778125 0.55078125 0.91805555625 0.55703125 0.9138888890624999 0.5578125 0.7861111109375 0.56328125 0.7736111109375 0.56953125 0.7736111109375 0.5703125 0.76944444375 0.5671875 0.7611111109375 0.54453125 0.75 0.5390625 0.7486111109375 0.5390625 0.7611111109375 0.53359375 0.7597222218749999 0.53203125 0.7486111109375 0.53125 0.7569444437499999 0.54609375 0.7875 0.54609375 0.8194444437499999 0.54375 0.83194444375
6 0.24765625 0.8055555562500001 0.26484375 0.8125 0.26953125 0.8416666671874999 0.30546875 0.852777778125 0.31171875 0.8486111109375001 0.321875 0.83194444375 0.3390625 0.83194444375 0.34375 0.825 0.34375 0.7819444437499999 0.33671875 0.7597222218749999 0.328125 0.7569444437499999 0.3171875 0.7611111109375 0.3015625 0.752777778125 0.29921875 0.73194444375 0.29375 0.7180555562500001 0.2828125 0.715277778125 0.27109375 0.7291666671875 0.2625 0.722222221875 0.2375 0.725 0.2359375 0.7597222218749999 0.23828125 0.7833333328125 0.24765625 0.8055555562500001
6 0.425 0.8388888890624999 0.43125 0.8194444437499999 0.43359375 0.8027777781250001 0.43203125 0.777777778125 0.42421875 0.7597222218749999 0.4015625 0.7402777781250001 0.35 0.7416666671875001 0.34296875 0.7486111109375 0.3453125 0.7708333328125 0.36328125 0.7763888890625 0.3671875 0.784722221875 0.36328125 0.79305555625 0.36328125 0.8083333328125001 0.39375 0.8263888890625 0.4015625 0.840277778125 0.425 0.8388888890624999
7 0.15703125 0.8513888890624999 0.15078125 0.8458333328125001 0.13828125 0.85 0.11796875 0.8444444437499999 0.10703125 0.847222221875 0.10859375 0.852777778125 0.1328125 0.86944444375 0.14296875 0.872222221875 0.146875 0.877777778125 0.15546875 0.8791666671874999 0.16171875 0.8708333328125001 0.1625 0.8652777781250001 0.15703125 0.8513888890624999
7 0.0734375 0.8791666671874999 0.05234375 0.8791666671874999 0.04765625 0.8833333328125 0.0453125 0.897222221875 0.0453125 0.9166666671874999 0.04765625 0.91944444375 0.0609375 0.9277777781250001 0.0765625 0.9277777781250001 0.09296875 0.915277778125 0.09296875 0.8791666671874999 0.078125 0.872222221875 0.0734375 0.8791666671874999
7 0.121875 0.9277777781250001 0.1359375 0.9291666671875 0.1421875 0.925 0.14375 0.91944444375 0.125 0.897222221875 0.1109375 0.8861111109375001 0.1046875 0.8861111109375001 0.103125 0.91944444375 0.121875 0.9277777781250001
7 0.084375 0.8194444437499999 0.09375 0.83055555625 0.11953125 0.8444444437499999 0.14375 0.8444444437499999 0.14765625 0.8388888890624999 0.15625 0.8444444437499999 0.18046875 0.8444444437499999 0.184375 0.8263888890625 0.1859375 0.8083333328125001 0.18046875 0.7763888890625 0.16875 0.7708333328125 0.16328125 0.7819444437499999 0.153125 0.7819444437499999 0.14921875 0.7638888890625 0.12890625 0.74444444375 0.12109375 0.7416666671875001 0.1171875 0.722222221875 0.075 0.722222221875 0.06953125 0.7333333328125 0.06953125 0.76805555625 0.07421875 0.777777778125 0.084375 0.8194444437499999
7 0.01171875 0.765277778125 0.0125 0.7291666671875 0.01015625 0.7236111109375 0.00546875 0.722222221875 0.00078125 0.727777778125 0.00078125 0.7805555562500001 0.00703125 0.7819444437499999 0.01171875 0.765277778125
7 0.08203125 0.8125 0.0765625 0.8027777781250001 0.075 0.7875 0.0671875 0.7638888890625 0.0625 0.7597222218749999 0.0375 0.7597222218749999 0.03125 0.7541666671875 0.028125 0.7569444437499999 0.02578125 0.76944444375 0.0265625 0.797222221875 0.07109375 0.83055555625 0.078125 0.83194444375 0.08125 0.8263888890625 0.08203125 0.8125
7 0.01953125 0.840277778125 0.021875 0.8541666671874999 0.0390625 0.8666666671875 0.0671875 0.877777778125 0.07421875 0.8763888890624999 0.075 0.86944444375 0.06484375 0.85694444375 0.04453125 0.8541666671874999 0.0359375 0.8458333328125001 0.01953125 0.840277778125
7 0.2140625 0.88055555625 0.21484375 0.86944444375 0.2203125 0.8611111109375 0.21328125 0.8486111109375001 0.20859375 0.8486111109375001 0.20625 0.859722221875 0.20703125 0.8791666671874999 0.2140625 0.88055555625
7 0.20390625 0.9041666671874999 0.2109375 0.9055555562500001 0.21171875 0.9013888890624999 0.20703125 0.890277778125 0.203125 0.89444444375 0.20390625 0.9041666671874999
7 0.22890625 0.9083333328125001 0.23359375 0.91944444375 0.25078125 0.9236111109375 0.25546875 0.8444444437499999 0.25390625 0.840277778125 0.23828125 0.840277778125 0.23125 0.8486111109375001 0.2296875 0.8583333328125 0.22890625 0.9083333328125001
7 0.3234375 0.9 0.3125 0.890277778125 0.31171875 0.8708333328125001 0.2953125 0.85694444375 0.2640625 0.8430555562500001 0.26171875 0.9305555562500001 0.27890625 0.9416666671874999 0.2984375 0.9458333328125 0.30859375 0.952777778125 0.32109375 0.95555555625 0.3234375 0.9513888890625 0.325 0.9069444437499999 0.3234375 0.9