7 0.1833333328125 0.08359375 0.16805555625 0.0953125 0.15555555625 0.11875 0.1541666671875 0.1390625 0.1583333328125 0.1484375 0.15277777812499999 0.16484375 0.15972222187500001 0.18046875 0.172222221875 0.184375 0.184722221875 0.1859375 0.2138888890625 0.1828125 0.222222221875 0.1796875 0.222222221875 0.16953125 0.2166666671875 0.1640625 0.21805555625 0.1546875 0.23611111093749998 0.14921875 0.25833333281250004 0.121875 0.2791666671875 0.11484375 0.275 0.1046875 0.275 0.07578125 0.26527777812500003 0.0703125 0.23055555625 0.0703125 0.1833333328125 0.08359375
7 0.134722221875 0.1578125 0.14444444375 0.15859375 0.15 0.15625 0.1541666671875 0.12578125 0.140277778125 0.12421875 0.14444444375 0.11796875 0.1541666671875 0.11875 0.1513888890625 0.11328125 0.1458333328125 0.11484375 0.13055555624999998 0.1328125 0.1208333328125 0.16328125 0.1263888890625 0.1640625 0.134722221875 0.1578125
7 0.1166666671875 0.0328125 0.10555555624999999 0.0265625 0.090277778125 0.03828125 0.115277778125 0.03828125 0.1166666671875 0.0328125
7 0.08055555625000001 0.0421875 0.084722221875 0.04375 0.072222221875 0.06328125 0.072222221875 0.07734375 0.08194444375 0.09140625 0.0888888890625 0.09375 0.1041666671875 0.09375 0.10555555624999999 0.1 0.0791666671875 0.103125 0.072222221875 0.12421875 0.072222221875 0.1359375 0.0791666671875 0.14140625 0.090277778125 0.1375 0.10555555624999999 0.12578125 0.1166666671875 0.1109375 0.11805555625 0.10078125 0.1291666671875 0.0859375 0.13194444375 0.075 0.125 0.0734375 0.1263888890625 0.06484375 0.11944444375 0.0625 0.1166666671875 0.05078125 0.102777778125 0.04609375 0.0861111109375 0.04453125 0.08333333281250001 0.03828125 0.08055555625000001 0.0421875
7 0.27777777812500004 0.00390625 0.2708333328125 0.0046875 0.259722221875 0.00078125 0.259722221875 0.01328125 0.3111111109375 0.02109375 0.3375 0.02109375 0.352777778125 0.00703125 0.352777778125 0.00078125 0.28055555625 0.00078125 0.27777777812500004 0.00390625
7 0.5166666671875 0.875 0.5236111109375 0.8828125 0.522222221875 0.88828125 0.5305555562500001 0.88984375 0.5305555562500001 0.89296875 0.5208333328125 0.89609375 0.5416666671875 0.89453125 0.54444444375 0.8984375 0.54444444375 0.89609375 0.5541666671875001 0.89296875 0.6 0.8921875 0.6166666671875001 0.88125 0.6208333328125 0.87109375 0.6166666671875001 0.8578125 0.5888888890625 0.85859375 0.58194444375 0.86171875 0.547222221875 0.86484375 0.5333333328125 0.86953125 0.51944444375 0.86953125 0.5166666671875 0.875
7 0.5046875 0.878125 0.0015625 0.003125
7 0.459722221875 0.89375 0.459722221875 0.90546875 0.46666666718750005 0.90859375 0.46805555625000006 0.91484375 0.45694444375 0.9140625 0.45555555625000005 0.9171875 0.46805555625000006 0.9203125 0.46805555625000006 0.925 0.47222222187499996 0.92578125 0.46805555625000006 0.9296875 0.477777778125 0.93359375 0.5 0.9328125 0.5263888890625 0.94140625 0.5527777781250001 0.93828125 0.55 0.9078125 0.54444444375 0.90234375 0.5361111109375 0.9046875 0.522222221875 0.90234375 0.51805555625 0.89921875 0.5083333328124999 0.89921875 0.5041666671875 0.89609375 0.497222221875 0.89765625 0.4916666671875 0.88828125 0.4916666671875 0.89296875 0.459722221875 0.89375
7 0.56805555625 0.7875 0.5555555562500001 0.78125 0.5555555562500001 0.7703125 0.5625 0.7609375 0.565277778125 0.72265625 0.590277778125 0.70546875 0.5930555562500001 0.68203125 0.5791666671875 0.6703125 0.5583333328125 0.66484375 0.5527777781250001 0.6578125 0.54305555625 0.65625 0.5388888890625 0.6515625 0.522222221875 0.64453125 0.5111111109375 0.64453125 0.49583333281249997 0.6375 0.47361111093749997 0.6359375 0.447222221875 0.63828125 0.434722221875 0.64296875 0.41111111093749997 0.6578125 0.3916666671875 0.68203125 0.35694444375 0.7109375 0.35555555625 0.71796875 0.33194444375 0.72734375 0.3291666671875 0.73828125 0.315277778125 0.74453125 0.3166666671875 0.74765625 0.3291666671875 0.75390625 0.33194444375 0.76875 0.365277778125 0.77578125 0.36666666718749996 0.78046875 0.35694444375 0.78203125 0.33194444375 0.80625 0.322222221875 0.8078125 0.3166666671875 0.8125 0.3 0.8421875 0.29444444375 0.8453125 0.290277778125 0.86171875 0.33055555625 0.86171875 0.352777778125 0.85625 0.384722221875 0.82734375 0.397222221875 0.82421875 0.415277778125 0.82734375 0.4291666671875 0.834375 0.43333333281249997 0.85 0.4791666671875 0.8484375 0.50555555625 0.84375 0.5375 0.8421875 0.5722222218749999 0.83671875 0.5763888890625 0.83359375 0.56805555625 0.81171875 0.56805555625 0.7875
7 0.2666666671875 0.89375 0.25833333281250004 0.9 0.2513888890625 0.91796875 0.23194444375 0.93984375 0.2125 0.98125 0.2166666671875 0.99375 0.2236111109375 0.996875 0.23194444375 0.9984375 0.2388888890625 0.9953125 0.24722222187499998 0.97890625 0.25694444375000003 0.96953125 0.26805555625 0.965625 0.272222221875 0.953125 0.2833333328125 0.94375 0.28194444375 0.9390625 0.3 0.9078125 0.30555555624999997 0.903125 0.322222221875 0.8984375 0.3263888890625 0.8890625 0.28055555625 0.890625 0.2666666671875 0.89375
7 0.16388888906250001 0.65703125 0.1583333328125 0.659375 0.1541666671875 0.65546875 0.1541666671875 0.634375 0.140277778125 0.6296875 0.1208333328125 0.63125 0.1111111109375 0.6265625 0.10555555624999999 0.61953125 0.05694444375 0.621875 0.0388888890625 0.6203125 0.0375 0.6234375 0.04444444375 0.63671875 0.054166667187499996 0.6453125 0.0513888890625 0.65859375 0.055555556250000006 0.66484375 0.04305555625 0.67109375 0.047222221875 0.70546875 0.055555556250000006 0.71640625 0.06527777812499999 0.71875 0.08055555625000001 0.7171875 0.1111111109375 0.725 0.15 0.725 0.15972222187500001 0.7203125 0.177777778125 0.71796875 0.1708333328125 0.70234375 0.1916666671875 0.69765625 0.19305555624999998 0.6953125 0.1916666671875 0.67578125 0.1708333328125 0.67109375 0.1611111109375 0.6625 0.16388888906250001 0.6609375 0.15972222187500001 0.659375 0.16388888906250001 0.65703125
7 0.10833333281249999 0.55859375 0.084722221875 0.55546875 0.084722221875 0.55 0.09444444375 0.54375 0.16805555625 0.54375 0.17361111093749998 0.54140625 0.16805555625 0.53125 0.14861111093749999 0.5296875 0.14305555625 0.5265625 0.134722221875 0.5296875 0.127777778125 0.52421875 0.102777778125 0.5234375 0.0958333328125 0.5328125 0.08333333281250001 0.53046875 0.08055555625000001 0.52578125 0.0625 0.525 0.0333333328125 0.5265625 0.009722221875000001 0.53359375 0.00555555625 0.5703125 0.019444443750000002 0.6046875 0.027777778125000003 0.6109375 0.0861111109375 0.61015625 0.09305555625 0.61328125 0.102777778125 0.61328125 0.1208333328125 0.61171875 0.13194444375 0.60625 0.15694444375 0.60625 0.172222221875 0.60078125 0.1833333328125 0.6 0.1875 0.578125 0.177777778125 0.56875 0.16805555625 0.56796875 0.16388888906250001 0.5625 0.15 0.55859375 0.10833333281249999 0.55859375
7 0.23055555625 0.00078125 0.2236111109375 0.00625 0.23055555625 0.01015625 0.24583333281250003 0.00859375 0.23611111093749998 0.00078125 0.23055555625 0.00078125
7 0.19444444375 0.0765625 0.2138888890625 0.07421875 0.23055555625 0.06875 0.23472222187499997 0.05859375 0.23194444375 0.05078125 0.2416666671875 0.03359375 0.23611111093749998 0.028125 0.20416666718749998 0.025 0.197222221875 0.03046875 0.1708333328125 0.07109375 0.172222221875 0.08046875 0.1888888890625 0.08046875 0.19444444375 0.0765625
7 0.15555555625 0.01953125 0.140277778125 0.025 0.1208333328125 0.06953125 0.1208333328125 0.07421875 0.1263888890625 0.0765625 0.1361111109375 0.0765625 0.1416666671875 0.0734375 0.16805555625 0.03046875 0.16805555625 0.0203125 0.15555555625 0.01953125
7 0.1291666671875 0.2078125 0.127777778125 0.21171875 0.13333333281249998 0.20859375 0.140277778125 0.2125 0.1416666671875 0.209375 0.1291666671875 0.2078125
7 0.075 0.25 0.08055555625000001 0.25234375 0.10555555624999999 0.25390625 0.1583333328125 0.25390625 0.15972222187500001 0.23828125 0.1541666671875 0.23203125 0.0888888890625 0.22890625 0.08194444375 0.23046875 0.075 0.25
7 0.04444444375 0.3203125 0.054166667187499996 0.3234375 0.102777778125 0.32265625 0.10694444375 0.31484375 0.1263888890625 0.3046875 0.1541666671875 0.28203125 0.15972222187500001 0.27109375 0.15972222187500001 0.265625 0.15555555625 0.26328125 0.090277778125 0.2609375 0.08333333281250001 0.25859375 0.075 0.25859375 0.06805555625000001 0.2625 0.055555556250000006 0.29609375 0.04444444375 0.31171875 0.04444444375 0.3203125
4 0.28611111093749997 0.0421875 0.325 0.04296875 0.3273822671875 0.0382786640625 0.28194444375 0.03125 0.2541666671875 0.03125 0.24444444375000002 0.03359375 0.24444444375000002 0.03828125 0.26805555625 0.03828125 0.28611111093749997 0.0421875
4 0.3791666671875 0.9625 0.38194444375000003 0.95703125 0.39305555625 0.953125 0.440277778125 0.95 0.45277777812500003 0.94375 0.4291666671875 0.9359375 0.3791666671875 0.93671875 0.34305555625 0.94140625 0.3416666671875 0.9484375 0.3638888890625 0.953125 0.36944444375 0.96484375 0.3791666671875 0.9625
4 0.1541666671875 0.45234375 0.10555555624999999 0.45234375 0.1 0.45703125 0.10138888906250001 0.4625 0.11388888906250001 0.4671875 0.1541666671875 0.46875 0.1541666671875 0.45234375
4 0.25833333281250004 0.04921875 0.31944444375000003 0.0515625 0.3236111109375 0.04375 0.28611111093749997 0.0421875 0.26805555625 0.03828125 0.24305555625 0.0390625 0.24305555625 0.04375 0.25833333281250004 0.04921875