1 0.43828125 0.24305555625 0.4515625 0.25 0.46796875 0.2513888890625 0.46796875 0.24305555625 0.45390625 0.23055555625 0.45390625 0.184722221875 0.45625 0.1666666671875 0.45390625 0.08333333281250001 0.4453125 0.08055555625000001 0.4421875 0.0888888890625 0.4421875 0.1458333328125 0.4390625 0.15972222187500001 0.44140625 0.215277778125 0.4375 0.22638888906250001 0.43125 0.2236111109375 0.42890625 0.22777777812500002 0.4328125 0.2388888890625 0.43828125 0.24305555625
1 0.39375 0.2888888890625 0.3953125 0.2833333328125 0.3859375 0.2541666671875 0.3859375 0.21944444375 0.38984375 0.1916666671875 0.3890625 0.1513888890625 0.384375 0.127777778125 0.384375 0.10555555624999999 0.3765625 0.102777778125 0.3703125 0.10833333281249999 0.371875 0.2541666671875 0.36875 0.259722221875 0.359375 0.259722221875 0.3578125 0.26527777812500003 0.36953125 0.272222221875 0.37578125 0.28611111093749997 0.3859375 0.28194444375 0.39375 0.2888888890625
6 0.721875 0.28194444375 0.73046875 0.26805555625 0.73828125 0.27777777812500004 0.7625 0.275 0.7640625 0.24305555625 0.76171875 0.21944444375 0.753125 0.197222221875 0.73515625 0.1875 0.73125 0.1611111109375 0.72734375 0.15555555625 0.69140625 0.15 0.68046875 0.16388888906250001 0.66796875 0.16388888906250001 0.659375 0.16944444375 0.65625 0.17361111093749998 0.6546875 0.184722221875 0.65390625 0.20555555625 0.6609375 0.2375 0.66796875 0.24305555625 0.6796875 0.23611111093749998 0.69765625 0.24722222187499998 0.70234375 0.275 0.7078125 0.2833333328125 0.721875 0.28194444375
6 0.6375 0.222222221875 0.6328125 0.215277778125 0.62890625 0.1888888890625 0.61171875 0.18055555625 0.59921875 0.16388888906250001 0.575 0.1611111109375 0.56875 0.17916666718750002 0.56640625 0.19444444375 0.56875 0.22777777812500002 0.58125 0.24583333281250003 0.5953125 0.25833333281250004 0.65390625 0.25833333281250004 0.65703125 0.25 0.6546875 0.23055555625 0.6375 0.222222221875
7 0.8546875 0.1291666671875 0.84921875 0.1208333328125 0.83671875 0.1208333328125 0.83515625 0.13055555624999998 0.84375 0.1513888890625 0.88125 0.1541666671875 0.8859375 0.15 0.8859375 0.1458333328125 0.88046875 0.140277778125 0.86640625 0.13055555624999998 0.8546875 0.1291666671875
7 0.9671875 0.115277778125 0.9703125 0.10138888906250001 0.9625 0.0861111109375 0.96171875 0.11805555625 0.9640625 0.11805555625 0.9671875 0.115277778125
7 0.9390625 0.072222221875 0.9234375 0.072222221875 0.90703125 0.08333333281250001 0.90625 0.11944444375 0.91875 0.127777778125 0.925 0.1291666671875 0.93046875 0.12222222187500001 0.94765625 0.12222222187500001 0.95390625 0.102777778125 0.95390625 0.084722221875 0.9390625 0.072222221875
7 0.8578125 0.077777778125 0.85703125 0.08055555625000001 0.875 0.102777778125 0.8890625 0.11388888906250001 0.89609375 0.11388888906250001 0.89609375 0.08055555625000001 0.86953125 0.07083333281250001 0.8625 0.07083333281250001 0.8578125 0.077777778125
7 0.87109375 0.25555555625 0.87890625 0.25833333281250004 0.88125 0.275 0.8859375 0.28055555625 0.8953125 0.27638888906250003 0.925 0.27777777812500004 0.93046875 0.2638888890625 0.93046875 0.23333333281250002 0.92578125 0.225 0.915625 0.18194444375000002 0.90625 0.16944444375 0.88046875 0.15555555625 0.85625 0.15555555625 0.85234375 0.15972222187500001 0.84921875 0.15555555625 0.82578125 0.15555555625 0.8203125 0.1583333328125 0.81640625 0.16805555625 0.8140625 0.184722221875 0.8203125 0.2236111109375 0.8296875 0.22777777812500002 0.8375 0.21111111093749999 0.846875 0.215277778125 0.84921875 0.21805555625 0.85078125 0.23611111093749998 0.87109375 0.25555555625
7 0.9625 0.3138888890625 0.9671875 0.30555555624999997 0.96953125 0.25694444375000003 0.9625 0.2666666671875 0.95859375 0.28055555625 0.9578125 0.30555555624999997 0.9625 0.3138888890625
7 0.9890625 0.23194444375 0.98046875 0.3013888890625 0.978125 0.3291666671875 0.9796875 0.3361111109375 0.9859375 0.34027777812500004 0.99140625 0.352777778125 0.99921875 0.3541666671875 0.99921875 0.222222221875 0.99296875 0.222222221875 0.9890625 0.23194444375
7 0.19765625 0.18194444375000002 0.20390625 0.17361111093749998 0.20390625 0.1458333328125 0.19375 0.13888888906250002 0.18046875 0.11944444375 0.171875 0.1111111109375 0.16171875 0.10833333281249999 0.1515625 0.1111111109375 0.1484375 0.11944444375 0.1453125 0.1291666671875 0.14765625 0.1625 0.1578125 0.1833333328125 0.175 0.184722221875 0.18203125 0.19444444375 0.1890625 0.19583333281249998 0.19453125 0.19305555624999998 0.19765625 0.18194444375000002
7 0.9546875 0.2236111109375 0.9625 0.22916666718749998 0.96484375 0.215277778125 0.9703125 0.20277777812500003 0.965625 0.19444444375 0.92890625 0.16944444375 0.9203125 0.16805555625 0.91875 0.172222221875 0.91796875 0.1875 0.92421875 0.20138888906250002 0.92578125 0.2166666671875 0.93515625 0.2388888890625 0.94375 0.2388888890625 0.95 0.23055555625 0.95390625 0.23055555625 0.9546875 0.2236111109375
7 0.93828125 0.12222222187500001 0.9265625 0.125 0.92578125 0.13055555624999998 0.9390625 0.14305555625 0.95546875 0.1458333328125 0.9765625 0.15972222187500001 0.9796875 0.15555555625 0.9765625 0.14305555625 0.96015625 0.13194444375 0.93828125 0.12222222187500001
7 0.33046875 0.16944444375 0.34375 0.1583333328125 0.3453125 0.1513888890625 0.35390625 0.1513888890625 0.3625 0.14444444375 0.36875 0.147222221875 0.36875 0.10833333281249999 0.38046875 0.0986111109375 0.3796875 0.0388888890625 0.375 0.0375 0.3640625 0.04444444375 0.35546875 0.055555556250000006 0.34296875 0.052777778124999994 0.3375 0.058333332812500006 0.33359375 0.058333332812500006 0.328125 0.04305555625 0.28671875 0.05 0.28125 0.05694444375 0.28046875 0.0791666671875 0.27578125 0.097222221875 0.275 0.165277778125 0.28046875 0.16944444375 0.28203125 0.1763888890625 0.296875 0.17361111093749998 0.3015625 0.1888888890625 0.30625 0.19444444375 0.32421875 0.19305555624999998 0.33046875 0.16944444375
7 0.42890625 0.1763888890625 0.43828125 0.15555555625 0.44140625 0.13194444375 0.43984375 0.10833333281249999 0.4421875 0.102777778125 0.4421875 0.0875 0.4453125 0.08055555625000001 0.4515625 0.08055555625000001 0.4578125 0.09305555625 0.45546875 0.127777778125 0.45625 0.17361111093749998 0.4578125 0.177777778125 0.4625 0.177777778125 0.46875 0.16805555625 0.4765625 0.13888888906250002 0.478125 0.10694444375 0.47578125 0.047222221875 0.46796875 0.009722221875000001 0.43046875 0.00555555625 0.39609375 0.019444443750000002 0.38984375 0.026388889062499997 0.38828125 0.04444444375 0.38984375 0.08055555625000001 0.3875 0.10694444375 0.3953125 0.13333333281249998 0.39375 0.15277777812499999 0.39921875 0.16388888906250001 0.4 0.17916666718750002 0.41796875 0.1833333328125 0.42890625 0.1763888890625
7 0.78984375 0.1513888890625 0.79296875 0.147222221875 0.79296875 0.125 0.790625 0.1208333328125 0.7875 0.12222222187500001 0.78203125 0.13888888906250002 0.78984375 0.1513888890625
7 0.79296875 0.097222221875 0.79296875 0.10694444375 0.796875 0.10138888906250001 0.796875 0.097222221875 0.79296875 0.097222221875
7 0.7453125 0.1583333328125 0.7625 0.15972222187500001 0.76875 0.1513888890625 0.77109375 0.0888888890625 0.76875 0.08194444375 0.75078125 0.075 0.7484375 0.0861111109375 0.7453125 0.1583333328125
7 0.7390625 0.06944444375 0.69296875 0.047222221875 0.6796875 0.0458333328125 0.67734375 0.047222221875 0.6765625 0.055555556250000006 0.67734375 0.10138888906250001 0.6859375 0.10555555624999999 0.6953125 0.1291666671875 0.70625 0.140277778125 0.7171875 0.14444444375 0.7265625 0.15555555625 0.73671875 0.15555555625 0.7390625 0.06944444375