2 0.0140625 0.47083333281249995 0.01875 0.477777778125 0.025 0.477777778125 0.0328125 0.46666666718750005 0.0296875 0.4458333328125 0.02265625 0.425 0.01328125 0.43194444374999996 0.0140625 0.47083333281249995
1 0.36875 0.2791666671875 0.375 0.28611111093749997 0.38828125 0.28055555625 0.40078125 0.2888888890625 0.4015625 0.28055555625 0.3875 0.26527777812500003 0.38515625 0.25694444375000003 0.3828125 0.10555555624999999 0.3796875 0.1 0.3734375 0.1 0.36953125 0.10555555624999999 0.371875 0.1111111109375 0.371875 0.1416666671875 0.36953125 0.1458333328125 0.371875 0.1583333328125 0.371875 0.2541666671875 0.35703125 0.2541666671875 0.36015625 0.25555555625 0.3631990140625 0.269078946875 0.36640625 0.2708333328125 0.36875 0.2791666671875
1 0.45234375 0.25 0.46875 0.2513888890625 0.46875 0.24305555625 0.4546875 0.23333333281250002 0.4515625 0.21805555625 0.45234375 0.17916666718750002 0.4546875 0.172222221875 0.45390625 0.08333333281250001 0.44453125 0.08055555625000001 0.44140625 0.0916666671875 0.44140625 0.20972222187499998 0.4390625 0.22638888906250001 0.42734375 0.22638888906250001 0.42734375 0.23055555625 0.43359375 0.22777777812500002 0.43125 0.2375 0.4375 0.24305555625 0.45234375 0.25
6 0.63515625 0.2208333328125 0.6328125 0.2125 0.63671875 0.20416666718749998 0.6328125 0.20138888906250002 0.628125 0.1888888890625 0.60625 0.1763888890625 0.59765625 0.15972222187500001 0.5765625 0.15972222187500001 0.5703125 0.16944444375 0.5671875 0.1861111109375 0.56796875 0.2236111109375 0.58203125 0.24722222187499998 0.603125 0.259722221875 0.6515625 0.25833333281250004 0.65625 0.2541666671875 0.6546875 0.23055555625 0.6484375 0.2236111109375 0.63515625 0.2208333328125
7 0.9796875 0.34027777812500004 0.99921875 0.33888888906250003 0.99921875 0.2666666671875 0.99453125 0.259722221875 0.98671875 0.259722221875 0.9828125 0.275 0.98046875 0.30416666718749996 0.9796875 0.34027777812500004
7 0.96953125 0.24583333281250003 0.9421875 0.23194444375 0.92734375 0.23333333281250002 0.91328125 0.25694444375000003 0.9078125 0.28611111093749997 0.90703125 0.29444444375 0.9203125 0.322222221875 0.925 0.32777777812500003 0.940625 0.33055555625 0.94921875 0.3513888890625 0.95703125 0.35555555625 0.96640625 0.30694444375 0.96953125 0.24583333281250003
7 0.88671875 0.28055555625 0.90625 0.27638888906250003 0.9109375 0.2666666671875 0.9140625 0.2486111109375 0.9265625 0.23055555625 0.915625 0.18194444375000002 0.9109375 0.17361111093749998 0.890625 0.1583333328125 0.86875 0.1541666671875 0.85390625 0.1583333328125 0.8421875 0.1541666671875 0.81875 0.15694444375 0.81953125 0.1833333328125 0.83359375 0.20416666718749998 0.8484375 0.2166666671875 0.85 0.23472222187499997 0.8546875 0.2416666671875 0.878125 0.25833333281250004 0.88203125 0.27638888906250003 0.88671875 0.28055555625
7 0.8390625 0.1208333328125 0.8375 0.125 0.8390625 0.15 0.84375 0.15277777812499999 0.85234375 0.15555555625 0.86875 0.1513888890625 0.88984375 0.15555555625 0.88671875 0.147222221875 0.85078125 0.1208333328125 0.8390625 0.1208333328125
7 0.96640625 0.11805555625 0.96328125 0.102777778125 0.9625 0.11805555625 0.96640625 0.11805555625
7 0.95390625 0.102777778125 0.95390625 0.0888888890625 0.95078125 0.08055555625000001 0.93515625 0.07083333281250001 0.9203125 0.072222221875 0.90625 0.08194444375 0.90234375 0.09305555625 0.90625 0.10138888906250001 0.90546875 0.11805555625 0.9203125 0.127777778125 0.9265625 0.127777778125 0.9328125 0.1208333328125 0.95 0.11944444375 0.95390625 0.102777778125
7 0.8609375 0.07083333281250001 0.85703125 0.07638888906249999 0.85625 0.08055555625000001 0.8765625 0.10555555624999999 0.88828125 0.11388888906250001 0.89765625 0.1111111109375 0.89765625 0.0861111109375 0.89375 0.077777778125 0.87265625 0.07083333281250001 0.8609375 0.07083333281250001
7 0.99921875 0.22777777812500002 0.99296875 0.2208333328125 0.98828125 0.23333333281250002 0.98828125 0.2541666671875 0.99921875 0.25555555625 0.99921875 0.22777777812500002
7 0.99140625 0.172222221875 0.98984375 0.177777778125 0.99375 0.184722221875 0.99609375 0.1763888890625 0.99140625 0.172222221875
7 0.97421875 0.20555555625 0.96953125 0.197222221875 0.92890625 0.16944444375 0.9203125 0.16805555625 0.91875 0.172222221875 0.91796875 0.1861111109375 0.9265625 0.2125 0.9296875 0.215277778125 0.93046875 0.22777777812500002 0.95859375 0.23611111093749998 0.96796875 0.24305555625 0.971875 0.240277778125 0.97421875 0.20555555625
7 0.9796875 0.1671875 0.00078125 0.0015625
7 0.9640625 0.13888888906250002 0.9609375 0.13333333281249998 0.93515625 0.12222222187500001 0.92734375 0.125 0.925 0.1291666671875 0.93828125 0.140277778125 0.94765625 0.14305555625 0.9515625 0.1513888890625 0.97890625 0.16388888906250001 0.9796875 0.15277777812499999 0.9765625 0.1458333328125 0.9640625 0.13888888906250002
7 0.8484375 0.23472222187499997 0.84140625 0.222222221875 0.83203125 0.2166666671875 0.8296875 0.1986111109375 0.81953125 0.1916666671875 0.8171875 0.177777778125 0.81875 0.190277778125 0.8125 0.19305555624999998 0.81015625 0.25555555625 0.81640625 0.25555555625 0.8171875 0.26527777812500003 0.82421875 0.275 0.8359375 0.2708333328125 0.84140625 0.27777777812500004 0.84765625 0.26527777812500003 0.8484375 0.23472222187499997
7 0.76796875 0.15555555625 0.759375 0.15277777812499999 0.7484375 0.1611111109375 0.7375 0.184722221875 0.7359375 0.20694444375 0.7390625 0.222222221875 0.74375 0.22638888906250001 0.753125 0.222222221875 0.76796875 0.22638888906250001 0.76875 0.19583333281249998 0.775 0.1875 0.76796875 0.15555555625
7 0.77890625 0.24305555625 0.78046875 0.2541666671875 0.7859375 0.25694444375000003 0.790625 0.240277778125 0.79453125 0.1458333328125 0.7859375 0.13888888906250002 0.78125 0.15555555625 0.77890625 0.24305555625
7 0.7890625 0.09444444375 0.7875 0.0986111109375 0.79296875 0.109722221875 0.7953125 0.097222221875 0.7890625 0.09444444375
7 0.75078125 0.072222221875 0.7453125 0.075 0.74453125 0.1541666671875 0.7546875 0.15555555625 0.75703125 0.1513888890625 0.76640625 0.15 0.76875 0.147222221875 0.7703125 0.127777778125 0.76875 0.08333333281250001 0.75078125 0.072222221875
7 0.74140625 0.16805555625 0.73515625 0.1611111109375 0.7375 0.14305555625 0.73671875 0.1111111109375 0.74140625 0.072222221875 0.72421875 0.058333332812500006 0.70078125 0.055555556250000006 0.6828125 0.04444444375 0.67734375 0.047222221875 0.6765625 0.058333332812500006 0.6765625 0.1 0.6859375 0.10555555624999999 0.69140625 0.11388888906250001 0.69296875 0.1291666671875 0.69921875 0.1416666671875 0.72734375 0.15972222187500001 0.73046875 0.165277778125 0.74140625 0.16805555625
4 0.64921875 0.09305555625 0.64375 0.0958333328125 0.6421875 0.1263888890625 0.6453125 0.13055555624999998 0.64609375 0.140277778125 0.64375 0.1583333328125 0.6484375 0.15972222187500001 0.6546875 0.15555555625 0.6546875 0.109722221875 0.64921875 0.09305555625
4 0.096875 0.0375 0.09453125 0.034722221875 0.08984375 0.06805555625000001 0.09296875 0.08333333281250001 0.09375 0.13194444375 0.096875 0.134722221875 0.09921875 0.1263888890625 0.0984375 0.072222221875 0.0953125 0.0486111109375 0.096875 0.0375
4 0.2296875 0.18194444375000002 0.2296875 0.19305555624999998 0.22421875 0.20138888906250002 0.2234375 0.20833333281250002 0.2234375 0.27638888906250003 0.2265625 0.27777777812500004 0.23671875 0.26944444375 0.23671875 0.23055555625 0.240625 0.20555555625 0.23515625 0.19305555624999998 0.23515625 0.18055555625 0.2296875 0.18194444375000002
4 0.0625 0.127777778125 0.046875 0.147222221875 0.0453125 0.15694444375 0.04765625 0.1625 0.06015625 0.172222221875 0.05859375 0.1833333328125 0.06171875 0.19444444375 0.075 0.1916666671875 0.0734375 0.1291666671875 0.0625 0.127777778125
4 0.35546875 0.15972222187500001 0.3578125 0.16388888906250001 0.36328125 0.16388888906250001 0.36640625 0.15972222187500001 0.36875 0.1208333328125 0.3625 0.1 0.3546875 0.10555555624999999 0.35546875 0.15972222187500001