2 0.41944444374999995 0.975 0.4625 0.975 0.46944444374999994 0.96953125 0.46527777812500004 0.95703125 0.447222221875 0.953125 0.4388888890625 0.9609375 0.41944444374999995 0.96484375 0.41944444374999995 0.975
1 0.10694444375 0.61328125 0.102777778125 0.6265625 0.1166666671875 0.6296875 0.1513888890625 0.62734375 0.252777778125 0.62734375 0.259722221875 0.63125 0.2611111109375 0.640625 0.26527777812500003 0.640625 0.27638888906250003 0.62890625 0.2888888890625 0.62421875 0.2833333328125 0.6140625 0.290277778125 0.60546875 0.2833333328125 0.6046875 0.2638888890625 0.6125 0.240277778125 0.61484375 0.1111111109375 0.6125 0.10694444375 0.61328125
1 0.0875 0.55703125 0.2166666671875 0.5578125 0.22777777812500002 0.56171875 0.22638888906250001 0.56953125 0.23194444375 0.5703125 0.24305555625 0.5609375 0.2513888890625 0.53203125 0.24305555625 0.53125 0.23611111093749998 0.54296875 0.2166666671875 0.54765625 0.1708333328125 0.54375 0.15555555625 0.54375 0.15 0.54609375 0.084722221875 0.5453125 0.0875 0.55703125
6 0.21944444375 0.23984375 0.215277778125 0.2359375 0.2138888890625 0.2390625 0.197222221875 0.24453125 0.1916666671875 0.25 0.190277778125 0.26328125 0.17916666718750002 0.2671875 0.1583333328125 0.26953125 0.15 0.29453125 0.15 0.30859375 0.165277778125 0.31875 0.1666666671875 0.3296875 0.1763888890625 0.33359375 0.16944444375 0.3390625 0.17361111093749998 0.33828125 0.17916666718750002 0.34375 0.2138888890625 0.34453125 0.2375 0.3390625 0.24305555625 0.334375 0.240277778125 0.31796875 0.24722222187499998 0.30234375 0.272222221875 0.29765625 0.2833333328125 0.29140625 0.28472222187499996 0.2796875 0.2708333328125 0.2703125 0.2791666671875 0.26171875 0.27777777812500004 0.240625 0.272222221875 0.23671875 0.2416666671875 0.2359375 0.21944444375 0.23984375
6 0.184722221875 0.37890625 0.17361111093749998 0.39375 0.15972222187500001 0.4015625 0.15972222187500001 0.42265625 0.18055555625 0.43125 0.19583333281249998 0.43359375 0.22638888906250001 0.43125 0.22916666718749998 0.42734375 0.240277778125 0.4234375 0.24722222187499998 0.4109375 0.25555555625 0.40625 0.259722221875 0.3828125 0.25833333281250004 0.35 0.2541666671875 0.34375 0.23055555625 0.34453125 0.21805555625 0.365625 0.20277777812500003 0.3625 0.1888888890625 0.36484375 0.184722221875 0.37890625
7 0.27777777812500004 0.07578125 0.26805555625 0.06953125 0.23333333281250002 0.06953125 0.2236111109375 0.07421875 0.1833333328125 0.08359375 0.172222221875 0.090625 0.15555555625 0.11484375 0.1541666671875 0.12265625 0.15555555625 0.14296875 0.15972222187500001 0.14765625 0.15555555625 0.153125 0.15555555625 0.18046875 0.172222221875 0.184375 0.19305555624999998 0.1859375 0.20138888906250002 0.1828125 0.21944444375 0.18125 0.22916666718749998 0.175 0.23055555625 0.16875 0.21805555625 0.1625 0.21944444375 0.153125 0.23611111093749998 0.14921875 0.25833333281250004 0.12109375 0.27638888906250003 0.11796875 0.28055555625 0.11328125 0.27638888906250003 0.1046875 0.2791666671875 0.08046875 0.27777777812500004 0.07578125
7 0.21805555625 0.00703125 0.23611111093749998 0.01171875 0.26805555625 0.0109375 0.26944444375 0.00078125 0.2208333328125 0.00078125 0.21805555625 0.00703125
7 0.172222221875 0.08046875 0.1888888890625 0.08125 0.19444444375 0.07734375 0.2166666671875 0.0703125 0.23055555625 0.06953125 0.2388888890625 0.06484375 0.240277778125 0.053125 0.23611111093749998 0.04765625 0.25 0.03046875 0.2388888890625 0.0265625 0.215277778125 0.02421875 0.2 0.028125 0.16944444375 0.071875 0.16805555625 0.0765625 0.172222221875 0.08046875
7 0.1375 0.06640625 0.14444444375 0.05234375 0.15 0.04921875 0.15972222187500001 0.021875 0.1458333328125 0.025 0.13055555624999998 0.04453125 0.125 0.06484375 0.13333333281249998 0.06796875 0.13055555624999998 0.07109375 0.125 0.0703125 0.1263888890625 0.07265625 0.1291666671875 0.07421875 0.1375 0.06640625
7 0.09444444375 0.20234375 0.09305555625 0.21171875 0.1041666671875 0.2109375 0.1166666671875 0.20625 0.1166666671875 0.20390625 0.09444444375 0.20234375
7 0.10694444375 0.2109375 0.109722221875 0.2140625 0.127777778125 0.21484375 0.13888888906250002 0.21953125 0.14305555625 0.215625 0.15277777812499999 0.2140625 0.1541666671875 0.21015625 0.1513888890625 0.20703125 0.14305555625 0.20546875 0.11944444375 0.20625 0.1166666671875 0.203125 0.0958333328125 0.2015625 0.09305555625 0.2125 0.10694444375 0.2109375
7 0.08055555625000001 0.2328125 0.072222221875 0.246875 0.075 0.25078125 0.1583333328125 0.2546875 0.15972222187500001 0.23515625 0.1541666671875 0.23125 0.13888888906250002 0.22890625 0.09305555625 0.22890625 0.08055555625000001 0.2328125
7 0.054166667187499996 0.16328125 0.0568452375 0.1580078125 0.05 0.1625 0.054166667187499996 0.16328125
7 0.0666666671875 0.16328125 0.06944444375 0.15703125 0.058333332812500006 0.15703125 0.057051281249999995 0.157872596875 0.0666666671875 0.16328125
7 0.047222221875 0.32109375 0.058333332812500006 0.3234375 0.1 0.3234375 0.10694444375 0.3140625 0.11944444375 0.30859375 0.13055555624999998 0.30859375 0.14305555625 0.2953125 0.147222221875 0.28203125 0.15555555625 0.2734375 0.1583333328125 0.265625 0.1541666671875 0.26328125 0.06944444375 0.26015625 0.058333332812500006 0.278125 0.054166667187499996 0.30078125 0.04444444375 0.31796875 0.047222221875 0.32109375