2 0.5791666671875 0.0359375 0.58194444375 0.02578125 0.5763888890625 0.02421875 0.5333333328125 0.0265625 0.5305555562500001 0.03203125 0.534722221875 0.0421875 0.5513888890625 0.04375 0.5611111109375 0.0375 0.5791666671875 0.0359375
1 0.8888888890625 0.38671875 0.89444444375 0.38359375 0.897222221875 0.375 0.8833333328125 0.3703125 0.8486111109375001 0.37265625 0.747222221875 0.37265625 0.7402777781250001 0.36875 0.7388888890625 0.359375 0.734722221875 0.359375 0.727777778125 0.36796875 0.7138888890625 0.375 0.7111111109375 0.3796875 0.7166666671875 0.3859375 0.709722221875 0.39453125 0.7166666671875 0.3953125 0.7375 0.3875 0.75555555625 0.3859375 0.8888888890625 0.38671875
1 0.8291666671875 0.45625 0.8444444437499999 0.45625 0.8513888890624999 0.45390625 0.915277778125 0.4546875 0.9138888890624999 0.44375 0.909722221875 0.44296875 0.7833333328125 0.4421875 0.772222221875 0.43828125 0.7736111109375 0.43125 0.76944444375 0.4296875 0.7611111109375 0.4328125 0.75 0.45546875 0.7486111109375 0.4609375 0.7611111109375 0.4609375 0.7597222218749999 0.46640625 0.7486111109375 0.46796875 0.7569444437499999 0.46875 0.777777778125 0.45390625 0.815277778125 0.45390625 0.8291666671875 0.45625
6 0.7833333328125 0.7625 0.8055555562500001 0.75234375 0.8083333328125001 0.73828125 0.8125 0.73515625 0.8416666671874999 0.73046875 0.85 0.69140625 0.8333333328125001 0.68046875 0.8333333328125001 0.671875 0.8222222218749999 0.665625 0.8208333328125 0.65625 0.7819444437499999 0.65625 0.7583333328124999 0.6640625 0.7583333328124999 0.6859375 0.752777778125 0.69765625 0.727777778125 0.70234375 0.715277778125 0.71171875 0.7166666671875 0.721875 0.727777778125 0.7296875 0.7208333328125 0.73828125 0.722222221875 0.76171875 0.73194444375 0.7640625 0.7611111109375 0.7640625 0.7763888890625 0.7609375 0.7833333328125 0.7625
6 0.8166666671874999 0.61953125 0.8263888890625 0.60625 0.840277778125 0.5984375 0.8388888890624999 0.57578125 0.8194444437499999 0.56875 0.8027777781250001 0.56640625 0.7819444437499999 0.5671875 0.7569444437499999 0.57734375 0.75555555625 0.584375 0.7416666671875001 0.59765625 0.7402777781250001 0.60546875 0.7416666671875001 0.65 0.7486111109375 0.65703125 0.7638888890625 0.65703125 0.7708333328125 0.6546875 0.7819444437499999 0.634375 0.79444444375 0.6375 0.8111111109375001 0.63671875 0.8166666671874999 0.61953125
7 0.8458333328125001 0.8921875 0.852777778125 0.88984375 0.8486111109375001 0.88359375 0.8541666671874999 0.88203125 0.86944444375 0.8671875 0.8791666671874999 0.85 0.8763888890624999 0.8421875 0.86944444375 0.84296875 0.8652777781250001 0.83828125 0.8486111109375001 0.84375 0.8458333328125001 0.8921875
7 0.8819444437499999 0.9671875 0.897222221875 0.975 0.9138888890624999 0.9625 0.88055555625 0.96328125 0.8819444437499999 0.9671875
7 0.88055555625 0.94921875 0.9 0.9546875 0.91805555625 0.953125 0.9277777781250001 0.93828125 0.9277777781250001 0.92421875 0.922222221875 0.91328125 0.9138888890624999 0.90703125 0.88055555625 0.90625 0.8708333328125001 0.9234375 0.8736111109375001 0.93984375 0.88055555625 0.94921875
7 0.9291666671875 0.871875 0.9291666671875 0.8625 0.922222221875 0.85703125 0.91944444375 0.85625 0.897222221875 0.875 0.8861111109375001 0.8890625 0.8861111109375001 0.8953125 0.91944444375 0.89765625 0.9291666671875 0.871875
7 0.7333333328125 0.93046875 0.7666666671875 0.93046875 0.7736111109375 0.9265625 0.8166666671874999 0.91640625 0.827777778125 0.909375 0.8444444437499999 0.8859375 0.8458333328125001 0.875 0.8444444437499999 0.85703125 0.8388888890624999 0.85234375 0.8444444437499999 0.84140625 0.8444444437499999 0.81953125 0.83194444375 0.81640625 0.80694444375 0.8140625 0.7986111109375 0.81796875 0.777777778125 0.81953125 0.7708333328125 0.825 0.772222221875 0.834375 0.7819444437499999 0.83671875 0.7805555562500001 0.846875 0.7638888890625 0.85078125 0.7416666671875001 0.87890625 0.7236111109375 0.88203125 0.7194444437499999 0.88671875 0.7236111109375 0.89609375 0.7208333328125 0.921875 0.7333333328125 0.93046875
7 0.7208333328125 0.99296875 0.722222221875 0.99921875 0.7805555562500001 0.99921875 0.7819444437499999 0.99296875 0.76805555625 0.9890625 0.73194444375 0.9875 0.7208333328125 0.99296875
7 0.8111111109375001 0.91875 0.790277778125 0.9296875 0.76944444375 0.93046875 0.7611111109375 0.93515625 0.7597222218749999 0.95703125 0.752777778125 0.96875 0.75555555625 0.971875 0.7736111109375 0.975 0.79444444375 0.975 0.7986111109375 0.97265625 0.81805555625 0.94921875 0.83194444375 0.925 0.83055555625 0.9203125 0.8111111109375001 0.91875
7 0.86944444375 0.9546875 0.875 0.94140625 0.8736111109375001 0.9265625 0.8708333328125001 0.92578125 0.85 0.9515625 0.8388888890624999 0.975 0.8416666671874999 0.9796875 0.8541666671874999 0.97578125 0.86944444375 0.9546875
7 0.8861111109375001 0.79296875 0.8861111109375001 0.78671875 0.8680555562500001 0.784375 0.8611111109375 0.77890625 0.8583333328125 0.78359375 0.847222221875 0.78671875 0.847222221875 0.7921875 0.8666666671875 0.7953125 0.8819444437499999 0.79296875 0.8847222218749999 0.796875 0.902777778125 0.7984375 0.9069444437499999 0.79609375 0.9069444437499999 0.7875 0.8861111109375001 0.79296875
7 0.9277777781250001 0.75 0.8416666671874999 0.7453125 0.840277778125 0.7640625 0.8444444437499999 0.76875 0.8611111109375 0.77109375 0.9055555562500001 0.77109375 0.91944444375 0.76640625 0.9277777781250001 0.75
7 0.952777778125 0.67890625 0.940277778125 0.6765625 0.9055555562500001 0.67578125 0.8958333328125001 0.68125 0.890277778125 0.6890625 0.88055555625 0.6921875 0.8708333328125001 0.69140625 0.859722221875 0.7015625 0.852777778125 0.71796875 0.8444444437499999 0.72578125 0.8444444437499999 0.7359375 0.9305555562500001 0.7390625 0.9416666671874999 0.721875 0.9458333328125 0.69921875 0.95555555625 0.68203125 0.952777778125 0.67890625