2 0.575 0.0234375 0.575 0.01875 0.56805555625 0.01328125 0.5291666671875 0.0140625 0.5236111109375 0.01640625 0.522222221875 0.025 0.5333333328125 0.0328125 0.5541666671875001 0.0296875 0.575 0.0234375
1 0.74444444375 0.35625 0.74444444375 0.36015625 0.730921053125 0.3631990140625 0.7291666671875 0.36640625 0.7208333328125 0.36875 0.7138888890625 0.375 0.7194444437499999 0.3875 0.7111111109375 0.40078125 0.7194444437499999 0.4015625 0.74444444375 0.38515625 0.8958333328125001 0.3828125 0.9 0.37578125 0.89444444375 0.3703125 0.7513888890625 0.371875 0.74444444375 0.35625
1 0.915277778125 0.45390625 0.91944444375 0.4515625 0.91944444375 0.44453125 0.915277778125 0.4421875 0.7861111109375 0.44140625 0.7708333328125 0.4375 0.7736111109375 0.42734375 0.76944444375 0.42734375 0.7611111109375 0.43125 0.7569444437499999 0.4375 0.75 0.45234375 0.7486111109375 0.46875 0.7583333328124999 0.46796875 0.765277778125 0.45546875 0.7819444437499999 0.4515625 0.8208333328125 0.45234375 0.827777778125 0.4546875 0.915277778125 0.45390625
7 0.85694444375 0.88046875 0.86944444375 0.86640625 0.872222221875 0.85625 0.8791666671874999 0.85078125 0.877777778125 0.83828125 0.8680555562500001 0.83671875 0.85 0.8390625 0.8444444437499999 0.84921875 0.85 0.88203125 0.85694444375 0.88046875
7 0.909722221875 0.89765625 0.91944444375 0.89609375 0.9291666671875 0.87265625 0.9291666671875 0.8609375 0.9236111109375 0.85625 0.91944444375 0.85546875 0.8958333328125001 0.875 0.8861111109375001 0.89375 0.9013888890624999 0.89453125 0.909722221875 0.89765625
7 0.8263888890625 0.9109375 0.840277778125 0.89296875 0.8458333328125001 0.86953125 0.8444444437499999 0.85546875 0.840277778125 0.85234375 0.8458333328125001 0.8421875 0.8444444437499999 0.8203125 0.8166666671874999 0.81953125 0.7958333328125 0.83359375 0.7833333328125 0.8484375 0.7666666671875 0.85 0.7583333328124999 0.8546875 0.7416666671875001 0.878125 0.7236111109375 0.88203125 0.7208333328125 0.88515625 0.7236111109375 0.90625 0.7333333328125 0.9109375 0.7513888890625 0.9140625 0.76944444375 0.9265625 0.81805555625 0.915625 0.8263888890625 0.9109375
7 0.6611111109375 0.99921875 0.73194444375 0.99921875 0.7416666671875001 0.9921875 0.7416666671875001 0.9875 0.7236111109375 0.9828125 0.659722221875 0.97890625 0.6611111109375 0.99921875
7 0.7388888890625 0.9125 0.7111111109375 0.9078125 0.7 0.909375 0.672222221875 0.925 0.66944444375 0.94375 0.665277778125 0.94765625 0.6486111109375 0.95078125 0.64444444375 0.9578125 0.6583333328125 0.96171875 0.70694444375 0.96796875 0.7541666671875 0.96953125 0.76805555625 0.9421875 0.76805555625 0.93046875 0.765277778125 0.92578125 0.7388888890625 0.9125
7 0.8986111109375001 0.90625 0.8819444437499999 0.90546875 0.8736111109375001 0.9171875 0.872222221875 0.92734375 0.8791666671874999 0.93125 0.88055555625 0.94921875 0.8986111109375001 0.95390625 0.9166666671874999 0.95234375 0.9277777781250001 0.93828125 0.9291666671875 0.9265625 0.91805555625 0.90625 0.9055555562500001 0.9015625 0.8986111109375001 0.90625
7 0.7430555562500001 0.99296875 0.74444444375 0.99921875 0.7736111109375 0.99921875 0.777777778125 0.9921875 0.765277778125 0.98828125 0.747222221875 0.9875 0.7430555562500001 0.99296875
7 0.8194444437499999 0.99375 0.8222222218749999 0.99453125 0.8263888890625 0.99375 0.8194444437499999 0.99375
7 0.7916666671875 0.92890625 0.772222221875 0.93046875 0.7638888890625 0.959375 0.7569444437499999 0.96796875 0.7597222218749999 0.971875 0.79444444375 0.97421875 0.8027777781250001 0.96953125 0.83055555625 0.92890625 0.83055555625 0.91953125 0.8125 0.91875 0.7958333328125 0.92421875 0.7916666671875 0.92890625
7 0.85694444375 0.946875 0.8444444437499999 0.95859375 0.8388888890624999 0.97265625 0.8388888890624999 0.978125 0.8430555562500001 0.9796875 0.8541666671874999 0.9765625 0.86944444375 0.95625 0.877777778125 0.9359375 0.8736111109375001 0.92578125 0.8708333328125001 0.925 0.85694444375 0.9421875 0.85694444375 0.946875
7 0.8263888890625 0.8171875 0.8166666671874999 0.81640625 0.8125 0.81875 0.8055555562500001 0.8125 0.74444444375 0.81015625 0.74444444375 0.81640625 0.734722221875 0.8171875 0.725 0.8234375 0.73055555625 0.83515625 0.7236111109375 0.8421875 0.734722221875 0.84765625 0.765277778125 0.8484375 0.7791666671875 0.8421875 0.7861111109375 0.83203125 0.79305555625 0.8328125 0.8041666671875 0.82734375 0.809722221875 0.8203125 0.8263888890625 0.8171875
7 0.7736111109375 0.74375 0.7791666671875 0.7546875 0.772222221875 0.76328125 0.7736111109375 0.76796875 0.8027777781250001 0.76875 0.8111111109375001 0.77734375 0.8291666671875 0.7703125 0.8430555562500001 0.76875 0.847222221875 0.76171875 0.8361111109375001 0.74609375 0.8138888890624999 0.73671875 0.7791666671875 0.7375 0.7736111109375 0.74375
7 0.75555555625 0.77890625 0.7458333328125 0.78046875 0.7430555562500001 0.7859375 0.765277778125 0.790625 0.7916666671875 0.790625 0.8041666671875 0.79296875 0.852777778125 0.79453125 0.859722221875 0.790625 0.8611111109375 0.7859375 0.852777778125 0.7828125 0.8138888890624999 0.7796875 0.7916666671875 0.78125 0.75555555625 0.77890625
7 0.8708333328125001 0.79140625 0.872222221875 0.78984375 0.86944444375 0.7890625 0.8708333328125001 0.79140625
7 0.902777778125 0.7953125 0.9041666671874999 0.79296875 0.9041666671874999 0.78828125 0.8916666671875 0.79296875 0.897222221875 0.7953125 0.902777778125 0.7953125
7 0.9166666671874999 0.76796875 0.9277777781250001 0.74765625 0.8819444437499999 0.74453125 0.8458333328125001 0.74453125 0.8444444437499999 0.75546875 0.85 0.76015625 0.85 0.76796875 0.86944444375 0.7703125 0.9166666671874999 0.76796875
7 0.9069444437499999 0.67578125 0.8888888890625 0.6890625 0.859722221875 0.69765625 0.834722221875 0.73046875 0.8361111109375001 0.7359375 0.83194444375 0.73984375 0.8430555562500001 0.73515625 0.9277777781250001 0.74140625 0.9416666671874999 0.7234375 0.9444444437499999 0.70234375 0.95555555625 0.68203125 0.952777778125 0.67734375 0.9444444437499999 0.6765625 0.9069444437499999 0.67578125
4 0.840277778125 0.66953125 0.8361111109375001 0.6703125 0.834722221875 0.67578125 0.8486111109375001 0.67890625 0.890277778125 0.68125 0.9069444437499999 0.675 0.902777778125 0.66953125 0.875 0.66875 0.85555555625 0.671875 0.8444444437499999 0.671875 0.840277778125 0.66953125
4 0.847222221875 0.34921875 0.8541666671874999 0.3546875 0.9083333328125001 0.35390625 0.9138888890624999 0.35078125 0.9041666671874999 0.34375 0.85 0.34296875 0.847222221875 0.34921875