2 0.46944444374999994 0.9703125 0.46805555625000006 0.9625 0.4583333328125 0.959375 0.42083333281249996 0.9640625 0.41944444374999995 0.975 0.4625 0.975 0.46944444374999994 0.9703125
1 0.1041666671875 0.61953125 0.1041666671875 0.6265625 0.115277778125 0.6296875 0.15 0.62734375 0.252777778125 0.62734375 0.259722221875 0.63125 0.2611111109375 0.640625 0.26527777812500003 0.640625 0.2708333328125 0.6328125 0.2888888890625 0.62265625 0.2833333328125 0.6140625 0.290277778125 0.60546875 0.2833333328125 0.6046875 0.259722221875 0.61328125 0.23472222187499997 0.61484375 0.109722221875 0.61328125 0.1041666671875 0.61953125
1 0.215277778125 0.546875 0.1708333328125 0.54375 0.15555555625 0.54375 0.14861111093749999 0.54609375 0.084722221875 0.5453125 0.0875 0.55703125 0.2166666671875 0.5578125 0.22777777812500002 0.56171875 0.22638888906250001 0.56875 0.23055555625 0.5703125 0.2388888890625 0.5671875 0.24305555625 0.56171875 0.25 0.54453125 0.2513888890625 0.5390625 0.2388888890625 0.53984375 0.240277778125 0.53359375 0.2513888890625 0.53203125 0.24305555625 0.53125 0.225 0.54609375 0.215277778125 0.546875
6 0.2236111109375 0.2390625 0.215277778125 0.2375 0.1916666671875 0.25 0.1916666671875 0.2625 0.18055555625 0.2671875 0.165277778125 0.26796875 0.15694444375 0.27109375 0.15 0.3078125 0.1666666671875 0.3203125 0.1666666671875 0.3296875 0.1763888890625 0.33359375 0.177777778125 0.33671875 0.172222221875 0.3390625 0.17916666718750002 0.34375 0.2138888890625 0.34453125 0.240277778125 0.3375 0.24305555625 0.309375 0.24722222187499998 0.303125 0.252777778125 0.3 0.272222221875 0.29765625 0.28194444375 0.2921875 0.28472222187499996 0.28046875 0.2708333328125 0.26953125 0.2791666671875 0.2609375 0.27777777812500004 0.23984375 0.272222221875 0.23671875 0.2388888890625 0.2359375 0.2236111109375 0.2390625
6 0.18055555625 0.43125 0.1986111109375 0.43359375 0.21805555625 0.4328125 0.24305555625 0.42265625 0.259722221875 0.39453125 0.25833333281250004 0.35078125 0.2513888890625 0.34296875 0.23055555625 0.34453125 0.21805555625 0.365625 0.20277777812500003 0.3625 0.190277778125 0.3640625 0.1763888890625 0.390625 0.15972222187500001 0.4015625 0.1611111109375 0.42421875 0.18055555625 0.43125
7 0.134722221875 0.16171875 0.1513888890625 0.15546875 0.1513888890625 0.12265625 0.14305555625 0.12265625 0.147222221875 0.1171875 0.15277777812499999 0.1171875 0.1541666671875 0.1078125 0.147222221875 0.11015625 0.1416666671875 0.125 0.134722221875 0.12734375 0.127777778125 0.1375 0.1208333328125 0.15 0.12222222187500001 0.16015625 0.134722221875 0.16171875
7 0.10138888906250001 0.0375 0.11805555625 0.03828125 0.1166666671875 0.0328125 0.1041666671875 0.0265625 0.0986111109375 0.02734375 0.09444444375 0.03203125 0.09444444375 0.03515625 0.10138888906250001 0.0375
7 0.125 0.05625 0.1166666671875 0.04921875 0.10555555624999999 0.04609375 0.0861111109375 0.04609375 0.072222221875 0.06171875 0.072222221875 0.07578125 0.084722221875 0.09296875 0.11944444375 0.09375 0.1263888890625 0.0859375 0.13055555624999998 0.0703125 0.125 0.05625
7 0.0916666671875 0.10234375 0.08055555625000001 0.10390625 0.07083333281250001 0.128125 0.07083333281250001 0.13671875 0.077777778125 0.14296875 0.08055555625000001 0.14375 0.102777778125 0.125 0.11388888906250001 0.1109375 0.11388888906250001 0.10546875 0.0916666671875 0.10234375
7 0.23194444375 0.06953125 0.22638888906250001 0.0734375 0.1833333328125 0.08359375 0.16944444375 0.09375 0.15555555625 0.11484375 0.15555555625 0.14375 0.16388888906250001 0.1484375 0.15972222187500001 0.15 0.15555555625 0.1609375 0.15555555625 0.18046875 0.17361111093749998 0.184375 0.1916666671875 0.1859375 0.2208333328125 0.18125 0.22638888906250001 0.178125 0.23055555625 0.16875 0.21805555625 0.1625 0.21944444375 0.153125 0.23611111093749998 0.14921875 0.25833333281250004 0.12109375 0.27638888906250003 0.11796875 0.28055555625 0.11328125 0.27638888906250003 0.10234375 0.2791666671875 0.078125 0.2638888890625 0.06875 0.23194444375 0.06953125
7 0.2791666671875 0.00703125 0.27777777812500004 0.00078125 0.2208333328125 0.00078125 0.21805555625 0.00703125 0.23194444375 0.0109375 0.26944444375 0.0125 0.2791666671875 0.00703125
7 0.172222221875 0.08046875 0.1916666671875 0.08046875 0.19583333281249998 0.0765625 0.21111111093749999 0.07421875 0.215277778125 0.0703125 0.23055555625 0.06953125 0.2388888890625 0.06484375 0.240277778125 0.03984375 0.25 0.03046875 0.22777777812500002 0.025 0.2125 0.02421875 0.20138888906250002 0.02734375 0.16944444375 0.07109375 0.16805555625 0.07734375 0.172222221875 0.08046875
7 0.13055555624999998 0.04453125 0.125 0.059375 0.1263888890625 0.07265625 0.13055555624999998 0.0734375 0.15 0.04765625 0.15972222187500001 0.0203125 0.1513888890625 0.0203125 0.1458333328125 0.0234375 0.13055555624999998 0.04453125
7 0.10694444375 0.209375 0.1111111109375 0.2140625 0.127777778125 0.21484375 0.134722221875 0.22109375 0.13888888906250002 0.22109375 0.14305555625 0.215625 0.15277777812499999 0.2140625 0.1541666671875 0.209375 0.14305555625 0.2046875 0.1166666671875 0.2046875 0.097222221875 0.2015625 0.09305555625 0.20390625 0.09444444375 0.2125 0.10694444375 0.209375
7 0.1375 0.22734375 0.13333333281249998 0.2296875 0.09305555625 0.22890625 0.08194444375 0.2328125 0.0736111109375 0.25 0.1583333328125 0.2546875 0.15972222187500001 0.2359375 0.15555555625 0.23125 0.14305555625 0.23046875 0.1375 0.22734375
7 0.04444444375 0.31796875 0.047222221875 0.32109375 0.058333332812500006 0.3234375 0.09305555625 0.325 0.1041666671875 0.31953125 0.109722221875 0.31171875 0.11805555625 0.30859375 0.13055555624999998 0.30859375 0.14305555625 0.29375 0.147222221875 0.28125 0.15555555625 0.27421875 0.1583333328125 0.265625 0.1541666671875 0.2625 0.06944444375 0.2609375 0.05694444375 0.2828125 0.054166667187499996 0.3 0.04444444375 0.31796875
4 0.34305555625 0.90625 0.35694444375 0.90703125 0.36805555624999997 0.9 0.352777778125 0.89765625 0.2708333328125 0.9 0.25555555625 0.9125 0.259722221875 0.91484375 0.29305555625 0.9171875 0.30694444375 0.9125 0.33055555625 0.91171875 0.34305555625 0.90625