1 0.23472222187499997 0.61484375 0.109722221875 0.61484375 0.102777778125 0.6203125 0.102777778125 0.62734375 0.1111111109375 0.63515625 0.10694444375 0.6453125 0.1166666671875 0.64453125 0.1111111109375 0.63359375 0.1583333328125 0.62734375 0.2541666671875 0.628125 0.259722221875 0.63125 0.259722221875 0.640625 0.2638888890625 0.6421875 0.2708333328125 0.6328125 0.2888888890625 0.62421875 0.2833333328125 0.61484375 0.2888888890625 0.60625 0.27777777812500004 0.60625 0.2638888890625 0.61328125 0.23472222187499997 0.61484375
1 0.2166666671875 0.5578125 0.22638888906250001 0.5625 0.22638888906250001 0.56875 0.23055555625 0.5703125 0.2388888890625 0.5671875 0.2513888890625 0.53984375 0.2388888890625 0.5390625 0.2388888890625 0.5375 0.23472222187499997 0.54375 0.215277778125 0.54765625 0.16944444375 0.54375 0.14861111093749999 0.54609375 0.0861111109375 0.5453125 0.08194444375 0.5484375 0.0861111109375 0.55703125 0.2166666671875 0.5578125
6 0.23611111093749998 0.2359375 0.2166666671875 0.23828125 0.19583333281249998 0.24609375 0.1875 0.26484375 0.1583333328125 0.26953125 0.15 0.29453125 0.15 0.309375 0.165277778125 0.3203125 0.1708333328125 0.3359375 0.16805555625 0.3390625 0.175 0.34375 0.2166666671875 0.34375 0.2208333328125 0.340625 0.2375 0.3375 0.24305555625 0.33125 0.2388888890625 0.3171875 0.24583333281250003 0.303125 0.252777778125 0.3 0.272222221875 0.2984375 0.28194444375 0.29296875 0.2833333328125 0.2796875 0.2708333328125 0.27109375 0.27777777812500004 0.2625 0.2736111109375 0.2375 0.23611111093749998 0.2359375
6 0.19444444375 0.3640625 0.184722221875 0.3734375 0.172222221875 0.3953125 0.15972222187500001 0.40234375 0.1611111109375 0.42421875 0.18055555625 0.43125 0.197222221875 0.43359375 0.21944444375 0.4328125 0.240277778125 0.4234375 0.24444444375000002 0.41484375 0.25694444375000003 0.4046875 0.25833333281250004 0.3484375 0.2513888890625 0.34296875 0.23611111093749998 0.34296875 0.22916666718749998 0.34609375 0.2236111109375 0.36328125 0.2166666671875 0.3671875 0.20972222187499998 0.3671875 0.20555555625 0.36328125 0.19444444375 0.3640625
7 0.15555555625 0.11328125 0.1458333328125 0.1125 0.1541666671875 0.10703125 0.147222221875 0.10859375 0.13055555624999998 0.1328125 0.1291666671875 0.14296875 0.12222222187500001 0.15078125 0.12222222187500001 0.15625 0.1263888890625 0.1578125 0.1375 0.16015625 0.15 0.15703125 0.15555555625 0.11328125
7 0.0916666671875 0.04140625 0.08055555625000001 0.0484375 0.072222221875 0.0609375 0.072222221875 0.07734375 0.084722221875 0.09296875 0.11944444375 0.09375 0.127777778125 0.08125 0.1263888890625 0.075 0.12222222187500001 0.0734375 0.11944444375 0.04765625 0.102777778125 0.0453125 0.097222221875 0.0421875 0.1 0.0375 0.11805555625 0.0375 0.10555555624999999 0.03125 0.097222221875 0.03125 0.0888888890625 0.03828125 0.0861111109375 0.0375 0.0916666671875 0.04140625
7 0.0916666671875 0.1015625 0.08055555625000001 0.10390625 0.07083333281250001 0.13046875 0.07083333281250001 0.1375 0.07638888906249999 0.1421875 0.08194444375 0.1421875 0.102777778125 0.125 0.11388888906250001 0.1109375 0.11388888906250001 0.1046875 0.0916666671875 0.1015625
7 0.27777777812500004 0.075 0.26805555625 0.06953125 0.23333333281250002 0.06953125 0.2236111109375 0.07421875 0.18055555625 0.084375 0.172222221875 0.090625 0.15555555625 0.11953125 0.15555555625 0.18046875 0.16805555625 0.18359375 0.19444444375 0.184375 0.21805555625 0.18203125 0.22777777812500002 0.1765625 0.22916666718749998 0.16875 0.21805555625 0.1625 0.21805555625 0.153125 0.23611111093749998 0.14921875 0.25555555625 0.12890625 0.25833333281250004 0.12109375 0.275 0.11875 0.28055555625 0.1140625 0.28055555625 0.10703125 0.27638888906250003 0.1046875 0.27777777812500004 0.075
7 0.28055555625 0.00625 0.27777777812500004 0.00078125 0.21944444375 0.00078125 0.21805555625 0.00703125 0.23472222187499997 0.01171875 0.2708333328125 0.0125 0.28055555625 0.00625
7 0.1888888890625 0.08203125 0.20277777812500003 0.075 0.2125 0.075 0.23611111093749998 0.0671875 0.240277778125 0.0625 0.23611111093749998 0.046875 0.24722222187499998 0.03125 0.24305555625 0.028125 0.21944444375 0.025 0.20277777812500003 0.0265625 0.16944444375 0.071875 0.16805555625 0.078125 0.17361111093749998 0.08125 0.1888888890625 0.08203125
7 0.15972222187500001 0.01953125 0.1458333328125 0.02265625 0.134722221875 0.03671875 0.12222222187500001 0.06640625 0.125 0.07421875 0.13055555624999998 0.075 0.14305555625 0.0625 0.1458333328125 0.0453125 0.1541666671875 0.0359375 0.15972222187500001 0.01953125
7 0.12222222187500001 0.2140625 0.13194444375 0.21484375 0.13888888906250002 0.21953125 0.1513888890625 0.21328125 0.1513888890625 0.2078125 0.12222222187500001 0.20703125 0.11805555625 0.21015625 0.12222222187500001 0.2140625
7 0.1 0.20234375 0.09305555625 0.20703125 0.09305555625 0.21171875 0.10694444375 0.2078125 0.1166666671875 0.20859375 0.1 0.20234375
7 0.15972222187500001 0.25390625 0.15972222187500001 0.2375 0.15277777812499999 0.23125 0.1416666671875 0.2296875 0.0916666671875 0.22890625 0.08194444375 0.23203125 0.075 0.246875 0.07638888906249999 0.25078125 0.0875 0.2515625 0.115277778125 0.2515625 0.15555555625 0.25546875 0.15972222187500001 0.25390625
7 0.09305555625 0.325 0.109722221875 0.3125 0.11944444375 0.309375 0.1291666671875 0.3109375 0.14305555625 0.29375 0.1458333328125 0.28203125 0.15555555625 0.2734375 0.15555555625 0.26328125 0.06944444375 0.26171875 0.059722221875 0.27578125 0.04444444375 0.31796875 0.0458333328125 0.32265625 0.054166667187499996 0.3234375 0.09305555625 0.325
4 0.34305555625 0.18125 0.309722221875 0.18125 0.27777777812500004 0.18984375 0.2833333328125 0.19375 0.2916666671875 0.1875 0.2958333328125 0.19453125 0.33055555625 0.19765625 0.39305555625 0.2 0.3916666671875 0.19453125 0.372222221875 0.19375 0.34305555625 0.18125
4 0.36666666718749996 0.83828125 0.377777778125 0.8359375 0.36805555624999997 0.83125 0.377777778125 0.821875 0.3638888890625 0.81953125 0.28055555625 0.8203125 0.2708333328125 0.82578125 0.25555555625 0.82734375 0.25555555625 0.83515625 0.26944444375 0.8328125 0.28055555625 0.83828125 0.36666666718749996 0.83828125