2 0.575 0.0234375 0.575 0.01875 0.56805555625 0.01328125 0.5291666671875 0.0140625 0.5236111109375 0.01640625 0.522222221875 0.025 0.5319444437499999 0.0328125 0.5527777781250001 0.03046875 0.575 0.0234375
1 0.86944444375 0.38515625 0.875 0.3828125 0.89444444375 0.3828125 0.9 0.3796875 0.89444444375 0.3703125 0.7458333328125 0.371875 0.7458333328125 0.35703125 0.7402777781250001 0.36171875 0.73194444375 0.36171875 0.734722221875 0.35625 0.7291666671875 0.36640625 0.7208333328125 0.36875 0.7138888890625 0.375 0.7194444437499999 0.3875 0.7111111109375 0.40078125 0.7194444437499999 0.4015625 0.74444444375 0.38515625 0.8027777781250001 0.3828125 0.86944444375 0.38515625
1 0.8208333328125 0.45234375 0.827777778125 0.4546875 0.9138888890624999 0.4546875 0.91944444375 0.453125 0.91944444375 0.4453125 0.9138888890624999 0.4421875 0.7833333328125 0.44140625 0.772222221875 0.4390625 0.7736111109375 0.4265625 0.76944444375 0.42578125 0.7666666671875 0.428125 0.772222221875 0.4296875 0.7708333328125 0.4375 0.7597222218749999 0.43203125 0.75 0.45234375 0.7486111109375 0.46875 0.7583333328124999 0.46796875 0.765277778125 0.45546875 0.7833333328125 0.4515625 0.8208333328125 0.45234375
7 0.6611111109375 0.99921875 0.73194444375 0.99921875 0.7388888890625 0.9953125 0.7416666671875001 0.98828125 0.7236111109375 0.9828125 0.659722221875 0.97890625 0.6611111109375 0.99921875
7 0.7138888890625 0.9078125 0.70555555625 0.90703125 0.6777777781250001 0.9203125 0.672222221875 0.925 0.66944444375 0.94296875 0.6569444437499999 0.946875 0.64444444375 0.95625 0.6513888890625 0.96015625 0.6888888890625 0.9640625 0.6972222218749999 0.9671875 0.7541666671875 0.96953125 0.76805555625 0.9421875 0.7666666671875 0.92734375 0.74444444375 0.9140625 0.7138888890625 0.9078125
7 0.83194444375 0.9046875 0.8444444437499999 0.88515625 0.8458333328125001 0.8609375 0.840277778125 0.853125 0.8444444437499999 0.84375 0.8444444437499999 0.81953125 0.8166666671874999 0.81953125 0.7958333328125 0.83359375 0.784722221875 0.84765625 0.765277778125 0.85 0.7583333328124999 0.8546875 0.7416666671875001 0.878125 0.725 0.88125 0.7208333328125 0.88515625 0.722222221875 0.90546875 0.7333333328125 0.9109375 0.7513888890625 0.9140625 0.76944444375 0.9265625 0.81805555625 0.915625 0.83194444375 0.9046875
7 0.9083333328125001 0.9625 0.8736111109375001 0.9625 0.8736111109375001 0.9671875 0.8888888890625 0.9703125 0.89305555625 0.97421875 0.902777778125 0.97421875 0.909722221875 0.96640625 0.9083333328125001 0.9625
7 0.8986111109375001 0.90625 0.8819444437499999 0.90546875 0.8791666671874999 0.9078125 0.8708333328125001 0.92890625 0.877777778125 0.93046875 0.8833333328125 0.9515625 0.9111111109375001 0.95390625 0.91944444375 0.95078125 0.9277777781250001 0.93828125 0.9291666671875 0.92734375 0.91805555625 0.90625 0.9041666671874999 0.9015625 0.8986111109375001 0.90625
7 0.7791666671875 0.9921875 0.7666666671875 0.98828125 0.747222221875 0.9875 0.74444444375 0.99921875 0.772222221875 0.99921875 0.7791666671875 0.9921875
7 0.76944444375 0.94609375 0.7569444437499999 0.96796875 0.7597222218749999 0.971875 0.79444444375 0.97421875 0.8027777781250001 0.96953125 0.83055555625 0.92890625 0.83055555625 0.91953125 0.809722221875 0.91953125 0.790277778125 0.9296875 0.772222221875 0.93125 0.76944444375 0.94609375
7 0.8361111109375001 0.975 0.8388888890624999 0.97890625 0.8486111109375001 0.9796875 0.8541666671874999 0.9765625 0.8666666671875 0.96015625 0.877777778125 0.9359375 0.8736111109375001 0.92578125 0.86944444375 0.92578125 0.85694444375 0.946875 0.8444444437499999 0.95625 0.8361111109375001 0.975
7 0.815277778125 0.81875 0.8263888890625 0.8171875 0.815277778125 0.81640625 0.80694444375 0.8125 0.74444444375 0.81015625 0.74444444375 0.81484375 0.73194444375 0.8171875 0.7291666671875 0.8203125 0.7291666671875 0.8375 0.7236111109375 0.84140625 0.734722221875 0.84765625 0.7666666671875 0.8484375 0.7708333328125 0.84453125 0.7805555562500001 0.8421875 0.7833333328125 0.8328125 0.8027777781250001 0.8296875 0.8055555562500001 0.82421875 0.815277778125 0.81875
7 0.7833333328125 0.73671875 0.777777778125 0.7390625 0.7736111109375 0.74453125 0.777777778125 0.75625 0.7708333328125 0.7640625 0.772222221875 0.7671875 0.8027777781250001 0.76875 0.8083333328125001 0.77421875 0.8138888890624999 0.775 0.8430555562500001 0.76796875 0.8458333328125001 0.75703125 0.834722221875 0.74609375 0.8166666671874999 0.7375 0.7833333328125 0.73671875
7 0.74444444375 0.78671875 0.7597222218749999 0.790625 0.80694444375 0.79375 0.85694444375 0.79375 0.8611111109375 0.7859375 0.8541666671874999 0.7828125 0.8138888890624999 0.7796875 0.7861111109375 0.78125 0.7569444437499999 0.77890625 0.74444444375 0.78125 0.74444444375 0.78671875
7 0.83359375 0.7390625 0.003125 0.003125
7 0.9277777781250001 0.74765625 0.8819444437499999 0.74453125 0.8444444437499999 0.7453125 0.85 0.76875 0.9166666671874999 0.76875 0.9277777781250001 0.74765625
7 0.9013888890624999 0.6765625 0.8888888890625 0.69140625 0.8666666671875 0.69453125 0.85694444375 0.7 0.8444444437499999 0.7140625 0.8333333328125001 0.7359375 0.8958333328125001 0.7375 0.9277777781250001 0.74140625 0.9416666671874999 0.72265625 0.9444444437499999 0.7015625 0.95555555625 0.68203125 0.9541666671875 0.67890625 0.9416666671874999 0.6765625 0.9013888890624999 0.6765625
7 0.8444444437499999 0.85390625 0.8486111109375001 0.8578125 0.85 0.88203125 0.85694444375 0.88046875 0.8652777781250001 0.87265625 0.872222221875 0.85625 0.8791666671874999 0.85078125 0.8791666671874999 0.83984375 0.875 0.83828125 0.8680555562500001 0.83671875 0.8486111109375001 0.83984375 0.8444444437499999 0.85390625
7 0.9 0.87109375 0.8861111109375001 0.89375 0.91944444375 0.89609375 0.9277777781250001 0.8796875 0.9277777781250001 0.859375 0.91944444375 0.85625 0.9 0.87109375
4 0.9333333328125001 0.13515625 0.89444444375 0.1359375 0.89305555625 0.14140625 0.89444444375 0.14375 0.91805555625 0.14296875 0.9416666671874999 0.1453125 0.95 0.1484375 0.9680555562500001 0.14375 0.975 0.146875 0.9791666671874999 0.14296875 0.9625 0.13359375 0.9375 0.1328125 0.9333333328125001 0.13515625
4 0.89444444375 0.58828125 0.91944444375 0.58671875 0.922222221875 0.58125 0.909722221875 0.5796875 0.902777778125 0.57578125 0.8819444437499999 0.575 0.8708333328125001 0.57890625 0.85694444375 0.57734375 0.85694444375 0.58203125 0.89444444375 0.58828125