0 0.00078125 0.659722221875 0.00078125 0.73194444375 0.00703125 0.7416666671875001 0.01328125 0.7402777781250001 0.0203125 0.684722221875 0.0203125 0.6569444437499999 0.00078125 0.659722221875
0 0.0875 0.7416666671875001 0.0921875 0.702777778125 0.08359375 0.690277778125 0.0796875 0.6777777781250001 0.075 0.672222221875 0.06484375 0.672222221875 0.0578125 0.6666666671875 0.05078125 0.6486111109375 0.04296875 0.64444444375 0.0328125 0.6958333328124999 0.0296875 0.752777778125 0.0578125 0.76805555625 0.06953125 0.76805555625 0.08125 0.75555555625 0.0875 0.7416666671875001
2 0.98671875 0.56805555625 0.9859375 0.5291666671875 0.98359375 0.5236111109375 0.975 0.522222221875 0.9671875 0.5333333328125 0.9703125 0.5541666671875001 0.97734375 0.575 0.98671875 0.56805555625
1 0.6265625 0.8986111109375001 0.6296875 0.89444444375 0.628125 0.7458333328125 0.64296875 0.7458333328125 0.63984375 0.74444444375 0.6368009859375 0.730921053125 0.63359375 0.7291666671875 0.63125 0.7208333328125 0.625 0.7138888890625 0.6125 0.7194444437499999 0.6 0.7111111109375 0.5984375 0.7194444437499999 0.6125 0.734722221875 0.61484375 0.74444444375 0.6140625 0.8083333328125001 0.6171875 0.89444444375 0.61953125 0.8986111109375001 0.6265625 0.8986111109375001
1 0.5484375 0.7833333328125 0.54765625 0.8194444437499999 0.5453125 0.8291666671875 0.54609375 0.9166666671874999 0.55546875 0.91944444375 0.5578125 0.9138888890624999 0.55859375 0.784722221875 0.5625 0.7708333328125 0.5734375 0.7736111109375 0.57421875 0.76944444375 0.571875 0.7666666671875 0.56875 0.772222221875 0.56796875 0.7597222218749999 0.5625 0.7569444437499999 0.54765625 0.75 0.53125 0.7486111109375 0.53046875 0.7541666671875 0.5328125 0.7583333328124999 0.54453125 0.765277778125 0.5484375 0.7833333328125
6 0.4234375 0.840277778125 0.4296875 0.83055555625 0.4328125 0.8138888890624999 0.43359375 0.7861111109375 0.43046875 0.7736111109375 0.42265625 0.7569444437499999 0.40546875 0.7430555562500001 0.3484375 0.7416666671875001 0.34296875 0.75 0.3453125 0.76944444375 0.3515625 0.7763888890625 0.365625 0.7805555562500001 0.3734375 0.8111111109375001 0.390625 0.8263888890625 0.3953125 0.8263888890625 0.40234375 0.840277778125 0.4234375 0.840277778125
6 0.21875 0.7236111109375 0.21328125 0.73194444375 0.21171875 0.765277778125 0.2171875 0.7763888890625 0.2203125 0.7736111109375 0.22109375 0.7263888890625 0.21875 0.7236111109375
6 0.21796875 0.8194444437499999 0.21875 0.8222222218749999 0.2234375 0.8194444437499999 0.21796875 0.8194444437499999
6 0.25703125 0.722222221875 0.25 0.73194444375 0.24921875 0.75555555625 0.2453125 0.7597222218749999 0.2359375 0.7583333328124999 0.23359375 0.7666666671875 0.23125 0.8194444437499999 0.2390625 0.8291666671875 0.23828125 0.840277778125 0.24296875 0.8819444437499999 0.25 0.89444444375 0.27421875 0.9041666671874999 0.29140625 0.9041666671874999 0.2984375 0.89305555625 0.30078125 0.8583333328125 0.31171875 0.8444444437499999 0.31640625 0.83055555625 0.3125 0.8208333328125 0.31171875 0.775 0.3046875 0.7611111109375 0.29296875 0.7583333328124999 0.28828125 0.7611111109375 0.284375 0.7805555562500001 0.27734375 0.7819444437499999 0.27109375 0.76805555625 0.26875 0.7333333328125 0.2625 0.7236111109375 0.25703125 0.722222221875
7 0.10703125 0.840277778125 0.13125 0.8458333328125001 0.14453125 0.8444444437499999 0.14765625 0.840277778125 0.15546875 0.8444444437499999 0.1796875 0.8444444437499999 0.18046875 0.8166666671874999 0.16640625 0.7958333328125 0.15234375 0.784722221875 0.1484375 0.7611111109375 0.121875 0.7416666671875001 0.11875 0.725 0.11484375 0.7208333328125 0.09375 0.7236111109375 0.0890625 0.7333333328125 0.0859375 0.7513888890625 0.0734375 0.76944444375 0.084375 0.81805555625 0.090625 0.827777778125 0.10703125 0.840277778125
7 0.03359375 0.86944444375 0.025 0.89305555625 0.025 0.902777778125 0.0375 0.9138888890624999 0.0390625 0.9013888890624999 0.03828125 0.86944444375 0.03359375 0.86944444375
7 0.09375 0.897222221875 0.09453125 0.8819444437499999 0.08046875 0.872222221875 0.07109375 0.8708333328125001 0.06875 0.877777778125 0.05 0.88055555625 0.04609375 0.8958333328125001 0.04765625 0.9166666671874999 0.0609375 0.9277777781250001 0.07421875 0.9291666671875 0.09375 0.9166666671874999 0.0984375 0.9055555562500001 0.09375 0.897222221875
7 0.00078125 0.74444444375 0.00078125 0.7736111109375 0.0046875 0.7819444437499999 0.00859375 0.7819444437499999 0.01171875 0.765277778125 0.01171875 0.7458333328125 0.00078125 0.74444444375
7 0.05546875 0.76944444375 0.03203125 0.7569444437499999 0.028125 0.7597222218749999 0.02578125 0.79444444375 0.03046875 0.8027777781250001 0.07109375 0.83055555625 0.08125 0.8291666671875 0.08125 0.8111111109375001 0.07109375 0.7861111109375 0.06875 0.7708333328125 0.05546875 0.76944444375
7 0.0421875 0.8444444437499999 0.0296875 0.8388888890624999 0.02265625 0.8388888890624999 0.02109375 0.8430555562500001 0.025 0.85555555625 0.03671875 0.8611111109375 0.03984375 0.8666666671875 0.06796875 0.877777778125 0.07265625 0.875 0.0734375 0.86944444375 0.053125 0.85694444375 0.0421875 0.8444444437499999
7 0.15703125 0.847222221875 0.146875 0.8444444437499999 0.140625 0.8486111109375001 0.11875 0.8486111109375001 0.11953125 0.85694444375 0.1328125 0.86944444375 0.14375 0.872222221875 0.1515625 0.88055555625 0.16171875 0.877777778125 0.16328125 0.8611111109375 0.1609375 0.85 0.15703125 0.847222221875
7 0.1234375 0.89444444375 0.10625 0.8861111109375001 0.1046875 0.9208333328125 0.1265625 0.9291666671875 0.14296875 0.9263888890624999 0.14375 0.91944444375 0.1234375 0.89444444375
4 0.8625 0.7541666671875 0.86484375 0.784722221875 0.86953125 0.8055555562500001 0.8671875 0.79305555625 0.8703125 0.79444444375 0.8671875 0.73194444375 0.86328125 0.7194444437499999 0.8609375 0.7208333328125 0.8625 0.7541666671875
4 0.76953125 0.7611111109375 0.759375 0.75 0.75546875 0.7583333328124999 0.7640625 0.777777778125 0.76953125 0.8361111109375001 0.77421875 0.8388888890624999 0.77890625 0.83055555625 0.77734375 0.7708333328125 0.7796875 0.7458333328125 0.7703125 0.7458333328125 0.76953125 0.7611111109375