2 0.01328125 0.43194444374999996 0.0140625 0.47083333281249995 0.01640625 0.4763888890625 0.025 0.477777778125 0.0328125 0.46666666718750005 0.0296875 0.4458333328125 0.0234375 0.425 0.01875 0.425 0.01328125 0.43194444374999996
1 0.38515625 0.25694444375000003 0.3859375 0.17916666718750002 0.38125 0.14305555625 0.3828125 0.10555555624999999 0.3796875 0.1 0.3703125 0.1041666671875 0.371875 0.2541666671875 0.35703125 0.2541666671875 0.36015625 0.25555555625 0.3631990140625 0.269078946875 0.36640625 0.2708333328125 0.375 0.28611111093749997 0.38828125 0.28055555625 0.40078125 0.2888888890625 0.4015625 0.28055555625 0.38515625 0.25694444375000003
1 0.46875 0.24305555625 0.45546875 0.23472222187499997 0.4515625 0.21805555625 0.45234375 0.17916666718750002 0.4546875 0.1708333328125 0.45390625 0.08333333281250001 0.44453125 0.08055555625000001 0.4421875 0.0861111109375 0.44140625 0.2138888890625 0.4375 0.22916666718749998 0.42734375 0.22638888906250001 0.42734375 0.23055555625 0.4375 0.24305555625 0.45234375 0.25 0.46875 0.2513888890625 0.46875 0.24305555625
7 0.8828125 0.27777777812500004 0.89140625 0.28055555625 0.90703125 0.27638888906250003 0.91484375 0.2486111109375 0.9265625 0.23055555625 0.915625 0.18194444375000002 0.9109375 0.17361111093749998 0.89296875 0.15972222187500001 0.86875 0.1541666671875 0.85546875 0.15555555625 0.853125 0.15972222187500001 0.84375 0.15555555625 0.81875 0.15694444375 0.81953125 0.1833333328125 0.8296875 0.19444444375 0.83203125 0.20277777812500003 0.8484375 0.2166666671875 0.85 0.23472222187499997 0.853125 0.240277778125 0.878125 0.25833333281250004 0.8828125 0.27777777812500004
7 0.99765625 0.34027777812500004 0.99921875 0.26805555625 0.99375 0.259722221875 0.9875 0.25833333281250004 0.98203125 0.27638888906250003 0.97890625 0.3416666671875 0.99765625 0.34027777812500004
7 0.96875 0.28611111093749997 0.96953125 0.24583333281250003 0.9421875 0.23194444375 0.93046875 0.23194444375 0.91875 0.24444444375000002 0.9125 0.2625 0.9078125 0.2958333328125 0.91640625 0.3138888890625 0.925 0.32777777812500003 0.94140625 0.33055555625 0.95 0.3513888890625 0.9578125 0.35555555625 0.96015625 0.3513888890625 0.96875 0.28611111093749997
7 0.9625 0.125 0.96640625 0.1263888890625 0.96953125 0.109722221875 0.97421875 0.10555555624999999 0.97421875 0.097222221875 0.96796875 0.0916666671875 0.9625 0.09444444375 0.9625 0.125
7 0.95 0.11944444375 0.95390625 0.102777778125 0.95234375 0.08333333281250001 0.93828125 0.072222221875 0.921875 0.072222221875 0.90625 0.08333333281250001 0.9015625 0.09305555625 0.9015625 0.097222221875 0.90625 0.10138888906250001 0.90546875 0.11805555625 0.91953125 0.127777778125 0.92734375 0.127777778125 0.93203125 0.1208333328125 0.95 0.11944444375
7 0.8171875 0.18194444375000002 0.8171875 0.1916666671875 0.8125 0.19583333281249998 0.8109375 0.2541666671875 0.8171875 0.2513888890625 0.82109375 0.23194444375 0.82890625 0.22777777812500002 0.83046875 0.2125 0.82890625 0.20277777812500003 0.81953125 0.1916666671875 0.8171875 0.18194444375000002
7 0.76875 0.15694444375 0.76015625 0.15277777812499999 0.74921875 0.1611111109375 0.73671875 0.190277778125 0.73671875 0.2166666671875 0.7390625 0.222222221875 0.74453125 0.22638888906250001 0.75703125 0.222222221875 0.76640625 0.22777777812500002 0.76875 0.19583333281249998 0.7734375 0.1875 0.76875 0.15694444375
7 0.7828125 0.14305555625 0.78046875 0.1833333328125 0.7796875 0.2486111109375 0.78125 0.25555555625 0.7859375 0.25694444375000003 0.790625 0.23611111093749998 0.79453125 0.15694444375 0.79375 0.14305555625 0.7875 0.1375 0.7828125 0.14305555625
7 0.99921875 0.22638888906250001 0.9921875 0.2208333328125 0.98828125 0.23333333281250002 0.9875 0.252777778125 0.99921875 0.25555555625 0.99921875 0.22638888906250001
7 0.96953125 0.197222221875 0.92890625 0.16944444375 0.91953125 0.16944444375 0.91953125 0.19305555624999998 0.92890625 0.20972222187499998 0.93203125 0.22916666718749998 0.94453125 0.23055555625 0.96796875 0.24305555625 0.971875 0.240277778125 0.97421875 0.20555555625 0.96953125 0.197222221875
7 0.93515625 0.12222222187500001 0.92578125 0.1263888890625 0.92578125 0.13055555624999998 0.94609375 0.14305555625 0.95703125 0.15555555625 0.978125 0.16388888906250001 0.97890625 0.15 0.9765625 0.1458333328125 0.96015625 0.13333333281249998 0.93515625 0.12222222187500001
7 0.74140625 0.16805555625 0.7390625 0.165277778125 0.73828125 0.16805555625 0.74140625 0.16805555625
7 0.79375 0.097222221875 0.790625 0.10138888906250001 0.7890625 0.0958333328125 0.7890625 0.10138888906250001 0.79296875 0.10555555624999999 0.79375 0.097222221875
7 0.74453125 0.1541666671875 0.75 0.15694444375 0.7671875 0.15 0.7703125 0.13055555624999998 0.76796875 0.08333333281250001 0.74765625 0.072222221875 0.74453125 0.11805555625 0.74453125 0.1541666671875
7 0.73515625 0.15694444375 0.7375 0.102777778125 0.74140625 0.072222221875 0.721875 0.058333332812500006 0.7015625 0.055555556250000006 0.68203125 0.04444444375 0.67734375 0.047222221875 0.6765625 0.055555556250000006 0.6765625 0.0986111109375 0.6921875 0.11388888906250001 0.6953125 0.134722221875 0.7 0.14305555625 0.70390625 0.14305555625 0.71328125 0.1541666671875 0.73671875 0.1666666671875 0.73515625 0.15694444375
7 0.8578125 0.1291666671875 0.85078125 0.1208333328125 0.83828125 0.12222222187500001 0.83671875 0.13333333281249998 0.84140625 0.1513888890625 0.84921875 0.15555555625 0.859375 0.1513888890625 0.88125 0.1513888890625 0.878125 0.1416666671875 0.86640625 0.13055555624999998 0.8578125 0.1291666671875
7 0.875 0.1041666671875 0.89375 0.11388888906250001 0.89609375 0.08055555625000001 0.871875 0.07083333281250001 0.85703125 0.0736111109375 0.85625 0.08055555625000001 0.875 0.1041666671875
4 0.66953125 0.21805555625 0.66953125 0.2888888890625 0.67265625 0.3 0.6765625 0.302777778125 0.68125 0.25833333281250004 0.68671875 0.24305555625 0.68671875 0.222222221875 0.68125 0.20138888906250002 0.66953125 0.21805555625
4 0.40625 0.2 0.41171875 0.20138888906250002 0.41328125 0.19305555624999998 0.4203125 0.2 0.4171875 0.127777778125 0.41328125 0.125 0.40625 0.134722221875 0.40625 0.2