2 0.025 0.41944444374999995 0.025 0.4625 0.03046875 0.46944444374999994 0.04296875 0.46388888906250003 0.04375 0.447222221875 0.0390625 0.4388888890625 0.03671875 0.42222222187499997 0.03359375 0.41805555625 0.025 0.41944444374999995
1 0.3875 0.28472222187499996 0.39453125 0.290277778125 0.3953125 0.2833333328125 0.38671875 0.259722221875 0.38515625 0.23194444375 0.3859375 0.15555555625 0.3890625 0.15277777812499999 0.3859375 0.13888888906250002 0.38671875 0.109722221875 0.375 0.102777778125 0.371875 0.10555555624999999 0.3703125 0.115277778125 0.37265625 0.1541666671875 0.37265625 0.2513888890625 0.36875 0.259722221875 0.3609375 0.259722221875 0.359375 0.26527777812500003 0.3671875 0.2708333328125 0.3765625 0.2888888890625 0.3875 0.28472222187499996
1 0.46875 0.24305555625 0.45703125 0.23611111093749998 0.45234375 0.2138888890625 0.45625 0.16944444375 0.45390625 0.14861111093749999 0.4546875 0.084722221875 0.44296875 0.0875 0.4421875 0.2166666671875 0.43828125 0.22777777812500002 0.43125 0.22638888906250001 0.4296875 0.23055555625 0.4328125 0.2388888890625 0.43828125 0.24305555625 0.4671875 0.2513888890625 0.46875 0.24305555625
6 0.71953125 0.28472222187499996 0.7296875 0.272222221875 0.73828125 0.2791666671875 0.76015625 0.27777777812500004 0.76328125 0.272222221875 0.7640625 0.2388888890625 0.7609375 0.2236111109375 0.76328125 0.215277778125 0.75 0.1916666671875 0.73671875 0.190277778125 0.72890625 0.15694444375 0.69140625 0.15 0.68046875 0.165277778125 0.6703125 0.1666666671875 0.66640625 0.1763888890625 0.65625 0.17916666718750002 0.65625 0.21805555625 0.66171875 0.2388888890625 0.6671875 0.24305555625 0.68203125 0.240277778125 0.69765625 0.24722222187499998 0.70234375 0.275 0.70859375 0.2833333328125 0.71953125 0.28472222187499996
6 0.65703125 0.2513888890625 0.65703125 0.23611111093749998 0.6546875 0.22916666718749998 0.63515625 0.2208333328125 0.634375 0.2125 0.6375 0.20416666718749998 0.6375 0.19305555624999998 0.63515625 0.1888888890625 0.609375 0.1763888890625 0.5984375 0.15972222187500001 0.57578125 0.1611111109375 0.56875 0.18055555625 0.56640625 0.1986111109375 0.5671875 0.21805555625 0.5765625 0.2416666671875 0.58515625 0.24444444375000002 0.5984375 0.25833333281250004 0.60546875 0.259722221875 0.65 0.25833333281250004 0.65703125 0.2513888890625
7 0.8625 0.127777778125 0.85546875 0.127777778125 0.85 0.1208333328125 0.8421875 0.12222222187500001 0.8390625 0.134722221875 0.8453125 0.1513888890625 0.89296875 0.1541666671875 0.89296875 0.15 0.88671875 0.1458333328125 0.88203125 0.1513888890625 0.87265625 0.134722221875 0.8625 0.127777778125
7 0.9625 0.0888888890625 0.9625 0.11944444375 0.97421875 0.10555555624999999 0.9734375 0.097222221875 0.9625 0.0888888890625
7 0.953125 0.08194444375 0.9390625 0.072222221875 0.9234375 0.072222221875 0.90703125 0.084722221875 0.90625 0.11944444375 0.92734375 0.13055555624999998 0.93125 0.125 0.940625 0.1263888890625 0.95234375 0.11805555625 0.95390625 0.1041666671875 0.9578125 0.0958333328125 0.953125 0.08194444375
7 0.8625 0.07083333281250001 0.8578125 0.077777778125 0.8625 0.0888888890625 0.875 0.102777778125 0.8890625 0.11388888906250001 0.8953125 0.11388888906250001 0.89765625 0.08333333281250001 0.89375 0.077777778125 0.8703125 0.07083333281250001 0.8625 0.07083333281250001
7 0.85078125 0.23611111093749998 0.87890625 0.25833333281250004 0.88125 0.2708333328125 0.88671875 0.28055555625 0.89609375 0.27638888906250003 0.9234375 0.2791666671875 0.93046875 0.26805555625 0.93046875 0.23333333281250002 0.92578125 0.2236111109375 0.91640625 0.1833333328125 0.90625 0.16944444375 0.8859375 0.15555555625 0.87421875 0.1541666671875 0.85703125 0.15555555625 0.8515625 0.16388888906250001 0.85 0.15972222187500001 0.8390625 0.15555555625 0.81875 0.15555555625 0.815625 0.16944444375 0.8140625 0.1833333328125 0.81875 0.2208333328125 0.82421875 0.22916666718749998 0.83125 0.23055555625 0.83515625 0.22638888906250001 0.83671875 0.21805555625 0.84609375 0.21805555625 0.85078125 0.23611111093749998
7 0.99140625 0.2791666671875 0.99765625 0.2791666671875 0.99921875 0.21944444375 0.99140625 0.21805555625 0.9890625 0.23055555625 0.9875 0.2708333328125 0.99140625 0.2791666671875
7 0.96875 0.25 0.971875 0.24583333281250003 0.97578125 0.215277778125 0.9734375 0.20138888906250002 0.928125 0.16944444375 0.9203125 0.16944444375 0.91875 0.175 0.91875 0.1888888890625 0.92265625 0.19444444375 0.925 0.2125 0.9296875 0.21944444375 0.93046875 0.23055555625 0.93515625 0.2388888890625 0.959375 0.240277778125 0.96875 0.25
7 0.93671875 0.12222222187500001 0.92734375 0.125 0.92578125 0.1291666671875 0.93359375 0.1375 0.9484375 0.14444444375 0.9515625 0.15 0.97578125 0.1611111109375 0.98046875 0.15972222187500001 0.978125 0.14444444375 0.93671875 0.12222222187500001
7 0.796875 0.13055555624999998 0.79453125 0.1166666671875 0.7984375 0.097222221875 0.78828125 0.09305555625 0.790625 0.10694444375 0.7859375 0.11388888906250001 0.784375 0.13194444375 0.77890625 0.13888888906250002 0.78515625 0.14305555625 0.78671875 0.1541666671875 0.79140625 0.1541666671875 0.796875 0.13055555624999998
7 0.74921875 0.077777778125 0.7453125 0.1583333328125 0.7625 0.15972222187500001 0.76875 0.15555555625 0.77109375 0.13888888906250002 0.77109375 0.097222221875 0.7671875 0.08194444375 0.75078125 0.072222221875 0.74921875 0.077777778125
7 0.72578125 0.15555555625 0.73671875 0.15555555625 0.7390625 0.06944444375 0.72421875 0.059722221875 0.7 0.054166667187499996 0.68203125 0.04444444375 0.67890625 0.0458333328125 0.6765625 0.05694444375 0.675 0.0916666671875 0.68046875 0.1041666671875 0.6859375 0.10555555624999999 0.690625 0.115277778125 0.690625 0.1291666671875 0.7046875 0.14305555625 0.71796875 0.147222221875 0.72578125 0.15555555625
7 0.8375 0.047222221875 0.83671875 0.06805555625000001 0.84375 0.06944444375 0.84296875 0.055555556250000006 0.8375 0.047222221875
4 0.984375 0.9791666671874999 0.9703125 0.984722221875 0.96640625 0.9930555562500001 0.9671875 0.997222221875 0.9828125 0.997222221875 0.9875 0.984722221875 0.98515625 0.9763888890624999 0.9903648437499999 0.9768513890625 0.99921875 0.95694444375 0.99921875 0.83055555625 0.99375 0.8361111109375001 0.98671875 0.85555555625 0.9890625 0.88055555625 0.98046875 0.91944444375 0.9796875 0.9388888890624999 0.97578125 0.9486111109375001 0.9765625 0.95555555625 0.984375 0.959722221875 0.9859375 0.9708333328125001 0.984375 0.9791666671874999