0 0.7236111109375 0.98203125 0.6625 0.97890625 0.6583333328125 0.98046875 0.6611111109375 0.99921875 0.73194444375 0.99921875 0.7402777781250001 0.9953125 0.7430555562500001 0.9890625 0.7236111109375 0.98203125
0 0.7041666671875 0.90703125 0.6916666671875 0.915625 0.6777777781250001 0.9203125 0.672222221875 0.925 0.66805555625 0.94453125 0.6486111109375 0.9515625 0.64444444375 0.95703125 0.6986111109375 0.9671875 0.752777778125 0.9703125 0.76805555625 0.9421875 0.76805555625 0.93046875 0.75555555625 0.91875 0.7402777781250001 0.9125 0.7041666671875 0.90703125
0 0.7791666671875 0.51328125 0.79305555625 0.509375 0.79444444375 0.50625 0.73194444375 0.5046875 0.722222221875 0.50625 0.722222221875 0.51015625 0.73194444375 0.51640625 0.747222221875 0.51796875 0.7791666671875 0.51328125
0 0.7236111109375 0.43671875 0.709722221875 0.4390625 0.6944444437499999 0.44921875 0.6958333328124999 0.45859375 0.70694444375 0.46328125 0.7111111109375 0.4765625 0.725 0.47890625 0.847222221875 0.4796875 0.85694444375 0.478125 0.8888888890625 0.46015625 0.89444444375 0.45390625 0.8986111109375001 0.4296875 0.902777778125 0.425 0.9041666671874999 0.40078125 0.9138888890624999 0.3609375 0.9055555562500001 0.33828125 0.89444444375 0.3328125 0.8791666671874999 0.33125 0.7805555562500001 0.33125 0.7736111109375 0.3375 0.7666666671875 0.353125 0.7458333328125 0.3578125 0.7430555562500001 0.36328125 0.7486111109375 0.3703125 0.89444444375 0.36953125 0.9 0.3796875 0.8958333328125001 0.38203125 0.8541666671874999 0.384375 0.7486111109375 0.3859375 0.7333333328125 0.4140625 0.727777778125 0.43359375 0.7236111109375 0.43671875
2 0.56805555625 0.01328125 0.5305555562500001 0.0140625 0.522222221875 0.01875 0.522222221875 0.025 0.5319444437499999 0.0328125 0.5541666671875001 0.0296875 0.575 0.02265625 0.56805555625 0.01328125
1 0.8986111109375001 0.3921875 0.9041666671874999 0.38984375 0.8958333328125001 0.38359375 0.9 0.3765625 0.89444444375 0.36953125 0.8791666671874999 0.371875 0.74444444375 0.3703125 0.7416666671875001 0.3578125 0.734722221875 0.35703125 0.7291666671875 0.36640625 0.7111111109375 0.37578125 0.7111111109375 0.3796875 0.7208333328125 0.3859375 0.7111111109375 0.4 0.7194444437499999 0.4015625 0.725 0.39609375 0.75 0.384375 0.89444444375 0.38203125 0.8986111109375001 0.3921875
6 0.772222221875 0.78046875 0.725 0.77890625 0.7236111109375 0.78203125 0.734722221875 0.78671875 0.7597222218749999 0.78828125 0.7819444437499999 0.78359375 0.7819444437499999 0.78125 0.772222221875 0.78046875
6 0.722222221875 0.74296875 0.734722221875 0.75 0.7569444437499999 0.75078125 0.7569444437499999 0.7640625 0.765277778125 0.76640625 0.8194444437499999 0.76875 0.8236111109375001 0.7625 0.83055555625 0.76015625 0.8819444437499999 0.75703125 0.89444444375 0.75 0.9041666671874999 0.72578125 0.902777778125 0.70625 0.89305555625 0.7015625 0.8583333328125 0.69921875 0.8541666671874999 0.69375 0.83055555625 0.68359375 0.8222222218749999 0.6875 0.7736111109375 0.6890625 0.7611111109375 0.69453125 0.7569444437499999 0.703125 0.7611111109375 0.71171875 0.7819444437499999 0.7171875 0.7819444437499999 0.72265625 0.76805555625 0.72890625 0.73194444375 0.73203125 0.7236111109375 0.7375 0.722222221875 0.74296875
7 0.81805555625 0.915625 0.83055555625 0.90625 0.8416666671874999 0.890625 0.8444444437499999 0.85546875 0.83055555625 0.8515625 0.8444444437499999 0.83828125 0.8444444437499999 0.81875 0.840277778125 0.8171875 0.81805555625 0.81796875 0.8041666671875 0.83046875 0.7875 0.83828125 0.784722221875 0.8484375 0.7708333328125 0.85 0.7569444437499999 0.85546875 0.7416666671875001 0.878125 0.725 0.88125 0.7208333328125 0.88515625 0.7236111109375 0.90703125 0.752777778125 0.9140625 0.7583333328124999 0.92109375 0.76944444375 0.9265625 0.81805555625 0.915625
7 0.777777778125 0.9921875 0.7666666671875 0.98828125 0.7458333328125 0.98828125 0.74444444375 0.99921875 0.772222221875 0.99921875 0.777777778125 0.9921875
7 0.821875 0.99375 0.009375 0.0015625
7 0.772222221875 0.93125 0.7569444437499999 0.96796875 0.7597222218749999 0.971875 0.79444444375 0.97421875 0.8027777781250001 0.96953125 0.83055555625 0.928125 0.83055555625 0.91953125 0.8111111109375001 0.91875 0.797222221875 0.9234375 0.790277778125 0.9296875 0.772222221875 0.93125
7 0.8361111109375001 0.975 0.8388888890624999 0.97890625 0.85 0.97890625 0.8541666671874999 0.9765625 0.8666666671875 0.96015625 0.877777778125 0.93359375 0.8736111109375001 0.92578125 0.86944444375 0.92578125 0.85694444375 0.94609375 0.8444444437499999 0.95625 0.8361111109375001 0.975
7 0.8444444437499999 0.853125 0.8486111109375001 0.859375 0.8486111109375001 0.88125 0.8541666671874999 0.88203125 0.8652777781250001 0.87265625 0.8708333328125001 0.8578125 0.8791666671874999 0.85078125 0.8791666671874999 0.83984375 0.8736111109375001 0.83828125 0.85 0.8390625 0.847222221875 0.84375 0.8444444437499999 0.853125
7 0.9291666671875 0.87265625 0.9291666671875 0.86171875 0.925 0.85703125 0.91944444375 0.85546875 0.8958333328125001 0.875 0.8861111109375001 0.89375 0.9041666671874999 0.89765625 0.91944444375 0.89609375 0.9291666671875 0.87265625