2 0.577777778125 0.02421875 0.5416666671875 0.025 0.5319444437499999 0.03046875 0.5319444437499999 0.03671875 0.5416666671875 0.0390625 0.5791666671875 0.0359375 0.58194444375 0.02578125 0.577777778125 0.02421875
1 0.8375 0.38515625 0.8458333328125001 0.38828125 0.859722221875 0.3859375 0.890277778125 0.38671875 0.897222221875 0.3796875 0.897222221875 0.3734375 0.8875 0.36953125 0.840277778125 0.37265625 0.7458333328125 0.371875 0.7388888890625 0.3671875 0.7402777781250001 0.359375 0.7361111109375 0.3578125 0.727777778125 0.36875 0.7111111109375 0.37890625 0.7166666671875 0.38515625 0.7111111109375 0.39453125 0.722222221875 0.39375 0.734722221875 0.38671875 0.7666666671875 0.38515625 0.8027777781250001 0.3875 0.8375 0.38515625
1 0.83194444375 0.45625 0.8513888890624999 0.45390625 0.915277778125 0.4546875 0.91805555625 0.44921875 0.9138888890624999 0.44296875 0.7861111109375 0.4421875 0.7736111109375 0.43671875 0.7736111109375 0.43046875 0.76944444375 0.4296875 0.7611111109375 0.4328125 0.75 0.45546875 0.7486111109375 0.4609375 0.7611111109375 0.4609375 0.7597222218749999 0.46640625 0.7486111109375 0.46796875 0.7569444437499999 0.46875 0.7875 0.45390625 0.8194444437499999 0.45390625 0.83194444375 0.45625
6 0.8055555562500001 0.75234375 0.8125 0.73515625 0.8416666671874999 0.73046875 0.852777778125 0.69453125 0.8486111109375001 0.68828125 0.83194444375 0.678125 0.83194444375 0.6609375 0.825 0.65625 0.7819444437499999 0.65625 0.7597222218749999 0.66328125 0.7569444437499999 0.671875 0.7611111109375 0.6828125 0.752777778125 0.6984375 0.73194444375 0.70078125 0.7180555562500001 0.70625 0.715277778125 0.7171875 0.7291666671875 0.72890625 0.722222221875 0.7375 0.725 0.7625 0.7597222218749999 0.7640625 0.7833333328125 0.76171875 0.8055555562500001 0.75234375
6 0.8388888890624999 0.575 0.8194444437499999 0.56875 0.8027777781250001 0.56640625 0.777777778125 0.56796875 0.7597222218749999 0.57578125 0.7402777781250001 0.5984375 0.7416666671875001 0.65 0.7486111109375 0.65703125 0.7708333328125 0.6546875 0.7763888890625 0.63671875 0.784722221875 0.6328125 0.79305555625 0.63671875 0.8083333328125001 0.63671875 0.8263888890625 0.60625 0.840277778125 0.5984375 0.8388888890624999 0.575
7 0.8513888890624999 0.84296875 0.8458333328125001 0.84921875 0.85 0.86171875 0.8444444437499999 0.88203125 0.847222221875 0.89296875 0.852777778125 0.89140625 0.86944444375 0.8671875 0.872222221875 0.85703125 0.877777778125 0.853125 0.8791666671874999 0.84453125 0.8708333328125001 0.83828125 0.8652777781250001 0.8375 0.8513888890624999 0.84296875
7 0.8791666671874999 0.9265625 0.8791666671874999 0.94765625 0.8833333328125 0.95234375 0.897222221875 0.9546875 0.9166666671874999 0.9546875 0.91944444375 0.95234375 0.9277777781250001 0.9390625 0.9277777781250001 0.9234375 0.915277778125 0.90703125 0.8791666671874999 0.90703125 0.872222221875 0.921875 0.8791666671874999 0.9265625
7 0.9277777781250001 0.878125 0.9291666671875 0.8640625 0.925 0.8578125 0.91944444375 0.85625 0.897222221875 0.875 0.8861111109375001 0.8890625 0.8861111109375001 0.8953125 0.91944444375 0.896875 0.9277777781250001 0.878125
7 0.8194444437499999 0.915625 0.83055555625 0.90625 0.8444444437499999 0.88046875 0.8444444437499999 0.85625 0.8388888890624999 0.85234375 0.8444444437499999 0.84375 0.8444444437499999 0.81953125 0.8263888890625 0.815625 0.8083333328125001 0.8140625 0.7763888890625 0.81953125 0.7708333328125 0.83125 0.7819444437499999 0.83671875 0.7819444437499999 0.846875 0.7638888890625 0.85078125 0.74444444375 0.87109375 0.7416666671875001 0.87890625 0.722222221875 0.8828125 0.722222221875 0.925 0.7333333328125 0.93046875 0.76805555625 0.93046875 0.777777778125 0.92578125 0.8194444437499999 0.915625
7 0.765277778125 0.98828125 0.7291666671875 0.9875 0.7236111109375 0.98984375 0.722222221875 0.99453125 0.727777778125 0.99921875 0.7805555562500001 0.99921875 0.7819444437499999 0.99296875 0.765277778125 0.98828125
7 0.8125 0.91796875 0.8027777781250001 0.9234375 0.7875 0.925 0.7638888890625 0.9328125 0.7597222218749999 0.9375 0.7597222218749999 0.9625 0.7541666671875 0.96875 0.7569444437499999 0.971875 0.76944444375 0.97421875 0.797222221875 0.9734375 0.83055555625 0.92890625 0.83194444375 0.921875 0.8263888890625 0.91875 0.8125 0.91796875
7 0.840277778125 0.98046875 0.8541666671874999 0.978125 0.8666666671875 0.9609375 0.877777778125 0.9328125 0.8763888890624999 0.92578125 0.86944444375 0.925 0.85694444375 0.93515625 0.8541666671874999 0.95546875 0.8458333328125001 0.9640625 0.840277778125 0.98046875
7 0.88055555625 0.7859375 0.86944444375 0.78515625 0.8611111109375 0.7796875 0.8486111109375001 0.78671875 0.8486111109375001 0.79140625 0.859722221875 0.79375 0.8791666671874999 0.79296875 0.88055555625 0.7859375
7 0.9041666671874999 0.79609375 0.9055555562500001 0.7890625 0.9013888890624999 0.78828125 0.890277778125 0.79296875 0.89444444375 0.796875 0.9041666671874999 0.79609375
7 0.9083333328125001 0.77109375 0.91944444375 0.76640625 0.9236111109375 0.74921875 0.8444444437499999 0.74453125 0.840277778125 0.74609375 0.840277778125 0.76171875 0.8486111109375001 0.76875 0.8583333328125 0.7703125 0.9083333328125001 0.77109375
7 0.9 0.6765625 0.890277778125 0.6875 0.8708333328125001 0.68828125 0.85694444375 0.7046875 0.8430555562500001 0.7359375 0.9305555562500001 0.73828125 0.9416666671874999 0.72109375 0.9458333328125 0.7015625 0.952777778125 0.69140625 0.95555555625 0.67890625 0.9513888890625 0.6765625 0.9069444437499999 0.675 0.9 0.6765625