7 0.76805555625 0.93046875 0.775 0.9265625 0.81805555625 0.915625 0.8263888890625 0.9109375 0.8444444437499999 0.88125 0.8444444437499999 0.85546875 0.840277778125 0.853125 0.8444444437499999 0.84140625 0.8361111109375001 0.8171875 0.79444444375 0.815625 0.777777778125 0.81953125 0.7736111109375 0.8265625 0.784722221875 0.8375 0.7833333328125 0.8453125 0.7638888890625 0.8515625 0.74444444375 0.87109375 0.7416666671875001 0.878125 0.727777778125 0.88125 0.7208333328125 0.8859375 0.725 0.89765625 0.7236111109375 0.92265625 0.73194444375 0.92890625 0.76805555625 0.93046875
7 0.6916666671875 0.95234375 0.6763888890625 0.95234375 0.66944444375 0.96015625 0.7041666671875 0.9671875 0.75 0.96796875 0.7486111109375 0.96484375 0.7388888890625 0.96171875 0.6916666671875 0.95234375
7 0.7 0.98046875 0.690277778125 0.9765625 0.66944444375 0.97578125 0.6625 0.97890625 0.647222221875 0.99375 0.6486111109375 0.99921875 0.7194444437499999 0.99921875 0.725 0.99609375 0.75 0.99296875 0.7569444437499999 0.99453125 0.765277778125 0.99140625 0.7541666671875 0.98984375 0.7486111109375 0.99296875 0.7458333328125 0.9875 0.7388888890625 0.98515625 0.7 0.98046875
7 0.8708333328125001 0.86015625 0.8708333328125001 0.85078125 0.859722221875 0.8515625 0.85 0.85546875 0.8458333328125001 0.87578125 0.85 0.8828125 0.8652777781250001 0.87109375 0.8708333328125001 0.86015625
7 0.88055555625 0.96328125 0.89444444375 0.9734375 0.9 0.9734375 0.915277778125 0.9625 0.9125 0.96171875 0.8888888890625 0.95859375 0.88055555625 0.96328125
7 0.9166666671874999 0.95390625 0.9277777781250001 0.9390625 0.9236111109375 0.9140625 0.91805555625 0.9078125 0.9069444437499999 0.90625 0.8819444437499999 0.9046875 0.8708333328125001 0.91953125 0.875 0.9453125 0.8916666671875 0.95390625 0.9166666671874999 0.95390625
7 0.9277777781250001 0.87421875 0.9277777781250001 0.86328125 0.9208333328125 0.8578125 0.897222221875 0.875 0.8861111109375001 0.88984375 0.8847222218749999 0.8984375 0.8958333328125001 0.89609375 0.91944444375 0.89765625 0.9277777781250001 0.87421875
7 0.5111111109375 0.125 0.51805555625 0.1234375 0.5208333328125 0.11953125 0.5388888890625 0.11640625 0.5486111109375 0.11875 0.5666666671875 0.1171875 0.5666666671875 0.09296875 0.5583333328125 0.08671875 0.5486111109375 0.08515625 0.5305555562500001 0.07265625 0.5382891421875 0.0674360796875 0.527777778125 0.06875 0.5291666671875 0.06328125 0.497222221875 0.065625 0.47083333281249995 0.0578125 0.447222221875 0.06015625 0.44166666718750003 0.06328125 0.45416666718750004 0.1015625 0.44305555625000004 0.1078125 0.41805555625 0.10625 0.3986111109375 0.109375 0.38194444375000003 0.1203125 0.38194444375000003 0.14140625 0.41111111093749997 0.14140625 0.46805555625000006 0.13046875 0.48194444374999995 0.13046875 0.4861111109375 0.12578125 0.5111111109375 0.125
7 0.44444444375 0.23046875 0.4375 0.2375 0.434722221875 0.27578125 0.427777778125 0.28515625 0.40972222187499996 0.2953125 0.40694444374999994 0.31796875 0.41111111093749997 0.32421875 0.42222222187499997 0.33046875 0.43055555625 0.33125 0.44444444375 0.3375 0.44444444375 0.34296875 0.45694444375 0.35546875 0.48055555625 0.3625 0.497222221875 0.3640625 0.5486111109375 0.3625 0.5694444437499999 0.35546875 0.5888888890625 0.3421875 0.60694444375 0.31953125 0.640277778125 0.2921875 0.6458333328125 0.28203125 0.6666666671875 0.27421875 0.672222221875 0.2609375 0.684722221875 0.25546875 0.672222221875 0.246875 0.66805555625 0.23125 0.6513888890625 0.225 0.6375 0.22421875 0.6361111109375 0.2203125 0.6569444437499999 0.21796875 0.6708333328125 0.19765625 0.690277778125 0.1859375 0.709722221875 0.13828125 0.675 0.1375 0.64444444375 0.14453125 0.6166666671875001 0.1734375 0.584722221875 0.16640625 0.577777778125 0.15703125 0.5791666671875 0.15 0.5694444437499999 0.14921875 0.477777778125 0.15625 0.427777778125 0.16328125 0.4236111109375 0.16640625 0.43194444374999996 0.18984375 0.43194444374999996 0.21171875 0.44444444375 0.21953125 0.44444444375 0.23046875
7 0.7416666671875001 0 0.73194444375 0.01640625 0.73194444375 0.0234375 0.725 0.02890625 0.715277778125 0.03125 0.7138888890625 0.0421875 0.702777778125 0.05234375 0.7041666671875 0.0625 0.6944444437499999 0.075 0.6861111109375 0.1 0.672222221875 0.10546875 0.6708333328125 0.11171875 0.7194444437499999 0.109375 0.73055555625 0.10546875 0.7361111109375 0.0875 0.7569444437499999 0.05546875 0.7597222218749999 0.0359375 0.7763888890625 0.0046875 0.7763888890625 0 0.7416666671875001 0
7 0.83194444375 0.925 0.83194444375 0.91796875 0.8138888890624999 0.91796875 0.8027777781250001 0.9234375 0.76805555625 0.93125 0.7638888890625 0.9421875 0.772222221875 0.95 0.76944444375 0.959375 0.7597222218749999 0.96484375 0.7611111109375 0.96953125 0.7708333328125 0.96953125 0.777777778125 0.9734375 0.790277778125 0.9734375 0.8041666671875 0.96796875 0.83194444375 0.925
7 0.8666666671875 0.96015625 0.875 0.94296875 0.8736111109375001 0.925 0.8625 0.925 0.85694444375 0.93046875 0.83194444375 0.9703125 0.834722221875 0.97890625 0.852777778125 0.9765625 0.8666666671875 0.96015625
7 0.9013888890624999 0.38125 0.9263888890624999 0.37890625 0.9611111109375001 0.3796875 0.9625 0.375 0.95555555625 0.36484375 0.9444444437499999 0.35546875 0.9486111109375001 0.3484375 0.9472222218749999 0.33359375 0.95694444375 0.32890625 0.952777778125 0.29296875 0.9486111109375001 0.2859375 0.9416666671874999 0.28125 0.91805555625 0.28046875 0.89444444375 0.275 0.8333333328125001 0.275 0.8291666671875 0.2796875 0.8208333328125 0.28203125 0.8263888890625 0.29765625 0.8083333328125001 0.30234375 0.8055555562500001 0.30625 0.80694444375 0.32421875 0.834722221875 0.33125 0.834722221875 0.34375 0.8486111109375001 0.35390625 0.8486111109375001 0.36484375 0.8541666671874999 0.36875 0.89305555625 0.36875 0.9013888890624999 0.38125
7 0.91805555625 0.4484375 0.915277778125 0.4546875 0.9041666671874999 0.46015625 0.8666666671875 0.45546875 0.83194444375 0.4578125 0.827777778125 0.4609375 0.8333333328125001 0.46875 0.86944444375 0.4765625 0.8986111109375001 0.478125 0.9041666671874999 0.475 0.93194444375 0.4765625 0.965277778125 0.47421875 0.9916666671875 0.46640625 0.99444444375 0.4296875 0.9861111109375 0.41640625 0.98055555625 0.3953125 0.975 0.38984375 0.9638888890624999 0.38828125 0.9291666671875 0.38984375 0.909722221875 0.3890625 0.9041666671874999 0.3859375 0.8819444437499999 0.3890625 0.86944444375 0.39375 0.8444444437499999 0.39375 0.8208333328125 0.40390625 0.8166666671874999 0.4140625 0.8194444437499999 0.425 0.8361111109375001 0.4359375 0.8458333328125001 0.43984375 0.89305555625 0.43984375 0.9138888890624999 0.44375 0.91805555625 0.4484375
7 0.8611111109375 0.78671875 0.8652777781250001 0.78671875 0.8652777781250001 0.78203125 0.8583333328125 0.78203125 0.8611111109375 0.78671875
7 0.8819444437499999 0.79296875 0.8861111109375001 0.79296875 0.8861111109375001 0.790625 0.8819444437499999 0.78828125 0.8819444437499999 0.79296875
7 0.8986111109375001 0.79296875 0.9041666671874999 0.78828125 0.89444444375 0.790625 0.89444444375 0.796875 0.902777778125 0.7953125 0.8986111109375001 0.79296875
7 0.847222221875 0.7671875 0.859722221875 0.7703125 0.8680555562500001 0.76875 0.9138888890624999 0.77109375 0.91944444375 0.7671875 0.925 0.75 0.909722221875 0.74765625 0.8444444437499999 0.7453125 0.840277778125 0.7484375 0.8416666671874999 0.76171875 0.847222221875 0.7671875
7 0.897222221875 0.67734375 0.8916666671875 0.68671875 0.872222221875 0.6953125 0.8625 0.7015625 0.85694444375 0.7109375 0.847222221875 0.71484375 0.840277778125 0.7265625 0.840277778125 0.73359375 0.8444444437499999 0.73671875 0.9291666671875 0.740625 0.952777778125 0.690625 0.9541666671875 0.68046875 0.9444444437499999 0.6765625 0.897222221875 0.67734375
4 0.659722221875 0.08046875 0.61944444375 0.08671875 0.602777778125 0.09375 0.6041666671875 0.0984375 0.6138888890625 0.1 0.6388888890625 0.0953125 0.6555555562500001 0.0953125 0.672222221875 0.1015625 0.6805555562500001 0.10078125 0.6916666671875 0.08671875 0.69305555625 0.075 0.672222221875 0.0734375 0.659722221875 0.08046875
4 0.9083333328125001 0.5515625 0.890277778125 0.55 0.8652777781250001 0.5546875 0.8458333328125001 0.5546875 0.8444444437499999 0.56171875 0.902777778125 0.5609375 0.909722221875 0.55625 0.9083333328125001 0.5515625
4 0.89444444375 0.546875 0.9138888890624999 0.540625 0.9138888890624999 0.5375 0.909722221875 0.5375 0.902777778125 0.53125 0.88055555625 0.53203125 0.89444444375 0.546875