2 0.01328125 0.43194444374999996 0.0140625 0.47083333281249995 0.01640625 0.4763888890625 0.025 0.477777778125 0.0328125 0.46666666718750005 0.03046875 0.4486111109375 0.02421875 0.4263888890625 0.01875 0.425 0.01328125 0.43194444374999996
1 0.375 0.28611111093749997 0.38828125 0.28055555625 0.40078125 0.2888888890625 0.4015625 0.28055555625 0.3875 0.26527777812500003 0.38515625 0.25694444375000003 0.3859375 0.19305555624999998 0.3828125 0.10555555624999999 0.38046875 0.10138888906250001 0.3703125 0.10555555624999999 0.371875 0.2541666671875 0.35703125 0.2541666671875 0.36171875 0.259722221875 0.36171875 0.26805555625 0.35625 0.26527777812500003 0.36640625 0.2708333328125 0.36875 0.2791666671875 0.375 0.28611111093749997
1 0.46875 0.2513888890625 0.46953125 0.24583333281250003 0.4671875 0.2416666671875 0.4546875 0.23333333281250002 0.4515625 0.2166666671875 0.45234375 0.18055555625 0.45546875 0.165277778125 0.45234375 0.147222221875 0.4546875 0.0861111109375 0.4515625 0.08055555625000001 0.44453125 0.08055555625000001 0.44140625 0.0916666671875 0.44140625 0.2138888890625 0.4375 0.22916666718749998 0.42734375 0.22638888906250001 0.42734375 0.23055555625 0.43125 0.2388888890625 0.4375 0.24305555625 0.45234375 0.25 0.46875 0.2513888890625
7 0.89140625 0.28055555625 0.90703125 0.27638888906250003 0.9140625 0.24722222187499998 0.9265625 0.23055555625 0.915625 0.18194444375000002 0.9109375 0.17361111093749998 0.89296875 0.15972222187500001 0.86796875 0.1541666671875 0.85546875 0.15555555625 0.853125 0.15972222187500001 0.8203125 0.15555555625 0.81953125 0.18194444375000002 0.83359375 0.20416666718749998 0.84765625 0.215277778125 0.84921875 0.22916666718749998 0.85390625 0.240277778125 0.878125 0.25833333281250004 0.8828125 0.27777777812500004 0.89140625 0.28055555625
7 0.99921875 0.33888888906250003 0.99921875 0.2666666671875 0.99375 0.259722221875 0.98671875 0.259722221875 0.98046875 0.30555555624999997 0.9796875 0.3416666671875 0.99921875 0.33888888906250003
7 0.96953125 0.24583333281250003 0.9421875 0.23194444375 0.93046875 0.23194444375 0.9203125 0.24305555625 0.9125 0.2611111109375 0.9078125 0.2888888890625 0.9109375 0.302777778125 0.9234375 0.3263888890625 0.94296875 0.33055555625 0.95 0.3513888890625 0.9578125 0.35555555625 0.96640625 0.30694444375 0.96953125 0.24583333281250003
7 0.78828125 0.09305555625 0.7875 0.1041666671875 0.7921875 0.1111111109375 0.7875 0.13194444375 0.79296875 0.1375 0.790625 0.1208333328125 0.79375 0.11805555625 0.796875 0.0958333328125 0.78828125 0.09305555625
7 0.83671875 0.0486111109375 0.83671875 0.06805555625000001 0.84296875 0.06944444375 0.84140625 0.052777778124999994 0.83671875 0.0486111109375
7 0.82421875 0.04305555625 0.82421875 0.058333332812500006 0.8265625 0.0513888890625 0.8265625 0.04305555625 0.82421875 0.04305555625
7 0.778852740625 0.04172374375 0.7703125 0.040277778125000004 0.76875 0.04305555625 0.775 0.0458333328125 0.778852740625 0.04172374375
7 0.78671875 0.04305555625 0.7789104234375 0.0417335109375 0.77916640625 0.0458333328125 0.79296875 0.05 0.790625 0.04444444375 0.78984375 0.047222221875 0.78671875 0.04305555625
7 0.99921875 0.22777777812500002 0.99375 0.21805555625 0.98828125 0.23472222187499997 0.9875 0.252777778125 0.99921875 0.25555555625 0.99921875 0.22777777812500002
7 0.96953125 0.197222221875 0.92578125 0.16805555625 0.91953125 0.16944444375 0.91875 0.1888888890625 0.9296875 0.215277778125 0.93046875 0.22777777812500002 0.959375 0.23611111093749998 0.96796875 0.24305555625 0.971875 0.240277778125 0.97421875 0.20694444375 0.96953125 0.197222221875
7 0.96015625 0.13333333281249998 0.94375 0.125 0.93828125 0.125 0.9328125 0.13333333281249998 0.9296875 0.13055555624999998 0.93203125 0.12222222187500001 0.92578125 0.1263888890625 0.925 0.1291666671875 0.93828125 0.140277778125 0.946875 0.14305555625 0.9515625 0.1513888890625 0.9703125 0.1611111109375 0.97890625 0.1611111109375 0.978125 0.147222221875 0.96015625 0.13333333281249998
7 0.8484375 0.23333333281250002 0.84296875 0.2208333328125 0.8328125 0.2166666671875 0.8296875 0.197222221875 0.81875 0.184722221875 0.8171875 0.17361111093749998 0.81640625 0.1888888890625 0.8125 0.19444444375 0.81015625 0.25555555625 0.81640625 0.25555555625 0.81640625 0.2638888890625 0.8203125 0.2708333328125 0.83515625 0.26944444375 0.84140625 0.27638888906250003 0.84765625 0.26527777812500003 0.8484375 0.23333333281250002
7 0.76796875 0.15555555625 0.76171875 0.15277777812499999 0.75 0.15972222187500001 0.7375 0.1833333328125 0.7375 0.2208333328125 0.74375 0.22638888906250001 0.753125 0.222222221875 0.7640625 0.22916666718749998 0.76796875 0.22638888906250001 0.76875 0.197222221875 0.775 0.184722221875 0.76796875 0.15555555625
7 0.790625 0.140277778125 0.7859375 0.13888888906250002 0.7828125 0.147222221875 0.78046875 0.175 0.78125 0.20972222187499998 0.77890625 0.24305555625 0.78046875 0.2541666671875 0.7859375 0.25694444375000003 0.790625 0.23611111093749998 0.79296875 0.2 0.79453125 0.15 0.790625 0.140277778125
7 0.79453125 0.097222221875 0.790625 0.10138888906250001 0.7890625 0.0958333328125 0.7890625 0.10138888906250001 0.79296875 0.10694444375 0.79453125 0.097222221875
7 0.75078125 0.072222221875 0.7453125 0.07638888906249999 0.74765625 0.090277778125 0.7453125 0.1041666671875 0.74453125 0.1541666671875 0.75546875 0.15555555625 0.7578125 0.1513888890625 0.76875 0.15 0.76875 0.084722221875 0.75078125 0.072222221875
7 0.7375 0.1041666671875 0.74140625 0.072222221875 0.72265625 0.058333332812500006 0.7015625 0.055555556250000006 0.68203125 0.04444444375 0.67734375 0.047222221875 0.6765625 0.055555556250000006 0.6765625 0.0986111109375 0.68671875 0.10555555624999999 0.6921875 0.115277778125 0.69296875 0.1291666671875 0.696875 0.13888888906250002 0.7125 0.1541666671875 0.73515625 0.1666666671875 0.7375 0.1041666671875
7 0.87265625 0.134722221875 0.85625 0.127777778125 0.8484375 0.11944444375 0.83984375 0.1208333328125 0.83828125 0.125 0.83671875 0.13194444375 0.8390625 0.15 0.84375 0.15277777812499999 0.85234375 0.15555555625 0.8578125 0.1513888890625 0.88125 0.15 0.88125 0.14305555625 0.87265625 0.134722221875
7 0.85625 0.08194444375 0.875 0.1041666671875 0.89375 0.11388888906250001 0.89609375 0.08055555625000001 0.87265625 0.07083333281250001 0.8609375 0.07083333281250001 0.85625 0.07638888906249999 0.85625 0.08194444375
4 0.4609375 0.14861111093749999 0.46640625 0.1513888890625 0.4703125 0.102777778125 0.4671875 0.0861111109375 0.4609375 0.0861111109375 0.45859375 0.0958333328125 0.4609375 0.14861111093749999
4 0.0765625 0.1458333328125 0.0703125 0.13055555624999998 0.0671875 0.127777778125 0.05625 0.13333333281249998 0.05078125 0.12222222187500001 0.05 0.10833333281249999 0.0453125 0.10694444375 0.04296875 0.1111111109375 0.03828125 0.14305555625 0.04296875 0.1513888890625 0.04375 0.1625 0.05390625 0.165277778125 0.06484375 0.15555555625 0.0671875 0.165277778125 0.07265625 0.165277778125 0.0765625 0.1458333328125
4 0.56875 0.165277778125 0.57109375 0.1708333328125 0.57421875 0.165277778125 0.57890625 0.13194444375 0.57421875 0.115277778125 0.56875 0.115277778125 0.5671875 0.12222222187500001 0.56875 0.165277778125