2 0.46805555625000006 0.9640625 0.4583333328125 0.9609375 0.427777778125 0.9625 0.41805555625 0.9671875 0.41944444374999995 0.975 0.46388888906250003 0.975 0.46805555625000006 0.9640625
1 0.08055555625000001 0.5515625 0.090277778125 0.5578125 0.15277777812499999 0.5578125 0.1583333328125 0.56015625 0.21805555625 0.55859375 0.22638888906250001 0.56171875 0.22638888906250001 0.57109375 0.23055555625 0.57109375 0.24305555625 0.5625 0.25 0.5484375 0.2513888890625 0.53125 0.24305555625 0.53203125 0.23055555625 0.54609375 0.16805555625 0.54375 0.0861111109375 0.54609375 0.08055555625000001 0.5515625
1 0.127777778125 0.61484375 0.10555555624999999 0.615625 0.1041666671875 0.625 0.12222222187500001 0.6296875 0.13888888906250002 0.62734375 0.2541666671875 0.628125 0.259722221875 0.63203125 0.259722221875 0.6421875 0.26527777812500003 0.6421875 0.272222221875 0.63125 0.28611111093749997 0.62421875 0.2833333328125 0.61328125 0.2888888890625 0.6046875 0.2513888890625 0.6140625 0.21805555625 0.6140625 0.19305555624999998 0.61015625 0.15 0.61015625 0.127777778125 0.61484375
6 0.2125 0.2421875 0.197222221875 0.24609375 0.1875 0.2640625 0.1583333328125 0.26953125 0.1513888890625 0.28828125 0.15 0.30859375 0.165277778125 0.3203125 0.16805555625 0.3390625 0.17361111093749998 0.34375 0.18055555625 0.34453125 0.20833333281250002 0.34609375 0.240277778125 0.3375 0.2388888890625 0.315625 0.24722222187499998 0.30234375 0.25555555625 0.29921875 0.275 0.29765625 0.28194444375 0.29296875 0.28472222187499996 0.28203125 0.2708333328125 0.2703125 0.27777777812500004 0.2625 0.27777777812500004 0.23828125 0.26527777812500003 0.2359375 0.2166666671875 0.23828125 0.2125 0.2421875
6 0.190277778125 0.4328125 0.21805555625 0.4328125 0.240277778125 0.42421875 0.25 0.41640625 0.259722221875 0.4015625 0.25555555625 0.34375 0.23055555625 0.3453125 0.222222221875 0.3640625 0.2138888890625 0.36796875 0.1888888890625 0.37265625 0.177777778125 0.3921875 0.1611111109375 0.4015625 0.1611111109375 0.425 0.175 0.43046875 0.190277778125 0.4328125
7 0.14861111093749999 0.1109375 0.14444444375 0.11328125 0.13055555624999998 0.1328125 0.12222222187500001 0.15625 0.134722221875 0.16015625 0.1513888890625 0.1546875 0.15 0.134375 0.15555555625 0.11953125 0.14861111093749999 0.1109375
7 0.115277778125 0.0328125 0.097222221875 0.03046875 0.08333333281250001 0.0375 0.11805555625 0.03671875 0.115277778125 0.0328125
7 0.1291666671875 0.075 0.12222222187500001 0.07109375 0.12222222187500001 0.05390625 0.11805555625 0.05 0.097222221875 0.04609375 0.08194444375 0.046875 0.072222221875 0.0609375 0.072222221875 0.0765625 0.08333333281250001 0.09296875 0.11944444375 0.09375 0.127777778125 0.08046875 0.1291666671875 0.075
7 0.07083333281250001 0.128125 0.07083333281250001 0.13828125 0.07638888906249999 0.1421875 0.08194444375 0.1421875 0.102777778125 0.125 0.11388888906250001 0.1109375 0.11388888906250001 0.1046875 0.08055555625000001 0.10234375 0.07083333281250001 0.128125
7 0.23333333281250002 0.06953125 0.2236111109375 0.07421875 0.1833333328125 0.08359375 0.16805555625 0.0953125 0.15555555625 0.11953125 0.15555555625 0.14375 0.15972222187500001 0.1484375 0.1541666671875 0.15859375 0.15555555625 0.18046875 0.16805555625 0.18359375 0.2125 0.18359375 0.2208333328125 0.18203125 0.22777777812500002 0.1765625 0.22777777812500002 0.16796875 0.2138888890625 0.16015625 0.2166666671875 0.153125 0.2388888890625 0.146875 0.25833333281250004 0.121875 0.275 0.11875 0.28055555625 0.1140625 0.27638888906250003 0.1046875 0.27777777812500004 0.075 0.26527777812500003 0.06953125 0.23333333281250002 0.06953125
7 0.177777778125 0.86640625 0.1916666671875 0.86328125 0.1888888890625 0.8265625 0.197222221875 0.81171875 0.19305555624999998 0.8046875 0.18194444375000002 0.80234375 0.172222221875 0.79453125 0.1458333328125 0.79609375 0.1111111109375 0.828125 0.109722221875 0.8484375 0.13055555624999998 0.85703125 0.1541666671875 0.8546875 0.177777778125 0.86640625
7 0.1458333328125 0.64921875 0.1416666671875 0.63046875 0.109722221875 0.63046875 0.0986111109375 0.61875 0.0388888890625 0.6203125 0.0375 0.625 0.04444444375 0.63515625 0.05694444375 0.64453125 0.052777778124999994 0.6515625 0.05694444375 0.665625 0.04305555625 0.67109375 0.047222221875 0.70859375 0.055555556250000006 0.71875 0.075 0.7203125 0.077777778125 0.7234375 0.08194444375 0.72109375 0.0861111109375 0.7234375 0.10555555624999999 0.725 0.1666666671875 0.725 0.17916666718750002 0.71796875 0.17361111093749998 0.7125 0.17361111093749998 0.703125 0.190277778125 0.69765625 0.19444444375 0.69375 0.19444444375 0.67734375 0.19305555624999998 0.675 0.16388888906250001 0.6671875 0.1611111109375 0.65234375 0.1458333328125 0.64921875
7 0.17916666718750002 0.54375 0.177777778125 0.5375 0.16805555625 0.53046875 0.12222222187500001 0.521875 0.0875 0.52421875 0.075 0.521875 0.047222221875 0.521875 0.015277778124999999 0.52734375 0.006944443749999999 0.5375 0.006944443749999999 0.57265625 0.0208333328125 0.6046875 0.03194444375 0.6109375 0.06527777812499999 0.6109375 0.075 0.60859375 0.0861111109375 0.61171875 0.1166666671875 0.61171875 0.134722221875 0.60234375 0.1513888890625 0.60625 0.1611111109375 0.60078125 0.18055555625 0.59609375 0.1833333328125 0.57890625 0.17916666718750002 0.5734375 0.15555555625 0.56171875 0.127777778125 0.55859375 0.1291666671875 0.54453125 0.17916666718750002 0.54375
7 0.2708333328125 0.00390625 0.26805555625 0.00078125 0.2208333328125 0.00078125 0.21805555625 0.00703125 0.23611111093749998 0.01171875 0.26805555625 0.0125 0.2708333328125 0.00390625
7 0.20277777812500003 0.07578125 0.2166666671875 0.07421875 0.2388888890625 0.06484375 0.23194444375 0.03984375 0.24583333281250003 0.03046875 0.22638888906250001 0.02578125 0.20277777812500003 0.02734375 0.19444444375 0.034375 0.16944444375 0.071875 0.16805555625 0.07734375 0.172222221875 0.08046875 0.1916666671875 0.08046875 0.20277777812500003 0.07578125
7 0.12361111093749999 0.0734375 0.1291666671875 0.075 0.1416666671875 0.0625 0.15972222187500001 0.01953125 0.1458333328125 0.02109375 0.13333333281249998 0.0390625 0.12222222187500001 0.06328125 0.12361111093749999 0.0734375
7 0.115277778125 0.21171875 0.13194444375 0.21484375 0.134722221875 0.21875 0.13888888906250002 0.21875 0.1513888890625 0.2140625 0.1513888890625 0.20703125 0.1125 0.2078125 0.10694444375 0.203125 0.097222221875 0.20234375 0.09305555625 0.20703125 0.09444444375 0.2125 0.11944444375 0.20859375 0.115277778125 0.21171875
7 0.08055555625000001 0.2328125 0.075 0.24921875 0.077777778125 0.25078125 0.1166666671875 0.2515625 0.134722221875 0.2546875 0.1583333328125 0.2546875 0.15972222187500001 0.23828125 0.1513888890625 0.23125 0.0888888890625 0.22890625 0.08055555625000001 0.2328125
7 0.127777778125 0.30625 0.1375 0.2984375 0.1458333328125 0.28203125 0.15555555625 0.27421875 0.15555555625 0.2625 0.06944444375 0.2609375 0.047222221875 0.30703125 0.0458333328125 0.3203125 0.055555556250000006 0.3234375 0.10138888906250001 0.32265625 0.10555555624999999 0.31328125 0.127777778125 0.30625