2 0.56805555625 0.01328125 0.527777778125 0.0140625 0.522222221875 0.01796875 0.522222221875 0.025 0.5333333328125 0.0328125 0.5541666671875001 0.0296875 0.575 0.02265625 0.56805555625 0.01328125
1 0.9 0.3796875 0.8958333328125001 0.3703125 0.7458333328125 0.371875 0.7458333328125 0.35625 0.74444444375 0.36015625 0.730921053125 0.3631990140625 0.7291666671875 0.36640625 0.7138888890625 0.375 0.7194444437499999 0.3875 0.7111111109375 0.40078125 0.7194444437499999 0.4015625 0.73194444375 0.3890625 0.74444444375 0.38515625 0.8125 0.3828125 0.847222221875 0.38515625 0.859722221875 0.3828125 0.89444444375 0.3828125 0.9 0.3796875
1 0.772222221875 0.4359375 0.7736111109375 0.4265625 0.76944444375 0.42578125 0.7597222218749999 0.43125 0.7611111109375 0.4359375 0.772222221875 0.4359375
1 0.83055555625 0.4421875 0.784722221875 0.43984375 0.7819444437499999 0.4421875 0.790277778125 0.44296875 0.797222221875 0.4484375 0.809722221875 0.45234375 0.8291666671875 0.4546875 0.915277778125 0.45390625 0.91944444375 0.4515625 0.91944444375 0.44453125 0.915277778125 0.4421875 0.897222221875 0.43984375 0.83055555625 0.4421875
6 0.8263888890625 0.60546875 0.840277778125 0.59765625 0.8388888890624999 0.57421875 0.8138888890624999 0.5671875 0.7791666671875 0.5671875 0.76805555625 0.57421875 0.7583333328124999 0.5765625 0.75 0.58359375 0.7402777781250001 0.603125 0.7416666671875001 0.65078125 0.747222221875 0.65625 0.772222221875 0.6546875 0.7763888890625 0.64296875 0.7833333328125 0.63671875 0.8083333328125001 0.63671875 0.8083333328125001 0.63046875 0.815277778125 0.62578125 0.8263888890625 0.60546875
6 0.772222221875 0.7796875 0.7597222218749999 0.78125 0.7263888890625 0.77890625 0.7236111109375 0.78203125 0.7333333328125 0.78671875 0.7638888890625 0.78828125 0.7763888890625 0.78203125 0.772222221875 0.7796875
6 0.722222221875 0.74375 0.73194444375 0.75 0.7569444437499999 0.75078125 0.7583333328124999 0.7640625 0.7666666671875 0.76640625 0.8194444437499999 0.76875 0.8236111109375001 0.76328125 0.8333333328125001 0.759375 0.840277778125 0.7609375 0.8819444437499999 0.75703125 0.89444444375 0.75 0.9041666671874999 0.72578125 0.902777778125 0.70625 0.89444444375 0.70234375 0.8583333328125 0.69921875 0.8444444437499999 0.68828125 0.83055555625 0.68359375 0.8222222218749999 0.6875 0.775 0.68828125 0.7611111109375 0.6953125 0.7583333328124999 0.70703125 0.7611111109375 0.71171875 0.7805555562500001 0.715625 0.7819444437499999 0.72265625 0.76805555625 0.72890625 0.73194444375 0.73203125 0.722222221875 0.7390625 0.722222221875 0.74375
7 0.83055555625 0.90625 0.8416666671874999 0.890625 0.8458333328125001 0.8671875 0.8444444437499999 0.85546875 0.840277778125 0.853125 0.8444444437499999 0.84375 0.8430555562500001 0.81953125 0.8166666671874999 0.8203125 0.7958333328125 0.83359375 0.784722221875 0.8484375 0.765277778125 0.85 0.7597222218749999 0.85390625 0.7416666671875001 0.878125 0.725 0.88125 0.7208333328125 0.88515625 0.7236111109375 0.90625 0.73194444375 0.9109375 0.7513888890625 0.9140625 0.76944444375 0.9265625 0.81805555625 0.915625 0.83055555625 0.90625
7 0.672222221875 0.97890625 0.6569444437499999 0.9796875 0.6611111109375 0.99921875 0.73194444375 0.99921875 0.7402777781250001 0.99375 0.7416666671875001 0.98828125 0.725 0.9828125 0.672222221875 0.97890625
7 0.6736111109375 0.9234375 0.66944444375 0.94140625 0.6486111109375 0.95 0.64444444375 0.9578125 0.6555555562500001 0.96171875 0.6972222218749999 0.9671875 0.7541666671875 0.96953125 0.76805555625 0.9421875 0.76805555625 0.93046875 0.765277778125 0.92578125 0.74444444375 0.91328125 0.702777778125 0.9078125 0.6736111109375 0.9234375
7 0.8458333328125001 0.85546875 0.85 0.8859375 0.85555555625 0.884375 0.859722221875 0.87578125 0.8652777781250001 0.8734375 0.872222221875 0.85625 0.8791666671874999 0.85078125 0.8791666671874999 0.8359375 0.8736111109375001 0.83359375 0.8652777781250001 0.8328125 0.8486111109375001 0.8421875 0.8458333328125001 0.85546875
7 0.89305555625 0.96640625 0.9013888890624999 0.96875 0.89444444375 0.9734375 0.902777778125 0.9734375 0.902777778125 0.9625 0.9 0.9640625 0.897222221875 0.96171875 0.8847222218749999 0.96171875 0.8819444437499999 0.9671875 0.89305555625 0.96640625
7 0.8986111109375001 0.90546875 0.8819444437499999 0.9046875 0.8791666671874999 0.90703125 0.872222221875 0.92578125 0.8791666671874999 0.93125 0.8791666671874999 0.94609375 0.8847222218749999 0.9515625 0.9111111109375001 0.95390625 0.91944444375 0.95078125 0.9291666671875 0.9328125 0.91944444375 0.90625 0.902777778125 0.90078125 0.8986111109375001 0.90546875
7 0.9263888890624999 0.85703125 0.91944444375 0.85625 0.9 0.8703125 0.8861111109375001 0.8890625 0.8847222218749999 0.89765625 0.91944444375 0.89765625 0.9291666671875 0.87265625 0.9263888890624999 0.85703125
7 0.7791666671875 0.99296875 0.765277778125 0.98828125 0.747222221875 0.9875 0.74444444375 0.99921875 0.772222221875 0.99921875 0.7791666671875 0.99296875
7 0.772222221875 0.93046875 0.7638888890625 0.95859375 0.7569444437499999 0.96796875 0.7611111109375 0.971875 0.79444444375 0.97421875 0.8027777781250001 0.96953125 0.83055555625 0.92890625 0.83194444375 0.9203125 0.827777778125 0.91875 0.8138888890624999 0.91796875 0.790277778125 0.92890625 0.772222221875 0.93046875
7 0.85694444375 0.946875 0.8444444437499999 0.95625 0.8388888890624999 0.96875 0.8388888890624999 0.978125 0.8444444437499999 0.9796875 0.852777778125 0.978125 0.86944444375 0.95625 0.877777778125 0.93359375 0.8736111109375001 0.92578125 0.8708333328125001 0.925 0.85694444375 0.9421875 0.85694444375 0.946875
4 0.772222221875 0.65390625 0.840277778125 0.65546875 0.852777778125 0.65078125 0.8541666671874999 0.64765625 0.8375 0.6390625 0.7805555562500001 0.63828125 0.772222221875 0.65390625
4 0.8083333328125001 0.45546875 0.79305555625 0.44453125 0.775 0.43828125 0.76805555625 0.43828125 0.76944444375 0.44296875 0.765277778125 0.44453125 0.74444444375 0.4453125 0.70694444375 0.45234375 0.69305555625 0.45 0.6875 0.45078125 0.6861111109375 0.45390625 0.6986111109375 0.4578125 0.74444444375 0.4609375 0.752777778125 0.46953125 0.7805555562500001 0.46796875 0.8041666671875 0.46015625 0.8083333328125001 0.45546875