1 0.61484375 0.7666666671875 0.61015625 0.8055555562500001 0.60859375 0.8486111109375001 0.61171875 0.8652777781250001 0.615625 0.872222221875 0.61640625 0.8958333328125001 0.62734375 0.89444444375 0.6296875 0.88055555625 0.62734375 0.85555555625 0.6296875 0.8236111109375001 0.62734375 0.8055555562500001 0.628125 0.7458333328125 0.63125 0.7402777781250001 0.6421875 0.7402777781250001 0.6421875 0.734722221875 0.63125 0.727777778125 0.62421875 0.7138888890625 0.6140625 0.7180555562500001 0.60625 0.7111111109375 0.6046875 0.7180555562500001 0.61328125 0.7416666671875001 0.61484375 0.7666666671875
1 0.54375 0.83194444375 0.54609375 0.9138888890624999 0.55234375 0.91944444375 0.5578125 0.9083333328125001 0.5578125 0.852777778125 0.56171875 0.834722221875 0.5578125 0.809722221875 0.55859375 0.7819444437499999 0.56171875 0.7736111109375 0.56953125 0.7763888890625 0.57109375 0.76805555625 0.5625 0.7569444437499999 0.54296875 0.7486111109375 0.53125 0.7486111109375 0.53125 0.7569444437499999 0.54609375 0.76944444375 0.54609375 0.8166666671874999 0.54375 0.83194444375
6 0.23828125 0.7833333328125 0.2421875 0.7875 0.2453125 0.8027777781250001 0.2640625 0.8125 0.271875 0.8444444437499999 0.309375 0.85 0.3203125 0.8361111109375001 0.325 0.840277778125 0.33203125 0.8388888890624999 0.34296875 0.8291666671875 0.3453125 0.8111111109375001 0.34609375 0.7916666671875 0.3390625 0.7625 0.33671875 0.7583333328124999 0.315625 0.7611111109375 0.30234375 0.752777778125 0.29765625 0.7236111109375 0.2921875 0.7166666671875 0.2796875 0.7166666671875 0.26953125 0.73194444375 0.2671875 0.725 0.2625 0.722222221875 0.2375 0.725 0.2359375 0.7638888890625 0.23828125 0.7833333328125
6 0.43125 0.772222221875 0.42421875 0.7583333328124999 0.4015625 0.7402777781250001 0.34921875 0.7416666671875001 0.34296875 0.7486111109375 0.34453125 0.76805555625 0.3640625 0.777777778125 0.37265625 0.8111111109375001 0.3921875 0.8222222218749999 0.4015625 0.8388888890624999 0.425 0.8388888890624999 0.43046875 0.825 0.4328125 0.809722221875 0.43125 0.772222221875
7 0.1421875 0.8708333328125001 0.1515625 0.8791666671874999 0.15703125 0.877777778125 0.1609375 0.8708333328125001 0.1609375 0.8638888890624999 0.15625 0.8486111109375001 0.10859375 0.8486111109375001 0.1328125 0.86944444375 0.1421875 0.8708333328125001
7 0.03203125 0.9069444437499999 0.0375 0.9111111109375001 0.03671875 0.8819444437499999 0.0328125 0.8847222218749999 0.0296875 0.9 0.03203125 0.9069444437499999
7 0.075 0.8708333328125001 0.06953125 0.877777778125 0.053125 0.877777778125 0.05 0.8819444437499999 0.04609375 0.9 0.04609375 0.9138888890624999 0.06171875 0.9277777781250001 0.0765625 0.9277777781250001 0.0921875 0.91805555625 0.09375 0.88055555625 0.08125 0.872222221875 0.075 0.8708333328125001
7 0.10234375 0.91944444375 0.121875 0.9277777781250001 0.1390625 0.9277777781250001 0.14296875 0.91944444375 0.1359375 0.909722221875 0.125 0.897222221875 0.11015625 0.8861111109375001 0.1046875 0.8861111109375001 0.10234375 0.91944444375
7 0.06953125 0.7333333328125 0.06953125 0.7666666671875 0.07421875 0.7763888890625 0.08359375 0.8166666671874999 0.0890625 0.8263888890625 0.11953125 0.8444444437499999 0.14375 0.8444444437499999 0.14765625 0.8388888890624999 0.15390625 0.8444444437499999 0.18125 0.8444444437499999 0.1859375 0.815277778125 0.1828125 0.8027777781250001 0.1828125 0.784722221875 0.178125 0.7736111109375 0.16796875 0.772222221875 0.1609375 0.784722221875 0.153125 0.7833333328125 0.1484375 0.7638888890625 0.121875 0.7416666671875001 0.1140625 0.7194444437499999 0.10703125 0.7194444437499999 0.1046875 0.7236111109375 0.0765625 0.722222221875 0.06953125 0.7333333328125
7 0.8609375 0.8680555562500001 0.85625 0.852777778125 0.8625 0.85 0.8625 0.840277778125 0.8671875 0.83055555625 0.86796875 0.8194444437499999 0.86015625 0.8125 0.8265625 0.8125 0.8125 0.8027777781250001 0.80546875 0.80694444375 0.7953125 0.8263888890625 0.79453125 0.847222221875 0.796875 0.85555555625 0.80546875 0.8611111109375 0.8203125 0.8819444437499999 0.8390625 0.89305555625 0.8484375 0.890277778125 0.85078125 0.8819444437499999 0.8609375 0.8680555562500001
7 0.63125 0.85555555625 0.63125 0.890277778125 0.61953125 0.9013888890624999 0.6203125 0.9611111109375001 0.625 0.9625 0.6359375 0.95555555625 0.64453125 0.9444444437499999 0.6515625 0.9458333328125 0.6578125 0.9361111109375001 0.6609375 0.940277778125 0.65859375 0.9458333328125 0.66640625 0.9416666671874999 0.671875 0.95694444375 0.71328125 0.95 0.71875 0.9444444437499999 0.72109375 0.93194444375 0.71953125 0.925 0.72421875 0.9055555562500001 0.725 0.8361111109375001 0.71953125 0.83194444375 0.71796875 0.8222222218749999 0.70234375 0.8263888890625 0.69765625 0.809722221875 0.69375 0.8055555562500001 0.67734375 0.8055555562500001 0.67421875 0.8083333328125001 0.66953125 0.83194444375 0.66171875 0.8361111109375001 0.65546875 0.8486111109375001 0.646875 0.847222221875 0.63515625 0.8583333328125 0.63125 0.85555555625
7 0.525 0.85 0.521875 0.872222221875 0.521875 0.9333333328125001 0.52578125 0.9680555562500001 0.53203125 0.9902777781250001 0.57421875 0.9930555562500001 0.58359375 0.9861111109375 0.60625 0.9791666671874999 0.6109375 0.965277778125 0.61171875 0.8833333328125 0.60390625 0.8666666671875 0.60625 0.8458333328125001 0.60078125 0.8361111109375001 0.59921875 0.8208333328125 0.58203125 0.815277778125 0.57109375 0.8222222218749999 0.5609375 0.847222221875 0.55859375 0.88055555625 0.54453125 0.8791666671874999 0.54375 0.8222222218749999 0.53984375 0.8208333328125 0.53359375 0.8263888890625 0.525 0.85
7 0.00625 0.725 0.00078125 0.7291666671875 0.00078125 0.777777778125 0.00703125 0.7819444437499999 0.01171875 0.7638888890625 0.0125 0.73194444375 0.00625 0.725
7 0.08125 0.8111111109375001 0.06640625 0.7638888890625 0.05703125 0.7611111109375 0.05078125 0.76805555625 0.03984375 0.76944444375 0.0328125 0.75555555625 0.0296875 0.75555555625 0.02578125 0.7736111109375 0.02578125 0.79444444375 0.03125 0.8027777781250001 0.07109375 0.83055555625 0.078125 0.83194444375 0.08125 0.8263888890625 0.08125 0.8111111109375001
7 0.02265625 0.85694444375 0.06328125 0.877777778125 0.0734375 0.8736111109375001 0.07421875 0.8708333328125001 0.06171875 0.8583333328125 0.046875 0.85555555625 0.0359375 0.8458333328125001 0.01953125 0.840277778125 0.02265625 0.85694444375
7 0.20703125 0.8486111109375001 0.20703125 0.877777778125 0.2140625 0.877777778125 0.2140625 0.8708333328125001 0.21875 0.8652777781250001 0.21875 0.859722221875 0.215625 0.85694444375 0.2140625 0.8486111109375001 0.20703125 0.8486111109375001
7 0.20234375 0.902777778125 0.2046875 0.9055555562500001 0.21171875 0.9055555562500001 0.2109375 0.8958333328125001 0.20390625 0.8916666671875 0.20234375 0.902777778125
7 0.23359375 0.91944444375 0.24921875 0.925 0.2515625 0.909722221875 0.2546875 0.8430555562500001 0.25 0.8388888890624999 0.2375 0.840277778125 0.23125 0.8486111109375001 0.22890625 0.909722221875 0.23359375 0.91944444375
7 0.3125 0.89305555625 0.30625 0.8791666671874999 0.30546875 0.8708333328125001 0.2921875 0.85694444375 0.28046875 0.8541666671874999 0.27421875 0.8458333328125001 0.2640625 0.8444444437499999 0.2609375 0.9305555562500001 0.30703125 0.952777778125 0.3203125 0.9541666671875 0.3234375 0.9444444437499999 0.3234375 0.902777778125 0.3125 0.89305555625
7 0.03046875 0.75 0.025 0.7736111109375 0.02578125 0.797222221875 0.03125 0.797222221875 0.03671875 0.7805555562500001 0.0375 0.7611111109375 0.03046875 0.75