2 0.5486111109375 0.03125 0.5722222218749999 0.025 0.5722222218749999 0.015625 0.5666666671875 0.0125 0.5319444437499999 0.01328125 0.522222221875 0.01875 0.522222221875 0.025 0.5319444437499999 0.0328125 0.5486111109375 0.03125
1 0.9 0.3796875 0.8958333328125001 0.3703125 0.7458333328125 0.371875 0.7402777781250001 0.36796875 0.7402777781250001 0.36171875 0.7458333328125 0.35703125 0.7361111109375 0.35546875 0.7291666671875 0.36640625 0.7138888890625 0.375 0.7194444437499999 0.38828125 0.7111111109375 0.40078125 0.7194444437499999 0.4015625 0.73194444375 0.38828125 0.7416666671875001 0.38515625 0.89444444375 0.3828125 0.9 0.3796875
1 0.9166666671874999 0.45390625 0.91944444375 0.44453125 0.909722221875 0.44140625 0.7763888890625 0.43984375 0.7708333328125 0.4375 0.7736111109375 0.42734375 0.76944444375 0.42734375 0.7611111109375 0.43125 0.7569444437499999 0.4375 0.75 0.4515625 0.7486111109375 0.46875 0.7583333328124999 0.46796875 0.7666666671875 0.4546875 0.7833333328125 0.4515625 0.8194444437499999 0.45234375 0.8291666671875 0.4546875 0.9166666671874999 0.45390625
6 0.8236111109375001 0.60625 0.8416666671874999 0.596875 0.8388888890624999 0.57421875 0.827777778125 0.56953125 0.80694444375 0.56640625 0.772222221875 0.56875 0.76944444375 0.5734375 0.7569444437499999 0.57734375 0.7430555562500001 0.59453125 0.7416666671875001 0.6515625 0.7458333328125 0.65625 0.76944444375 0.6546875 0.7763888890625 0.6484375 0.7819444437499999 0.6328125 0.7916666671875 0.63203125 0.79444444375 0.634375 0.8055555562500001 0.63515625 0.8111111109375001 0.63203125 0.8236111109375001 0.60625
7 0.8680555562500001 0.96640625 0.8916666671875 0.97421875 0.9041666671874999 0.97421875 0.909722221875 0.96484375 0.9013888890624999 0.96171875 0.872222221875 0.96171875 0.8680555562500001 0.96640625
7 0.902777778125 0.90078125 0.8986111109375001 0.90625 0.8819444437499999 0.90546875 0.872222221875 0.9203125 0.872222221875 0.925 0.8791666671874999 0.93125 0.88055555625 0.95 0.897222221875 0.95390625 0.91805555625 0.95234375 0.9291666671875 0.93515625 0.9291666671875 0.9265625 0.91944444375 0.9078125 0.9069444437499999 0.9015625 0.902777778125 0.90078125
7 0.8263888890625 0.9109375 0.8444444437499999 0.88515625 0.8458333328125001 0.8609375 0.840277778125 0.853125 0.8444444437499999 0.81953125 0.815277778125 0.8203125 0.8083333328125001 0.828125 0.7958333328125 0.8328125 0.7833333328125 0.8484375 0.765277778125 0.85 0.7597222218749999 0.853125 0.7416666671875001 0.878125 0.7236111109375 0.88203125 0.7194444437499999 0.88671875 0.7208333328125 0.921875 0.7333333328125 0.93046875 0.76805555625 0.9296875 0.8166666671874999 0.91640625 0.8263888890625 0.9109375
7 0.8458333328125001 0.87734375 0.85 0.884375 0.85555555625 0.88359375 0.8652777781250001 0.8734375 0.8708333328125001 0.8578125 0.8791666671874999 0.85 0.877777778125 0.83984375 0.85694444375 0.83828125 0.8513888890624999 0.8390625 0.847222221875 0.84375 0.8458333328125001 0.87734375
7 0.8861111109375001 0.89453125 0.9013888890624999 0.8953125 0.9055555562500001 0.89765625 0.91944444375 0.89609375 0.9291666671875 0.87265625 0.9291666671875 0.8609375 0.9236111109375 0.85625 0.91944444375 0.85546875 0.8958333328125001 0.875 0.8861111109375001 0.88828125 0.8861111109375001 0.89453125
7 0.83194444375 0.74140625 0.834722221875 0.7390625 0.83194444375 0.73828125 0.83194444375 0.74140625
7 0.8666666671875 0.7875 0.8625 0.79296875 0.8819444437499999 0.79296875 0.8791666671874999 0.7875 0.8666666671875 0.7875
7 0.8888888890625 0.79375 0.9041666671874999 0.796875 0.9069444437499999 0.78828125 0.89444444375 0.78828125 0.8888888890625 0.79375
7 0.9305555562500001 0.84296875 0.9444444437499999 0.8421875 0.95 0.83671875 0.9333333328125001 0.83671875 0.9305555562500001 0.84296875
7 0.9486111109375001 0.8265625 0.95694444375 0.8265625 0.95694444375 0.82421875 0.94305555625 0.82421875 0.9486111109375001 0.8265625
7 0.9541666671875 0.79140625 0.9583333328125001 0.76953125 0.9541666671875 0.7765625 0.9541666671875 0.79140625
7 0.827777778125 0.8171875 0.8083333328125001 0.8109375 0.79305555625 0.8125 0.7458333328125 0.81015625 0.747222221875 0.81796875 0.73194444375 0.8203125 0.73194444375 0.8390625 0.727777778125 0.84140625 0.73194444375 0.84609375 0.7458333328125 0.84765625 0.75 0.8453125 0.7638888890625 0.8484375 0.784722221875 0.83203125 0.8027777781250001 0.8296875 0.8083333328125001 0.81953125 0.827777778125 0.8171875
7 0.772222221875 0.765625 0.8041666671875 0.76875 0.8125 0.7734375 0.8444444437499999 0.76875 0.847222221875 0.7609375 0.8361111109375001 0.74609375 0.809722221875 0.73671875 0.7791666671875 0.73828125 0.7736111109375 0.7453125 0.777777778125 0.75703125 0.772222221875 0.765625
7 0.7430555562500001 0.7859375 0.7638888890625 0.790625 0.834722221875 0.79296875 0.8486111109375001 0.7953125 0.85694444375 0.79375 0.8611111109375 0.7875 0.852777778125 0.7828125 0.825 0.7796875 0.75 0.7796875 0.74444444375 0.78125 0.7430555562500001 0.7859375
7 0.7597222218749999 0.9875 0.7291666671875 0.9875 0.725 0.98984375 0.725 0.99765625 0.777777778125 0.99921875 0.7833333328125 0.99375 0.7805555562500001 0.99140625 0.7597222218749999 0.9875
7 0.81805555625 0.9953125 0.8291666671875 0.99375 0.8263888890625 0.9875 0.81805555625 0.9953125
7 0.7958333328125 0.92421875 0.7875 0.93046875 0.76805555625 0.93046875 0.7611111109375 0.93359375 0.7611111109375 0.9546875 0.752777778125 0.96953125 0.7805555562500001 0.97421875 0.79444444375 0.97421875 0.8027777781250001 0.96953125 0.83194444375 0.925 0.83055555625 0.91953125 0.8111111109375001 0.91875 0.7958333328125 0.92421875
7 0.8388888890624999 0.978125 0.852777778125 0.978125 0.8666666671875 0.9609375 0.875 0.94375 0.875 0.9314453125 0.8680555562500001 0.93125 0.875 0.92734375 0.86944444375 0.9265625 0.85694444375 0.946875 0.8444444437499999 0.95703125 0.8388888890624999 0.978125
7 0.86944444375 0.79140625 0.872222221875 0.7890625 0.8680555562500001 0.7890625 0.86944444375 0.79140625
7 0.89444444375 0.79375 0.902777778125 0.7953125 0.9055555562500001 0.7890625 0.9 0.78828125 0.89444444375 0.79375
7 0.8708333328125001 0.7703125 0.9 0.7703125 0.9166666671874999 0.7671875 0.9277777781250001 0.75078125 0.9263888890624999 0.7453125 0.9138888890624999 0.74765625 0.8458333328125001 0.74453125 0.8430555562500001 0.75 0.85 0.7671875 0.8708333328125001 0.7703125
7 0.94305555625 0.6765625 0.9125 0.675 0.8986111109375001 0.67734375 0.8888888890625 0.69140625 0.8708333328125001 0.69296875 0.85694444375 0.7 0.8444444437499999 0.7140625 0.8333333328125001 0.73515625 0.85694444375 0.7375 0.8888888890625 0.73671875 0.9277777781250001 0.74140625 0.9416666671874999 0.72265625 0.9444444437499999 0.7 0.95555555625 0.68125 0.94305555625 0.6765625
4 0.47083333281249995 0.86484375 0.48194444374999995 0.86796875 0.502777778125 0.86796875 0.5083333328124999 0.8625 0.50555555625 0.85625 0.49444444374999996 0.85546875 0.490277778125 0.85 0.47222222187499996 0.84375 0.415277778125 0.8390625 0.375 0.8390625 0.3513888890625 0.81953125 0.3236111109375 0.825 0.32777777812500003 0.8296875 0.34027777812500004 0.83203125 0.34027777812500004 0.8359375 0.33194444375 0.84140625 0.3361111109375 0.85 0.3513888890625 0.85 0.3888888890625 0.85625 0.39444444375 0.85859375 0.39305555625 0.86484375 0.47083333281249995 0.86484375
4 0.6333333328124999 0.26875 0.647222221875 0.26875 0.6555555562500001 0.27265625 0.6666666671875 0.27109375 0.66944444375 0.2640625 0.640277778125 0.25234375 0.5861111109375 0.25234375 0.5555555562500001 0.26171875 0.5083333328124999 0.2609375 0.5083333328124999 0.27265625 0.515277778125 0.275 0.5208333328125 0.2703125 0.5333333328125 0.27890625 0.5375 0.27265625 0.559722221875 0.27265625 0.5791666671875 0.26953125 0.5930555562500001 0.2703125 0.597222221875 0.27578125 0.627777778125 0.275 0.6333333328124999 0.26875
4 0.8194444437499999 0.63125 0.80694444375 0.63671875 0.7916666671875 0.63515625 0.7875 0.6390625 0.7958333328125 0.63671875 0.8027777781250001 0.64140625 0.8430555562500001 0.64765625 0.85694444375 0.63671875 0.8541666671874999 0.6265625 0.8388888890624999 0.62578125 0.83194444375 0.63125 0.8194444437499999 0.63125