0 0 0.9930555562500001 0.1015625 0.9638888890624999 0.12109375 0.95555555625 0.12890625 0.94305555625 0.13671875 0.94305555625 0.15546875 0.9680555562500001 0.1796875 0.9680555562500001 0.1875 0.9638888890624999 0.1984375 0.9472222218749999 0.20546875 0.9138888890624999 0.21640625 0.9055555562500001 0.21875 0.8986111109375001 0.22734375 0.890277778125 0.234375 0.8625 0.234375 0.8430555562500001 0.22734375 0.8041666671875 0.22890625 0.790277778125 0.215625 0.722222221875 0.2 0.6944444437499999 0.18671875 0.68194444375 0.10234375 0.6791666671875001 0.09921875 0.675 0.1 0.665277778125 0.10546875 0.6625 0.10625 0.6569444437499999 0.103125 0.647222221875 0.1 0.6458333328125 0.09375 0.6541666671875 0.0921875 0.6638888890625 0.08203125 0.6513888890625 0.04921875 0.5861111109375 0.05234375 0.6013888890625 0.0625 0.6180555562500001 0.06328125 0.64444444375 0.06640625 0.6541666671875 0.06484375 0.6569444437499999 0 0.6638888890625 0 0.9930555562500001
2 0.025 0.4625 0.02890625 0.46805555625000006 0.03828125 0.46666666718750005 0.04296875 0.45555555625000005 0.0359375 0.42083333281249996 0.02578125 0.41805555625 0.02421875 0.42222222187499997 0.025 0.4625
1 0.3796875 0.2888888890625 0.38671875 0.2833333328125 0.39453125 0.290277778125 0.39375 0.27777777812500004 0.38671875 0.2638888890625 0.38515625 0.23472222187499997 0.3875 0.19583333281249998 0.38515625 0.16805555625 0.38671875 0.10833333281249999 0.37265625 0.10138888906250001 0.3671875 0.11388888906250001 0.37265625 0.1583333328125 0.371875 0.2541666671875 0.36875 0.259722221875 0.359375 0.259722221875 0.359375 0.26527777812500003 0.36875 0.272222221875 0.375 0.28611111093749997 0.3796875 0.2888888890625
1 0.46875 0.24305555625 0.45625 0.23472222187499997 0.45234375 0.215277778125 0.45625 0.16805555625 0.45390625 0.1458333328125 0.4546875 0.0861111109375 0.453125 0.08194444375 0.44296875 0.0861111109375 0.4421875 0.215277778125 0.43828125 0.22638888906250001 0.43046875 0.22638888906250001 0.4296875 0.23055555625 0.4328125 0.2388888890625 0.4390625 0.24305555625 0.4671875 0.2513888890625 0.46875 0.24305555625
6 0.71875 0.28472222187499996 0.725 0.28055555625 0.7265625 0.275 0.7625 0.275 0.7640625 0.23472222187499997 0.76171875 0.2166666671875 0.75234375 0.19444444375 0.73515625 0.1875 0.73046875 0.1583333328125 0.70546875 0.15 0.69140625 0.15 0.6796875 0.1666666671875 0.675 0.165277778125 0.665625 0.172222221875 0.6609375 0.16805555625 0.65625 0.1763888890625 0.65625 0.21111111093749999 0.66328125 0.240277778125 0.6734375 0.24305555625 0.6828125 0.2388888890625 0.6984375 0.24722222187499998 0.70234375 0.275 0.70703125 0.28194444375 0.71875 0.28472222187499996
6 0.65546875 0.23055555625 0.6453125 0.2236111109375 0.63671875 0.2236111109375 0.6328125 0.2166666671875 0.63671875 0.20555555625 0.63671875 0.1916666671875 0.60625 0.17361111093749998 0.5984375 0.15972222187500001 0.57578125 0.1611111109375 0.56875 0.18055555625 0.56640625 0.21111111093749999 0.56953125 0.22777777812500002 0.57890625 0.24305555625 0.58828125 0.24722222187499998 0.5953125 0.25694444375000003 0.65 0.25833333281250004 0.65703125 0.2513888890625 0.65546875 0.23055555625
7 0.8671875 0.13055555624999998 0.85 0.12222222187500001 0.84296875 0.12361111093749999 0.8390625 0.1375 0.84375 0.1513888890625 0.88671875 0.15555555625 0.8875 0.1458333328125 0.89296875 0.1541666671875 0.89140625 0.147222221875 0.88046875 0.14305555625 0.8671875 0.13055555624999998
7 0.9625 0.1166666671875 0.96953125 0.10555555624999999 0.96953125 0.097222221875 0.9625 0.0861111109375 0.9609375 0.09305555625 0.9578125 0.09305555625 0.95390625 0.08194444375 0.9390625 0.072222221875 0.9234375 0.072222221875 0.90703125 0.08333333281250001 0.90625 0.11944444375 0.91875 0.127777778125 0.92265625 0.127777778125 0.92734375 0.1208333328125 0.9515625 0.11944444375 0.9578125 0.097222221875 0.96171875 0.1 0.9625 0.1166666671875
7 0.8609375 0.072222221875 0.85703125 0.077777778125 0.85703125 0.08194444375 0.875 0.102777778125 0.8890625 0.11388888906250001 0.8953125 0.11388888906250001 0.8984375 0.0916666671875 0.896875 0.08055555625000001 0.86875 0.07083333281250001 0.8609375 0.072222221875
7 0.878125 0.25833333281250004 0.88203125 0.27638888906250003 0.88671875 0.28055555625 0.8953125 0.27638888906250003 0.92421875 0.27777777812500004 0.93046875 0.2666666671875 0.9296875 0.23055555625 0.92578125 0.2236111109375 0.915625 0.18194444375000002 0.909375 0.172222221875 0.88046875 0.15555555625 0.85625 0.15555555625 0.85234375 0.1611111109375 0.84296875 0.15555555625 0.81875 0.15555555625 0.8171875 0.1611111109375 0.8140625 0.184722221875 0.8203125 0.22638888906250001 0.83125 0.22916666718749998 0.83515625 0.22638888906250001 0.8375 0.21805555625 0.846875 0.21805555625 0.85078125 0.23611111093749998 0.878125 0.25833333281250004
7 0.99375 0.2708333328125 0.99921875 0.26527777812500003 0.99921875 0.2208333328125 0.99296875 0.21944444375 0.98828125 0.2375 0.9875 0.26527777812500003 0.99375 0.2708333328125
7 0.975 0.20555555625 0.96953125 0.197222221875 0.92578125 0.16805555625 0.9203125 0.16944444375 0.91875 0.175 0.91796875 0.1888888890625 0.92421875 0.20138888906250002 0.9328125 0.23611111093749998 0.9375 0.240277778125 0.96171875 0.2388888890625 0.96875 0.24583333281250003 0.971875 0.240277778125 0.975 0.20555555625
7 0.93515625 0.12222222187500001 0.92578125 0.12361111093749999 0.925 0.13055555624999998 0.93515625 0.14305555625 0.95546875 0.1458333328125 0.9640625 0.1541666671875 0.98046875 0.1611111109375 0.978125 0.14444444375 0.97265625 0.140277778125 0.93515625 0.12222222187500001
7 0.784375 0.13194444375 0.77890625 0.1375 0.784375 0.14305555625 0.78671875 0.1513888890625 0.79140625 0.1513888890625 0.79296875 0.11944444375 0.7859375 0.1166666671875 0.784375 0.13194444375
7 0.78828125 0.09305555625 0.7890625 0.1041666671875 0.7953125 0.10833333281249999 0.79765625 0.0958333328125 0.78828125 0.09305555625
7 0.7453125 0.1583333328125 0.7625 0.15972222187500001 0.76796875 0.1541666671875 0.77109375 0.1375 0.77109375 0.09305555625 0.76640625 0.08055555625000001 0.74921875 0.07638888906249999 0.7453125 0.1583333328125
7 0.73671875 0.15555555625 0.73828125 0.06944444375 0.721875 0.058333332812500006 0.7015625 0.054166667187499996 0.68203125 0.04444444375 0.67734375 0.0458333328125 0.6765625 0.052777778124999994 0.675 0.09305555625 0.68046875 0.1041666671875 0.68671875 0.10694444375 0.6890625 0.13055555624999998 0.70546875 0.14305555625 0.71796875 0.1458333328125 0.72578125 0.15555555625 0.73671875 0.15555555625