2 0.5305555562500001 0.03046875 0.5319444437499999 0.03671875 0.54305555625 0.04140625 0.5791666671875 0.0359375 0.58055555625 0.025 0.5375 0.025 0.5305555562500001 0.03046875
1 0.897222221875 0.3796875 0.8958333328125001 0.3734375 0.8888888890625 0.3703125 0.8458333328125001 0.37265625 0.747222221875 0.37265625 0.7402777781250001 0.36875 0.7388888890625 0.359375 0.734722221875 0.359375 0.7291666671875 0.3671875 0.7111111109375 0.37734375 0.7166666671875 0.3859375 0.709722221875 0.39453125 0.7166666671875 0.3953125 0.7402777781250001 0.38671875 0.8861111109375001 0.3859375 0.89305555625 0.384375 0.897222221875 0.3796875
1 0.9125 0.44296875 0.7833333328125 0.4421875 0.772222221875 0.4375 0.7736111109375 0.43125 0.76944444375 0.4296875 0.7611111109375 0.4328125 0.7569444437499999 0.43828125 0.7486111109375 0.46015625 0.7611111109375 0.4609375 0.7598824796875 0.46577524062500003 0.7708333328125 0.4546875 0.777777778125 0.45390625 0.81805555625 0.45390625 0.827777778125 0.45625 0.85694444375 0.45390625 0.915277778125 0.4546875 0.9125 0.44296875
6 0.7763888890625 0.7609375 0.784722221875 0.76328125 0.8027777781250001 0.75546875 0.8083333328125001 0.75 0.809722221875 0.73671875 0.8194444437499999 0.7328125 0.8416666671874999 0.73046875 0.85 0.7046875 0.85 0.69140625 0.834722221875 0.68046875 0.8333333328125001 0.6703125 0.8236111109375001 0.66640625 0.8236111109375001 0.66328125 0.83055555625 0.6609375 0.8208333328125 0.65625 0.7805555562500001 0.65625 0.7597222218749999 0.66328125 0.7597222218749999 0.68203125 0.752777778125 0.696875 0.747222221875 0.7 0.727777778125 0.70234375 0.7166666671875 0.70859375 0.715277778125 0.7203125 0.727777778125 0.7296875 0.7208333328125 0.7390625 0.722222221875 0.76015625 0.727777778125 0.76328125 0.7583333328124999 0.7640625 0.7763888890625 0.7609375
6 0.840277778125 0.5984375 0.8388888890624999 0.575 0.8194444437499999 0.56875 0.8027777781250001 0.56640625 0.7819444437499999 0.5671875 0.7736111109375 0.56875 0.75555555625 0.58046875 0.7402777781250001 0.60546875 0.7416666671875001 0.65 0.7458333328125 0.65625 0.7638888890625 0.65703125 0.7708333328125 0.6546875 0.7819444437499999 0.634375 0.7958333328125 0.6375 0.8111111109375001 0.63515625 0.8236111109375001 0.609375 0.840277778125 0.5984375
7 0.852777778125 0.88828125 0.85694444375 0.875 0.8652777781250001 0.87265625 0.872222221875 0.8625 0.8736111109375001 0.8546875 0.8791666671874999 0.85 0.877777778125 0.83984375 0.8652777781250001 0.83828125 0.8486111109375001 0.84375 0.847222221875 0.8921875 0.852777778125 0.88828125
7 0.902777778125 0.9734375 0.909722221875 0.9625 0.8819444437499999 0.96171875 0.8819444437499999 0.965625 0.897222221875 0.975 0.902777778125 0.9734375
7 0.9277777781250001 0.9390625 0.9277777781250001 0.9234375 0.9166666671874999 0.90703125 0.88055555625 0.90625 0.8708333328125001 0.921875 0.88055555625 0.9515625 0.902777778125 0.95625 0.91805555625 0.953125 0.9277777781250001 0.9390625
7 0.91944444375 0.89609375 0.9277777781250001 0.8765625 0.9277777781250001 0.86171875 0.91944444375 0.85703125 0.9111111109375001 0.8625 0.897222221875 0.875 0.8861111109375001 0.89453125 0.9069444437499999 0.89765625 0.91944444375 0.89609375
7 0.7666666671875 0.93046875 0.7763888890625 0.92578125 0.8166666671874999 0.91640625 0.83055555625 0.90625 0.834722221875 0.8953125 0.8444444437499999 0.88515625 0.8444444437499999 0.85703125 0.827777778125 0.85078125 0.8333333328125001 0.84921875 0.8333333328125001 0.84453125 0.840277778125 0.84296875 0.8444444437499999 0.8375 0.8444444437499999 0.81875 0.83194444375 0.81640625 0.8055555562500001 0.815625 0.7791666671875 0.81875 0.7708333328125 0.82421875 0.772222221875 0.834375 0.7819444437499999 0.83671875 0.7805555562500001 0.846875 0.7638888890625 0.85078125 0.7416666671875001 0.878125 0.725 0.88125 0.7194444437499999 0.88671875 0.7236111109375 0.89609375 0.7208333328125 0.921875 0.73194444375 0.93046875 0.7666666671875 0.93046875
7 0.7819444437499999 0.99296875 0.765277778125 0.98828125 0.73194444375 0.9890625 0.7291666671875 0.99921875 0.7805555562500001 0.99921875 0.7819444437499999 0.99296875
7 0.809722221875 0.91875 0.8027777781250001 0.9234375 0.7861111109375 0.925 0.7611111109375 0.93515625 0.7597222218749999 0.9609375 0.752777778125 0.96875 0.7569444437499999 0.97265625 0.7736111109375 0.975 0.79444444375 0.975 0.8 0.97265625 0.83055555625 0.92890625 0.83194444375 0.92265625 0.8263888890625 0.91875 0.809722221875 0.91875
7 0.840277778125 0.98046875 0.8541666671874999 0.978125 0.86944444375 0.95546875 0.875 0.94375 0.8736111109375001 0.92734375 0.8708333328125001 0.92578125 0.8625 0.93359375 0.85555555625 0.94765625 0.85 0.95078125 0.840277778125 0.98046875
7 0.8458333328125001 0.79140625 0.859722221875 0.7953125 0.88055555625 0.79296875 0.8861111109375001 0.796875 0.902777778125 0.7984375 0.9069444437499999 0.79609375 0.9055555562500001 0.7875 0.8916666671875 0.790625 0.8888888890625 0.7875 0.847222221875 0.7859375 0.8458333328125001 0.79140625
7 0.9277777781250001 0.75 0.8708333328125001 0.74765625 0.8638888890624999 0.7453125 0.840277778125 0.74609375 0.8388888890624999 0.75859375 0.8444444437499999 0.76875 0.9069444437499999 0.77109375 0.91805555625 0.7671875 0.9277777781250001 0.75
7 0.9069444437499999 0.675 0.8958333328125001 0.68046875 0.890277778125 0.6890625 0.86944444375 0.69140625 0.8444444437499999 0.72578125 0.8416666671874999 0.734375 0.8458333328125001 0.7375 0.9305555562500001 0.7390625 0.940277778125 0.72421875 0.9458333328125 0.7 0.95555555625 0.68203125 0.9541666671875 0.67890625 0.9444444437499999 0.6765625 0.9069444437499999 0.675