2 0.9671875 0.58194444375 0.97421875 0.58194444375 0.97578125 0.577777778125 0.975 0.540277778125 0.97109375 0.5319444437499999 0.96328125 0.5319444437499999 0.9609375 0.5361111109375 0.96328125 0.575 0.9671875 0.58194444375
1 0.62734375 0.8986111109375001 0.63046875 0.89305555625 0.62734375 0.8416666671874999 0.62734375 0.7486111109375 0.63125 0.7402777781250001 0.6390625 0.7402777781250001 0.640625 0.734722221875 0.6328125 0.7291666671875 0.62421875 0.7138888890625 0.6125 0.7166666671875 0.60625 0.7111111109375 0.60625 0.7208333328125 0.61328125 0.734722221875 0.615625 0.89305555625 0.6203125 0.8986111109375001 0.62734375 0.8986111109375001
1 0.54921875 0.91805555625 0.55703125 0.9138888890624999 0.5578125 0.7833333328125 0.5625 0.7736111109375 0.56875 0.7736111109375 0.5703125 0.76944444375 0.5671875 0.7611111109375 0.56171875 0.7569444437499999 0.53359375 0.7486111109375 0.53125 0.7569444437499999 0.54296875 0.7638888890625 0.54765625 0.784722221875 0.54375 0.83055555625 0.54609375 0.8513888890624999 0.5453125 0.915277778125 0.54921875 0.91805555625
6 0.2359375 0.7638888890625 0.23828125 0.7819444437499999 0.24921875 0.8055555562500001 0.2640625 0.8111111109375001 0.26796875 0.8361111109375001 0.27265625 0.8444444437499999 0.3046875 0.852777778125 0.31171875 0.8486111109375001 0.31953125 0.834722221875 0.3296875 0.8333333328125001 0.3359375 0.8236111109375001 0.3390625 0.83194444375 0.34375 0.8222222218749999 0.3453125 0.7888888890625 0.34375 0.7736111109375 0.3375 0.7597222218749999 0.325 0.7569444437499999 0.31796875 0.7611111109375 0.3015625 0.752777778125 0.29765625 0.725 0.29140625 0.7166666671875 0.27890625 0.7166666671875 0.27109375 0.7291666671875 0.2625 0.722222221875 0.2390625 0.7236111109375 0.23671875 0.7291666671875 0.2359375 0.7638888890625
6 0.42421875 0.8388888890624999 0.43125 0.8194444437499999 0.43359375 0.8041666671875 0.4328125 0.7819444437499999 0.42265625 0.7569444437499999 0.396875 0.7402777781250001 0.346875 0.7416666671875001 0.34296875 0.75 0.3453125 0.7708333328125 0.3625 0.7763888890625 0.3671875 0.784722221875 0.36328125 0.79305555625 0.36328125 0.8083333328125001 0.39375 0.8263888890625 0.4015625 0.840277778125 0.42421875 0.8388888890624999
7 0.11015625 0.852777778125 0.1328125 0.86944444375 0.15625 0.877777778125 0.16015625 0.8625 0.1546875 0.8486111109375001 0.11328125 0.8458333328125001 0.1125 0.852777778125 0.1078125 0.847222221875 0.11015625 0.852777778125
7 0.12421875 0.9277777781250001 0.1390625 0.9277777781250001 0.14296875 0.922222221875 0.1421875 0.9166666671874999 0.12421875 0.8958333328125001 0.1109375 0.8861111109375001 0.1046875 0.8861111109375001 0.103125 0.91944444375 0.12421875 0.9277777781250001
7 0.04609375 0.9166666671874999 0.059375 0.9277777781250001 0.07578125 0.9277777781250001 0.08671875 0.922222221875 0.09296875 0.9138888890624999 0.09375 0.88055555625 0.08203125 0.872222221875 0.0484375 0.88055555625 0.0421875 0.902777778125 0.0375 0.8986111109375001 0.0375 0.8819444437499999 0.03359375 0.8847222218749999 0.03125 0.89444444375 0.0328125 0.9069444437499999 0.03828125 0.909722221875 0.0375 0.9138888890624999 0.03984375 0.9069444437499999 0.04375 0.9083333328125001 0.04609375 0.9166666671874999
7 0.07421875 0.7763888890625 0.084375 0.81805555625 0.09609375 0.83194444375 0.12109375 0.8444444437499999 0.14375 0.8444444437499999 0.14609375 0.840277778125 0.15546875 0.8444444437499999 0.18046875 0.8444444437499999 0.18359375 0.83194444375 0.1828125 0.7833333328125 0.175 0.7708333328125 0.1671875 0.772222221875 0.1625 0.7833333328125 0.153125 0.7819444437499999 0.14921875 0.7638888890625 0.121875 0.7416666671875001 0.11875 0.725 0.1140625 0.7194444437499999 0.1046875 0.7236111109375 0.075 0.722222221875 0.06953125 0.7333333328125 0.06953125 0.76805555625 0.07421875 0.7763888890625
7 0.00703125 0.7805555562500001 0.01171875 0.7625 0.01171875 0.7333333328125 0.00078125 0.734722221875 0.00078125 0.777777778125 0.00703125 0.7805555562500001
7 0.04921875 0.7638888890625 0.03046875 0.7541666671875 0.025 0.7791666671875 0.02734375 0.797222221875 0.07109375 0.83055555625 0.078125 0.83194444375 0.08125 0.8263888890625 0.08203125 0.8111111109375001 0.06484375 0.7611111109375 0.05625 0.7597222218749999 0.04921875 0.7638888890625
7 0.04609375 0.8541666671874999 0.0359375 0.8458333328125001 0.01953125 0.840277778125 0.021875 0.8541666671874999 0.028125 0.859722221875 0.05390625 0.8736111109375001 0.06848984375 0.875 0.07109375 0.8680555562500001 0.07421875 0.8736111109375001 0.075 0.86944444375 0.06484375 0.85694444375 0.04609375 0.8541666671874999
7 0.2140625 0.877777778125 0.2140625 0.8708333328125001 0.21875 0.8652777781250001 0.21875 0.859722221875 0.2140625 0.85 0.20859375 0.8486111109375001 0.20703125 0.877777778125 0.2140625 0.877777778125
7 0.203125 0.9041666671874999 0.21171875 0.9055555562500001 0.2109375 0.8958333328125001 0.20703125 0.890277778125 0.203125 0.89444444375 0.203125 0.9041666671874999
7 0.25078125 0.9236111109375 0.2546875 0.8416666671874999 0.23828125 0.840277778125 0.23125 0.8486111109375001 0.22890625 0.909722221875 0.2328125 0.91805555625 0.24609375 0.925 0.25078125 0.9236111109375
7 0.3234375 0.9444444437499999 0.325 0.9069444437499999 0.31953125 0.8958333328125001 0.3125 0.8916666671875 0.30859375 0.8708333328125001 0.29375 0.85694444375 0.28203125 0.8541666671874999 0.2734375 0.8444444437499999 0.26328125 0.8444444437499999 0.2609375 0.9305555562500001 0.278125 0.9416666671874999 0.29921875 0.9458333328125 0.31796875 0.95555555625 0.32265625 0.9541666671875 0.3234375 0.9444444437499999