2 0.025 0.4611111109375 0.03125 0.46944444374999994 0.0375 0.46805555625000006 0.04140625 0.45555555625000005 0.03671875 0.42222222187499997 0.03359375 0.41805555625 0.025 0.41944444374999995 0.025 0.4611111109375
1 0.38671875 0.2833333328125 0.39453125 0.290277778125 0.3953125 0.2833333328125 0.38671875 0.2611111109375 0.38515625 0.23472222187499997 0.3859375 0.11805555625 0.384375 0.10833333281249999 0.38046875 0.1041666671875 0.37265625 0.1041666671875 0.3703125 0.1111111109375 0.37265625 0.15694444375 0.37265625 0.252777778125 0.36875 0.259722221875 0.359375 0.2611111109375 0.359375 0.26527777812500003 0.3671875 0.2708333328125 0.375 0.28611111093749997 0.38671875 0.2833333328125
1 0.46640625 0.240277778125 0.4671875 0.2513888890625 0.46875 0.24444444375000002 0.45390625 0.21782361093749997 0.45390625 0.18194444375000002 0.45625 0.1708333328125 0.45390625 0.1458333328125 0.4546875 0.084722221875 0.44296875 0.0875 0.4421875 0.2166666671875 0.4375 0.22777777812500002 0.43125 0.22638888906250001 0.43046875 0.23472222187499997 0.43828125 0.24305555625 0.46015625 0.2513888890625 0.4609375 0.2388888890625 0.46640625 0.240277778125
6 0.72890625 0.272222221875 0.73828125 0.2791666671875 0.75546875 0.2791666671875 0.7609375 0.27777777812500004 0.7640625 0.26944444375 0.7640625 0.23611111093749998 0.7609375 0.2236111109375 0.7625 0.215277778125 0.75625 0.1986111109375 0.75 0.1916666671875 0.73671875 0.190277778125 0.7328125 0.18055555625 0.73046875 0.1583333328125 0.7046875 0.15 0.69140625 0.15 0.68125 0.16388888906250001 0.6609375 0.16805555625 0.65625 0.177777778125 0.65546875 0.2138888890625 0.6625 0.240277778125 0.68203125 0.240277778125 0.69765625 0.24722222187499998 0.70234375 0.272222221875 0.70859375 0.2833333328125 0.71953125 0.28472222187499996 0.72890625 0.272222221875
6 0.6546875 0.22916666718749998 0.63515625 0.2208333328125 0.63671875 0.190277778125 0.60625 0.17361111093749998 0.5984375 0.15972222187500001 0.57578125 0.1611111109375 0.56875 0.18055555625 0.56640625 0.197222221875 0.56875 0.22638888906250001 0.58203125 0.24583333281250003 0.60546875 0.259722221875 0.65 0.25833333281250004 0.65703125 0.2513888890625 0.65703125 0.23611111093749998 0.6546875 0.22916666718749998
7 0.89296875 0.15277777812499999 0.88984375 0.147222221875 0.87578125 0.14305555625 0.87265625 0.134722221875 0.86640625 0.13055555624999998 0.85625 0.127777778125 0.85 0.1208333328125 0.8421875 0.12222222187500001 0.8390625 0.134722221875 0.84453125 0.1513888890625 0.85234375 0.1541666671875 0.86171875 0.15 0.87734375 0.1513888890625 0.88203125 0.147222221875 0.8828125 0.15277777812499999 0.89296875 0.15277777812499999
7 0.9625 0.090277778125 0.96328125 0.11805555625 0.96875 0.1111111109375 0.9703125 0.097222221875 0.9625 0.090277778125
7 0.92421875 0.072222221875 0.90703125 0.08333333281250001 0.90625 0.11944444375 0.921875 0.1291666671875 0.94921875 0.1208333328125 0.95234375 0.1166666671875 0.95546875 0.097222221875 0.953125 0.08194444375 0.93828125 0.072222221875 0.92421875 0.072222221875
7 0.8625 0.07083333281250001 0.85703125 0.077777778125 0.85625 0.08055555625000001 0.875 0.102777778125 0.8890625 0.11388888906250001 0.8953125 0.11388888906250001 0.89765625 0.08333333281250001 0.89375 0.077777778125 0.8703125 0.07083333281250001 0.8625 0.07083333281250001
7 0.87890625 0.25833333281250004 0.88203125 0.27638888906250003 0.88671875 0.28055555625 0.89609375 0.27638888906250003 0.92109375 0.2791666671875 0.93046875 0.26805555625 0.93046875 0.23194444375 0.92578125 0.222222221875 0.91640625 0.1833333328125 0.90625 0.16944444375 0.8859375 0.15555555625 0.86640625 0.1541666671875 0.85078125 0.1583333328125 0.83984375 0.1541666671875 0.81953125 0.15555555625 0.815625 0.17361111093749998 0.8140625 0.1916666671875 0.8203125 0.2236111109375 0.83125 0.23055555625 0.83515625 0.22638888906250001 0.83671875 0.21805555625 0.84609375 0.21805555625 0.85078125 0.23611111093749998 0.87890625 0.25833333281250004
7 0.98984375 0.2666666671875 0.99921875 0.2666666671875 0.99921875 0.21944444375 0.99296875 0.21805555625 0.98828125 0.23611111093749998 0.9875 0.2541666671875 0.98984375 0.2666666671875
7 0.975 0.22638888906250001 0.975 0.20555555625 0.97265625 0.20138888906250002 0.928125 0.16944444375 0.9234375 0.16805555625 0.91875 0.17361111093749998 0.91796875 0.1861111109375 0.92890625 0.20833333281250002 0.93046875 0.22916666718749998 0.93515625 0.2388888890625 0.95546875 0.2388888890625 0.96875 0.24722222187499998 0.971875 0.24444444375000002 0.975 0.22638888906250001
7 0.93125 0.12222222187500001 0.92734375 0.1263888890625 0.92578125 0.1291666671875 0.9515625 0.15 0.97578125 0.1611111109375 0.98046875 0.15972222187500001 0.98046875 0.15 0.9765625 0.14305555625 0.94296875 0.125 0.93125 0.12222222187500001
7 0.79296875 0.15277777812499999 0.7953125 0.140277778125 0.79453125 0.11944444375 0.7984375 0.097222221875 0.796875 0.09305555625 0.7875 0.09305555625 0.790625 0.10833333281249999 0.7859375 0.1125 0.78515625 0.1291666671875 0.77890625 0.13888888906250002 0.78515625 0.14444444375 0.7859375 0.1541666671875 0.790625 0.1541666671875 0.79296875 0.15277777812499999
7 0.76640625 0.08055555625000001 0.7515625 0.072222221875 0.74921875 0.075 0.7484375 0.11944444375 0.74453125 0.15555555625 0.7484375 0.1611111109375 0.76328125 0.15972222187500001 0.76875 0.15555555625 0.77109375 0.1375 0.77109375 0.0958333328125 0.76640625 0.08055555625000001
7 0.72578125 0.15555555625 0.73671875 0.15555555625 0.7390625 0.06944444375 0.6828125 0.04444444375 0.67890625 0.0458333328125 0.67578125 0.06944444375 0.675 0.0916666671875 0.68046875 0.1041666671875 0.6875 0.10833333281249999 0.69140625 0.11944444375 0.69140625 0.1291666671875 0.7015625 0.140277778125 0.71796875 0.147222221875 0.72578125 0.15555555625