0 0.21944444375 0.48671875 0.20694444375 0.490625 0.20694444375 0.49453125 0.26944444375 0.49453125 0.27638888906250003 0.49375 0.27777777812500004 0.490625 0.26805555625 0.48359375 0.252777778125 0.48203125 0.21944444375 0.48671875
0 0.2513888890625 0.6140625 0.272222221875 0.5671875 0.27638888906250003 0.56328125 0.290277778125 0.5609375 0.30555555624999997 0.55078125 0.30555555624999997 0.54296875 0.2916666671875 0.534375 0.2888888890625 0.5234375 0.26944444375 0.52109375 0.1541666671875 0.5203125 0.14305555625 0.521875 0.1111111109375 0.53984375 0.10555555624999999 0.54609375 0.10138888906250001 0.5703125 0.097222221875 0.575 0.0888888890625 0.62109375 0.1 0.621875 0.10138888906250001 0.62578125 0.0861111109375 0.6296875 0.0861111109375 0.6390625 0.0958333328125 0.6625 0.10555555624999999 0.6671875 0.1208333328125 0.66875 0.21944444375 0.66875 0.22638888906250001 0.6625 0.23333333281250002 0.646875 0.24722222187499998 0.64453125 0.25555555625 0.63984375 0.25555555625 0.63203125 0.24722222187499998 0.6296875 0.21805555625 0.63046875 0.197222221875 0.628125 0.1875 0.63046875 0.10694444375 0.63046875 0.10138888906250001 0.61953125 0.147222221875 0.615625 0.2513888890625 0.6140625
2 0.425 0.9765625 0.425 0.98125 0.43194444374999996 0.98671875 0.47222222187499996 0.9859375 0.477777778125 0.98203125 0.477777778125 0.975 0.46805555625000006 0.9671875 0.447222221875 0.96953125 0.425 0.9765625
1 0.2513888890625 0.615625 0.15555555625 0.615625 0.13888888906250002 0.61796875 0.11203749999999998 0.61796875 0.10138888906250001 0.615625 0.1 0.62265625 0.10555555624999999 0.63046875 0.134722221875 0.628125 0.190277778125 0.6296875 0.20138888906250002 0.62734375 0.25555555625 0.6296875 0.25833333281250004 0.6421875 0.2666666671875 0.64296875 0.272222221875 0.63203125 0.2888888890625 0.62421875 0.2888888890625 0.6203125 0.28055555625 0.6171875 0.2888888890625 0.59921875 0.2791666671875 0.5984375 0.26805555625 0.60859375 0.2513888890625 0.615625
6 0.22777777812500002 0.21953125 0.275 0.22109375 0.27638888906250003 0.21796875 0.2611111109375 0.2125 0.2125 0.21171875 0.20833333281250002 0.2140625 0.20833333281250002 0.21796875 0.22777777812500002 0.21953125
6 0.20555555625 0.21796875 0.20416666718749998 0.215625 0.197222221875 0.215625 0.197222221875 0.21796875 0.20555555625 0.21796875
6 0.18055555625 0.21875 0.1833333328125 0.215625 0.1916666671875 0.21796875 0.1888888890625 0.21328125 0.16805555625 0.21640625 0.16805555625 0.21875 0.18055555625 0.21875
6 0.27777777812500004 0.25703125 0.26527777812500003 0.25 0.24444444375000002 0.25 0.240277778125 0.24609375 0.24305555625 0.23671875 0.23472222187499997 0.23359375 0.17916666718750002 0.23125 0.1708333328125 0.2390625 0.11388888906250001 0.24375 0.10555555624999999 0.25 0.0958333328125 0.27421875 0.09444444375 0.2875 0.097222221875 0.29375 0.1041666671875 0.29765625 0.1416666671875 0.30078125 0.15555555625 0.31171875 0.16944444375 0.31640625 0.177777778125 0.3125 0.225 0.31171875 0.2388888890625 0.30546875 0.24305555625 0.29609375 0.2388888890625 0.28828125 0.21944444375 0.28359375 0.2166666671875 0.278125 0.23194444375 0.27109375 0.2666666671875 0.26875 0.27638888906250003 0.2625 0.27777777812500004 0.25703125
7 0.1583333328125 0.109375 0.15555555625 0.14453125 0.1666666671875 0.14765625 0.15972222187500001 0.1515625 0.15555555625 0.1609375 0.15555555625 0.18125 0.15972222187500001 0.1828125 0.17916666718750002 0.18359375 0.197222221875 0.16875 0.2138888890625 0.1625 0.2166666671875 0.15078125 0.2416666671875 0.1453125 0.25833333281250004 0.121875 0.27777777812500004 0.1171875 0.27777777812500004 0.09375 0.26805555625 0.0890625 0.2486111109375 0.0859375 0.23055555625 0.0734375 0.18194444375000002 0.084375 0.17361111093749998 0.0890625 0.1583333328125 0.109375
7 0.33888888906250003 0.00078125 0.26805555625 0.00078125 0.25833333281250004 0.01015625 0.2611111109375 0.01328125 0.27777777812500004 0.01796875 0.34027777812500004 0.02109375 0.33888888906250003 0.00078125
7 0.29722222187499997 0.0921875 0.3083333328125 0.084375 0.322222221875 0.0796875 0.32777777812500003 0.075 0.33055555625 0.0578125 0.35555555625 0.04609375 0.35555555625 0.0421875 0.2888888890625 0.03125 0.24583333281250003 0.03046875 0.23194444375 0.0578125 0.23194444375 0.06953125 0.24583333281250003 0.08203125 0.28472222187499996 0.0921875 0.29722222187499997 0.0921875
7 0.222222221875 0.00703125 0.23472222187499997 0.01171875 0.2541666671875 0.01171875 0.2541666671875 0.00078125 0.22777777812500002 0.00078125 0.222222221875 0.00703125
7 0.20972222187499998 0.0703125 0.22916666718749998 0.06796875 0.23055555625 0.05546875 0.24305555625 0.03203125 0.2388888890625 0.028125 0.20555555625 0.02578125 0.197222221875 0.03046875 0.16944444375 0.071875 0.16944444375 0.08046875 0.190277778125 0.08046875 0.20416666718749998 0.07578125 0.20972222187499998 0.0703125
7 0.14305555625 0.0578125 0.14305555625 0.053125 0.15555555625 0.04375 0.16388888906250001 0.0265625 0.15972222187500001 0.021875 0.15 0.02109375 0.14444444375 0.025 0.13888888906250002 0.03671875 0.13055555624999998 0.04375 0.12222222187500001 0.0640625 0.1263888890625 0.07421875 0.1291666671875 0.075 0.14305555625 0.0578125
7 0.1513888890625 0.140625 0.15 0.11796875 0.14305555625 0.11953125 0.13055555624999998 0.13359375 0.127777778125 0.14375 0.11944444375 0.1515625 0.12222222187500001 0.16171875 0.13888888906250002 0.16328125 0.1513888890625 0.15859375 0.15555555625 0.14765625 0.1513888890625 0.140625
7 0.09305555625 0.10234375 0.08055555625000001 0.103125 0.07083333281250001 0.1265625 0.07083333281250001 0.13984375 0.07638888906249999 0.14375 0.08055555625000001 0.14453125 0.1041666671875 0.12421875 0.11388888906250001 0.1109375 0.1125 0.10546875 0.09305555625 0.10234375
4 0.27777777812500004 0.79765625 0.22916666718749998 0.8015625 0.23055555625 0.8078125 0.2611111109375 0.81484375 0.27638888906250003 0.81484375 0.302777778125 0.80703125 0.3333333328125 0.81875 0.34305555625 0.81171875 0.3333333328125 0.81171875 0.31805555625 0.8046875 0.31805555625 0.80234375 0.34444444375 0.79609375 0.34722222187499996 0.79453125 0.33888888906250003 0.790625 0.34722222187499996 0.78828125 0.34305555625 0.7875 0.3013888890625 0.79921875 0.27777777812500004 0.79765625