2 0.025 0.4583333328125 0.03125 0.46944444374999994 0.03671875 0.46805555625000006 0.0390625 0.4625 0.0390625 0.4458333328125 0.0359375 0.42083333281249996 0.025 0.41944444374999995 0.025 0.4583333328125
1 0.3859375 0.2833333328125 0.39375 0.290277778125 0.3953125 0.2833333328125 0.38671875 0.259722221875 0.38515625 0.21805555625 0.3890625 0.19305555624999998 0.3859375 0.17916666718750002 0.38515625 0.15694444375 0.3875 0.15277777812499999 0.384375 0.10833333281249999 0.3796875 0.1041666671875 0.37265625 0.10555555624999999 0.3703125 0.11805555625 0.37265625 0.15694444375 0.37265625 0.2513888890625 0.36875 0.259722221875 0.36015625 0.259722221875 0.359375 0.26527777812500003 0.3671875 0.2708333328125 0.37734375 0.2888888890625 0.3859375 0.2833333328125
1 0.46875 0.24305555625 0.45703125 0.23611111093749998 0.45234375 0.215277778125 0.45625 0.1708333328125 0.45390625 0.1416666671875 0.4546875 0.084722221875 0.44296875 0.0875 0.4421875 0.2166666671875 0.43828125 0.22638888906250001 0.43125 0.22638888906250001 0.4296875 0.23055555625 0.4328125 0.2388888890625 0.4390625 0.24305555625 0.4671875 0.2513888890625 0.46875 0.24305555625
6 0.72890625 0.272222221875 0.74140625 0.2791666671875 0.76328125 0.275 0.7640625 0.2388888890625 0.7609375 0.2236111109375 0.76328125 0.215277778125 0.75078125 0.19305555624999998 0.73671875 0.190277778125 0.7328125 0.18055555625 0.73046875 0.1583333328125 0.70546875 0.15 0.69140625 0.15 0.68125 0.16388888906250001 0.66171875 0.16805555625 0.65625 0.177777778125 0.65625 0.21944444375 0.6625 0.240277778125 0.6859375 0.2416666671875 0.6984375 0.24722222187499998 0.7015625 0.26944444375 0.70859375 0.2833333328125 0.72109375 0.28472222187499996 0.72890625 0.272222221875
6 0.65703125 0.2513888890625 0.6546875 0.22916666718749998 0.634375 0.21944444375 0.6375 0.20138888906250002 0.63671875 0.190277778125 0.60625 0.17361111093749998 0.5984375 0.15972222187500001 0.57578125 0.1611111109375 0.56875 0.18055555625 0.56640625 0.197222221875 0.56875 0.22638888906250001 0.57265625 0.22916666718749998 0.5765625 0.240277778125 0.59453125 0.25555555625 0.60625 0.259722221875 0.64921875 0.25833333281250004 0.65703125 0.2513888890625
7 0.8671875 0.13055555624999998 0.85 0.1208333328125 0.84140625 0.12222222187500001 0.83828125 0.134722221875 0.84453125 0.1513888890625 0.8859375 0.1541666671875 0.8875 0.147222221875 0.8921875 0.1541666671875 0.8890625 0.147222221875 0.8765625 0.14305555625 0.8671875 0.13055555624999998
7 0.96171875 0.11805555625 0.96640625 0.1166666671875 0.9734375 0.102777778125 0.97265625 0.097222221875 0.9625 0.0888888890625 0.9640625 0.09444444375 0.96171875 0.11805555625
7 0.9234375 0.072222221875 0.90703125 0.084722221875 0.90625 0.11944444375 0.921875 0.1291666671875 0.93984375 0.1263888890625 0.95078125 0.11805555625 0.95546875 0.097222221875 0.953125 0.08333333281250001 0.93828125 0.072222221875 0.9234375 0.072222221875
7 0.86328125 0.07083333281250001 0.85703125 0.077777778125 0.85625 0.08055555625000001 0.87578125 0.102777778125 0.8890625 0.11388888906250001 0.89453125 0.11388888906250001 0.89765625 0.09305555625 0.89609375 0.08055555625000001 0.8703125 0.07083333281250001 0.86328125 0.07083333281250001
7 0.85078125 0.23611111093749998 0.87890625 0.25833333281250004 0.88125 0.275 0.88671875 0.28055555625 0.89609375 0.27638888906250003 0.92109375 0.2791666671875 0.93046875 0.26805555625 0.93046875 0.23333333281250002 0.92578125 0.2236111109375 0.91640625 0.1833333328125 0.909375 0.172222221875 0.88515625 0.15555555625 0.85703125 0.15555555625 0.85234375 0.16805555625 0.8484375 0.15972222187500001 0.84453125 0.1611111109375 0.83828125 0.15555555625 0.81875 0.15555555625 0.8140625 0.19305555624999998 0.81796875 0.20555555625 0.81875 0.2208333328125 0.82421875 0.22916666718749998 0.834375 0.22777777812500002 0.83671875 0.21805555625 0.846875 0.21944444375 0.85078125 0.23611111093749998
7 0.99453125 0.275 0.99921875 0.2708333328125 0.99921875 0.22638888906250001 0.9953125 0.21805555625 0.98984375 0.21805555625 0.98828125 0.2666666671875 0.99453125 0.275
7 0.97265625 0.24305555625 0.9765625 0.2166666671875 0.97578125 0.20555555625 0.97265625 0.2 0.928125 0.16944444375 0.9203125 0.16944444375 0.91875 0.175 0.91875 0.190277778125 0.9296875 0.2125 0.93046875 0.23055555625 0.93515625 0.2388888890625 0.946875 0.240277778125 0.9546875 0.23611111093749998 0.96875 0.24722222187499998 0.97265625 0.24305555625
7 0.95546875 0.13055555624999998 0.94140625 0.125 0.92734375 0.1263888890625 0.92578125 0.1291666671875 0.93359375 0.1375 0.9484375 0.14444444375 0.9515625 0.15 0.975 0.1611111109375 0.98046875 0.15972222187500001 0.97890625 0.1458333328125 0.95546875 0.13055555624999998
7 0.796875 0.11388888906250001 0.7921875 0.11388888906250001 0.79765625 0.10555555624999999 0.796875 0.09444444375 0.7875 0.09444444375 0.790625 0.102777778125 0.7875 0.1111111109375 0.79140625 0.11388888906250001 0.7921875 0.11944444375 0.7859375 0.1263888890625 0.78515625 0.15 0.78671875 0.1541666671875 0.79140625 0.1541666671875 0.7953125 0.140277778125 0.7953125 0.1291666671875 0.7921875 0.12222222187500001 0.79296875 0.1166666671875 0.796875 0.11388888906250001
7 0.7515625 0.072222221875 0.74921875 0.075 0.7484375 0.11805555625 0.74453125 0.15555555625 0.75078125 0.1611111109375 0.765625 0.1583333328125 0.76875 0.15555555625 0.77109375 0.09305555625 0.76640625 0.08055555625000001 0.7515625 0.072222221875
7 0.7390625 0.06944444375 0.7234375 0.059722221875 0.7 0.054166667187499996 0.68203125 0.04444444375 0.67890625 0.0458333328125 0.6765625 0.05694444375 0.675 0.09305555625 0.67734375 0.10138888906250001 0.6875 0.10833333281249999 0.69140625 0.11805555625 0.6921875 0.13055555624999998 0.72578125 0.15555555625 0.73671875 0.15555555625 0.7390625 0.06944444375