1 0.6125 0.8458333328125001 0.61484375 0.8888888890625 0.61640625 0.89444444375 0.6234375 0.8986111109375001 0.63046875 0.8916666671875 0.62734375 0.8416666671874999 0.62734375 0.7458333328125 0.63125 0.7388888890625 0.640625 0.7388888890625 0.640625 0.734722221875 0.6328125 0.7291666671875 0.625 0.7138888890625 0.61328125 0.7166666671875 0.60625 0.709722221875 0.6046875 0.7166666671875 0.61328125 0.7361111109375 0.61484375 0.765277778125 0.61484375 0.834722221875 0.6125 0.8458333328125001
1 0.5453125 0.915277778125 0.55 0.91805555625 0.55703125 0.9138888890624999 0.5578125 0.7833333328125 0.56171875 0.7736111109375 0.56875 0.7736111109375 0.5703125 0.76944444375 0.56328125 0.7583333328124999 0.53984375 0.7486111109375 0.53828125 0.7611111109375 0.53359375 0.7597222218749999 0.5328125 0.7486111109375 0.53125 0.7569444437499999 0.54765625 0.79375 0.54375 0.83194444375 0.54609375 0.85694444375 0.5453125 0.915277778125
6 0.246875 0.8027777781250001 0.26484375 0.8125 0.26953125 0.8416666671874999 0.29453125 0.85 0.30859375 0.85 0.31875 0.834722221875 0.33046875 0.83194444375 0.33359375 0.8236111109375001 0.3390625 0.827777778125 0.34296875 0.8236111109375001 0.34375 0.7819444437499999 0.33671875 0.7611111109375 0.33046875 0.7569444437499999 0.31796875 0.7611111109375 0.3015625 0.752777778125 0.29765625 0.725 0.29296875 0.7180555562500001 0.28125 0.715277778125 0.27109375 0.7291666671875 0.26328125 0.722222221875 0.2375 0.725 0.2359375 0.765277778125 0.23828125 0.7819444437499999 0.246875 0.8027777781250001
6 0.36328125 0.79444444375 0.3640625 0.809722221875 0.39453125 0.8263888890625 0.4015625 0.840277778125 0.4234375 0.8388888890624999 0.43125 0.8194444437499999 0.43359375 0.8041666671875 0.4328125 0.7819444437499999 0.43046875 0.7708333328125 0.4265625 0.76944444375 0.42265625 0.7569444437499999 0.41171875 0.752777778125 0.40625 0.74444444375 0.3984375 0.7402777781250001 0.34921875 0.7416666671875001 0.34375 0.7458333328125 0.34453125 0.76944444375 0.36328125 0.7763888890625 0.3671875 0.7833333328125 0.36328125 0.79444444375
7 0.14296875 0.8708333328125001 0.1515625 0.8791666671874999 0.15625 0.877777778125 0.16015625 0.8625 0.15546875 0.8486111109375001 0.1078125 0.8458333328125001 0.11015625 0.852777778125 0.1265625 0.8652777781250001 0.14296875 0.8708333328125001
7 0.08046875 0.872222221875 0.06875 0.8791666671874999 0.0484375 0.88055555625 0.04453125 0.9013888890624999 0.04140625 0.9041666671874999 0.04453125 0.9069444437499999 0.046875 0.91805555625 0.0609375 0.9277777781250001 0.0765625 0.9277777781250001 0.0875 0.922222221875 0.09296875 0.9138888890624999 0.09375 0.88055555625 0.08046875 0.872222221875
7 0.10234375 0.9069444437499999 0.10390625 0.91944444375 0.13125 0.9291666671875 0.13828125 0.9277777781250001 0.1421875 0.922222221875 0.1375 0.9111111109375001 0.125 0.897222221875 0.1109375 0.8861111109375001 0.1046875 0.8861111109375001 0.10234375 0.9069444437499999
7 0.07578125 0.722222221875 0.06953125 0.73194444375 0.06953125 0.7666666671875 0.07421875 0.7763888890625 0.08359375 0.8166666671874999 0.090625 0.827777778125 0.1203125 0.8444444437499999 0.14375 0.8444444437499999 0.146875 0.840277778125 0.15859375 0.8458333328125001 0.18046875 0.8444444437499999 0.1828125 0.8375 0.184375 0.80694444375 0.18203125 0.7986111109375 0.18203125 0.7805555562500001 0.178125 0.7736111109375 0.16875 0.7708333328125 0.16328125 0.7819444437499999 0.153125 0.7819444437499999 0.14921875 0.7638888890625 0.13046875 0.7458333328125 0.12109375 0.7416666671875001 0.11875 0.725 0.11328125 0.7194444437499999 0.10390625 0.7236111109375 0.07578125 0.722222221875
7 0.01015625 0.7208333328125 0.00078125 0.7208333328125 0.00078125 0.7805555562500001 0.0078125 0.7819444437499999 0.01171875 0.7638888890625 0.0125 0.727777778125 0.01015625 0.7208333328125
7 0.08203125 0.8138888890624999 0.0765625 0.8027777781250001 0.075 0.784722221875 0.06640625 0.7611111109375 0.0375 0.7597222218749999 0.03125 0.752777778125 0.028125 0.7569444437499999 0.025 0.7736111109375 0.025 0.79444444375 0.03046875 0.8027777781250001 0.071875 0.83055555625 0.07734375 0.83194444375 0.08125 0.8263888890625 0.08203125 0.8138888890624999
7 0.05546875 0.8541666671874999 0.046875 0.85555555625 0.03515625 0.8458333328125001 0.01953125 0.840277778125 0.01953125 0.847222221875 0.0234375 0.85555555625 0.03984375 0.8666666671875 0.06484375 0.877777778125 0.07421875 0.875 0.075 0.86944444375 0.0625 0.8583333328125 0.05546875 0.8541666671874999
7 0.20703125 0.88055555625 0.21171875 0.8819444437499999 0.2140625 0.877777778125 0.2140625 0.8708333328125001 0.21875 0.8652777781250001 0.21875 0.859722221875 0.21328125 0.8486111109375001 0.2078125 0.8486111109375001 0.20703125 0.88055555625
7 0.20234375 0.902777778125 0.20703125 0.9069444437499999 0.21171875 0.9069444437499999 0.2078125 0.8833333328125 0.203125 0.89305555625 0.20234375 0.902777778125
7 0.25078125 0.9236111109375 0.2546875 0.8430555562500001 0.2375 0.840277778125 0.23125 0.8458333328125001 0.2296875 0.859722221875 0.2296875 0.9111111109375001 0.23203125 0.91805555625 0.25078125 0.9236111109375
7 0.325 0.9069444437499999 0.31953125 0.8958333328125001 0.3125 0.89305555625 0.3078125 0.88055555625 0.30703125 0.86944444375 0.27421875 0.8444444437499999 0.26328125 0.8444444437499999 0.2609375 0.9305555562500001 0.278125 0.9416666671874999 0.2984375 0.9458333328125 0.3171875 0.95555555625 0.321875 0.9541666671875 0.3234375 0.9444444437499999 0.325 0.9069444437499999