0 0.9828125 0.290277778125 0.9796875 0.34027777812500004 0.99921875 0.3375 0.99921875 0.26805555625 0.9953125 0.259722221875 0.9890625 0.25694444375000003 0.98125 0.27777777812500004 0.9828125 0.290277778125
0 0.9671875 0.302777778125 0.9703125 0.24722222187499998 0.9421875 0.23194444375 0.93046875 0.23194444375 0.92578125 0.23472222187499997 0.9125 0.259722221875 0.90703125 0.2958333328125 0.925 0.3263888890625 0.9484375 0.33194444375 0.94921875 0.3458333328125 0.95625 0.35555555625 0.96171875 0.3375 0.9640625 0.3111111109375 0.9671875 0.302777778125
0 0.50703125 0.20555555625 0.5046875 0.20694444375 0.5046875 0.2541666671875 0.50625 0.27777777812500004 0.51015625 0.27777777812500004 0.51640625 0.26805555625 0.51796875 0.2513888890625 0.51328125 0.21944444375 0.50703125 0.20555555625
0 0.3796875 0.1 0.3828125 0.1111111109375 0.38671875 0.252777778125 0.4328125 0.272222221875 0.4375 0.27777777812500004 0.43984375 0.29305555625 0.45 0.30555555624999997 0.45859375 0.30416666718749996 0.4640625 0.29305555625 0.4765625 0.2888888890625 0.47890625 0.27777777812500004 0.4796875 0.1513888890625 0.478125 0.14305555625 0.4578125 0.109722221875 0.425 0.097222221875 0.403125 0.0958333328125 0.36875 0.0861111109375 0.3390625 0.09444444375 0.33203125 0.10833333281249999 0.33125 0.21805555625 0.33828125 0.22638888906250001 0.35390625 0.23333333281250002 0.3578125 0.2541666671875 0.3671875 0.25555555625 0.36953125 0.2513888890625 0.36953125 0.10694444375 0.3796875 0.1
2 0.0140625 0.47222222187499996 0.01796875 0.477777778125 0.025 0.477777778125 0.0328125 0.46666666718750005 0.0296875 0.4458333328125 0.02265625 0.425 0.01328125 0.43194444374999996 0.0140625 0.47222222187499996
1 0.38359375 0.28055555625 0.4 0.2888888890625 0.4015625 0.28055555625 0.38515625 0.2541666671875 0.38203125 0.10555555624999999 0.40703125 0.09444444375 0.38828125 0.0958333328125 0.38359375 0.1041666671875 0.3765625 0.1 0.36953125 0.10555555624999999 0.371875 0.20138888906250002 0.3703125 0.25555555625 0.359375 0.25833333281250004 0.35703125 0.2666666671875 0.36640625 0.2708333328125 0.37578125 0.2888888890625 0.38046875 0.2888888890625 0.38359375 0.28055555625
6 0.77890625 0.275 0.78203125 0.27638888906250003 0.78671875 0.2666666671875 0.78828125 0.23611111093749998 0.784375 0.21805555625 0.78125 0.21944444375 0.78046875 0.22777777812500002 0.77890625 0.275
6 0.78203125 0.18055555625 0.78125 0.1763888890625 0.775 0.17916666718750002 0.78203125 0.18055555625
6 0.78125 0.1703125 0.00078125 0.0015625
6 0.7109375 0.2388888890625 0.715625 0.21944444375 0.72265625 0.21805555625 0.72890625 0.23333333281250002 0.73125 0.2666666671875 0.7375 0.27638888906250003 0.74296875 0.27777777812500004 0.75 0.26527777812500003 0.75 0.24444444375000002 0.753125 0.240277778125 0.7640625 0.2416666671875 0.76640625 0.23333333281250002 0.76875 0.18055555625 0.76328125 0.1763888890625 0.759375 0.1666666671875 0.75703125 0.11805555625 0.75 0.10555555624999999 0.72734375 0.0958333328125 0.7125 0.09444444375 0.70625 0.097222221875 0.7015625 0.10694444375 0.6984375 0.14305555625 0.69375 0.1458333328125 0.68359375 0.16944444375 0.6875 0.17916666718750002 0.68828125 0.225 0.69453125 0.2388888890625 0.703125 0.24305555625 0.7109375 0.2388888890625
7 0.8828125 0.27777777812500004 0.89140625 0.28055555625 0.89609375 0.27638888906250003 0.90625 0.27638888906250003 0.91484375 0.2486111109375 0.9265625 0.23055555625 0.915625 0.18194444375000002 0.90625 0.16944444375 0.890625 0.1583333328125 0.85703125 0.15555555625 0.8515625 0.16805555625 0.84921875 0.15972222187500001 0.8390625 0.15555555625 0.81953125 0.15555555625 0.8171875 0.15972222187500001 0.81640625 0.18055555625 0.8296875 0.19583333281249998 0.83828125 0.2138888890625 0.8484375 0.215277778125 0.8515625 0.23472222187499997 0.85546875 0.24305555625 0.878125 0.25833333281250004 0.8828125 0.27777777812500004
7 0.99921875 0.22777777812500002 0.99453125 0.222222221875 0.98984375 0.22638888906250001 0.98828125 0.2541666671875 0.99921875 0.25555555625 0.99921875 0.22777777812500002
7 0.96953125 0.197222221875 0.92890625 0.16944444375 0.91953125 0.16944444375 0.91875 0.1888888890625 0.92421875 0.20277777812500003 0.9296875 0.20833333281250002 0.93125 0.22777777812500002 0.96796875 0.24305555625 0.971875 0.2388888890625 0.97421875 0.20555555625 0.96953125 0.197222221875
7 0.96015625 0.13333333281249998 0.9359375 0.12222222187500001 0.9265625 0.125 0.92578125 0.13055555624999998 0.94609375 0.14305555625 0.95625 0.15555555625 0.96953125 0.1611111109375 0.97890625 0.15972222187500001 0.97890625 0.15 0.975 0.14444444375 0.96015625 0.13333333281249998
7 0.84453125 0.11944444375 0.8390625 0.125 0.83828125 0.14305555625 0.84375 0.15277777812499999 0.853125 0.15555555625 0.88203125 0.15 0.87265625 0.134722221875 0.8578125 0.1291666671875 0.85078125 0.1208333328125 0.84453125 0.11944444375
7 0.8734375 0.07083333281250001 0.85703125 0.0736111109375 0.85625 0.08055555625000001 0.87578125 0.1041666671875 0.8890625 0.11388888906250001 0.89453125 0.1125 0.89453125 0.10138888906250001 0.89765625 0.0916666671875 0.8953125 0.0791666671875 0.8734375 0.07083333281250001
4 0.3203125 0.15972222187500001 0.31640625 0.14444444375 0.3125 0.14305555625 0.31015625 0.14861111093749999 0.31171875 0.15694444375 0.30625 0.17361111093749998 0.31171875 0.2138888890625 0.31171875 0.22916666718749998 0.309375 0.23611111093749998 0.31796875 0.23611111093749998 0.321875 0.23333333281250002 0.3203125 0.15972222187500001
4 0.2921875 0.1708333328125 0.2859375 0.15555555625 0.28203125 0.15555555625 0.28046875 0.16388888906250001 0.2765625 0.16805555625 0.27578125 0.17916666718750002 0.2796875 0.197222221875 0.27890625 0.23611111093749998 0.2828125 0.23611111093749998 0.28515625 0.22638888906250001 0.2890625 0.23611111093749998 0.29296875 0.23611111093749998 0.2921875 0.1708333328125
4 0.26953125 0.1458333328125 0.26875 0.19583333281249998 0.27109375 0.22916666718749998 0.27578125 0.23194444375 0.2796875 0.2125 0.2765625 0.18194444375000002 0.278125 0.16388888906250001 0.275 0.147222221875 0.26953125 0.1458333328125
4 0.28671875 0.134722221875 0.2859375 0.1541666671875 0.29296875 0.177777778125 0.29296875 0.21944444375 0.2953125 0.22638888906250001 0.3 0.22638888906250001 0.3015625 0.15555555625 0.29296875 0.13055555624999998 0.28671875 0.134722221875