1 0.39453125 0.2888888890625 0.39375 0.27638888906250003 0.3859375 0.2541666671875 0.3859375 0.21805555625 0.38984375 0.19444444375 0.39140625 0.15 0.3890625 0.134722221875 0.38515625 0.127777778125 0.38359375 0.1041666671875 0.3765625 0.102777778125 0.371875 0.10694444375 0.3703125 0.1166666671875 0.371875 0.2541666671875 0.36875 0.259722221875 0.3578125 0.259722221875 0.3578125 0.26527777812500003 0.36875 0.272222221875 0.37578125 0.28611111093749997 0.38671875 0.2833333328125 0.39453125 0.2888888890625
1 0.43203125 0.2388888890625 0.4375 0.24305555625 0.4515625 0.25 0.46875 0.2513888890625 0.46875 0.24305555625 0.45390625 0.23055555625 0.45390625 0.1861111109375 0.45625 0.165277778125 0.45390625 0.0861111109375 0.45078125 0.08055555625000001 0.4453125 0.08194444375 0.4421875 0.09305555625 0.4421875 0.1541666671875 0.43984375 0.1611111109375 0.4421875 0.1888888890625 0.44140625 0.21805555625 0.43828125 0.22638888906250001 0.43125 0.2236111109375 0.42890625 0.23055555625 0.43203125 0.2388888890625
6 0.70859375 0.2833333328125 0.7234375 0.28194444375 0.72890625 0.2708333328125 0.7375 0.27777777812500004 0.7625 0.275 0.7640625 0.23611111093749998 0.76171875 0.2166666671875 0.7546875 0.197222221875 0.7375 0.190277778125 0.73046875 0.1583333328125 0.72734375 0.15555555625 0.69140625 0.15 0.6796875 0.16388888906250001 0.675 0.1611111109375 0.65703125 0.1708333328125 0.6546875 0.1861111109375 0.65390625 0.20972222187499998 0.66328125 0.240277778125 0.66875 0.24305555625 0.67890625 0.23611111093749998 0.69765625 0.24722222187499998 0.70078125 0.2541666671875 0.70234375 0.275 0.70859375 0.2833333328125
6 0.63671875 0.222222221875 0.6328125 0.215277778125 0.63671875 0.197222221875 0.63203125 0.2 0.62890625 0.1888888890625 0.60703125 0.1763888890625 0.59921875 0.1611111109375 0.575 0.1611111109375 0.56953125 0.175 0.5671875 0.190277778125 0.56875 0.22777777812500002 0.5734375 0.23194444375 0.5765625 0.2416666671875 0.5953125 0.25833333281250004 0.65390625 0.25833333281250004 0.65703125 0.2513888890625 0.65546875 0.23055555625 0.63671875 0.222222221875
7 0.8375 0.12222222187500001 0.8390625 0.1361111109375 0.8453125 0.1513888890625 0.89140625 0.1513888890625 0.8734375 0.134722221875 0.85703125 0.1291666671875 0.85078125 0.12222222187500001 0.8375 0.12222222187500001
7 0.9625 0.090277778125 0.96171875 0.1041666671875 0.9671875 0.1125 0.96171875 0.1166666671875 0.96328125 0.11805555625 0.9671875 0.115277778125 0.96953125 0.102777778125 0.96875 0.097222221875 0.9625 0.090277778125
7 0.9390625 0.072222221875 0.9234375 0.072222221875 0.90703125 0.08333333281250001 0.90625 0.11944444375 0.91875 0.127777778125 0.925 0.127777778125 0.92734375 0.12222222187500001 0.94765625 0.1208333328125 0.9546875 0.09305555625 0.9515625 0.08055555625000001 0.9390625 0.072222221875
7 0.85703125 0.08055555625000001 0.8640625 0.090277778125 0.87890625 0.10555555624999999 0.89453125 0.11388888906250001 0.89765625 0.08055555625000001 0.87578125 0.072222221875 0.86171875 0.072222221875 0.85703125 0.08055555625000001
7 0.85078125 0.23611111093749998 0.878125 0.25833333281250004 0.88125 0.275 0.8859375 0.28055555625 0.89296875 0.28055555625 0.89609375 0.27638888906250003 0.92421875 0.27777777812500004 0.9296875 0.26805555625 0.93046875 0.23333333281250002 0.92578125 0.2236111109375 0.91640625 0.1833333328125 0.9109375 0.17361111093749998 0.89609375 0.165277778125 0.89296875 0.15972222187500001 0.88046875 0.15555555625 0.85625 0.15555555625 0.85390625 0.15972222187500001 0.84765625 0.15555555625 0.81875 0.15555555625 0.8140625 0.184722221875 0.81796875 0.21805555625 0.821875 0.22638888906250001 0.82890625 0.22916666718749998 0.8375 0.215277778125 0.846875 0.2166666671875 0.84921875 0.21944444375 0.85078125 0.23611111093749998
7 0.15 0.10833333281249999 0.13046875 0.1291666671875 0.1296875 0.16805555625 0.1328125 0.2 0.1671875 0.190277778125 0.1921875 0.19583333281249998 0.20546875 0.1708333328125 0.20390625 0.1458333328125 0.171875 0.1111111109375 0.15 0.10833333281249999
7 0.325 0.19305555624999998 0.3328125 0.165277778125 0.35546875 0.16805555625 0.3609375 0.16388888906250001 0.3640625 0.15555555625 0.36875 0.15555555625 0.36875 0.1111111109375 0.38046875 0.0986111109375 0.3796875 0.0375 0.3640625 0.04444444375 0.35546875 0.055555556250000006 0.34296875 0.052777778124999994 0.3375 0.058333332812500006 0.33359375 0.05694444375 0.32890625 0.04305555625 0.28671875 0.05 0.28125 0.055555556250000006 0.2796875 0.08333333281250001 0.27578125 0.097222221875 0.275 0.16388888906250001 0.28125 0.1708333328125 0.28203125 0.17916666718750002 0.2875 0.17361111093749998 0.29765625 0.17361111093749998 0.30234375 0.190277778125 0.30625 0.19444444375 0.325 0.19305555624999998
7 0.421875 0.1833333328125 0.42890625 0.17916666718750002 0.43125 0.16944444375 0.43515625 0.1666666671875 0.44140625 0.1375 0.43984375 0.10833333281249999 0.4453125 0.08055555625000001 0.4515625 0.08194444375 0.4578125 0.09305555625 0.45546875 0.127777778125 0.45625 0.17916666718750002 0.46953125 0.1666666671875 0.4765625 0.13888888906250002 0.478125 0.11944444375 0.47734375 0.013888889062500001 0.4625 0.006944443749999999 0.42734375 0.006944443749999999 0.39453125 0.0208333328125 0.38828125 0.034722221875 0.3890625 0.0638888890625 0.39140625 0.06805555625000001 0.38828125 0.1166666671875 0.3953125 0.134722221875 0.39375 0.1541666671875 0.39921875 0.16388888906250001 0.403125 0.18055555625 0.421875 0.1833333328125
7 0.99375 0.275 0.99921875 0.26805555625 0.99921875 0.2236111109375 0.99296875 0.21944444375 0.98828125 0.23611111093749998 0.9875 0.26944444375 0.99375 0.275
7 0.97421875 0.22777777812500002 0.97265625 0.20277777812500003 0.965625 0.19444444375 0.928125 0.16944444375 0.92265625 0.16805555625 0.91953125 0.172222221875 0.91875 0.190277778125 0.9328125 0.23611111093749998 0.94375 0.240277778125 0.94921875 0.23472222187499997 0.96015625 0.23472222187499997 0.9640625 0.24305555625 0.9703125 0.24583333281250003 0.97421875 0.22777777812500002
7 0.94375 0.125 0.92734375 0.12222222187500001 0.925 0.1291666671875 0.93828125 0.14305555625 0.95546875 0.1458333328125 0.9640625 0.1541666671875 0.98046875 0.15972222187500001 0.97890625 0.147222221875 0.971875 0.140277778125 0.94375 0.125
7 0.78984375 0.15277777812499999 0.79296875 0.1513888890625 0.79375 0.1458333328125 0.79140625 0.11805555625 0.796875 0.10694444375 0.79765625 0.097222221875 0.7875 0.09444444375 0.79140625 0.1111111109375 0.7875 0.115277778125 0.7859375 0.1291666671875 0.78125 0.134722221875 0.78125 0.140277778125 0.784375 0.14305555625 0.7859375 0.1513888890625 0.78984375 0.15277777812499999
7 0.74921875 0.077777778125 0.74765625 0.127777778125 0.7453125 0.13888888906250002 0.74609375 0.15972222187500001 0.7625 0.15972222187500001 0.76875 0.15277777812499999 0.77109375 0.10694444375 0.77109375 0.0861111109375 0.76875 0.08194444375 0.75078125 0.075 0.74921875 0.077777778125
7 0.7375 0.1541666671875 0.73984375 0.0888888890625 0.73828125 0.06805555625000001 0.69296875 0.047222221875 0.67890625 0.0458333328125 0.6765625 0.054166667187499996 0.6765625 0.097222221875 0.6890625 0.109722221875 0.69375 0.1291666671875 0.7078125 0.14305555625 0.71875 0.1458333328125 0.7265625 0.15555555625 0.734375 0.1583333328125 0.7375 0.1541666671875
7 0.96953125 0.2513888890625 0.975 0.22638888906250001 0.97421875 0.20277777812500003 0.96953125 0.20277777812500003 0.96328125 0.222222221875 0.9625 0.240277778125 0.96953125 0.2513888890625
4 0.13515625 0.10833333281249999 0.13125 0.10694444375 0.13515625 0.0888888890625 0.13515625 0.077777778125 0.13203125 0.07083333281250001 0.1375 0.0638888890625 0.1375 0.05 0.13046875 0.0388888890625 0.12890625 0.030555556249999997 0.125 0.030555556249999997 0.12578125 0.09305555625 0.1265625 0.1 0.13046875 0.1041666671875 0.12734375 0.109027778125 0.12734375 0.1166666671875 0.13046875 0.11944444375 0.13515625 0.11388888906250001 0.13515625 0.10833333281249999