0 0.9421875 0.32083333281250004 0.9421875 0.28611111093749997 0.940625 0.29305555625 0.9390625 0.309722221875 0.9421875 0.32083333281250004
0 0.95625 0.302777778125 0.95546875 0.3263888890625 0.9609375 0.3291666671875 0.96640625 0.30555555624999997 0.96875 0.28055555625 0.9671875 0.25833333281250004 0.96171875 0.2611111109375 0.95625 0.302777778125
0 0.9921875 0.25833333281250004 0.98671875 0.25833333281250004 0.98125 0.2916666671875 0.97890625 0.3375 0.98984375 0.3513888890625 0.99921875 0.352777778125 0.99921875 0.28055555625 0.99609375 0.2791666671875 0.9921875 0.25833333281250004
7 0.92890625 0.26527777812500003 0.93046875 0.23472222187499997 0.91640625 0.184722221875 0.90625 0.16944444375 0.88671875 0.15694444375 0.86796875 0.1541666671875 0.82421875 0.15555555625 0.81953125 0.1583333328125 0.815625 0.16805555625 0.8140625 0.184722221875 0.8171875 0.197222221875 0.8171875 0.2138888890625 0.8203125 0.222222221875 0.83125 0.2236111109375 0.8375 0.21805555625 0.8453125 0.21805555625 0.8546875 0.240277778125 0.878125 0.25833333281250004 0.88125 0.272222221875 0.8859375 0.2791666671875 0.8953125 0.275 0.92265625 0.275 0.92890625 0.26527777812500003
7 0.06328125 0.45416666718750004 0.0671875 0.447222221875 0.06328125 0.447222221875 0.06328125 0.45416666718750004
7 0.109375 0.6013888890625 0.11796875 0.6152777781250001 0.12734375 0.6208333328125 0.1421875 0.6166666671875001 0.14140625 0.5861111109375 0.13828125 0.58055555625 0.13046875 0.51805555625 0.12578125 0.5111111109375 0.12578125 0.48333333281249996 0.12265625 0.47361111093749997 0.115625 0.4791666671875 0.11171875 0.47222222187499996 0.11328125 0.447222221875 0.0875 0.4458333328125 0.0734375 0.46805555625000006 0.0671875 0.46805555625000006 0.0671875 0.4625 0.06328125 0.45694444375 0.06640625 0.4625 0.06640625 0.46666666718750005 0.06328125 0.46527777812500004 0.06640625 0.5 0.0578125 0.525 0.06015625 0.5513888890625 0.0625 0.5555555562500001 0.06875 0.5555555562500001 0.09375 0.55 0.09765625 0.54444444375 0.10390625 0.5458333328125 0.1078125 0.55694444375 0.10625 0.577777778125 0.109375 0.6013888890625
7 0.2296875 0.5555555562500001 0.23828125 0.5625 0.27890625 0.565277778125 0.29296875 0.590277778125 0.3171875 0.5930555562500001 0.32734375 0.58194444375 0.33828125 0.5555555562500001 0.34375 0.5555555562500001 0.35390625 0.54305555625 0.359375 0.5291666671875 0.3640625 0.50555555625 0.3640625 0.46944444374999994 0.36171875 0.447222221875 0.35703125 0.434722221875 0.34140625 0.41111111093749997 0.31875 0.39305555625 0.2875 0.35694444375 0.28203125 0.35555555625 0.27265625 0.33194444375 0.2609375 0.3291666671875 0.2546875 0.315277778125 0.24609375 0.3291666671875 0.2328125 0.33055555625 0.22421875 0.36666666718749996 0.22109375 0.36944444375 0.21640625 0.35555555625 0.19765625 0.3375 0.1890625 0.31805555625 0.15390625 0.29444444375 0.13828125 0.290277778125 0.13828125 0.33055555625 0.14296875 0.3513888890625 0.16953125 0.38194444375000003 0.175 0.3958333328125 0.17421875 0.40972222187499996 0.16640625 0.4263888890625 0.15 0.43194444374999996 0.1515625 0.477777778125 0.1640625 0.5736111109375 0.16796875 0.5763888890625 0.18828125 0.56805555625 0.2109375 0.56805555625 0.21875 0.5555555562500001 0.2296875 0.5555555562500001
7 0 0.23055555625 0.00390625 0.2388888890625 0.0265625 0.252777778125 0.03046875 0.25694444375000003 0.03203125 0.26527777812500003 0.04765625 0.272222221875 0.05546875 0.2833333328125 0.0671875 0.28472222187499996 0.09375 0.3013888890625 0.10078125 0.322222221875 0.1109375 0.3263888890625 0.109375 0.28055555625 0.1015625 0.259722221875 0.0828125 0.2513888890625 0.06015625 0.23194444375 0.040625 0.22638888906250001 0.03125 0.21805555625 0.0203125 0.2138888890625 0.00703125 0.215277778125 0 0.21805555625 0 0.23055555625
7 0.36640625 0.14305555625 0.36171875 0.134722221875 0.3609375 0.14305555625 0.36640625 0.14305555625
7 0.34453125 0.14305555625 0.35546875 0.1375 0.35703125 0.13055555624999998 0.36796875 0.1263888890625 0.3703125 0.109722221875 0.38046875 0.10138888906250001 0.378125 0.0388888890625 0.3640625 0.04444444375 0.35546875 0.052777778124999994 0.34375 0.0513888890625 0.33515625 0.05694444375 0.328125 0.04305555625 0.31796875 0.04305555625 0.29453125 0.047222221875 0.28125 0.058333332812500006 0.28203125 0.08055555625000001 0.27890625 0.0861111109375 0.278125 0.102777778125 0.275 0.10694444375 0.275 0.1541666671875 0.2796875 0.15972222187500001 0.28359375 0.1763888890625 0.296875 0.1708333328125 0.30234375 0.1916666671875 0.30703125 0.19444444375 0.32421875 0.19305555624999998 0.33125 0.16805555625 0.3375 0.16388888906250001 0.34453125 0.14305555625
7 0.4578125 0.1763888890625 0.4734375 0.16388888906250001 0.478125 0.10694444375 0.47265625 0.0888888890625 0.475 0.08055555625000001 0.4734375 0.027777778125000003 0.4671875 0.009722221875000001 0.43046875 0.00555555625 0.3953125 0.019444443750000002 0.3890625 0.029166667187500002 0.39140625 0.07638888906249999 0.38671875 0.10138888906250001 0.3875 0.1125 0.39375 0.13333333281249998 0.39375 0.15555555625 0.4 0.1708333328125 0.4 0.17916666718750002 0.41796875 0.18194444375000002 0.43125 0.177777778125 0.4328125 0.1708333328125 0.4375 0.16805555625 0.4421875 0.13194444375 0.45546875 0.13333333281249998 0.4578125 0.1763888890625
7 0.99921875 0.22777777812500002 0.99296875 0.222222221875 0.98984375 0.23333333281250002 0.99375 0.24305555625 0.99921875 0.2388888890625 0.99921875 0.22777777812500002
7 0.99453125 0.18055555625 0.99375 0.177777778125 0.9921875 0.18055555625 0.99453125 0.18055555625
7 0.91953125 0.1875 0.93203125 0.22777777812500002 0.9421875 0.2388888890625 0.94453125 0.2388888890625 0.9453125 0.22916666718749998 0.94921875 0.22777777812500002 0.96015625 0.23055555625 0.96484375 0.24305555625 0.971875 0.240277778125 0.97578125 0.20972222187499998 0.9734375 0.20138888906250002 0.928125 0.16944444375 0.9203125 0.1708333328125 0.91953125 0.1875
7 0.9265625 0.13888888906250002 0.95078125 0.15555555625 0.96015625 0.15694444375 0.96875 0.16805555625 0.98046875 0.16944444375 0.98203125 0.17361111093749998 0.98359375 0.16944444375 0.98515625 0.177777778125 0.9890625 0.177777778125 0.9796875 0.15555555625 0.978125 0.14305555625 0.94296875 0.125 0.925 0.1263888890625 0.9265625 0.13888888906250002
7 0.78671875 0.10138888906250001 0.786328125 0.09305555625 0.78359375 0.097222221875 0.78125 0.09305555625 0.78671875 0.10555555624999999 0.7859375 0.13055555624999998 0.78125 0.1361111109375 0.7859375 0.1513888890625 0.7921875 0.1513888890625 0.79375 0.12222222187500001 0.79765625 0.11388888906250001 0.79765625 0.097222221875 0.79140625 0.09305555625 0.78671875 0.10138888906250001
7 0.7703125 0.097222221875 0.77265625 0.0888888890625 0.7671875 0.08055555625000001 0.75 0.075 0.74765625 0.09305555625 0.74609375 0.15694444375 0.75859375 0.15972222187500001 0.76796875 0.1541666671875 0.7703125 0.13888888906250002 0.7703125 0.097222221875
7 0.6765625 0.10138888906250001 0.68515625 0.10694444375 0.69453125 0.1263888890625 0.7171875 0.15555555625 0.734375 0.15972222187500001 0.7375 0.15277777812499999 0.7375 0.1166666671875 0.7421875 0.075 0.7375 0.06805555625000001 0.7015625 0.055555556250000006 0.6921875 0.047222221875 0.6796875 0.0458333328125 0.6765625 0.0513888890625 0.6765625 0.10138888906250001
4 0.05859375 0.3138888890625 0.05546875 0.31944444375000003 0.05546875 0.32777777812500003 0.046875 0.3291666671875 0.046875 0.3361111109375 0.05390625 0.35694444375 0.0578125 0.4166666671875 0.06484375 0.42222222187499997 0.07109375 0.4166666671875 0.075 0.372222221875 0.07109375 0.35694444375 0.07265625 0.34444444375 0.06640625 0.31944444375000003 0.06328125 0.3138888890625 0.05859375 0.3138888890625
4 0.9609375 0.2708333328125 0.95546875 0.24444444375000002 0.94921875 0.24583333281250003 0.94921875 0.2611111109375 0.94453125 0.2708333328125 0.94375 0.33194444375 0.94921875 0.3333333328125 0.95390625 0.33055555625 0.95703125 0.28611111093749997 0.9609375 0.2708333328125