2 0.98671875 0.56805555625 0.9859375 0.5291666671875 0.98125 0.522222221875 0.975 0.522222221875 0.9671875 0.5333333328125 0.9703125 0.5541666671875001 0.97734375 0.575 0.98671875 0.56805555625
1 0.61484375 0.7430555562500001 0.6171875 0.89444444375 0.6203125 0.9 0.6265625 0.9 0.63046875 0.89444444375 0.628125 0.8888888890625 0.628125 0.8583333328125 0.63046875 0.8541666671874999 0.628125 0.8416666671874999 0.628125 0.7458333328125 0.64296875 0.7458333328125 0.63984375 0.74444444375 0.6368009859375 0.730921053125 0.63359375 0.7291666671875 0.63125 0.7208333328125 0.625 0.7138888890625 0.61171875 0.7194444437499999 0.59921875 0.7111111109375 0.5984375 0.7194444437499999 0.6125 0.734722221875 0.61484375 0.7430555562500001
1 0.5453125 0.827777778125 0.54609375 0.9166666671874999 0.55546875 0.91944444375 0.55859375 0.9083333328125001 0.55859375 0.790277778125 0.5609375 0.7736111109375 0.57265625 0.7736111109375 0.57265625 0.76944444375 0.56640625 0.772222221875 0.56875 0.7625 0.5625 0.7569444437499999 0.54765625 0.75 0.53125 0.7486111109375 0.53125 0.7569444437499999 0.5453125 0.7666666671875 0.5484375 0.7819444437499999 0.54765625 0.8208333328125 0.5453125 0.827777778125
6 0.40234375 0.840277778125 0.4234375 0.840277778125 0.4296875 0.83055555625 0.4328125 0.8138888890624999 0.43203125 0.7763888890625 0.41796875 0.752777778125 0.396875 0.7402777781250001 0.3484375 0.7416666671875001 0.34375 0.7458333328125 0.3453125 0.76944444375 0.3515625 0.7763888890625 0.36484375 0.7791666671875 0.3671875 0.7875 0.36328125 0.7958333328125 0.3671875 0.7986111109375 0.371875 0.8111111109375001 0.39375 0.8236111109375001 0.40234375 0.840277778125
7 0.01953125 0.6958333328124999 0.0203125 0.659722221875 0.00078125 0.6611111109375 0.00078125 0.7333333328125 0.00546875 0.7402777781250001 0.01328125 0.7402777781250001 0.0171875 0.725 0.01953125 0.6958333328124999
7 0.0796875 0.6777777781250001 0.075 0.672222221875 0.059375 0.66944444375 0.05078125 0.6486111109375 0.04296875 0.64444444375 0.03359375 0.69305555625 0.03046875 0.7541666671875 0.0578125 0.76805555625 0.07265625 0.7666666671875 0.08671875 0.7430555562500001 0.0921875 0.7138888890625 0.09296875 0.70555555625 0.0796875 0.6777777781250001
7 0.0890625 0.8263888890625 0.109375 0.8416666671874999 0.13125 0.8458333328125001 0.14609375 0.8416666671874999 0.1578125 0.8458333328125001 0.18125 0.8430555562500001 0.18046875 0.8166666671874999 0.16640625 0.7958333328125 0.1515625 0.7833333328125 0.15 0.765277778125 0.1453125 0.7583333328124999 0.121875 0.7416666671875001 0.11796875 0.7236111109375 0.11328125 0.7194444437499999 0.09375 0.7236111109375 0.0890625 0.7333333328125 0.0859375 0.7513888890625 0.0734375 0.76944444375 0.084375 0.81805555625 0.0890625 0.8263888890625
7 0.11015625 0.8444444437499999 0.11328125 0.852777778125 0.14921875 0.8791666671874999 0.1609375 0.8791666671874999 0.1625 0.875 0.1609375 0.85 0.15625 0.847222221875 0.14765625 0.8444444437499999 0.13125 0.8486111109375001 0.11015625 0.8444444437499999
7 0.03359375 0.8819444437499999 0.03671875 0.897222221875 0.0375 0.8819444437499999 0.03359375 0.8819444437499999
7 0.09765625 0.9069444437499999 0.09375 0.8986111109375001 0.09453125 0.8819444437499999 0.0796875 0.872222221875 0.0734375 0.872222221875 0.0671875 0.8791666671874999 0.05 0.88055555625 0.04609375 0.897222221875 0.04609375 0.9111111109375001 0.04921875 0.91944444375 0.06484375 0.9291666671875 0.0796875 0.9277777781250001 0.09375 0.91805555625 0.09765625 0.9069444437499999
7 0.10234375 0.9138888890624999 0.10625 0.922222221875 0.12734375 0.9291666671875 0.1390625 0.9291666671875 0.14296875 0.9236111109375 0.14375 0.91944444375 0.1234375 0.89444444375 0.11171875 0.8861111109375001 0.10234375 0.8888888890625 0.10234375 0.9138888890624999
7 0.00703125 0.7791666671875 0.01171875 0.7666666671875 0.01171875 0.7458333328125 0.00078125 0.74444444375 0.00078125 0.772222221875 0.00703125 0.7791666671875
7 0.00625 0.815277778125 0.00390625 0.8236111109375001 0.00859375 0.827777778125 0.01015625 0.8222222218749999 0.00625 0.815277778125
7 0.0734375 0.7875 0.0703125 0.784722221875 0.06953125 0.772222221875 0.04140625 0.7638888890625 0.03203125 0.7569444437499999 0.028125 0.7597222218749999 0.02578125 0.79444444375 0.03046875 0.8027777781250001 0.07109375 0.83055555625 0.0796875 0.83194444375 0.08125 0.827777778125 0.08203125 0.8138888890624999 0.0734375 0.7875
7 0.05234375 0.85694444375 0.0484375 0.8486111109375001 0.02109375 0.8361111109375001 0.0203125 0.847222221875 0.0234375 0.8541666671874999 0.0359375 0.8611111109375 0.0390625 0.8666666671875 0.06484375 0.877777778125 0.07265625 0.875 0.075 0.8708333328125001 0.06171875 0.859722221875 0.05234375 0.85694444375
7 0.18125 0.809722221875 0.1875 0.80694444375 0.18984375 0.74444444375 0.18359375 0.74444444375 0.1828125 0.734722221875 0.17578125 0.725 0.1640625 0.7291666671875 0.15859375 0.722222221875 0.15234375 0.734722221875 0.1515625 0.765277778125 0.15859375 0.777777778125 0.16796875 0.7833333328125 0.1703125 0.8013888890624999 0.18046875 0.8083333328125001 0.1828125 0.8222222218749999 0.18125 0.809722221875
7 0.25625 0.7736111109375 0.246875 0.777777778125 0.23203125 0.7736111109375 0.23125 0.8041666671875 0.225 0.8125 0.23203125 0.8444444437499999 0.240625 0.847222221875 0.2515625 0.8388888890624999 0.2625 0.815277778125 0.2640625 0.79305555625 0.2609375 0.777777778125 0.25625 0.7736111109375
7 0.21875 0.8444444437499999 0.22109375 0.7569444437499999 0.21953125 0.7458333328125 0.2140625 0.7430555562500001 0.209375 0.7597222218749999 0.20546875 0.8541666671874999 0.2140625 0.8611111109375 0.21875 0.8444444437499999
7 0.20703125 0.890277778125 0.2046875 0.902777778125 0.2109375 0.9055555562500001 0.2125 0.9013888890624999 0.20703125 0.890277778125
7 0.23125 0.852777778125 0.2296875 0.872222221875 0.23125 0.9166666671874999 0.24921875 0.9277777781250001 0.2546875 0.925 0.25546875 0.8458333328125001 0.2453125 0.8444444437499999 0.24296875 0.8486111109375001 0.23359375 0.85 0.23125 0.852777778125
7 0.29921875 0.9444444437499999 0.3171875 0.95555555625 0.32265625 0.952777778125 0.3234375 0.9416666671874999 0.3234375 0.9 0.3140625 0.89444444375 0.30859375 0.8861111109375001 0.30703125 0.8708333328125001 0.30078125 0.8583333328125 0.27265625 0.840277778125 0.26953125 0.834722221875 0.25859375 0.83194444375 0.26484375 0.8388888890624999 0.2625 0.85694444375 0.26328125 0.8888888890625 0.25859375 0.9277777781250001 0.27578125 0.9416666671874999 0.29921875 0.9444444437499999
4 0.3515625 0.840277778125 0.3453125 0.8444444437499999 0.3453125 0.890277778125 0.35078125 0.9069444437499999 0.35625 0.9041666671874999 0.3578125 0.8736111109375001 0.3546875 0.86944444375 0.35390625 0.859722221875 0.35625 0.8416666671874999 0.3515625 0.840277778125
4 0.90078125 0.8736111109375001 0.9015625 0.9277777781250001 0.9046875 0.9513888890625 0.903125 0.9625 0.90546875 0.965277778125 0.91015625 0.93194444375 0.90703125 0.9166666671874999 0.90625 0.8680555562500001 0.903125 0.8652777781250001 0.90078125 0.8736111109375001
4 0.76328125 0.73055555625 0.76328125 0.76944444375 0.759375 0.79444444375 0.76484375 0.80694444375 0.76484375 0.8194444437499999 0.7703125 0.81805555625 0.7703125 0.80694444375 0.77578125 0.7986111109375 0.7765625 0.7916666671875 0.7765625 0.7236111109375 0.7734375 0.722222221875 0.76328125 0.73055555625
4 0.93828125 0.8055555562500001 0.925 0.8083333328125001 0.9265625 0.8708333328125001 0.9375 0.872222221875 0.953125 0.852777778125 0.9546875 0.8430555562500001 0.95234375 0.8375 0.93984375 0.827777778125 0.94140625 0.8166666671874999 0.93828125 0.8055555562500001
4 0.6453125 0.89444444375 0.64453125 0.840277778125 0.6421875 0.8361111109375001 0.63671875 0.8361111109375001 0.63359375 0.840277778125 0.63125 0.8791666671874999 0.6375 0.9 0.6453125 0.89444444375