2 0.98671875 0.56805555625 0.9859375 0.5291666671875 0.98125 0.522222221875 0.975 0.522222221875 0.9671875 0.5319444437499999 0.96953125 0.5513888890625 0.97734375 0.575 0.98671875 0.56805555625
1 0.6171875 0.89444444375 0.6203125 0.9 0.6265625 0.8986111109375001 0.6296875 0.8847222218749999 0.628125 0.7458333328125 0.64296875 0.7458333328125 0.63984375 0.74444444375 0.6368009859375 0.730921053125 0.63359375 0.7291666671875 0.63125 0.7208333328125 0.625 0.7138888890625 0.61171875 0.7194444437499999 0.59921875 0.7111111109375 0.5984375 0.7194444437499999 0.6109375 0.73194444375 0.61484375 0.74444444375 0.6171875 0.8125 0.61484375 0.85 0.6171875 0.8583333328125 0.6171875 0.89444444375
1 0.55546875 0.91944444375 0.5578125 0.9138888890624999 0.55859375 0.7833333328125 0.5625 0.7708333328125 0.5734375 0.7736111109375 0.57421875 0.76944444375 0.5625 0.7569444437499999 0.54765625 0.75 0.53125 0.7486111109375 0.53125 0.7569444437499999 0.54375 0.7638888890625 0.54765625 0.7791666671875 0.54765625 0.8194444437499999 0.5453125 0.827777778125 0.54609375 0.9166666671874999 0.55546875 0.91944444375
7 0.10703125 0.840277778125 0.13046875 0.8458333328125001 0.14453125 0.8444444437499999 0.14765625 0.840277778125 0.15625 0.8444444437499999 0.18125 0.8430555562500001 0.1796875 0.815277778125 0.16640625 0.7958333328125 0.15234375 0.784722221875 0.15 0.7666666671875 0.14609375 0.7597222218749999 0.121875 0.7416666671875001 0.11875 0.725 0.11484375 0.7208333328125 0.09375 0.7236111109375 0.08515625 0.7513888890625 0.0734375 0.76944444375 0.084375 0.81805555625 0.0890625 0.8263888890625 0.10703125 0.840277778125
7 0.02109375 0.6763888890625 0.0203125 0.6569444437499999 0.00078125 0.6611111109375 0.00078125 0.73194444375 0.00625 0.7402777781250001 0.0125 0.7416666671875001 0.0171875 0.7236111109375 0.02109375 0.6763888890625
7 0.0875 0.7388888890625 0.0921875 0.7111111109375 0.090625 0.7 0.07578125 0.6736111109375 0.0640625 0.672222221875 0.05859375 0.6666666671875 0.05078125 0.6486111109375 0.04296875 0.64444444375 0.03828125 0.659722221875 0.03359375 0.69305555625 0.03046875 0.7541666671875 0.0578125 0.76805555625 0.06953125 0.76805555625 0.0796875 0.7569444437499999 0.0875 0.7388888890625
7 0.0375 0.902777778125 0.0375 0.8736111109375001 0.03359375 0.8736111109375001 0.03046875 0.8875 0.02578125 0.89444444375 0.02578125 0.902777778125 0.0328125 0.9083333328125001 0.0375 0.902777778125
7 0.09453125 0.8986111109375001 0.0953125 0.8833333328125 0.08046875 0.872222221875 0.07109375 0.8708333328125001 0.06953125 0.877777778125 0.05 0.88055555625 0.04609375 0.8958333328125001 0.04765625 0.9166666671874999 0.0609375 0.9277777781250001 0.07421875 0.9291666671875 0.09375 0.91805555625 0.0984375 0.9055555562500001 0.09453125 0.8986111109375001
7 0.18125 0.8125 0.1875 0.8055555562500001 0.18984375 0.74444444375 0.1765625 0.725 0.1640625 0.727777778125 0.15859375 0.722222221875 0.15234375 0.7333333328125 0.1515625 0.7402777781250001 0.15078125 0.765277778125 0.153125 0.7805555562500001 0.165625 0.7833333328125 0.16953125 0.8013888890624999 0.18046875 0.8111111109375001 0.1828125 0.8263888890625 0.18359375 0.8166666671874999 0.18125 0.8125
7 0.2609375 0.777777778125 0.25078125 0.7736111109375 0.2453125 0.7791666671875 0.23359375 0.772222221875 0.23125 0.8041666671875 0.225 0.8111111109375001 0.225 0.81805555625 0.23125 0.8430555562500001 0.23828125 0.847222221875 0.25390625 0.8361111109375001 0.26328125 0.8111111109375001 0.26328125 0.7819444437499999 0.2609375 0.777777778125
7 0.21953125 0.7458333328125 0.2140625 0.7430555562500001 0.209375 0.765277778125 0.20703125 0.8 0.20546875 0.852777778125 0.209375 0.859722221875 0.2140625 0.8611111109375 0.2171875 0.85555555625 0.2203125 0.8138888890624999 0.21875 0.7833333328125 0.22109375 0.7569444437499999 0.21953125 0.7458333328125
7 0.00546875 0.777777778125 0.01015625 0.7736111109375 0.01171875 0.7458333328125 0.00078125 0.74444444375 0.00078125 0.772222221875 0.00546875 0.777777778125
7 0.00625 0.81805555625 0.00546875 0.8208333328125 0.00625 0.8236111109375001 0.00625 0.81805555625
7 0.02578125 0.79305555625 0.03046875 0.8027777781250001 0.071875 0.83055555625 0.0796875 0.83194444375 0.08125 0.827777778125 0.08046875 0.80694444375 0.07109375 0.7916666671875 0.06953125 0.772222221875 0.0296875 0.7583333328124999 0.02578125 0.79305555625
7 0.025 0.8361111109375001 0.02109375 0.8388888890624999 0.0203125 0.8458333328125001 0.0234375 0.8541666671874999 0.03984375 0.8666666671875 0.0640625 0.877777778125 0.07265625 0.875 0.0734375 0.86944444375 0.05234375 0.85694444375 0.04296875 0.8444444437499999 0.025 0.8361111109375001
7 0.25390625 0.8444444437499999 0.23125 0.85 0.23125 0.915277778125 0.25234375 0.9277777781250001 0.25546875 0.8819444437499999 0.25625 0.8541666671874999 0.25390625 0.8444444437499999
7 0.32109375 0.9541666671875 0.3234375 0.9416666671874999 0.3234375 0.9013888890624999 0.31171875 0.8916666671875 0.3078125 0.8708333328125001 0.3 0.85694444375 0.28125 0.8416666671874999 0.25859375 0.83194444375 0.26484375 0.8388888890624999 0.2625 0.85694444375 0.2625 0.897222221875 0.25859375 0.9277777781250001 0.2765625 0.9416666671874999 0.29765625 0.9444444437499999 0.31796875 0.95555555625 0.32109375 0.9541666671875
7 0.140625 0.8486111109375001 0.11796875 0.85 0.11953125 0.85694444375 0.13359375 0.86944444375 0.1421875 0.8708333328125001 0.1515625 0.88055555625 0.1625 0.8791666671874999 0.16328125 0.859722221875 0.16015625 0.8486111109375001 0.14609375 0.8444444437499999 0.140625 0.8486111109375001
7 0.1234375 0.89444444375 0.10625 0.8861111109375001 0.10390625 0.91944444375 0.12734375 0.9291666671875 0.14296875 0.9263888890624999 0.14296875 0.91805555625 0.1234375 0.89444444375