0 0 0.9930555562500001 0.10234375 0.9638888890624999 0.12109375 0.95555555625 0.1296875 0.9444444437499999 0.1328125 0.9513888890625 0.1390625 0.9513888890625 0.1515625 0.9666666671874999 0.1609375 0.9694444437499999 0.1796875 0.9680555562500001 0.19453125 0.95555555625 0.2 0.94305555625 0.20390625 0.91805555625 0.22890625 0.8888888890625 0.234375 0.8625 0.22890625 0.7875 0.21875 0.7333333328125 0.2109375 0.7111111109375 0.19921875 0.69305555625 0.18671875 0.68194444375 0.10234375 0.6791666671875001 0.0984375 0.672222221875 0.10234375 0.6625 0.10546875 0.6625 0.1046875 0.6486111109375 0.09765625 0.6486111109375 0.09140625 0.665277778125 0.05 0.584722221875 0.04921875 0.5916666671875 0.0625 0.6180555562500001 0.06484375 0.6569444437499999 0.0375 0.6569444437499999 0 0.6638888890625 0 0.9930555562500001
2 0.03359375 0.41805555625 0.02578125 0.41805555625 0.02421875 0.42222222187499997 0.02265625 0.43055555625 0.0265625 0.46805555625000006 0.040625 0.46527777812500004 0.040625 0.44305555625000004 0.03671875 0.42222222187499997 0.03359375 0.41805555625
1 0.38828125 0.1541666671875 0.3859375 0.1416666671875 0.38671875 0.10833333281249999 0.37265625 0.102777778125 0.36875 0.1111111109375 0.37265625 0.1611111109375 0.37265625 0.24583333281250003 0.36875 0.259722221875 0.359375 0.259722221875 0.3578125 0.2638888890625 0.3671875 0.2708333328125 0.37734375 0.2888888890625 0.3859375 0.2833333328125 0.39375 0.290277778125 0.3953125 0.28472222187499996 0.38671875 0.2625 0.38515625 0.2388888890625 0.38515625 0.15694444375 0.38828125 0.1541666671875
1 0.44296875 0.0861111109375 0.4421875 0.2166666671875 0.4375 0.22638888906250001 0.43046875 0.22638888906250001 0.4296875 0.23055555625 0.4328125 0.2388888890625 0.43828125 0.24305555625 0.46015625 0.2513888890625 0.4625 0.2388888890625 0.46453125 0.2388888890625 0.4546875 0.22916666718749998 0.45234375 0.2166666671875 0.45625 0.16944444375 0.45390625 0.1458333328125 0.4546875 0.0861111109375 0.453125 0.08194444375 0.44296875 0.0861111109375
6 0.76171875 0.2166666671875 0.75546875 0.197222221875 0.73515625 0.1875 0.73046875 0.1583333328125 0.69453125 0.147222221875 0.68828125 0.1513888890625 0.6796875 0.165277778125 0.6609375 0.16805555625 0.65625 0.175 0.65625 0.21805555625 0.6640625 0.2416666671875 0.675 0.24305555625 0.68203125 0.2388888890625 0.69765625 0.24583333281250003 0.7 0.25 0.70234375 0.275 0.71171875 0.28472222187499996 0.72109375 0.2833333328125 0.72890625 0.272222221875 0.7359375 0.27777777812500004 0.7625 0.275 0.7640625 0.23611111093749998 0.76171875 0.2166666671875
6 0.5984375 0.15972222187500001 0.575 0.1611111109375 0.56875 0.18055555625 0.56640625 0.19305555624999998 0.5671875 0.21944444375 0.57734375 0.24305555625 0.58515625 0.24444444375000002 0.6015625 0.259722221875 0.65078125 0.25833333281250004 0.65703125 0.2513888890625 0.65546875 0.23055555625 0.6359375 0.222222221875 0.6328125 0.2166666671875 0.63671875 0.20555555625 0.63671875 0.19305555624999998 0.60703125 0.17361111093749998 0.5984375 0.15972222187500001
7 0.88125 0.14305555625 0.87421875 0.134722221875 0.85703125 0.1291666671875 0.8484375 0.1208333328125 0.84375 0.12222222187500001 0.8390625 0.1375 0.84453125 0.1513888890625 0.89296875 0.1541666671875 0.88984375 0.1458333328125 0.88125 0.14305555625
7 0.9640625 0.09305555625 0.9625 0.102777778125 0.9625 0.11805555625 0.96953125 0.10555555624999999 0.96640625 0.09305555625 0.9640625 0.09305555625
7 0.9265625 0.12222222187500001 0.94921875 0.12222222187500001 0.95390625 0.1111111109375 0.95390625 0.08333333281250001 0.9390625 0.072222221875 0.92265625 0.072222221875 0.90703125 0.08333333281250001 0.90625 0.11944444375 0.9125 0.125 0.92265625 0.127777778125 0.9265625 0.12222222187500001
7 0.89765625 0.09305555625 0.89609375 0.08055555625000001 0.86875 0.07083333281250001 0.8609375 0.072222221875 0.85703125 0.077777778125 0.85625 0.08055555625000001 0.875 0.102777778125 0.8890625 0.11388888906250001 0.8953125 0.11388888906250001 0.89765625 0.09305555625
7 0.93046875 0.2666666671875 0.93046875 0.23333333281250002 0.9265625 0.22638888906250001 0.91640625 0.1833333328125 0.90625 0.16944444375 0.87890625 0.15555555625 0.85625 0.15555555625 0.85234375 0.1611111109375 0.8421875 0.15555555625 0.81953125 0.15555555625 0.815625 0.16805555625 0.8140625 0.1875 0.81796875 0.20277777812500003 0.81796875 0.2166666671875 0.82421875 0.22916666718749998 0.83125 0.22916666718749998 0.8375 0.21805555625 0.846875 0.21805555625 0.85078125 0.23611111093749998 0.878125 0.25833333281250004 0.88125 0.275 0.88671875 0.28055555625 0.89609375 0.27638888906250003 0.925 0.27777777812500004 0.93046875 0.2666666671875
7 0.98828125 0.23472222187499997 0.9875 0.26805555625 0.98984375 0.27638888906250003 0.99375 0.2791666671875 0.99921875 0.2708333328125 0.99921875 0.21944444375 0.99296875 0.21805555625 0.98828125 0.23472222187499997
7 0.92578125 0.215277778125 0.93515625 0.2388888890625 0.9625 0.240277778125 0.96953125 0.24722222187499998 0.97421875 0.22916666718749998 0.9734375 0.20277777812500003 0.92578125 0.16805555625 0.921875 0.16805555625 0.91875 0.17361111093749998 0.91875 0.1916666671875 0.921875 0.19444444375 0.92578125 0.215277778125
7 0.98046875 0.1611111109375 0.97890625 0.1458333328125 0.9734375 0.140277778125 0.94609375 0.1263888890625 0.92734375 0.12222222187500001 0.925 0.13055555624999998 0.9296875 0.13333333281249998 0.93359375 0.14305555625 0.9546875 0.147222221875 0.98046875 0.1611111109375
7 0.7859375 0.1208333328125 0.78515625 0.13194444375 0.78046875 0.13888888906250002 0.7859375 0.15 0.79140625 0.1513888890625 0.79375 0.140277778125 0.79296875 0.1208333328125 0.7859375 0.1208333328125
7 0.796875 0.10833333281249999 0.79765625 0.097222221875 0.79296875 0.09305555625 0.7875 0.09305555625 0.7921875 0.10833333281249999 0.7890625 0.1166666671875 0.79296875 0.1166666671875 0.7921875 0.1125 0.796875 0.10833333281249999
7 0.76875 0.1513888890625 0.7703125 0.140277778125 0.77109375 0.0916666671875 0.76640625 0.08055555625000001 0.75390625 0.075 0.74921875 0.07638888906249999 0.7484375 0.0861111109375 0.74453125 0.15555555625 0.75 0.1611111109375 0.76171875 0.15972222187500001 0.76875 0.1513888890625
7 0.68046875 0.1041666671875 0.6875 0.10833333281249999 0.68828125 0.13055555624999998 0.7046875 0.14305555625 0.71953125 0.147222221875 0.72578125 0.15555555625 0.73671875 0.15555555625 0.7375 0.06805555625000001 0.68203125 0.04444444375 0.67734375 0.0458333328125 0.6765625 0.052777778124999994 0.675 0.09305555625 0.68046875 0.1041666671875