1 0.384375 0.2833333328125 0.39453125 0.2888888890625 0.39375 0.27777777812500004 0.38671875 0.26527777812500003 0.38515625 0.21944444375 0.3875 0.1916666671875 0.38515625 0.1583333328125 0.3890625 0.1513888890625 0.38515625 0.1291666671875 0.38515625 0.11388888906250001 0.3828125 0.10555555624999999 0.378125 0.102777778125 0.37265625 0.102777778125 0.36953125 0.109722221875 0.37265625 0.1583333328125 0.37265625 0.2513888890625 0.36875 0.259722221875 0.359375 0.259722221875 0.359375 0.26527777812500003 0.36875 0.272222221875 0.37890625 0.2888888890625 0.384375 0.2833333328125
1 0.46875 0.25 0.46875 0.24444444375000002 0.45703125 0.23611111093749998 0.45234375 0.2166666671875 0.45625 0.16944444375 0.45390625 0.1458333328125 0.4546875 0.084722221875 0.44921875 0.08194444375 0.44296875 0.0861111109375 0.4421875 0.2166666671875 0.4375 0.22638888906250001 0.43046875 0.22638888906250001 0.4296875 0.23055555625 0.4328125 0.2388888890625 0.4390625 0.24305555625 0.46640625 0.2513888890625 0.46875 0.25
6 0.7296875 0.2708333328125 0.73671875 0.27777777812500004 0.76171875 0.27777777812500004 0.7640625 0.2666666671875 0.76171875 0.21805555625 0.75234375 0.19444444375 0.73515625 0.1875 0.73046875 0.1583333328125 0.69375 0.147222221875 0.68046875 0.165277778125 0.6609375 0.16805555625 0.65625 0.17361111093749998 0.65546875 0.21111111093749999 0.6625 0.240277778125 0.684375 0.2388888890625 0.6984375 0.24722222187499998 0.70234375 0.275 0.7078125 0.2833333328125 0.71875 0.28472222187499996 0.7296875 0.2708333328125
6 0.65546875 0.23055555625 0.64453125 0.2236111109375 0.63671875 0.2236111109375 0.6328125 0.21805555625 0.6328125 0.20416666718749998 0.62890625 0.1875 0.60546875 0.17361111093749998 0.5984375 0.15972222187500001 0.575 0.1611111109375 0.56875 0.18055555625 0.56640625 0.19583333281249998 0.5671875 0.21944444375 0.57734375 0.24305555625 0.5859375 0.24444444375000002 0.6 0.259722221875 0.65 0.25833333281250004 0.65703125 0.2513888890625 0.65546875 0.23055555625
7 0.8390625 0.1263888890625 0.83828125 0.134722221875 0.84453125 0.1513888890625 0.86640625 0.15 0.88671875 0.15555555625 0.89296875 0.1513888890625 0.87421875 0.134722221875 0.8484375 0.1208333328125 0.8390625 0.1263888890625
7 0.9671875 0.102777778125 0.9625 0.0861111109375 0.9578125 0.09305555625 0.9515625 0.08055555625000001 0.9390625 0.072222221875 0.92265625 0.072222221875 0.9078125 0.08194444375 0.90625 0.11944444375 0.91953125 0.127777778125 0.92734375 0.1208333328125 0.95234375 0.11944444375 0.95390625 0.1111111109375 0.9625 0.1166666671875 0.9625 0.10833333281249999 0.9671875 0.102777778125
7 0.85625 0.08055555625000001 0.87578125 0.102777778125 0.88984375 0.11388888906250001 0.8953125 0.11388888906250001 0.896875 0.08055555625000001 0.86875 0.07083333281250001 0.85703125 0.07638888906249999 0.85625 0.08055555625000001
7 0.878125 0.25833333281250004 0.88203125 0.27638888906250003 0.88671875 0.28055555625 0.89609375 0.27638888906250003 0.92421875 0.27777777812500004 0.93046875 0.2666666671875 0.93046875 0.23194444375 0.9265625 0.22638888906250001 0.915625 0.18055555625 0.90625 0.16944444375 0.88046875 0.15555555625 0.81875 0.15555555625 0.81640625 0.16805555625 0.815625 0.19444444375 0.81875 0.2208333328125 0.825 0.22916666718749998 0.83125 0.22916666718749998 0.8375 0.21805555625 0.8453125 0.21805555625 0.853125 0.2388888890625 0.878125 0.25833333281250004
7 0.9875 0.26805555625 0.99140625 0.27638888906250003 0.9953125 0.27777777812500004 0.99921875 0.275 0.99921875 0.21944444375 0.99296875 0.21805555625 0.98828125 0.23611111093749998 0.9875 0.26805555625
7 0.928125 0.16944444375 0.921875 0.16805555625 0.91875 0.17361111093749998 0.91875 0.1916666671875 0.93515625 0.2388888890625 0.9640625 0.240277778125 0.96875 0.24583333281250003 0.971875 0.24305555625 0.975 0.222222221875 0.9734375 0.20277777812500003 0.928125 0.16944444375
7 0.93125 0.12222222187500001 0.92578125 0.1263888890625 0.925 0.13055555624999998 0.9375 0.14305555625 0.953125 0.14444444375 0.96484375 0.1541666671875 0.98046875 0.15972222187500001 0.978125 0.14305555625 0.94609375 0.1263888890625 0.93125 0.12222222187500001
7 0.7859375 0.1208333328125 0.78515625 0.13194444375 0.78046875 0.1375 0.78671875 0.1513888890625 0.79140625 0.1513888890625 0.79375 0.140277778125 0.79296875 0.12222222187500001 0.78984375 0.11805555625 0.7859375 0.1208333328125
7 0.7890625 0.102777778125 0.79453125 0.10833333281249999 0.796875 0.10555555624999999 0.796875 0.0958333328125 0.79140625 0.09305555625 0.78828125 0.09305555625 0.7890625 0.102777778125
7 0.7453125 0.1583333328125 0.76171875 0.15972222187500001 0.76796875 0.1541666671875 0.7703125 0.140277778125 0.77109375 0.0916666671875 0.76640625 0.08055555625000001 0.74921875 0.07638888906249999 0.7453125 0.1583333328125
7 0.72421875 0.059722221875 0.69453125 0.0513888890625 0.69140625 0.047222221875 0.6765625 0.047222221875 0.675 0.09305555625 0.67734375 0.10138888906250001 0.6859375 0.109722221875 0.6875 0.1291666671875 0.7046875 0.14305555625 0.7359375 0.15694444375 0.73828125 0.06944444375 0.72421875 0.059722221875
4 0.78046875 0.2638888890625 0.77578125 0.29305555625 0.77421875 0.33194444375 0.77578125 0.34305555625 0.7796875 0.34861111093749997 0.78203125 0.34305555625 0.7875 0.27638888906250003 0.7859375 0.23055555625 0.78046875 0.23333333281250002 0.78046875 0.2638888890625
4 0.78828125 0.24583333281250003 0.78671875 0.23194444375 0.78125 0.23055555625 0.78203125 0.2666666671875 0.78671875 0.2638888890625 0.78828125 0.24583333281250003