7 0.915625 0.18194444375000002 0.9109375 0.17361111093749998 0.88359375 0.15555555625 0.85546875 0.15555555625 0.853125 0.15972222187500001 0.83359375 0.15555555625 0.8171875 0.1611111109375 0.815625 0.1986111109375 0.8203125 0.222222221875 0.83125 0.2236111109375 0.8375 0.21805555625 0.8453125 0.21805555625 0.85078125 0.23611111093749998 0.878125 0.25833333281250004 0.88125 0.275 0.8859375 0.28055555625 0.8953125 0.27638888906250003 0.92265625 0.27638888906250003 0.9296875 0.26527777812500003 0.93046875 0.23333333281250002 0.915625 0.18194444375000002
7 0.87265625 0.134722221875 0.84375 0.12222222187500001 0.84375 0.14305555625 0.8484375 0.15 0.884375 0.1513888890625 0.87265625 0.134722221875
7 0.96796875 0.09305555625 0.96171875 0.0916666671875 0.96015625 0.1125 0.9640625 0.11805555625 0.971875 0.1041666671875 0.96796875 0.09305555625
7 0.87421875 0.072222221875 0.8640625 0.072222221875 0.8578125 0.077777778125 0.8578125 0.08194444375 0.87109375 0.1 0.88828125 0.11388888906250001 0.8984375 0.115277778125 0.896875 0.08055555625000001 0.87421875 0.072222221875
7 0.95390625 0.084722221875 0.940625 0.072222221875 0.921875 0.072222221875 0.909375 0.08055555625000001 0.90703125 0.0875 0.90546875 0.11944444375 0.9203125 0.1291666671875 0.9453125 0.125 0.95390625 0.1 0.95390625 0.084722221875
7 0.9671875 0.30555555624999997 0.96875 0.24583333281250003 0.9625 0.24722222187499998 0.95703125 0.25833333281250004 0.95625 0.26527777812500003 0.9515625 0.272222221875 0.94921875 0.2875 0.9484375 0.31805555625 0.94921875 0.322222221875 0.95390625 0.3236111109375 0.9671875 0.30555555624999997
7 0.99140625 0.3513888890625 0.99921875 0.352777778125 0.99921875 0.2236111109375 0.99375 0.2236111109375 0.9875 0.23611111093749998 0.98671875 0.25833333281250004 0.978125 0.30694444375 0.9765625 0.33055555625 0.97890625 0.3375 0.99140625 0.3513888890625
7 0.0671875 0.5861111109375 0.06640625 0.5916666671875 0.0671875 0.6152777781250001 0.0671875 0.5861111109375
7 0.1078125 0.6013888890625 0.11640625 0.609722221875 0.11875 0.6166666671875001 0.12578125 0.6208333328125 0.14140625 0.6166666671875001 0.14296875 0.5958333328125 0.13046875 0.5305555562500001 0.13046875 0.5166666671875 0.1265625 0.5083333328124999 0.12421875 0.4763888890625 0.11796875 0.4583333328125 0.11875 0.427777778125 0.09140625 0.4291666671875 0.07421875 0.4625 0.07109375 0.4625 0.0640625 0.4513888890625 0.0625 0.45416666718750004 0.06640625 0.45694444375 0.06640625 0.4611111109375 0.0625 0.4625 0.065625 0.5 0.0578125 0.525 0.05859375 0.55 0.0625 0.5611111109375 0.065625 0.5625 0.06796875 0.55694444375 0.07421875 0.5541666671875001 0.10078125 0.5513888890625 0.10625 0.55694444375 0.10546875 0.58055555625 0.1078125 0.6013888890625
7 0.16875 0.5722222218749999 0.16953125 0.56805555625 0.1671875 0.5361111109375 0.1671875 0.4611111109375 0.175 0.447222221875 0.1796875 0.447222221875 0.18828125 0.4583333328125 0.1890625 0.47222222187499996 0.19765625 0.49305555625 0.2 0.5583333328125 0.20546875 0.56805555625 0.2125 0.5666666671875 0.21953125 0.5541666671875001 0.24375 0.5583333328125 0.2484375 0.5625 0.2796875 0.55694444375 0.29296875 0.5888888890625 0.29921875 0.5930555562500001 0.31796875 0.5930555562500001 0.33125 0.577777778125 0.3375 0.5555555562500001 0.34375 0.5555555562500001 0.3484375 0.55 0.36015625 0.5263888890625 0.36484375 0.49444444374999996 0.3640625 0.46944444374999994 0.36171875 0.447222221875 0.35390625 0.427777778125 0.3421875 0.41111111093749997 0.30703125 0.3791666671875 0.290625 0.35555555625 0.2828125 0.352777778125 0.27421875 0.3333333328125 0.26015625 0.32777777812500003 0.2546875 0.3138888890625 0.24609375 0.32777777812500003 0.23203125 0.33055555625 0.22578125 0.3458333328125 0.2234375 0.3638888890625 0.21953125 0.3583333328125 0.21796875 0.34305555625 0.19609375 0.334722221875 0.1859375 0.322222221875 0.1390625 0.3138888890625 0.13984375 0.34861111093749997 0.14296875 0.35694444375 0.14453125 0.375 0.16640625 0.384722221875 0.16953125 0.39305555625 0.165625 0.415277778125 0.15703125 0.42083333281249996 0.15 0.4138888890625 0.1484375 0.427777778125 0.15 0.4583333328125 0.15625 0.497222221875 0.15625 0.515277778125 0.1640625 0.5694444437499999 0.16875 0.5722222218749999
7 0 0.3291666671875 0.00625 0.3375 0.0375 0.34305555625 0.046875 0.34861111093749997 0.06015625 0.34444444375 0.0953125 0.34861111093749997 0.10625 0.365277778125 0.11328125 0.3625 0.11328125 0.33194444375 0.11015625 0.3083333328125 0.03828125 0.2958333328125 0.02890625 0.3 0.003125 0.2958333328125 0 0.29722222187499997 0 0.3291666671875
7 0.3796875 0.034722221875 0.37578125 0.034722221875 0.35546875 0.054166667187499996 0.33359375 0.054166667187499996 0.32890625 0.04305555625 0.2875 0.05 0.28203125 0.055555556250000006 0.27890625 0.0888888890625 0.275 0.1041666671875 0.275 0.15972222187500001 0.28125 0.1708333328125 0.28203125 0.177777778125 0.29765625 0.17361111093749998 0.303125 0.1916666671875 0.3109375 0.19444444375 0.32421875 0.19305555624999998 0.325 0.17916666718750002 0.33203125 0.165277778125 0.36640625 0.16944444375 0.36953125 0.1416666671875 0.36875 0.1111111109375 0.38046875 0.1 0.3796875 0.034722221875
7 0.46640625 0.1666666671875 0.4703125 0.15555555625 0.46875 0.13333333281249998 0.47578125 0.1291666671875 0.4765625 0.115277778125 0.4765625 0.0666666671875 0.4734375 0.0333333328125 0.4671875 0.009722221875000001 0.44765625 0.00555555625 0.425 0.006944443749999999 0.41640625 0.013888889062500001 0.3953125 0.019444443750000002 0.38984375 0.025 0.38828125 0.0333333328125 0.38984375 0.06944444375 0.38671875 0.0986111109375 0.38828125 0.1166666671875 0.39375 0.13194444375 0.39375 0.15555555625 0.4 0.16944444375 0.4 0.18055555625 0.41640625 0.184722221875 0.42890625 0.177777778125 0.43984375 0.1541666671875 0.44140625 0.13819444375 0.45546875 0.13888888906250002 0.45859375 0.17361111093749998 0.46640625 0.1666666671875
7 0.9671875 0.19444444375 0.95703125 0.1916666671875 0.928125 0.16944444375 0.9203125 0.16805555625 0.91796875 0.172222221875 0.91796875 0.1875 0.92421875 0.20138888906250002 0.93125 0.23055555625 0.93828125 0.23472222187499997 0.9421875 0.23333333281250002 0.946875 0.2236111109375 0.95234375 0.2236111109375 0.9609375 0.23194444375 0.9625 0.2416666671875 0.96875 0.240277778125 0.971875 0.23472222187499997 0.975 0.20694444375 0.9671875 0.19444444375
7 0.9671875 0.15555555625 0.9734375 0.165277778125 0.97890625 0.1611111109375 0.9765625 0.14305555625 0.96015625 0.13194444375 0.94140625 0.125 0.92578125 0.1263888890625 0.925 0.13055555624999998 0.93203125 0.140277778125 0.9453125 0.15 0.9671875 0.15555555625
7 0.7875 0.1263888890625 0.78125 0.13888888906250002 0.78515625 0.1416666671875 0.7875 0.15 0.79140625 0.15 0.79296875 0.11805555625 0.79765625 0.1 0.79296875 0.09444444375 0.78515625 0.09444444375 0.7921875 0.1111111109375 0.7875 0.115277778125 0.7875 0.1263888890625
7 0.7703125 0.09444444375 0.77265625 0.0861111109375 0.76796875 0.08055555625000001 0.75 0.075 0.7453125 0.13055555624999998 0.74609375 0.15972222187500001 0.75625 0.1611111109375 0.76796875 0.1541666671875 0.7703125 0.140277778125 0.7703125 0.09444444375
7 0.6765625 0.05694444375 0.67734375 0.10138888906250001 0.68671875 0.10694444375 0.6953125 0.1291666671875 0.7015625 0.13888888906250002 0.71171875 0.1458333328125 0.71640625 0.15555555625 0.7265625 0.15972222187500001 0.734375 0.15972222187500001 0.73671875 0.15555555625 0.7390625 0.06944444375 0.72265625 0.059722221875 0.6859375 0.047222221875 0.68046875 0.047222221875 0.6765625 0.05694444375
4 0.19765625 0.5319444437499999 0.1953125 0.497222221875 0.19296875 0.48472222187499997 0.1875 0.4763888890625 0.18515625 0.45555555625000005 0.18046875 0.4513888890625 0.16953125 0.45555555625000005 0.16875 0.4791666671875 0.17265625 0.48472222187499997 0.16875 0.51805555625 0.16953125 0.54305555625 0.1875 0.6166666671875001 0.1890625 0.6388888890625 0.18671875 0.652777778125 0.1984375 0.652777778125 0.2046875 0.647222221875 0.2046875 0.64305555625 0.20234375 0.6361111109375 0.20390625 0.60694444375 0.19609375 0.5638888890625 0.19765625 0.5319444437499999