2 0.046875 0.4458333328125 0.0390625 0.4375 0.0359375 0.42083333281249996 0.02578125 0.41805555625 0.02421875 0.42222222187499997 0.025 0.459722221875 0.03125 0.46944444374999994 0.04296875 0.46666666718750005 0.04765625 0.45555555625000005 0.046875 0.4458333328125
1 0.375 0.102777778125 0.36953125 0.115277778125 0.37265625 0.1583333328125 0.37265625 0.252777778125 0.36875 0.2611111109375 0.3609375 0.259722221875 0.359375 0.26527777812500003 0.375 0.28472222187499996 0.38671875 0.2833333328125 0.39375 0.290277778125 0.3953125 0.2833333328125 0.38671875 0.2625 0.38515625 0.23055555625 0.38515625 0.1111111109375 0.38046875 0.1041666671875 0.375 0.102777778125
1 0.44296875 0.0875 0.4421875 0.2166666671875 0.4375 0.22777777812500002 0.43125 0.22638888906250001 0.4296875 0.23055555625 0.4328125 0.2388888890625 0.43828125 0.24305555625 0.4671875 0.2513888890625 0.46875 0.24444444375000002 0.45703125 0.23611111093749998 0.45234375 0.2166666671875 0.45625 0.1708333328125 0.45390625 0.140277778125 0.4546875 0.084722221875 0.44296875 0.0875
6 0.7609375 0.21944444375 0.7640625 0.2166666671875 0.7578125 0.20833333281250002 0.75546875 0.197222221875 0.75 0.1916666671875 0.73671875 0.190277778125 0.7328125 0.18055555625 0.73046875 0.1583333328125 0.69140625 0.15 0.68125 0.165277778125 0.6703125 0.1666666671875 0.66484375 0.172222221875 0.6609375 0.16805555625 0.65625 0.1763888890625 0.65546875 0.21111111093749999 0.66328125 0.2416666671875 0.68125 0.240277778125 0.69765625 0.24722222187499998 0.70234375 0.272222221875 0.70625 0.28055555625 0.7125 0.28472222187499996 0.72421875 0.28194444375 0.72890625 0.272222221875 0.7375 0.2791666671875 0.75859375 0.2791666671875 0.76328125 0.275 0.7640625 0.240277778125 0.7609375 0.21944444375
6 0.6375 0.20277777812500003 0.63671875 0.1888888890625 0.61953125 0.1833333328125 0.60625 0.17361111093749998 0.5984375 0.15972222187500001 0.575 0.1611111109375 0.56875 0.18055555625 0.56640625 0.19583333281249998 0.5671875 0.21805555625 0.56875 0.22638888906250001 0.57890625 0.24305555625 0.58671875 0.24583333281250003 0.5984375 0.25833333281250004 0.60546875 0.259722221875 0.64921875 0.25833333281250004 0.65625 0.2541666671875 0.65546875 0.23055555625 0.64453125 0.2236111109375 0.63671875 0.2236111109375 0.634375 0.21944444375 0.6375 0.20277777812500003
7 0.8921875 0.15277777812499999 0.88984375 0.147222221875 0.88203125 0.1458333328125 0.87265625 0.134722221875 0.84921875 0.1208333328125 0.84296875 0.12222222187500001 0.83984375 0.1291666671875 0.83828125 0.134722221875 0.84296875 0.14861111093749999 0.85078125 0.1541666671875 0.8921875 0.15277777812499999
7 0.96875 0.10694444375 0.9671875 0.097222221875 0.9625 0.1041666671875 0.9625 0.11805555625 0.96640625 0.115277778125 0.96875 0.10694444375
7 0.9390625 0.072222221875 0.9234375 0.072222221875 0.90703125 0.084722221875 0.90625 0.11944444375 0.921875 0.1291666671875 0.94765625 0.1208333328125 0.95390625 0.102777778125 0.95390625 0.0861111109375 0.9390625 0.072222221875
7 0.89765625 0.09305555625 0.896875 0.08055555625000001 0.8703125 0.07083333281250001 0.8625 0.07083333281250001 0.85703125 0.077777778125 0.85625 0.08055555625000001 0.875 0.102777778125 0.8890625 0.11388888906250001 0.89453125 0.11388888906250001 0.89765625 0.09305555625
7 0.93046875 0.23333333281250002 0.92578125 0.2236111109375 0.915625 0.18194444375000002 0.909375 0.172222221875 0.88515625 0.15555555625 0.85703125 0.15555555625 0.853125 0.15972222187500001 0.84296875 0.1541666671875 0.81875 0.15555555625 0.8171875 0.1625 0.8140625 0.19305555624999998 0.8171875 0.2 0.81875 0.222222221875 0.821875 0.22638888906250001 0.83125 0.23055555625 0.8375 0.21805555625 0.84609375 0.21805555625 0.85078125 0.23611111093749998 0.878125 0.25833333281250004 0.88671875 0.28055555625 0.89609375 0.27638888906250003 0.92109375 0.2791666671875 0.93046875 0.26805555625 0.93046875 0.23333333281250002
7 0.2671875 0.28055555625 0.2703125 0.26805555625 0.26875 0.23194444375 0.2359375 0.17361111093749998 0.21875 0.165277778125 0.1890625 0.17361111093749998 0.18125 0.1888888890625 0.1703125 0.1916666671875 0.175 0.20138888906250002 0.17265625 0.252777778125 0.1765625 0.26805555625 0.19140625 0.2666666671875 0.1984375 0.2708333328125 0.21015625 0.302777778125 0.2171875 0.302777778125 0.22109375 0.290277778125 0.2375 0.28194444375 0.2546875 0.28055555625 0.26171875 0.28611111093749997 0.2671875 0.28055555625
7 0.98828125 0.26805555625 0.99375 0.275 0.99921875 0.2708333328125 0.99921875 0.2208333328125 0.98984375 0.21944444375 0.9875 0.24305555625 0.98828125 0.26805555625
7 0.9296875 0.2138888890625 0.93046875 0.23055555625 0.93515625 0.2388888890625 0.96015625 0.240277778125 0.96875 0.24722222187499998 0.971875 0.24305555625 0.975 0.20555555625 0.9703125 0.197222221875 0.928125 0.16944444375 0.9234375 0.16805555625 0.91875 0.17361111093749998 0.91796875 0.1861111109375 0.9296875 0.2138888890625
7 0.98046875 0.15972222187500001 0.97890625 0.1458333328125 0.95546875 0.13055555624999998 0.9421875 0.125 0.92734375 0.1263888890625 0.92578125 0.1291666671875 0.93359375 0.1375 0.95 0.15 0.9703125 0.15972222187500001 0.98046875 0.15972222187500001
7 0.78515625 0.14444444375 0.78671875 0.15277777812499999 0.79140625 0.15277777812499999 0.79453125 0.1458333328125 0.7953125 0.1291666671875 0.790625 0.115277778125 0.7859375 0.1166666671875 0.78515625 0.1291666671875 0.7796875 0.134722221875 0.7796875 0.13888888906250002 0.78515625 0.14444444375
7 0.7953125 0.11388888906250001 0.79765625 0.0958333328125 0.7890625 0.09444444375 0.78828125 0.1 0.7953125 0.11388888906250001
7 0.74921875 0.07638888906249999 0.7453125 0.15972222187500001 0.76640625 0.1583333328125 0.7703125 0.140277778125 0.77109375 0.0958333328125 0.76796875 0.084722221875 0.76171875 0.077777778125 0.74921875 0.07638888906249999
7 0.67578125 0.06805555625000001 0.675 0.09305555625 0.68046875 0.1041666671875 0.6875 0.10833333281249999 0.6890625 0.127777778125 0.70546875 0.14305555625 0.71953125 0.147222221875 0.72578125 0.15555555625 0.7359375 0.15555555625 0.73828125 0.06944444375 0.7234375 0.058333332812500006 0.7 0.054166667187499996 0.68203125 0.04444444375 0.67734375 0.047222221875 0.67578125 0.06805555625000001