2 0.01328125 0.43194444374999996 0.0140625 0.47083333281249995 0.01875 0.477777778125 0.025 0.477777778125 0.0328125 0.46805555625000006 0.03046875 0.4486111109375 0.0234375 0.425 0.01875 0.425 0.01328125 0.43194444374999996
1 0.384375 0.28055555625 0.40078125 0.2888888890625 0.4015625 0.2791666671875 0.39609375 0.275 0.384375 0.2513888890625 0.384375 0.15555555625 0.38203125 0.1166666671875 0.3859375 0.10138888906250001 0.4078125 0.0958333328125 0.403125 0.09305555625 0.4 0.097222221875 0.3984375 0.09305555625 0.39609375 0.097222221875 0.39375 0.09305555625 0.384375 0.097222221875 0.38203125 0.10555555624999999 0.3765625 0.1 0.36953125 0.10555555624999999 0.371875 0.19444444375 0.3703125 0.25555555625 0.359375 0.25694444375000003 0.35703125 0.26527777812500003 0.36640625 0.2708333328125 0.37578125 0.2888888890625 0.3796875 0.2888888890625 0.384375 0.28055555625
6 0.7828125 0.20833333281250002 0.78203125 0.2 0.78046875 0.22777777812500002 0.77890625 0.2736111109375 0.78203125 0.27638888906250003 0.78671875 0.2666666671875 0.78828125 0.24305555625 0.7875 0.222222221875 0.78515625 0.2166666671875 0.78671875 0.2125 0.7828125 0.20833333281250002
6 0.7828125 0.1921875 0.00078125 0.0015625
6 0.78125 0.1763888890625 0.77890625 0.18055555625 0.7859375 0.1888888890625 0.7859375 0.1833333328125 0.78125 0.1763888890625
6 0.7109375 0.2388888890625 0.7171875 0.21805555625 0.72265625 0.21805555625 0.72890625 0.23194444375 0.73125 0.2666666671875 0.7375 0.27638888906250003 0.74296875 0.27777777812500004 0.75 0.26527777812500003 0.75 0.24444444375000002 0.75390625 0.240277778125 0.76328125 0.24305555625 0.76640625 0.23333333281250002 0.76875 0.18055555625 0.76328125 0.1763888890625 0.76015625 0.16805555625 0.75703125 0.11805555625 0.75 0.10555555624999999 0.72734375 0.0958333328125 0.70625 0.097222221875 0.7015625 0.10694444375 0.6984375 0.14305555625 0.6953125 0.14444444375 0.68359375 0.16944444375 0.6875 0.177777778125 0.68828125 0.225 0.69453125 0.2388888890625 0.70703125 0.2416666671875 0.7109375 0.2388888890625
7 0.98203125 0.27638888906250003 0.9828125 0.290277778125 0.978125 0.33888888906250003 0.98046875 0.34305555625 0.99921875 0.33888888906250003 0.99921875 0.26805555625 0.99296875 0.259722221875 0.9875 0.25833333281250004 0.98203125 0.27638888906250003
7 0.95703125 0.35555555625 0.9609375 0.3458333328125 0.9671875 0.302777778125 0.96953125 0.24583333281250003 0.9421875 0.23194444375 0.93046875 0.23194444375 0.91796875 0.24583333281250003 0.9078125 0.28611111093749997 0.90703125 0.2958333328125 0.915625 0.3083333328125 0.9203125 0.322222221875 0.925 0.32777777812500003 0.94453125 0.33194444375 0.9453125 0.3416666671875 0.95234375 0.3541666671875 0.95703125 0.35555555625
7 0.878125 0.25833333281250004 0.88125 0.275 0.8859375 0.2791666671875 0.90546875 0.27777777812500004 0.9109375 0.2666666671875 0.9125 0.252777778125 0.9265625 0.23055555625 0.915625 0.18194444375000002 0.9109375 0.17361111093749998 0.890625 0.1583333328125 0.8625 0.1541666671875 0.85546875 0.15555555625 0.8515625 0.1611111109375 0.84296875 0.15555555625 0.81875 0.15555555625 0.8171875 0.15972222187500001 0.81640625 0.18055555625 0.83046875 0.197222221875 0.83828125 0.2138888890625 0.84921875 0.2166666671875 0.85 0.22777777812500002 0.85546875 0.24305555625 0.86015625 0.24305555625 0.878125 0.25833333281250004
7 0.99921875 0.22638888906250001 0.99296875 0.21805555625 0.98828125 0.23472222187499997 0.98828125 0.2541666671875 0.99921875 0.25555555625 0.99921875 0.22638888906250001
7 0.92890625 0.16944444375 0.91953125 0.16944444375 0.91953125 0.190277778125 0.92890625 0.20833333281250002 0.93125 0.22777777812500002 0.96796875 0.24305555625 0.971875 0.240277778125 0.97421875 0.20555555625 0.96953125 0.197222221875 0.92890625 0.16944444375
7 0.93359375 0.12222222187500001 0.92578125 0.1263888890625 0.925 0.1291666671875 0.946875 0.14444444375 0.95625 0.15555555625 0.971875 0.1611111109375 0.97890625 0.1583333328125 0.978125 0.147222221875 0.96015625 0.13333333281249998 0.93359375 0.12222222187500001
7 0.85625 0.127777778125 0.85078125 0.1208333328125 0.84140625 0.1208333328125 0.8390625 0.125 0.83671875 0.134722221875 0.83984375 0.15 0.84375 0.15277777812499999 0.85234375 0.15555555625 0.859375 0.1513888890625 0.88203125 0.15 0.87265625 0.134722221875 0.85625 0.127777778125
7 0.85625 0.08055555625000001 0.875 0.1041666671875 0.89375 0.11388888906250001 0.89765625 0.09305555625 0.896875 0.08055555625000001 0.8796875 0.072222221875 0.859375 0.072222221875 0.85625 0.08055555625000001