0 0.6611111109375 0.99921875 0.7333333328125 0.99921875 0.7416666671875001 0.99375 0.7430555562500001 0.9875 0.722222221875 0.9828125 0.6611111109375 0.97890625 0.6611111109375 0.99921875
0 0.70555555625 0.9078125 0.6777777781250001 0.9203125 0.66805555625 0.94453125 0.659722221875 0.94453125 0.64444444375 0.95625 0.6625 0.96171875 0.6888888890625 0.9640625 0.6972222218749999 0.9671875 0.752777778125 0.9703125 0.76805555625 0.9421875 0.76805555625 0.93046875 0.75555555625 0.91875 0.7402777781250001 0.9125 0.70555555625 0.9078125
2 0.575 0.0234375 0.575 0.01875 0.56805555625 0.01328125 0.527777778125 0.0140625 0.522222221875 0.01796875 0.522222221875 0.025 0.5333333328125 0.0328125 0.5541666671875001 0.0296875 0.575 0.0234375
2 0.86944444375 0.38359375 0.847222221875 0.3828125 0.8361111109375001 0.38671875 0.8430555562500001 0.39140625 0.8541666671874999 0.3921875 0.8680555562500001 0.3890625 0.872222221875 0.38671875 0.86944444375 0.38359375
1 0.784722221875 0.44140625 0.7736111109375 0.43984375 0.7736111109375 0.4296875 0.7597222218749999 0.43203125 0.7569444437499999 0.4375 0.75 0.45234375 0.7486111109375 0.46875 0.7583333328124999 0.46796875 0.765277778125 0.45546875 0.7833333328125 0.4515625 0.8208333328125 0.45234375 0.8291666671875 0.4546875 0.9166666671874999 0.45390625 0.91944444375 0.44453125 0.9138888890624999 0.4421875 0.784722221875 0.44140625
1 0.8611111109375 0.3828125 0.89444444375 0.3828125 0.9 0.3796875 0.89444444375 0.3703125 0.752777778125 0.37265625 0.7402777781250001 0.36875 0.7402777781250001 0.36171875 0.7458333328125 0.35703125 0.734722221875 0.35625 0.7291666671875 0.36640625 0.7138888890625 0.375 0.7194444437499999 0.38828125 0.7111111109375 0.40078125 0.7194444437499999 0.4015625 0.73194444375 0.38984375 0.7430555562500001 0.38515625 0.847222221875 0.38515625 0.8611111109375 0.3828125
7 0.8263888890625 0.9109375 0.840277778125 0.89296875 0.8458333328125001 0.86953125 0.8444444437499999 0.85546875 0.840277778125 0.85234375 0.8444444437499999 0.8421875 0.8444444437499999 0.81953125 0.8166666671874999 0.81953125 0.79444444375 0.83515625 0.784722221875 0.84765625 0.765277778125 0.85 0.7597222218749999 0.853125 0.7416666671875001 0.878125 0.725 0.88125 0.7194444437499999 0.88671875 0.7236111109375 0.90625 0.73194444375 0.9109375 0.7513888890625 0.9140625 0.76944444375 0.9265625 0.81805555625 0.915625 0.8263888890625 0.9109375
7 0.9138888890624999 0.96640625 0.9138888890624999 0.9625 0.9069444437499999 0.96171875 0.872222221875 0.96171875 0.86944444375 0.96640625 0.9 0.975 0.9069444437499999 0.9734375 0.9083333328125001 0.96796875 0.9138888890624999 0.96640625
7 0.8986111109375001 0.90625 0.8819444437499999 0.90546875 0.875 0.9140625 0.8708333328125001 0.92890625 0.877777778125 0.93046875 0.8791666671874999 0.94921875 0.8861111109375001 0.95234375 0.9166666671874999 0.95234375 0.9277777781250001 0.93828125 0.9277777781250001 0.92265625 0.9166666671874999 0.90625 0.9069444437499999 0.90234375 0.8986111109375001 0.90625
7 0.777777778125 0.99296875 0.765277778125 0.98828125 0.7458333328125 0.98828125 0.74444444375 0.99921875 0.772222221875 0.99921875 0.777777778125 0.99296875
7 0.76944444375 0.94609375 0.7569444437499999 0.96796875 0.7597222218749999 0.971875 0.79444444375 0.97421875 0.8027777781250001 0.96953125 0.83055555625 0.928125 0.83055555625 0.91953125 0.809722221875 0.91953125 0.7916666671875 0.92890625 0.772222221875 0.93125 0.76944444375 0.94609375
7 0.859722221875 0.93828125 0.85694444375 0.94765625 0.8458333328125001 0.95703125 0.8388888890624999 0.9734375 0.8416666671874999 0.9796875 0.852777778125 0.978125 0.8666666671875 0.96015625 0.877777778125 0.9359375 0.8666666671875 0.9328125 0.86944444375 0.9296875 0.877777778125 0.9296875 0.8708333328125001 0.925 0.859722221875 0.93828125
7 0.747222221875 0.83046875 0.7402777781250001 0.82890625 0.7388888890625 0.8234375 0.747222221875 0.825 0.7402777781250001 0.82265625 0.7402777781250001 0.81953125 0.7388888890625 0.82265625 0.73194444375 0.82421875 0.73194444375 0.8375 0.725 0.84140625 0.7361111109375 0.846875 0.74444444375 0.846875 0.75555555625 0.84296875 0.7597222218749999 0.84453125 0.7597222218749999 0.84140625 0.752777778125 0.840625 0.747222221875 0.8359375 0.747222221875 0.83046875
7 0.8138888890624999 0.81796875 0.8055555562500001 0.8125 0.747222221875 0.81015625 0.7458333328125 0.8234375 0.7513888890625 0.821875 0.7583333328124999 0.825 0.75 0.83125 0.7638888890625 0.83125 0.76805555625 0.8359375 0.7736111109375 0.8359375 0.777777778125 0.83046875 0.79444444375 0.83125 0.8027777781250001 0.82890625 0.8083333328125001 0.8203125 0.8236111109375001 0.8171875 0.8138888890624999 0.81796875
7 0.777777778125 0.7390625 0.7736111109375 0.7453125 0.777777778125 0.753125 0.7736111109375 0.7671875 0.8027777781250001 0.76875 0.8166666671874999 0.77421875 0.8444444437499999 0.76875 0.847222221875 0.76015625 0.8416666671874999 0.7515625 0.8361111109375001 0.74609375 0.8166666671874999 0.7375 0.79444444375 0.7359375 0.777777778125 0.7390625
7 0.765277778125 0.790625 0.840277778125 0.79453125 0.852777778125 0.79453125 0.859722221875 0.790625 0.8611111109375 0.7859375 0.852777778125 0.7828125 0.8166666671874999 0.78046875 0.75 0.7796875 0.74444444375 0.78125 0.7430555562500001 0.7859375 0.765277778125 0.790625
7 0.8328125 0.740625 0.0015625 0.003125
7 0.89444444375 0.79453125 0.902777778125 0.7953125 0.9055555562500001 0.7890625 0.8986111109375001 0.78828125 0.89444444375 0.79453125
7 0.85 0.76875 0.8833333328125 0.77109375 0.9166666671874999 0.76875 0.9277777781250001 0.7515625 0.9236111109375 0.7453125 0.9111111109375001 0.74765625 0.8819444437499999 0.74453125 0.8458333328125001 0.74453125 0.8430555562500001 0.74921875 0.85 0.76875
7 0.9541666671875 0.67890625 0.9444444437499999 0.6765625 0.9125 0.675 0.8986111109375001 0.67734375 0.89444444375 0.6859375 0.8861111109375001 0.69140625 0.872222221875 0.6921875 0.85694444375 0.7 0.8333333328125001 0.7359375 0.897222221875 0.7375 0.9208333328125 0.7421875 0.9277777781250001 0.74140625 0.9416666671874999 0.72421875 0.9444444437499999 0.70078125 0.95555555625 0.68203125 0.9541666671875 0.67890625
7 0.8486111109375001 0.859375 0.85 0.8828125 0.85694444375 0.88046875 0.86944444375 0.8671875 0.8708333328125001 0.8578125 0.8791666671874999 0.85 0.877777778125 0.8390625 0.85 0.8390625 0.847222221875 0.84296875 0.8444444437499999 0.85390625 0.8486111109375001 0.859375
7 0.8958333328125001 0.875 0.8861111109375001 0.89375 0.91944444375 0.89609375 0.9277777781250001 0.8796875 0.9277777781250001 0.859375 0.91944444375 0.85625 0.8958333328125001 0.875
4 0.7736111109375 0.32734375 0.765277778125 0.31875 0.7569444437499999 0.31796875 0.752777778125 0.32265625 0.7416666671875001 0.32421875 0.672222221875 0.3234375 0.6583333328125 0.31796875 0.6569444437499999 0.3234375 0.665277778125 0.3296875 0.6583333328125 0.3359375 0.7125 0.34140625 0.734722221875 0.3484375 0.752777778125 0.34765625 0.7875 0.33515625 0.7861111109375 0.33125 0.7736111109375 0.32734375
4 0.652777778125 0.30703125 0.6972222218749999 0.30078125 0.725 0.30390625 0.7458333328125 0.29375 0.7666666671875 0.290625 0.7638888890625 0.2859375 0.7486111109375 0.28359375 0.7416666671875001 0.27890625 0.73055555625 0.278125 0.7208333328125 0.28125 0.6833333328125 0.28359375 0.6708333328125 0.2859375 0.6666666671875 0.29296875 0.6583333328125 0.29453125 0.6541666671875 0.29453125 0.6569444437499999 0.28671875 0.6375 0.2921875 0.64305555625 0.3015625 0.6361111109375 0.30390625 0.6375 0.31171875 0.64305555625 0.31328125 0.652777778125 0.30703125