1 0.6171875 0.8958333328125001 0.6265625 0.897222221875 0.63125 0.890277778125 0.62734375 0.8430555562500001 0.62734375 0.75 0.63125 0.7402777781250001 0.63984375 0.7402777781250001 0.640625 0.734722221875 0.6328125 0.7291666671875 0.62265625 0.7111111109375 0.6140625 0.7166666671875 0.60625 0.709722221875 0.6046875 0.7166666671875 0.61328125 0.734722221875 0.61484375 0.7666666671875 0.61484375 0.8916666671875 0.6171875 0.8958333328125001
1 0.55703125 0.9138888890624999 0.5578125 0.784722221875 0.56328125 0.7736111109375 0.56953125 0.7736111109375 0.5703125 0.76944444375 0.56796875 0.7611111109375 0.56171875 0.7569444437499999 0.53203125 0.7486111109375 0.53203125 0.7583333328124999 0.54453125 0.7666666671875 0.54765625 0.784722221875 0.54375 0.83055555625 0.54609375 0.8513888890624999 0.5453125 0.915277778125 0.55703125 0.9138888890624999
6 0.23828125 0.7833333328125 0.24609375 0.8041666671875 0.26484375 0.8125 0.26953125 0.8416666671874999 0.29375 0.85 0.30859375 0.85 0.3203125 0.834722221875 0.3296875 0.8333333328125001 0.33515625 0.827777778125 0.3390625 0.83194444375 0.34296875 0.8263888890625 0.34375 0.7819444437499999 0.3359375 0.7583333328124999 0.325 0.7569444437499999 0.31796875 0.7611111109375 0.30234375 0.752777778125 0.29921875 0.74444444375 0.29765625 0.725 0.2890625 0.715277778125 0.27890625 0.7166666671875 0.2703125 0.7291666671875 0.26328125 0.722222221875 0.2375 0.725 0.2359375 0.7611111109375 0.23828125 0.7833333328125
6 0.36328125 0.809722221875 0.39453125 0.8263888890625 0.40234375 0.840277778125 0.42421875 0.8388888890624999 0.43125 0.8194444437499999 0.43359375 0.8013888890624999 0.4328125 0.7819444437499999 0.43046875 0.7708333328125 0.4265625 0.76944444375 0.42265625 0.7569444437499999 0.39609375 0.7402777781250001 0.34921875 0.7416666671875001 0.34296875 0.7486111109375 0.34453125 0.76944444375 0.35546875 0.7763888890625 0.36328125 0.7763888890625 0.3671875 0.7833333328125 0.36328125 0.79305555625 0.36328125 0.809722221875
7 0.14375 0.8708333328125001 0.15078125 0.8791666671874999 0.16171875 0.8763888890624999 0.16171875 0.8652777781250001 0.15546875 0.8486111109375001 0.1078125 0.8458333328125001 0.11015625 0.852777778125 0.1328125 0.86944444375 0.14375 0.8708333328125001
7 0.03046875 0.902777778125 0.0375 0.915277778125 0.03671875 0.8819444437499999 0.0328125 0.8847222218749999 0.0296875 0.8958333328125001 0.03046875 0.902777778125
7 0.078125 0.872222221875 0.07421875 0.8791666671874999 0.053125 0.877777778125 0.0484375 0.8833333328125 0.0453125 0.902777778125 0.046875 0.91805555625 0.06171875 0.9277777781250001 0.07578125 0.9277777781250001 0.09296875 0.9166666671874999 0.09375 0.88055555625 0.0875 0.875 0.078125 0.872222221875
7 0.10234375 0.9069444437499999 0.10390625 0.91944444375 0.13046875 0.9291666671875 0.1390625 0.9277777781250001 0.14296875 0.922222221875 0.1421875 0.9166666671874999 0.12421875 0.8958333328125001 0.11171875 0.8861111109375001 0.1046875 0.8861111109375001 0.10234375 0.9069444437499999
7 0.06953125 0.7333333328125 0.06953125 0.7666666671875 0.07421875 0.7763888890625 0.08359375 0.8166666671874999 0.08984375 0.8263888890625 0.10859375 0.840277778125 0.12109375 0.8444444437499999 0.14375 0.8444444437499999 0.14921875 0.834722221875 0.15078125 0.840277778125 0.159375 0.8444444437499999 0.18125 0.8444444437499999 0.1859375 0.81805555625 0.18203125 0.8 0.18125 0.7791666671875 0.178125 0.7736111109375 0.16875 0.7708333328125 0.1625 0.7819444437499999 0.153125 0.7819444437499999 0.14921875 0.7638888890625 0.121875 0.7416666671875001 0.11875 0.725 0.1140625 0.7194444437499999 0.10390625 0.7236111109375 0.075 0.722222221875 0.06953125 0.7333333328125
7 0.00546875 0.725 0.00078125 0.7291666671875 0.00078125 0.7805555562500001 0.00859375 0.7805555562500001 0.01171875 0.7638888890625 0.0125 0.7333333328125 0.00546875 0.725
7 0.0796875 0.83055555625 0.08125 0.825 0.08125 0.809722221875 0.07734375 0.8041666671875 0.0734375 0.7819444437499999 0.06484375 0.7611111109375 0.05859375 0.7597222218749999 0.046875 0.765277778125 0.04375 0.7611111109375 0.03984375 0.7638888890625 0.0296875 0.7541666671875 0.025 0.777777778125 0.025 0.79444444375 0.03046875 0.8027777781250001 0.07421875 0.83194444375 0.0796875 0.83055555625
7 0.01953125 0.840277778125 0.02109375 0.852777778125 0.025 0.85694444375 0.05390625 0.8736111109375001 0.07421875 0.877777778125 0.075 0.86944444375 0.05859375 0.85555555625 0.0453125 0.85555555625 0.03515625 0.8458333328125001 0.01953125 0.840277778125
7 0.21953125 0.8611111109375 0.2140625 0.85 0.20859375 0.8486111109375001 0.20703125 0.88055555625 0.2140625 0.8847222218749999 0.21484375 0.8708333328125001 0.21953125 0.8611111109375
7 0.2046875 0.8916666671875 0.203125 0.9041666671874999 0.2109375 0.9069444437499999 0.2109375 0.8958333328125001 0.2046875 0.8916666671875
7 0.246875 0.925 0.25078125 0.9236111109375 0.2515625 0.9125 0.2546875 0.8416666671874999 0.23671875 0.840277778125 0.23125 0.8458333328125001 0.22890625 0.9069444437499999 0.2328125 0.91805555625 0.246875 0.925
7 0.321875 0.9541666671875 0.3234375 0.9458333328125 0.325 0.9069444437499999 0.31953125 0.8958333328125001 0.3125 0.8916666671875 0.309375 0.8819444437499999 0.3109375 0.872222221875 0.2984375 0.859722221875 0.28203125 0.8541666671874999 0.27421875 0.8444444437499999 0.26328125 0.8444444437499999 0.2609375 0.9166666671874999 0.2609375 0.9291666671875 0.26328125 0.9333333328125001 0.31796875 0.95555555625 0.321875 0.9541666671875
4 0.6890625 0.8611111109375 0.6921875 0.8291666671875 0.690625 0.7986111109375 0.69375 0.777777778125 0.6875 0.7763888890625 0.68671875 0.7916666671875 0.6828125 0.7958333328125 0.6734375 0.777777778125 0.67109375 0.7819444437499999 0.6734375 0.7916666671875 0.6796875 0.79305555625 0.6765625 0.797222221875 0.68046875 0.80694444375 0.6796875 0.8444444437499999 0.68203125 0.852777778125 0.6890625 0.8611111109375