2 0.5527777781250001 0.03046875 0.575 0.0234375 0.5708333328124999 0.01484375 0.5666666671875 0.0125 0.5291666671875 0.0140625 0.5236111109375 0.01640625 0.522222221875 0.025 0.5319444437499999 0.0328125 0.5527777781250001 0.03046875
1 0.89444444375 0.36953125 0.8222222218749999 0.371875 0.7458333328125 0.3703125 0.7402777781250001 0.3578125 0.7333333328125 0.35703125 0.7291666671875 0.36640625 0.7111111109375 0.37578125 0.7111111109375 0.3796875 0.7194444437499999 0.3828125 0.7111111109375 0.4 0.7194444437499999 0.4015625 0.725 0.39609375 0.75 0.384375 0.8986111109375001 0.3828125 0.89444444375 0.36953125
6 0.8111111109375001 0.78203125 0.725 0.77890625 0.7236111109375 0.7828125 0.734722221875 0.7875 0.7791666671875 0.7890625 0.790277778125 0.78828125 0.8 0.784375 0.8166666671874999 0.78671875 0.8194444437499999 0.78125 0.83194444375 0.78203125 0.834722221875 0.76875 0.825 0.76953125 0.8111111109375001 0.78203125
6 0.765277778125 0.73515625 0.8013888890624999 0.7390625 0.809722221875 0.7453125 0.8027777781250001 0.75 0.7597222218749999 0.7546875 0.7583333328124999 0.7640625 0.8208333328125 0.76953125 0.83194444375 0.7609375 0.8388888890624999 0.7625 0.8583333328125 0.7578125 0.8875 0.75546875 0.89444444375 0.75 0.9041666671874999 0.72578125 0.902777778125 0.70625 0.89444444375 0.7015625 0.859722221875 0.69921875 0.8444444437499999 0.68828125 0.83055555625 0.68359375 0.8222222218749999 0.6875 0.772222221875 0.6890625 0.7611111109375 0.69453125 0.7583333328124999 0.7078125 0.7611111109375 0.71171875 0.7763888890625 0.71484375 0.784722221875 0.71953125 0.7805555562500001 0.72421875 0.765277778125 0.7296875 0.7541666671875 0.73046875 0.765277778125 0.73515625
7 0.76944444375 0.9265625 0.81805555625 0.915625 0.8263888890625 0.9109375 0.8416666671874999 0.890625 0.8458333328125001 0.86171875 0.840277778125 0.853125 0.8444444437499999 0.84375 0.8444444437499999 0.81875 0.840277778125 0.8171875 0.8194444437499999 0.81640625 0.8041666671875 0.8296875 0.7861111109375 0.8375 0.7833333328125 0.84921875 0.7708333328125 0.85 0.7569444437499999 0.85546875 0.7416666671875001 0.878125 0.722222221875 0.8828125 0.7194444437499999 0.89140625 0.7236111109375 0.89609375 0.7236111109375 0.90625 0.7333333328125 0.9109375 0.752777778125 0.9140625 0.76944444375 0.9265625
7 0.6944444437499999 0.98046875 0.659722221875 0.97890625 0.6611111109375 0.99921875 0.73194444375 0.99921875 0.7402777781250001 0.99375 0.7402777781250001 0.98671875 0.725 0.9828125 0.6944444437499999 0.98046875
7 0.7138888890625 0.9078125 0.7 0.9078125 0.6944444437499999 0.9140625 0.6777777781250001 0.9203125 0.672222221875 0.925 0.66805555625 0.9421875 0.6486111109375 0.95 0.64444444375 0.95625 0.652777778125 0.96015625 0.6958333328124999 0.9671875 0.7541666671875 0.96953125 0.76805555625 0.94296875 0.76805555625 0.93046875 0.7541666671875 0.91796875 0.7138888890625 0.9078125
7 0.8138888890624999 0.7859375 0.81805555625 0.7859375 0.8222222218749999 0.77578125 0.8194444437499999 0.77421875 0.8194444437499999 0.7796875 0.8041666671875 0.78203125 0.8041666671875 0.78515625 0.81805555625 0.78203125 0.8138888890624999 0.7859375
7 0.7430555562500001 0.99296875 0.74444444375 0.99921875 0.7708333328125 0.99921875 0.777777778125 0.9921875 0.7666666671875 0.98828125 0.747222221875 0.9875 0.7430555562500001 0.99296875
7 0.7583333328124999 0.9703125 0.79444444375 0.97421875 0.8027777781250001 0.96953125 0.83055555625 0.92890625 0.83055555625 0.91953125 0.8125 0.91875 0.7958333328125 0.92421875 0.790277778125 0.9296875 0.7708333328125 0.93203125 0.7583333328124999 0.9703125
7 0.86944444375 0.9265625 0.85694444375 0.94609375 0.8444444437499999 0.95625 0.8361111109375001 0.975 0.840277778125 0.97890625 0.8486111109375001 0.97890625 0.85555555625 0.975 0.8611111109375 0.96328125 0.8652777781250001 0.96171875 0.875 0.94296875 0.875 0.93125 0.86944444375 0.9296875 0.875 0.92734375 0.86944444375 0.9265625
7 0.847222221875 0.88046875 0.8541666671874999 0.884375 0.8791666671874999 0.85078125 0.8791666671874999 0.84140625 0.872222221875 0.83828125 0.8638888890624999 0.83671875 0.852777778125 0.8390625 0.8444444437499999 0.84921875 0.8486111109375001 0.86171875 0.847222221875 0.88046875
7 0.89444444375 0.8765625 0.8861111109375001 0.89375 0.91944444375 0.89765625 0.9291666671875 0.875 0.9277777781250001 0.85703125 0.91944444375 0.85546875 0.89444444375 0.8765625
4 0.7166666671875 0.7546875 0.7291666671875 0.75 0.79305555625 0.75078125 0.80694444375 0.7484375 0.8083333328125001 0.74296875 0.8041666671875 0.73984375 0.7638888890625 0.7375 0.7541666671875 0.73203125 0.7166666671875 0.72890625 0.70694444375 0.725 0.70694444375 0.73515625 0.7180555562500001 0.73515625 0.7291666671875 0.74140625 0.7180555562500001 0.74765625 0.7041666671875 0.74765625 0.7083333328125 0.74921875 0.702777778125 0.753125 0.7041666671875 0.7546875 0.715277778125 0.74921875 0.7166666671875 0.7546875