1 0.18046875 0.4513888890625 0.18515625 0.4916666671875 0.190625 0.4916666671875 0.19296875 0.48472222187499997 0.1890625 0.4791666671875 0.18984375 0.45555555625000005 0.21875 0.36805555624999997 0.21875 0.34305555625 0.20078125 0.3375 0.1875 0.3263888890625 0.1859375 0.32083333281250004 0.175 0.31805555625 0.16796875 0.31805555625 0.16875 0.3416666671875 0.18046875 0.36805555624999997 0.18125 0.375 0.1765625 0.3916666671875 0.1765625 0.40972222187499996 0.18125 0.427777778125 0.18046875 0.4513888890625
1 0.39375 0.2888888890625 0.39375 0.27777777812500004 0.38671875 0.25833333281250004 0.38671875 0.215277778125 0.3890625 0.20833333281250002 0.39140625 0.15972222187500001 0.38984375 0.13194444375 0.38671875 0.12361111093749999 0.38515625 0.10555555624999999 0.375 0.10555555624999999 0.371875 0.1111111109375 0.371875 0.2513888890625 0.36875 0.259722221875 0.359375 0.2611111109375 0.359375 0.2666666671875 0.36796875 0.2708333328125 0.3765625 0.2833333328125 0.3859375 0.28194444375 0.39375 0.2888888890625
1 0.43828125 0.24305555625 0.45703125 0.2513888890625 0.46796875 0.2513888890625 0.46875 0.24444444375000002 0.45625 0.23055555625 0.45390625 0.2166666671875 0.45625 0.172222221875 0.45546875 0.097222221875 0.44921875 0.0888888890625 0.44296875 0.09444444375 0.4421875 0.14444444375 0.43984375 0.15555555625 0.44140625 0.2166666671875 0.4375 0.2236111109375 0.43125 0.222222221875 0.4296875 0.23055555625 0.4328125 0.2388888890625 0.43828125 0.24305555625
7 0.878125 0.25833333281250004 0.88125 0.272222221875 0.8875 0.28055555625 0.89765625 0.275 0.92421875 0.27638888906250003 0.9296875 0.2666666671875 0.92890625 0.22638888906250001 0.915625 0.1833333328125 0.9046875 0.16805555625 0.88125 0.15555555625 0.85546875 0.15555555625 0.853125 0.15972222187500001 0.8484375 0.15555555625 0.82890625 0.15555555625 0.8203125 0.1611111109375 0.815625 0.1708333328125 0.8140625 0.1833333328125 0.8203125 0.2236111109375 0.828125 0.22777777812500002 0.8375 0.2166666671875 0.846875 0.215277778125 0.84921875 0.21805555625 0.85078125 0.23611111093749998 0.878125 0.25833333281250004
7 0.9625 0.29305555625 0.9625 0.3083333328125 0.96640625 0.30555555624999997 0.96640625 0.29305555625 0.9625 0.29305555625
7 0.99609375 0.26527777812500003 0.99921875 0.2611111109375 0.99609375 0.2541666671875 0.99609375 0.24444444375000002 0.99921875 0.24305555625 0.99921875 0.22777777812500002 0.98984375 0.23055555625 0.98125 0.290277778125 0.978125 0.3236111109375 0.9796875 0.3375 0.9859375 0.3416666671875 0.98984375 0.3513888890625 0.99921875 0.352777778125 0.99921875 0.275 0.99609375 0.272222221875 0.99609375 0.26527777812500003
7 0.85546875 0.1291666671875 0.8484375 0.1208333328125 0.83984375 0.1208333328125 0.8390625 0.1361111109375 0.84375 0.1513888890625 0.86171875 0.15 0.87734375 0.15555555625 0.88203125 0.15 0.8796875 0.14305555625 0.8671875 0.13055555624999998 0.85546875 0.1291666671875
7 0.8625 0.072222221875 0.859375 0.07638888906249999 0.85703125 0.08055555625000001 0.875 0.10555555624999999 0.88671875 0.11388888906250001 0.89921875 0.115277778125 0.89765625 0.084722221875 0.8953125 0.08055555625000001 0.87421875 0.072222221875 0.8625 0.072222221875
7 0.14140625 0.6166666671875001 0.1421875 0.5930555562500001 0.1375 0.575 0.1296875 0.51805555625 0.12421875 0.51805555625 0.12265625 0.522222221875 0.11875 0.51944444375 0.115625 0.5263888890625 0.11171875 0.51944444375 0.10625 0.5305555562500001 0.10546875 0.54305555625 0.11015625 0.5555555562500001 0.10625 0.5694444437499999 0.109375 0.6013888890625 0.11875 0.6166666671875001 0.12578125 0.6208333328125 0.13671875 0.6208333328125 0.14140625 0.6166666671875001
7 0.19765625 0.4763888890625 0.1953125 0.47222222187499996 0.19453125 0.4763888890625 0.19765625 0.4763888890625
7 0.1671875 0.340625 0.00078125 0.003125
7 0.21796875 0.48472222187499997 0.21328125 0.490277778125 0.2 0.4888888890625 0.18828125 0.497222221875 0.1875 0.515277778125 0.18359375 0.5236111109375 0.1734375 0.5236111109375 0.15859375 0.5305555562500001 0.1640625 0.577777778125 0.21328125 0.56805555625 0.21875 0.55694444375 0.2234375 0.5555555562500001 0.23046875 0.55694444375 0.23671875 0.5638888890625 0.27421875 0.565277778125 0.2953125 0.5930555562500001 0.31796875 0.5930555562500001 0.33828125 0.559722221875 0.34765625 0.5541666671875001 0.35546875 0.540277778125 0.3640625 0.515277778125 0.3640625 0.46805555625000006 0.3609375 0.44444444375 0.34765625 0.41805555625 0.31875 0.39305555625 0.2921875 0.35972222187499997 0.28125 0.3541666671875 0.27421875 0.3333333328125 0.2609375 0.3291666671875 0.25546875 0.315277778125 0.246875 0.32777777812500003 0.2328125 0.33055555625 0.22734375 0.34305555625 0.2203125 0.38055555625 0.21796875 0.4458333328125 0.2140625 0.4486111109375 0.20078125 0.440277778125 0.1953125 0.4583333328125 0.20546875 0.46944444374999994 0.21484375 0.46527777812500004 0.21796875 0.48472222187499997
7 0.0625 0.63055555625 0.0625 0.6375 0.065625 0.640277778125 0.0625 0.64444444375 0.1078125 0.6013888890625 0.115625 0.6083333328125 0.11796875 0.6152777781250001 0.12734375 0.6208333328125 0.14140625 0.6166666671875001 0.14140625 0.5861111109375 0.1375 0.5722222218749999 0.13515625 0.5458333328125 0.13203125 0.5388888890625 0.13046875 0.5166666671875 0.1265625 0.5069444437499999 0.12578125 0.4875 0.1234375 0.48055555625 0.11953125 0.4791666671875 0.12265625 0.47361111093749997 0.12109375 0.46388888906250003 0.1140625 0.45694444375 0.1171875 0.447222221875 0.11640625 0.4375 0.1140625 0.43333333281249997 0.09375 0.43333333281249997 0.0828125 0.44305555625000004 0.07890625 0.45555555625000005 0.06875 0.45555555625000005 0.0671875 0.44166666718750003 0.06015625 0.44444444375 0.065625 0.5013888890625 0.0578125 0.5236111109375 0.06015625 0.55694444375 0.05859375 0.5736111109375 0.05546875 0.58055555625 0.06328125 0.6 0.065625 0.6263888890625 0.0625 0.63055555625
7 0.1390625 0.3166666671875 0.13984375 0.3513888890625 0.14375 0.365277778125 0.14765625 0.36944444375 0.15390625 0.3513888890625 0.14921875 0.33194444375 0.15 0.322222221875 0.153125 0.31805555625 0.1390625 0.3166666671875
7 0 0.33194444375 0.028125 0.34444444375 0.04140625 0.34444444375 0.05 0.3541666671875 0.0578125 0.3458333328125 0.0859375 0.34722222187499996 0.096875 0.3513888890625 0.10546875 0.365277778125 0.11328125 0.3625 0.1140625 0.3333333328125 0.11171875 0.32777777812500003 0.1109375 0.3083333328125 0.03828125 0.2958333328125 0 0.29444444375 0 0.33194444375
7 0.33359375 0.165277778125 0.34765625 0.1583333328125 0.353125 0.1583333328125 0.35546875 0.16388888906250001 0.359375 0.15694444375 0.36875 0.1541666671875 0.36953125 0.109722221875 0.38203125 0.1 0.3859375 0.102777778125 0.39140625 0.1208333328125 0.39375 0.13194444375 0.39375 0.15555555625 0.4 0.172222221875 0.4 0.18055555625 0.41796875 0.184722221875 0.42734375 0.17916666718750002 0.4390625 0.1541666671875 0.44296875 0.09305555625 0.45 0.0888888890625 0.4578125 0.097222221875 0.45546875 0.14444444375 0.45703125 0.17361111093749998 0.459375 0.177777778125 0.46875 0.16805555625 0.478125 0.13055555624999998 0.475 0.027777778125000003 0.47265625 0.01805555625 0.46484375 0.0083333328125 0.43125 0.00555555625 0.3921875 0.022222221875 0.38828125 0.04444444375 0.3796875 0.04444444375 0.37890625 0.0388888890625 0.375 0.0375 0.35546875 0.055555556250000006 0.34375 0.052777778124999994 0.33359375 0.05694444375 0.33125 0.047222221875 0.3265625 0.04305555625 0.29453125 0.047222221875 0.28125 0.05694444375 0.2796875 0.08055555625000001 0.275 0.102777778125 0.2765625 0.1666666671875 0.28203125 0.177777778125 0.28828125 0.172222221875 0.296875 0.172222221875 0.30234375 0.1916666671875 0.31796875 0.19444444375 0.325 0.1916666671875 0.33359375 0.165277778125
7 0.96015625 0.22916666718749998 0.9640625 0.2416666671875 0.96953125 0.2416666671875 0.9734375 0.22777777812500002 0.97421875 0.20555555625 0.9671875 0.19444444375 0.95703125 0.1916666671875 0.928125 0.16944444375 0.9203125 0.16944444375 0.91953125 0.1888888890625 0.9265625 0.20277777812500003 0.93203125 0.22777777812500002 0.9359375 0.22916666718749998 0.93671875 0.2236111109375 0.94140625 0.21944444375 0.94921875 0.21944444375 0.96015625 0.22916666718749998
7 0.9375 0.12222222187500001 0.925 0.125 0.92421875 0.1291666671875 0.9296875 0.13333333281249998 0.9328125 0.14305555625 0.94375 0.15 0.98046875 0.15972222187500001 0.9734375 0.14305555625 0.95859375 0.13194444375 0.9375 0.12222222187500001
7 0.7890625 0.128125 0.00078125 0.00546875
7 0.790625 0.10138888906250001 0.7875 0.097222221875 0.78828125 0.1166666671875 0.79296875 0.115277778125 0.7921875 0.109722221875 0.7953125 0.10555555624999999 0.79375 0.097222221875 0.790625 0.10138888906250001
7 0.74765625 0.09305555625 0.7453125 0.15694444375 0.75078125 0.1611111109375 0.7640625 0.1583333328125 0.76796875 0.1541666671875 0.76875 0.147222221875 0.77109375 0.084722221875 0.75 0.075 0.74765625 0.09305555625
7 0.74140625 0.0861111109375 0.7390625 0.06944444375 0.6859375 0.047222221875 0.68046875 0.047222221875 0.6765625 0.055555556250000006 0.67734375 0.10138888906250001 0.6859375 0.10555555624999999 0.6953125 0.1263888890625 0.7171875 0.1541666671875 0.7296875 0.15972222187500001 0.73671875 0.15555555625 0.7375 0.115277778125 0.74140625 0.0861111109375
7 0.7984375 0.10555555624999999 0.79765625 0.097222221875 0.78984375 0.09305555625 0.7859375 0.09305555625 0.78515625 0.0986111109375 0.78203125 0.09305555625 0.7875 0.1111111109375 0.7859375 0.15 0.79296875 0.14444444375 0.79296875 0.11944444375 0.7984375 0.10555555624999999
7 0.7234375 0.019444443750000002 0.7296875 0.0208333328125 0.7328125 0.030555556249999997 0.75 0.029166667187500002 0.75703125 0.0388888890625 0.7796875 0.04444444375 0.79296875 0.04305555625 0.79296875 0.0333333328125 0.77421875 0.029166667187500002 0.77578125 0.022222221875 0.78125 0.019444443750000002 0.7796875 0.00555555625 0.7546875 0.0041666671875 0.75078125 0.0111111109375 0.74375 0.0083333328125 0.74140625 0.013888889062500001 0.7375 0.0041666671875 0.69296875 0.00555555625 0.69375 0.0125 0.690625 0.015277778124999999 0.690625 0.0208333328125 0.69375 0.029166667187500002 0.703125 0.029166667187500002 0.70625 0.01805555625 0.71171875 0.022222221875 0.7234375 0.019444443750000002
4 0.16796875 0.5236111109375 0.16875 0.4791666671875 0.171875 0.47361111093749997 0.1765625 0.5138888890625 0.18125 0.522222221875 0.18515625 0.5208333328125 0.1828125 0.477777778125 0.175 0.4125 0.17578125 0.3625 0.16484375 0.3416666671875 0.16796875 0.3333333328125 0.16640625 0.31944444375000003 0.15625 0.3166666671875 0.15078125 0.3291666671875 0.15390625 0.35694444375 0.14765625 0.3861111109375 0.146875 0.40833333281249995 0.14765625 0.41805555625 0.153125 0.4291666671875 0.15625 0.51805555625 0.16015625 0.5263888890625 0.16796875 0.5236111109375
4 0.96328125 0.2486111109375 0.95078125 0.28611111093749997 0.94921875 0.3291666671875 0.96015625 0.3291666671875 0.96328125 0.309722221875 0.96171875 0.3 0.9671875 0.2916666671875 0.96875 0.28055555625 0.96796875 0.24722222187499998 0.96328125 0.2486111109375
4 0.5359375 0.10138888906250001 0.52421875 0.10555555624999999 0.52109375 0.134722221875 0.52421875 0.15555555625 0.52890625 0.1611111109375 0.53125 0.15694444375 0.53125 0.1361111109375 0.5359375 0.12222222187500001 0.53671875 0.10555555624999999 0.5359375 0.10138888906250001
4 0.5546875 0.1458333328125 0.55703125 0.1541666671875 0.56171875 0.1541666671875 0.5671875 0.1291666671875 0.56875 0.097222221875 0.56328125 0.090277778125 0.55546875 0.097222221875 0.5546875 0.1458333328125