2 0.96953125 0.5513888890625 0.9765625 0.575 0.984375 0.5722222218749999 0.9875 0.5666666671875 0.9859375 0.527777778125 0.9828125 0.522222221875 0.975 0.522222221875 0.9671875 0.5319444437499999 0.96953125 0.5513888890625
1 0.61796875 0.8870374999999999 0.61484375 0.8986111109375001 0.61796875 0.8958333328125001 0.62265625 0.9 0.63046875 0.89444444375 0.628125 0.88055555625 0.6296875 0.74444444375 0.6421875 0.7416666671875001 0.64296875 0.7333333328125 0.63359375 0.7291666671875 0.625 0.7111111109375 0.6203125 0.7111111109375 0.61328125 0.7208333328125 0.6 0.7111111109375 0.5984375 0.7208333328125 0.60390625 0.725 0.615625 0.7486111109375 0.615625 0.8444444437499999 0.61796875 0.8870374999999999
6 0.21328125 0.734722221875 0.21171875 0.765277778125 0.215625 0.7819444437499999 0.21875 0.7805555562500001 0.21953125 0.772222221875 0.22109375 0.7388888890625 0.2140625 0.7333333328125 0.22109375 0.7263888890625 0.21875 0.7236111109375 0.21328125 0.734722221875
6 0.25625 0.722222221875 0.25 0.7333333328125 0.24921875 0.7569444437499999 0.2359375 0.7583333328124999 0.23359375 0.76805555625 0.23125 0.8194444437499999 0.23671875 0.8236111109375001 0.240625 0.8333333328125001 0.24296875 0.8819444437499999 0.25 0.89444444375 0.27421875 0.9041666671874999 0.29375 0.902777778125 0.2984375 0.89305555625 0.3015625 0.85694444375 0.30625 0.8541666671874999 0.31640625 0.83055555625 0.3125 0.8208333328125 0.31171875 0.775 0.30546875 0.7611111109375 0.29609375 0.7569444437499999 0.28828125 0.7611111109375 0.2828125 0.7819444437499999 0.27734375 0.7819444437499999 0.27109375 0.7666666671875 0.26875 0.7333333328125 0.2625 0.7236111109375 0.25625 0.722222221875
7 0.0734375 0.76944444375 0.084375 0.81805555625 0.09375 0.83055555625 0.109375 0.8416666671874999 0.14453125 0.8444444437499999 0.14921875 0.83194444375 0.1515625 0.840277778125 0.16171875 0.8444444437499999 0.1828125 0.8416666671874999 0.18359375 0.8208333328125 0.16875 0.8027777781250001 0.16171875 0.7875 0.15078125 0.7833333328125 0.15 0.7708333328125 0.1453125 0.7583333328124999 0.121875 0.7416666671875001 0.11875 0.725 0.11484375 0.7208333328125 0.09375 0.722222221875 0.0890625 0.73194444375 0.0859375 0.752777778125 0.078125 0.7597222218749999 0.0734375 0.76944444375
7 0.00078125 0.6611111109375 0.00078125 0.73194444375 0.00546875 0.7388888890625 0.01328125 0.7388888890625 0.01953125 0.6944444437499999 0.02109375 0.659722221875 0.00078125 0.6611111109375
7 0.0921875 0.7138888890625 0.09296875 0.7041666671875 0.084375 0.6916666671875 0.0796875 0.6777777781250001 0.075 0.672222221875 0.05703125 0.66944444375 0.0546875 0.6583333328125 0.04765625 0.6458333328125 0.0421875 0.64444444375 0.0328125 0.6958333328124999 0.03046875 0.7541666671875 0.0578125 0.76805555625 0.06953125 0.76805555625 0.08203125 0.7541666671875 0.0921875 0.7138888890625
7 0.00546875 0.7819444437499999 0.01015625 0.7763888890625 0.01171875 0.7458333328125 0.00078125 0.74444444375 0.00078125 0.772222221875 0.00546875 0.7819444437499999
7 0.06953125 0.772222221875 0.04140625 0.7638888890625 0.03203125 0.7569444437499999 0.028125 0.7597222218749999 0.02578125 0.79444444375 0.03046875 0.8027777781250001 0.07109375 0.83055555625 0.0796875 0.83194444375 0.08125 0.827777778125 0.08125 0.8111111109375001 0.07109375 0.7916666671875 0.06953125 0.772222221875
7 0.03046875 0.8388888890624999 0.02109375 0.840277778125 0.021875 0.852777778125 0.03671875 0.8611111109375 0.03984375 0.8666666671875 0.0640625 0.877777778125 0.0734375 0.875 0.07421875 0.86944444375 0.053125 0.85694444375 0.04375 0.8444444437499999 0.03046875 0.8388888890624999
7 0.1421875 0.8486111109375001 0.11875 0.8486111109375001 0.11875 0.85694444375 0.1328125 0.86944444375 0.1421875 0.8708333328125001 0.14921875 0.8791666671874999 0.1609375 0.877777778125 0.16328125 0.8638888890624999 0.15859375 0.8486111109375001 0.14921875 0.8444444437499999 0.1421875 0.8486111109375001
7 0.10390625 0.91944444375 0.12109375 0.9277777781250001 0.140625 0.9277777781250001 0.14375 0.91944444375 0.12421875 0.8958333328125001 0.1109375 0.8861111109375001 0.10546875 0.8875 0.10234375 0.915277778125 0.10390625 0.91944444375