2 0.427777778125 0.975 0.42222222187499997 0.97890625 0.43194444374999996 0.98671875 0.45694444375 0.9875 0.4763888890625 0.98515625 0.477777778125 0.975 0.46805555625000006 0.9671875 0.4486111109375 0.96953125 0.427777778125 0.975
1 0.10555555624999999 0.6171875 0.1 0.6203125 0.10555555624999999 0.6296875 0.22553472187499998 0.628125 0.25555555625 0.64375 0.25555555625 0.63984375 0.269078946875 0.6368009859375 0.2708333328125 0.63359375 0.2888888890625 0.62421875 0.28055555625 0.6171875 0.2888888890625 0.59921875 0.28055555625 0.5984375 0.26805555625 0.6109375 0.25694444375000003 0.61484375 0.19305555624999998 0.61484375 0.1875 0.6171875 0.15 0.61484375 0.13888888906250002 0.6171875 0.10555555624999999 0.6171875
1 0.17916666718750002 0.54765625 0.1708333328125 0.5453125 0.08194444375 0.54609375 0.08055555625000001 0.55546875 0.0916666671875 0.55859375 0.215277778125 0.55859375 0.22638888906250001 0.56171875 0.22638888906250001 0.57421875 0.23055555625 0.57421875 0.23333333281250002 0.571875 0.22777777812500002 0.56953125 0.22916666718749998 0.5625 0.240277778125 0.56796875 0.25 0.54765625 0.2513888890625 0.53125 0.2416666671875 0.53203125 0.23472222187499997 0.54453125 0.2166666671875 0.5484375 0.17916666718750002 0.54765625
7 0.15972222187500001 0.10703125 0.1541666671875 0.13125 0.1583333328125 0.14765625 0.1541666671875 0.15703125 0.15694444375 0.18125 0.184722221875 0.18046875 0.20416666718749998 0.16640625 0.2166666671875 0.15078125 0.23611111093749998 0.14921875 0.25833333281250004 0.121875 0.27638888906250003 0.11796875 0.28055555625 0.11328125 0.27638888906250003 0.09375 0.2666666671875 0.0890625 0.2486111109375 0.0859375 0.23055555625 0.0734375 0.1833333328125 0.08359375 0.17361111093749998 0.0890625 0.15972222187500001 0.10703125
7 0.30694444375 0.01953125 0.3416666671875 0.0203125 0.34027777812500004 0.00078125 0.2666666671875 0.00078125 0.25833333281250004 0.00703125 0.259722221875 0.01328125 0.275 0.0171875 0.30694444375 0.01953125
7 0.33055555625 0.05625 0.3513888890625 0.05 0.35555555625 0.04296875 0.30416666718749996 0.0328125 0.24583333281250003 0.03046875 0.23194444375 0.05703125 0.23333333281250002 0.07265625 0.25694444375000003 0.08671875 0.28611111093749997 0.0921875 0.29444444375 0.09296875 0.322222221875 0.0796875 0.33055555625 0.05625
7 0.18194444375000002 0.1828125 0.19583333281249998 0.1875 0.25555555625 0.18984375 0.25555555625 0.1828125 0.26527777812500003 0.1828125 0.272222221875 0.17578125 0.2708333328125 0.1625 0.27638888906250003 0.15859375 0.2638888890625 0.15234375 0.23333333281250002 0.1515625 0.222222221875 0.15703125 0.21805555625 0.16640625 0.20694444375 0.1671875 0.19583333281249998 0.17265625 0.190277778125 0.18359375 0.18194444375000002 0.1828125
7 0.2208333328125 0.2453125 0.22916666718749998 0.23359375 0.21944444375 0.23125 0.19583333281249998 0.23125 0.184722221875 0.225 0.1583333328125 0.23125 0.15277777812499999 0.23828125 0.165277778125 0.25390625 0.190277778125 0.26328125 0.2208333328125 0.2625 0.22638888906250001 0.25625 0.2208333328125 0.2453125
7 0.25555555625 0.21875 0.25694444375000003 0.21328125 0.2416666671875 0.209375 0.1541666671875 0.2046875 0.14444444375 0.20625 0.140277778125 0.21015625 0.13888888906250002 0.2140625 0.147222221875 0.2171875 0.1861111109375 0.2203125 0.2125 0.21875 0.24444444375000002 0.22109375 0.25555555625 0.21875
7 0.222222221875 0.0078125 0.23333333281250002 0.01171875 0.2541666671875 0.0125 0.25555555625 0.00078125 0.22777777812500002 0.00078125 0.222222221875 0.0078125
7 0.20833333281250002 0.07109375 0.22777777812500002 0.06953125 0.23611111093749998 0.040625 0.24305555625 0.03203125 0.240277778125 0.028125 0.20555555625 0.02578125 0.197222221875 0.03046875 0.16944444375 0.07109375 0.1708333328125 0.08125 0.190277778125 0.08125 0.20416666718749998 0.07578125 0.20833333281250002 0.07109375
7 0.1291666671875 0.075 0.14305555625 0.0578125 0.14305555625 0.053125 0.15555555625 0.0421875 0.1611111109375 0.028125 0.1611111109375 0.021875 0.15694444375 0.0203125 0.1458333328125 0.0234375 0.13333333281249998 0.03984375 0.12222222187500001 0.06328125 0.134722221875 0.065625 0.13055555624999998 0.0703125 0.12222222187500001 0.0703125 0.1291666671875 0.075
7 0.16640625 0.26015625 0.003125 0.003125
7 0.1111111109375 0.20703125 0.0958333328125 0.2046875 0.09444444375 0.21171875 0.1 0.2125 0.1111111109375 0.20703125
7 0.13194444375 0.2296875 0.0958333328125 0.2296875 0.08194444375 0.23203125 0.072222221875 0.24921875 0.075 0.25390625 0.0888888890625 0.25234375 0.11805555625 0.25546875 0.1541666671875 0.25546875 0.1513888890625 0.23203125 0.13194444375 0.2296875
7 0.0458333328125 0.321875 0.055555556250000006 0.3234375 0.1 0.3234375 0.1111111109375 0.30859375 0.1291666671875 0.30703125 0.13888888906250002 0.303125 0.15555555625 0.28515625 0.1611111109375 0.271875 0.1666666671875 0.26953125 0.1666666671875 0.2640625 0.102777778125 0.2625 0.072222221875 0.25859375 0.058333332812500006 0.2765625 0.055555556250000006 0.2984375 0.04444444375 0.3171875 0.0458333328125 0.321875
7 0.134722221875 0.12734375 0.1291666671875 0.1421875 0.1208333328125 0.14921875 0.1208333328125 0.16015625 0.1291666671875 0.1625 0.15 0.1609375 0.1541666671875 0.1546875 0.1541666671875 0.12265625 0.15 0.1171875 0.134722221875 0.12734375
7 0.077777778125 0.14375 0.08194444375 0.14375 0.1041666671875 0.125 0.11388888906250001 0.10625 0.08055555625000001 0.10390625 0.07083333281250001 0.1265625 0.07083333281250001 0.1390625 0.077777778125 0.14375
4 0.45694444375 0.16015625 0.47222222187499996 0.16796875 0.48194444374999995 0.1796875 0.5013888890625 0.1859375 0.5166666671875 0.184375 0.5944444437499999 0.18984375 0.6013888890625 0.1875 0.6166666671875001 0.1875 0.6208333328125 0.18203125 0.609722221875 0.18046875 0.60555555625 0.17734375 0.5625 0.1734375 0.540277778125 0.1578125 0.522222221875 0.153125 0.49444444374999996 0.15078125 0.477777778125 0.14609375 0.46805555625000006 0.146875 0.45694444375 0.16015625
4 0.15972222187500001 0.4171875 0.1583333328125 0.41484375 0.13333333281249998 0.4140625 0.10833333281249999 0.41875 0.115277778125 0.42265625 0.15555555625 0.425 0.15972222187500001 0.4171875