1 0.8208333328125 0.45390625 0.840277778125 0.45625 0.9138888890624999 0.45390625 0.91944444375 0.4515625 0.91944444375 0.446875 0.9111111109375001 0.4421875 0.852777778125 0.4421875 0.8416666671874999 0.43984375 0.8125 0.4421875 0.7819444437499999 0.44140625 0.7736111109375 0.43828125 0.7763888890625 0.43125 0.76944444375 0.42890625 0.7611111109375 0.43203125 0.7569444437499999 0.4375 0.75 0.45234375 0.7486111109375 0.46875 0.7569444437499999 0.46875 0.76944444375 0.4546875 0.8208333328125 0.45390625
1 0.85 0.38984375 0.8736111109375001 0.384375 0.89444444375 0.384375 0.897222221875 0.3765625 0.8916666671875 0.371875 0.8819444437499999 0.3703125 0.7458333328125 0.371875 0.7402777781250001 0.365625 0.7402777781250001 0.3578125 0.734722221875 0.3578125 0.7291666671875 0.36796875 0.7138888890625 0.375 0.7180555562500001 0.3859375 0.7111111109375 0.3953125 0.7236111109375 0.39375 0.7375 0.3875 0.7569444437499999 0.38515625 0.7805555562500001 0.38515625 0.8194444437499999 0.39140625 0.85 0.38984375
6 0.8013888890624999 0.75546875 0.8055555562500001 0.75234375 0.8125 0.7359375 0.8416666671874999 0.73046875 0.8486111109375001 0.7125 0.85 0.69140625 0.834722221875 0.68046875 0.834722221875 0.66796875 0.8263888890625 0.65625 0.7916666671875 0.65390625 0.7583333328124999 0.6640625 0.7611111109375 0.6828125 0.752777778125 0.6984375 0.725 0.70234375 0.715277778125 0.71171875 0.7166666671875 0.7203125 0.73055555625 0.7296875 0.722222221875 0.7375 0.7236111109375 0.76171875 0.7388888890625 0.7640625 0.7833333328125 0.76171875 0.7875 0.7578125 0.8013888890624999 0.75546875
6 0.8388888890624999 0.575 0.825 0.56953125 0.809722221875 0.5671875 0.772222221875 0.56875 0.7583333328124999 0.5765625 0.7402777781250001 0.5984375 0.7416666671875001 0.653125 0.7486111109375 0.65703125 0.76944444375 0.65546875 0.777777778125 0.63671875 0.784722221875 0.6328125 0.79444444375 0.6359375 0.8027777781250001 0.63515625 0.815277778125 0.625 0.8222222218749999 0.609375 0.8388888890624999 0.5984375 0.8388888890624999 0.575
7 0.86944444375 0.8671875 0.877777778125 0.84375 0.8638888890624999 0.8390625 0.8486111109375001 0.84453125 0.8486111109375001 0.89140625 0.86944444375 0.8671875
7 0.9166666671874999 0.9625 0.9083333328125001 0.9640625 0.9013888890624999 0.96171875 0.8819444437499999 0.96171875 0.8819444437499999 0.9640625 0.89444444375 0.9734375 0.902777778125 0.9734375 0.9166666671874999 0.9625
7 0.8708333328125001 0.925 0.877777778125 0.9296875 0.877777778125 0.946875 0.8819444437499999 0.95078125 0.897222221875 0.95390625 0.9166666671874999 0.95390625 0.9277777781250001 0.9390625 0.9277777781250001 0.92265625 0.9166666671874999 0.90703125 0.88055555625 0.90625 0.872222221875 0.91953125 0.8708333328125001 0.925
7 0.9291666671875 0.86953125 0.9291666671875 0.8625 0.922222221875 0.8578125 0.91944444375 0.85703125 0.897222221875 0.87578125 0.8861111109375001 0.88984375 0.8861111109375001 0.8953125 0.91944444375 0.896875 0.9291666671875 0.86953125
7 0.8916666671875 0.153125 0.877777778125 0.1390625 0.8680555562500001 0.134375 0.8708333328125001 0.1328125 0.8583333328125 0.1375 0.852777778125 0.13203125 0.8361111109375001 0.13046875 0.8291666671875 0.1328125 0.8291666671875 0.1375 0.8236111109375001 0.13671875 0.8291666671875 0.1421875 0.8055555562500001 0.14296875 0.809722221875 0.16953125 0.8041666671875 0.1921875 0.827777778125 0.20546875 0.852777778125 0.2046875 0.8888888890625 0.171875 0.8916666671875 0.153125
7 0.722222221875 0.925 0.7333333328125 0.93046875 0.76805555625 0.93046875 0.7763888890625 0.92578125 0.8166666671874999 0.91640625 0.83194444375 0.9046875 0.8444444437499999 0.88046875 0.8444444437499999 0.85625 0.840277778125 0.85078125 0.8458333328125001 0.8375 0.8444444437499999 0.81953125 0.83194444375 0.81640625 0.8194444437499999 0.8140625 0.8041666671875 0.8171875 0.784722221875 0.81640625 0.772222221875 0.8234375 0.772222221875 0.83046875 0.7888888890625 0.8375 0.7875 0.8421875 0.7805555562500001 0.84921875 0.7638888890625 0.85078125 0.7416666671875001 0.878125 0.7194444437499999 0.8859375 0.7194444437499999 0.89296875 0.7236111109375 0.8953125 0.722222221875 0.925
7 0.890277778125 0.36875 0.8986111109375001 0.37578125 0.8986111109375001 0.38046875 0.9611111109375001 0.3796875 0.95555555625 0.36484375 0.94305555625 0.35546875 0.9472222218749999 0.3484375 0.94305555625 0.334375 0.95694444375 0.32890625 0.95 0.28671875 0.9458333328125 0.28203125 0.925 0.28046875 0.9138888890624999 0.2765625 0.8361111109375001 0.275 0.8222222218749999 0.28203125 0.827777778125 0.296875 0.809722221875 0.30234375 0.8055555562500001 0.3078125 0.8055555562500001 0.321875 0.809722221875 0.32578125 0.8361111109375001 0.33359375 0.83194444375 0.35546875 0.85 0.36484375 0.8444444437499999 0.36875 0.85 0.36640625 0.8520833328125 0.36875 0.890277778125 0.36875
7 0.8680555562500001 0.44140625 0.8916666671875 0.4390625 0.89444444375 0.44140625 0.9083333328125001 0.44140625 0.91944444375 0.44453125 0.91944444375 0.45078125 0.9055555562500001 0.4578125 0.8708333328125001 0.45546875 0.8222222218749999 0.45625 0.8222222218749999 0.46015625 0.8361111109375001 0.46953125 0.859722221875 0.4765625 0.877777778125 0.478125 0.934722221875 0.478125 0.9444444437499999 0.47578125 0.98055555625 0.475 0.984722221875 0.47265625 0.9930555562500001 0.46015625 0.9930555562500001 0.42734375 0.9791666671874999 0.39453125 0.9694444437499999 0.3890625 0.934722221875 0.3890625 0.925 0.39140625 0.9208333328125 0.3890625 0.8847222218749999 0.38828125 0.8666666671875 0.39609375 0.8486111109375001 0.39375 0.8388888890624999 0.39921875 0.8208333328125 0.403125 0.8166666671874999 0.41171875 0.81805555625 0.4234375 0.8222222218749999 0.42890625 0.834722221875 0.434375 0.8444444437499999 0.43828125 0.8680555562500001 0.44140625
7 0.7208333328125 0.9953125 0.727777778125 0.99921875 0.777777778125 0.99921875 0.7819444437499999 0.99375 0.7583333328124999 0.9875 0.7291666671875 0.9875 0.7208333328125 0.9953125
7 0.83194444375 0.92265625 0.8263888890625 0.91875 0.8138888890624999 0.91796875 0.7986111109375 0.92421875 0.7833333328125 0.92578125 0.7611111109375 0.93515625 0.7611111109375 0.94375 0.76805555625 0.95 0.76944444375 0.96015625 0.7597222218749999 0.9625 0.7541666671875 0.9703125 0.76944444375 0.97421875 0.790277778125 0.975 0.8041666671875 0.96796875 0.83055555625 0.928125 0.83194444375 0.92265625
7 0.8416666671874999 0.98046875 0.852777778125 0.978125 0.8666666671875 0.9609375 0.877777778125 0.9359375 0.875 0.92734375 0.8708333328125001 0.92578125 0.85694444375 0.9390625 0.8541666671874999 0.95546875 0.840277778125 0.975 0.8416666671874999 0.98046875
7 0.8486111109375001 0.7859375 0.8486111109375001 0.79296875 0.88055555625 0.7921875 0.902777778125 0.79765625 0.9055555562500001 0.78828125 0.8888888890625 0.79140625 0.8847222218749999 0.78828125 0.8666666671875 0.78515625 0.8611111109375 0.78125 0.8486111109375001 0.7859375
7 0.91944444375 0.76640625 0.925 0.75078125 0.9125 0.7484375 0.8430555562500001 0.7453125 0.8388888890624999 0.75078125 0.840277778125 0.76328125 0.847222221875 0.76875 0.909722221875 0.77109375 0.91944444375 0.76640625
7 0.89305555625 0.6875 0.8708333328125001 0.69375 0.85694444375 0.70859375 0.8541666671874999 0.71875 0.8444444437499999 0.72578125 0.8416666671874999 0.734375 0.8458333328125001 0.7375 0.9305555562500001 0.7390625 0.952777778125 0.69375 0.9541666671875 0.6796875 0.9444444437499999 0.6765625 0.9013888890624999 0.6765625 0.89305555625 0.6875
4 0.8458333328125001 0.15625 0.852777778125 0.1546875 0.8611111109375 0.1453125 0.85694444375 0.14296875 0.8083333328125001 0.14453125 0.8 0.14921875 0.8 0.153125 0.8125 0.15859375 0.8458333328125001 0.15625