2 0.975 0.58055555625 0.975 0.5375 0.9703125 0.5319444437499999 0.9640625 0.5319444437499999 0.96171875 0.5375 0.9625 0.5722222218749999 0.9671875 0.58194444375 0.975 0.58055555625
1 0.615625 0.8916666671875 0.625 0.897222221875 0.63046875 0.8875 0.62734375 0.847222221875 0.62734375 0.75 0.63125 0.7402777781250001 0.63984375 0.7402777781250001 0.640625 0.734722221875 0.63125 0.727777778125 0.6234375 0.7111111109375 0.61484375 0.7166666671875 0.60625 0.7111111109375 0.60625 0.722222221875 0.61328125 0.7375 0.61484375 0.7583333328124999 0.61328125 0.847222221875 0.615625 0.8916666671875
1 0.55703125 0.9138888890624999 0.5578125 0.7833333328125 0.56171875 0.7736111109375 0.56875 0.7736111109375 0.56953125 0.76805555625 0.5671875 0.7611111109375 0.56171875 0.7569444437499999 0.53203125 0.7486111109375 0.53125 0.7569444437499999 0.54296875 0.7638888890625 0.54609375 0.775 0.54375 0.83055555625 0.54609375 0.8541666671874999 0.5453125 0.915277778125 0.55703125 0.9138888890624999
6 0.23828125 0.7819444437499999 0.24765625 0.8055555562500001 0.26484375 0.8125 0.27109375 0.8430555562500001 0.309375 0.85 0.31953125 0.834722221875 0.328125 0.834722221875 0.3359375 0.8263888890625 0.33984375 0.83055555625 0.34375 0.8222222218749999 0.34453125 0.7861111109375 0.3421875 0.772222221875 0.33671875 0.7597222218749999 0.325 0.7569444437499999 0.31796875 0.7611111109375 0.3015625 0.752777778125 0.29765625 0.725 0.29140625 0.7166666671875 0.28125 0.715277778125 0.2703125 0.7291666671875 0.26328125 0.722222221875 0.2390625 0.7236111109375 0.2359375 0.73194444375 0.23828125 0.7819444437499999
6 0.36328125 0.8083333328125001 0.39453125 0.8263888890625 0.40234375 0.840277778125 0.42421875 0.8388888890624999 0.43125 0.8194444437499999 0.43359375 0.8041666671875 0.43125 0.7736111109375 0.4234375 0.7597222218749999 0.4125 0.752777778125 0.40546875 0.7430555562500001 0.38984375 0.7402777781250001 0.34453125 0.74444444375 0.34296875 0.7541666671875 0.3453125 0.7708333328125 0.36328125 0.7763888890625 0.3671875 0.7833333328125 0.3671875 0.7888888890625 0.36328125 0.79444444375 0.36328125 0.8083333328125001
7 0.13359375 0.86944444375 0.1453125 0.8708333328125001 0.15 0.877777778125 0.15625 0.877777778125 0.16015625 0.86944444375 0.1609375 0.8638888890624999 0.15546875 0.8486111109375001 0.1078125 0.8458333328125001 0.11015625 0.852777778125 0.13359375 0.86944444375
7 0.0328125 0.89305555625 0.03359375 0.9041666671874999 0.0375 0.897222221875 0.03515625 0.8916666671875 0.0375 0.8847222218749999 0.0328125 0.89305555625
7 0.0609375 0.9277777781250001 0.0765625 0.9277777781250001 0.09296875 0.9138888890624999 0.09375 0.88055555625 0.08046875 0.872222221875 0.0484375 0.8819444437499999 0.04375 0.902777778125 0.046875 0.91805555625 0.0609375 0.9277777781250001
7 0.10234375 0.9069444437499999 0.10390625 0.91944444375 0.13125 0.9291666671875 0.1390625 0.9277777781250001 0.14296875 0.922222221875 0.1421875 0.9166666671874999 0.125 0.897222221875 0.1109375 0.8861111109375001 0.1046875 0.8861111109375001 0.10234375 0.9069444437499999
7 0.06953125 0.76805555625 0.07421875 0.7763888890625 0.084375 0.8194444437499999 0.090625 0.827777778125 0.11953125 0.8444444437499999 0.14375 0.8444444437499999 0.14765625 0.8388888890624999 0.15625 0.8444444437499999 0.18125 0.8444444437499999 0.18359375 0.83194444375 0.1828125 0.7875 0.18125 0.777777778125 0.17578125 0.7708333328125 0.16796875 0.7708333328125 0.16328125 0.7819444437499999 0.15390625 0.7819444437499999 0.14921875 0.7638888890625 0.121875 0.7416666671875001 0.11875 0.725 0.11328125 0.7194444437499999 0.10390625 0.7236111109375 0.078125 0.7208333328125 0.06953125 0.7333333328125 0.06953125 0.76805555625
7 0.00625 0.725 0.00078125 0.73194444375 0.00078125 0.7791666671875 0.00625 0.7819444437499999 0.0109375 0.76805555625 0.0125 0.73194444375 0.00625 0.725
7 0.0765625 0.8027777781250001 0.075 0.7875 0.06484375 0.7611111109375 0.05078125 0.7638888890625 0.0359375 0.7597222218749999 0.03046875 0.7541666671875 0.025 0.777777778125 0.0265625 0.797222221875 0.07109375 0.83055555625 0.078125 0.83194444375 0.08125 0.8263888890625 0.08203125 0.8125 0.0765625 0.8027777781250001
7 0.03515625 0.8458333328125001 0.01953125 0.840277778125 0.02265625 0.85555555625 0.04375 0.86944444375 0.07265625 0.877777778125 0.075 0.86944444375 0.06796875 0.8666666671875 0.06171875 0.8583333328125 0.0453125 0.85555555625 0.03515625 0.8458333328125001
7 0.20625 0.85555555625 0.20703125 0.88055555625 0.2140625 0.88055555625 0.21484375 0.8708333328125001 0.21953125 0.8611111109375 0.215625 0.85694444375 0.2140625 0.8486111109375001 0.209375 0.847222221875 0.20625 0.85555555625
7 0.20234375 0.902777778125 0.21171875 0.9069444437499999 0.21171875 0.897222221875 0.20703125 0.8847222218749999 0.203125 0.8916666671875 0.20234375 0.902777778125
7 0.25078125 0.9236111109375 0.2546875 0.8416666671874999 0.23671875 0.840277778125 0.23125 0.8458333328125001 0.2296875 0.859722221875 0.2296875 0.909722221875 0.23359375 0.91944444375 0.25078125 0.9236111109375
7 0.32265625 0.9541666671875 0.3234375 0.9444444437499999 0.325 0.9069444437499999 0.31953125 0.8958333328125001 0.31328125 0.89305555625 0.30859375 0.88055555625 0.3078125 0.86944444375 0.29375 0.85694444375 0.28046875 0.852777778125 0.27421875 0.8444444437499999 0.26328125 0.8444444437499999 0.2609375 0.9166666671874999 0.2609375 0.9291666671875 0.26328125 0.9333333328125001 0.3171875 0.95555555625 0.32265625 0.9541666671875