2 0.0390625 0.4625 0.0359375 0.42083333281249996 0.025 0.41944444374999995 0.025 0.46388888906250003 0.03671875 0.46805555625000006 0.0390625 0.4625
1 0.3796875 0.2888888890625 0.3875 0.2833333328125 0.39375 0.2888888890625 0.39375 0.27777777812500004 0.38671875 0.2638888890625 0.38515625 0.23333333281250002 0.38515625 0.1583333328125 0.3890625 0.1541666671875 0.3859375 0.1416666671875 0.38671875 0.1111111109375 0.38046875 0.1041666671875 0.3734375 0.1041666671875 0.36953125 0.1111111109375 0.37265625 0.15972222187500001 0.37265625 0.25 0.36875 0.259722221875 0.359375 0.259722221875 0.359375 0.26527777812500003 0.3671875 0.2708333328125 0.375 0.28611111093749997 0.3796875 0.2888888890625
1 0.46875 0.24305555625 0.45625 0.23472222187499997 0.45234375 0.215277778125 0.45625 0.16944444375 0.45390625 0.1458333328125 0.4546875 0.084722221875 0.45 0.08194444375 0.44296875 0.0861111109375 0.4421875 0.2138888890625 0.4375 0.22638888906250001 0.43046875 0.22638888906250001 0.4296875 0.23055555625 0.4328125 0.2388888890625 0.4390625 0.24305555625 0.46640625 0.2513888890625 0.46875 0.24305555625
6 0.72109375 0.2833333328125 0.72890625 0.2708333328125 0.73671875 0.27777777812500004 0.7625 0.275 0.7640625 0.240277778125 0.76171875 0.2166666671875 0.7578125 0.2125 0.75390625 0.197222221875 0.73515625 0.1875 0.73046875 0.1583333328125 0.69453125 0.147222221875 0.68828125 0.1513888890625 0.6796875 0.165277778125 0.6609375 0.16805555625 0.65625 0.175 0.65625 0.21805555625 0.6640625 0.2416666671875 0.675 0.24305555625 0.68125 0.2388888890625 0.6984375 0.24722222187499998 0.70234375 0.275 0.71171875 0.28472222187499996 0.72109375 0.2833333328125
6 0.65546875 0.23055555625 0.64453125 0.2236111109375 0.63671875 0.2236111109375 0.6328125 0.2166666671875 0.63671875 0.20555555625 0.63671875 0.1916666671875 0.60703125 0.17361111093749998 0.5984375 0.15972222187500001 0.575 0.1611111109375 0.5671875 0.19305555624999998 0.56640625 0.21111111093749999 0.5703125 0.22777777812500002 0.57734375 0.2416666671875 0.58828125 0.24722222187499998 0.5984375 0.259722221875 0.65078125 0.25833333281250004 0.65703125 0.2513888890625 0.65546875 0.23055555625
7 0.87421875 0.134722221875 0.8578125 0.1291666671875 0.8484375 0.1208333328125 0.84453125 0.1208333328125 0.83984375 0.1291666671875 0.83828125 0.134722221875 0.84453125 0.1513888890625 0.86640625 0.15 0.88828125 0.15555555625 0.89296875 0.15277777812499999 0.89140625 0.147222221875 0.88125 0.14305555625 0.87421875 0.134722221875
7 0.92265625 0.072222221875 0.90703125 0.084722221875 0.90625 0.1208333328125 0.92421875 0.1263888890625 0.92734375 0.1208333328125 0.9515625 0.11944444375 0.95390625 0.1111111109375 0.95390625 0.08333333281250001 0.9390625 0.072222221875 0.92265625 0.072222221875
7 0.8609375 0.072222221875 0.85703125 0.077777778125 0.85625 0.08055555625000001 0.875 0.102777778125 0.88984375 0.11388888906250001 0.8953125 0.11388888906250001 0.89765625 0.09444444375 0.89609375 0.08055555625000001 0.86875 0.07083333281250001 0.8609375 0.072222221875
7 0.88125 0.275 0.88671875 0.28055555625 0.8953125 0.27638888906250003 0.92421875 0.27777777812500004 0.93046875 0.2666666671875 0.93046875 0.23194444375 0.92578125 0.2236111109375 0.915625 0.18055555625 0.9046875 0.16805555625 0.88125 0.15555555625 0.85625 0.15555555625 0.85390625 0.15972222187500001 0.84765625 0.15555555625 0.821875 0.15555555625 0.81640625 0.16805555625 0.8140625 0.1833333328125 0.8203125 0.22638888906250001 0.83125 0.22916666718749998 0.8375 0.21805555625 0.846875 0.21805555625 0.85078125 0.23611111093749998 0.878125 0.25833333281250004 0.88125 0.275
7 0.99375 0.27638888906250003 0.99921875 0.26944444375 0.99921875 0.21944444375 0.99375 0.21805555625 0.98828125 0.23611111093749998 0.9875 0.26805555625 0.99375 0.27638888906250003
7 0.97421875 0.23055555625 0.9734375 0.20277777812500003 0.928125 0.16944444375 0.92265625 0.16805555625 0.91875 0.17361111093749998 0.91796875 0.1875 0.9234375 0.197222221875 0.925 0.2125 0.93359375 0.23611111093749998 0.93828125 0.240277778125 0.96171875 0.2388888890625 0.9703125 0.24444444375000002 0.97421875 0.23055555625
7 0.93359375 0.12222222187500001 0.93125 0.134722221875 0.92578125 0.12361111093749999 0.925 0.13055555624999998 0.93671875 0.14305555625 0.95546875 0.1458333328125 0.9640625 0.1541666671875 0.98046875 0.15972222187500001 0.97578125 0.14444444375 0.9625 0.134722221875 0.93359375 0.12222222187500001
7 0.78046875 0.13888888906250002 0.78671875 0.1513888890625 0.79296875 0.1513888890625 0.79296875 0.12222222187500001 0.7859375 0.1208333328125 0.78515625 0.13194444375 0.78046875 0.13888888906250002
7 0.796875 0.10555555624999999 0.796875 0.0958333328125 0.7890625 0.09305555625 0.78828125 0.0986111109375 0.79296875 0.109722221875 0.796875 0.10555555624999999
7 0.74921875 0.07638888906249999 0.7484375 0.0875 0.7453125 0.1583333328125 0.76171875 0.15972222187500001 0.76796875 0.1541666671875 0.7703125 0.140277778125 0.77109375 0.0916666671875 0.76796875 0.08194444375 0.753125 0.075 0.74921875 0.07638888906249999
7 0.7265625 0.15555555625 0.7359375 0.15694444375 0.73828125 0.06944444375 0.72109375 0.058333332812500006 0.690625 0.047222221875 0.67890625 0.04444444375 0.6765625 0.0486111109375 0.675 0.09305555625 0.68046875 0.1041666671875 0.68671875 0.10694444375 0.690625 0.11944444375 0.6890625 0.1291666671875 0.70546875 0.14305555625 0.7171875 0.1458333328125 0.7265625 0.15555555625