2 0.97578125 0.577777778125 0.975 0.54305555625 0.97109375 0.5333333328125 0.96328125 0.5319444437499999 0.9609375 0.540277778125 0.9640625 0.5791666671875 0.97421875 0.58194444375 0.97578125 0.577777778125
1 0.61171875 0.8486111109375001 0.6140625 0.85694444375 0.615625 0.8916666671875 0.6203125 0.897222221875 0.6265625 0.897222221875 0.6296875 0.8916666671875 0.62734375 0.7486111109375 0.63046875 0.7402777781250001 0.63984375 0.7402777781250001 0.6421875 0.7361111109375 0.6328125 0.7291666671875 0.625 0.7138888890625 0.6203125 0.7111111109375 0.6140625 0.7166666671875 0.60625 0.709722221875 0.6046875 0.7166666671875 0.61328125 0.734722221875 0.61328125 0.8083333328125001 0.615625 0.8430555562500001 0.61171875 0.8486111109375001
1 0.54921875 0.91805555625 0.55703125 0.9125 0.5578125 0.7833333328125 0.56171875 0.7736111109375 0.56953125 0.7736111109375 0.5703125 0.76944444375 0.5671875 0.7611111109375 0.5609375 0.7569444437499999 0.5328125 0.7486111109375 0.53125 0.7569444437499999 0.54296875 0.7638888890625 0.54765625 0.7833333328125 0.54375 0.83194444375 0.54609375 0.8583333328125 0.5453125 0.915277778125 0.54921875 0.91805555625
6 0.2453125 0.8027777781250001 0.26484375 0.8125 0.26953125 0.8416666671874999 0.29375 0.85 0.30859375 0.85 0.31875 0.834722221875 0.3296875 0.83194444375 0.33359375 0.8236111109375001 0.34296875 0.8222222218749999 0.34375 0.7819444437499999 0.33671875 0.7597222218749999 0.325 0.7569444437499999 0.3171875 0.7611111109375 0.3015625 0.752777778125 0.29765625 0.725 0.2921875 0.7166666671875 0.28125 0.715277778125 0.2703125 0.7291666671875 0.2625 0.722222221875 0.2375 0.725 0.2359375 0.7583333328124999 0.23828125 0.7819444437499999 0.2453125 0.8027777781250001
6 0.4015625 0.840277778125 0.425 0.8388888890624999 0.43125 0.8194444437499999 0.43359375 0.8027777781250001 0.43125 0.7763888890625 0.4234375 0.7597222218749999 0.4046875 0.7430555562500001 0.34921875 0.7416666671875001 0.34296875 0.7486111109375 0.3453125 0.7708333328125 0.365625 0.7805555562500001 0.3671875 0.7875 0.36328125 0.79444444375 0.36328125 0.8027777781250001 0.3671875 0.809722221875 0.39375 0.8263888890625 0.4015625 0.840277778125
7 0.1515625 0.8791666671874999 0.15546875 0.8791666671874999 0.1609375 0.8708333328125001 0.16171875 0.8652777781250001 0.15625 0.85 0.1078125 0.847222221875 0.12734375 0.8652777781250001 0.14375 0.8708333328125001 0.1515625 0.8791666671874999
7 0.03359375 0.8833333328125 0.02734375 0.8986111109375001 0.0375 0.915277778125 0.03671875 0.8819444437499999 0.03359375 0.8833333328125
7 0.04375 0.902777778125 0.046875 0.91805555625 0.059375 0.9277777781250001 0.0765625 0.9277777781250001 0.09296875 0.9166666671874999 0.09375 0.88055555625 0.08125 0.872222221875 0.0515625 0.8791666671874999 0.0484375 0.8819444437499999 0.04375 0.902777778125
7 0.10234375 0.9069444437499999 0.10390625 0.91944444375 0.13046875 0.9291666671875 0.13671875 0.9291666671875 0.1421875 0.9236111109375 0.14375 0.91944444375 0.125 0.897222221875 0.11015625 0.8861111109375001 0.1046875 0.8861111109375001 0.10234375 0.9069444437499999
7 0.06953125 0.7666666671875 0.07421875 0.7763888890625 0.08359375 0.8166666671874999 0.090625 0.827777778125 0.11953125 0.8444444437499999 0.14375 0.8444444437499999 0.14921875 0.834722221875 0.1515625 0.840277778125 0.159375 0.8444444437499999 0.18125 0.8444444437499999 0.1828125 0.8375 0.1859375 0.8166666671874999 0.1796875 0.7736111109375 0.16875 0.7708333328125 0.16328125 0.7819444437499999 0.15390625 0.7819444437499999 0.14921875 0.7638888890625 0.13203125 0.747222221875 0.12109375 0.7416666671875001 0.11875 0.725 0.11328125 0.7194444437499999 0.1046875 0.7236111109375 0.075 0.722222221875 0.06953125 0.7333333328125 0.06953125 0.7666666671875
7 0.00625 0.725 0.00078125 0.73194444375 0.00078125 0.7805555562500001 0.00703125 0.7819444437499999 0.0109375 0.7666666671875 0.0125 0.73194444375 0.00625 0.725
7 0.08125 0.8083333328125001 0.07578125 0.7986111109375 0.07421875 0.7833333328125 0.06484375 0.7611111109375 0.04375 0.7597222218749999 0.040625 0.7638888890625 0.0296875 0.75555555625 0.025 0.7763888890625 0.025 0.79444444375 0.03046875 0.8027777781250001 0.07421875 0.83194444375 0.0796875 0.83055555625 0.08125 0.825 0.08125 0.8083333328125001
7 0.02265625 0.85694444375 0.0578125 0.875 0.07421875 0.8736111109375001 0.07421875 0.86944444375 0.0625 0.85694444375 0.04453125 0.8541666671874999 0.03515625 0.8458333328125001 0.01953125 0.840277778125 0.02265625 0.85694444375
7 0.20625 0.85555555625 0.20703125 0.88055555625 0.2140625 0.8833333328125 0.215625 0.8680555562500001 0.2203125 0.8625 0.215625 0.85694444375 0.21328125 0.847222221875 0.209375 0.847222221875 0.20625 0.85555555625
7 0.203125 0.9041666671874999 0.21171875 0.9069444437499999 0.21171875 0.89444444375 0.20703125 0.8847222218749999 0.203125 0.89444444375 0.203125 0.9041666671874999
7 0.23125 0.8458333328125001 0.2296875 0.8583333328125 0.2296875 0.9111111109375001 0.23359375 0.91944444375 0.25078125 0.9236111109375 0.2515625 0.8833333328125 0.25546875 0.8458333328125001 0.25390625 0.840277778125 0.23671875 0.840277778125 0.23125 0.8458333328125001
7 0.32265625 0.9541666671875 0.3234375 0.9458333328125 0.325 0.909722221875 0.32109375 0.8986111109375001 0.31328125 0.89305555625 0.3078125 0.8791666671874999 0.3078125 0.86944444375 0.29375 0.85694444375 0.28046875 0.852777778125 0.2734375 0.8444444437499999 0.26328125 0.8444444437499999 0.2609375 0.9305555562500001 0.27890625 0.9416666671874999 0.29921875 0.9458333328125 0.31796875 0.95555555625 0.32265625 0.9541666671875