2 0.577777778125 0.02421875 0.5388888890625 0.025 0.5319444437499999 0.02890625 0.5319444437499999 0.03671875 0.54444444375 0.03828125 0.5791666671875 0.0359375 0.58194444375 0.02578125 0.577777778125 0.02421875
1 0.8458333328125001 0.3890625 0.8541666671874999 0.3890625 0.872222221875 0.38515625 0.89305555625 0.384375 0.897222221875 0.3734375 0.8916666671875 0.36875 0.8430555562500001 0.37265625 0.7541666671875 0.37265625 0.7402777781250001 0.36875 0.7402777781250001 0.36015625 0.734722221875 0.359375 0.727777778125 0.36875 0.7138888890625 0.375 0.7166666671875 0.38671875 0.709722221875 0.39375 0.7194444437499999 0.39453125 0.734722221875 0.38671875 0.7583333328124999 0.38515625 0.8416666671874999 0.38515625 0.8458333328125001 0.3890625
1 0.915277778125 0.4546875 0.9138888890624999 0.44296875 0.7833333328125 0.4421875 0.7736111109375 0.43828125 0.7736111109375 0.43125 0.76944444375 0.4296875 0.7611111109375 0.4328125 0.7569444437499999 0.43828125 0.7486111109375 0.46640625 0.75555555625 0.46875 0.7638888890625 0.45703125 0.784722221875 0.45234375 0.8208333328125 0.45390625 0.8291666671875 0.45625 0.85555555625 0.45390625 0.915277778125 0.4546875
6 0.8125 0.73515625 0.8416666671874999 0.73046875 0.85 0.70625 0.85 0.69140625 0.83194444375 0.678125 0.83194444375 0.66953125 0.8236111109375001 0.665625 0.8291666671875 0.6609375 0.8222222218749999 0.65625 0.76944444375 0.65703125 0.7569444437499999 0.665625 0.7611111109375 0.6828125 0.752777778125 0.6984375 0.725 0.70234375 0.7166666671875 0.7078125 0.715277778125 0.71796875 0.7291666671875 0.72890625 0.722222221875 0.73671875 0.725 0.7625 0.7611111109375 0.7640625 0.7819444437499999 0.76171875 0.8055555562500001 0.75234375 0.8125 0.73515625
6 0.8263888890625 0.60625 0.840277778125 0.59765625 0.8388888890624999 0.57578125 0.8194444437499999 0.56875 0.8027777781250001 0.56640625 0.7819444437499999 0.5671875 0.7569444437499999 0.57734375 0.7541666671875 0.5859375 0.7402777781250001 0.6015625 0.74444444375 0.65546875 0.75555555625 0.65703125 0.7708333328125 0.6546875 0.7763888890625 0.6375 0.7833333328125 0.6328125 0.79444444375 0.63671875 0.8083333328125001 0.63671875 0.8111111109375001 0.63359375 0.8263888890625 0.60625
7 0.8444444437499999 0.88046875 0.847222221875 0.8921875 0.852777778125 0.88984375 0.86944444375 0.8671875 0.8708333328125001 0.85703125 0.8791666671874999 0.8484375 0.875 0.8390625 0.8652777781250001 0.83828125 0.8486111109375001 0.8453125 0.85 0.8640625 0.8444444437499999 0.88046875
7 0.8961111109375001 0.9641875000000001 0.902777778125 0.9671875 0.9 0.96484375 0.8961111109375001 0.9641875000000001
7 0.8916666671875 0.9671875 0.8957482999999999 0.9641262765624999 0.8861111109375001 0.9625 0.8916666671875 0.9671875
7 0.872222221875 0.9234375 0.877777778125 0.92734375 0.877777778125 0.94453125 0.8861111109375001 0.95234375 0.915277778125 0.95390625 0.922222221875 0.946875 0.9277777781250001 0.93828125 0.9277777781250001 0.92421875 0.9166666671874999 0.90703125 0.88055555625 0.90625 0.875 0.9125 0.872222221875 0.9234375
7 0.9291666671875 0.8703125 0.9291666671875 0.86171875 0.925 0.8578125 0.9166666671874999 0.8578125 0.8958333328125001 0.87578125 0.8861111109375001 0.8890625 0.8861111109375001 0.8953125 0.91944444375 0.896875 0.9291666671875 0.8703125
7 0.7333333328125 0.93046875 0.7666666671875 0.93046875 0.7763888890625 0.92578125 0.81805555625 0.915625 0.83194444375 0.90390625 0.8444444437499999 0.8796875 0.8444444437499999 0.85625 0.8388888890624999 0.85234375 0.8444444437499999 0.840625 0.8444444437499999 0.81953125 0.83194444375 0.81640625 0.80694444375 0.815625 0.777777778125 0.81875 0.7708333328125 0.82421875 0.7708333328125 0.83125 0.7819444437499999 0.8375 0.7819444437499999 0.8453125 0.777777778125 0.8484375 0.7638888890625 0.85078125 0.7416666671875001 0.878125 0.725 0.88125 0.7194444437499999 0.88671875 0.7236111109375 0.89609375 0.722222221875 0.92421875 0.7333333328125 0.93046875
7 0.7638888890625 0.98828125 0.73194444375 0.9875 0.7236111109375 0.98984375 0.7208333328125 0.99453125 0.727777778125 0.99921875 0.7805555562500001 0.99921875 0.7819444437499999 0.99296875 0.7638888890625 0.98828125
7 0.8263888890625 0.91875 0.8111111109375001 0.91796875 0.7986111109375 0.92421875 0.7875 0.925 0.7638888890625 0.9328125 0.7597222218749999 0.9375 0.7638888890625 0.94921875 0.7597222218749999 0.95625 0.7638888890625 0.95859375 0.7541666671875 0.9703125 0.7763888890625 0.975 0.797222221875 0.9734375 0.83194444375 0.92578125 0.83194444375 0.921875 0.8263888890625 0.91875
7 0.840277778125 0.98046875 0.85694444375 0.97578125 0.8736111109375001 0.94609375 0.877777778125 0.93125 0.875 0.92578125 0.86944444375 0.92578125 0.8541666671874999 0.94375 0.85555555625 0.95390625 0.8458333328125001 0.96484375 0.840277778125 0.98046875
7 0.88055555625 0.7859375 0.86944444375 0.78515625 0.8611111109375 0.78046875 0.85 0.7859375 0.8486111109375001 0.79140625 0.877777778125 0.79296875 0.8819444437499999 0.790625 0.88055555625 0.7859375
7 0.8958333328125001 0.7890625 0.890277778125 0.79296875 0.89444444375 0.796875 0.902777778125 0.79765625 0.9055555562500001 0.79453125 0.9055555562500001 0.78828125 0.8958333328125001 0.7890625
7 0.9236111109375 0.74921875 0.8416666671874999 0.7453125 0.840277778125 0.7625 0.847222221875 0.76875 0.859722221875 0.7703125 0.909722221875 0.77109375 0.91944444375 0.76640625 0.9236111109375 0.74921875
7 0.952777778125 0.690625 0.95555555625 0.67890625 0.9513888890625 0.6765625 0.9069444437499999 0.675 0.8958333328125001 0.68046875 0.89305555625 0.68671875 0.8819444437499999 0.690625 0.8736111109375001 0.6890625 0.85694444375 0.70546875 0.8541666671874999 0.7171875 0.8444444437499999 0.72578125 0.8416666671874999 0.73515625 0.847222221875 0.7375 0.9305555562500001 0.7390625 0.940277778125 0.72421875 0.9458333328125 0.7015625 0.952777778125 0.690625
4 0.89444444375 0.13515625 0.9444444437499999 0.1375 0.9583333328125001 0.13515625 0.9708333328125001 0.1296875 0.9736111109375001 0.12421875 0.8958333328125001 0.12734375 0.89444444375 0.13515625