7 0.1541666671875 0.11875 0.15 0.115625 0.134722221875 0.12734375 0.1291666671875 0.14453125 0.1208333328125 0.15078125 0.1208333328125 0.16328125 0.140277778125 0.1609375 0.1513888890625 0.15546875 0.15 0.13359375 0.1541666671875 0.11875
7 0.10555555624999999 0.0296875 0.09444444375 0.03125 0.090277778125 0.0375 0.11805555625 0.03828125 0.10555555624999999 0.0296875
7 0.12222222187500001 0.053125 0.097222221875 0.0453125 0.08194444375 0.046875 0.072222221875 0.0609375 0.072222221875 0.0765625 0.077777778125 0.0875 0.0875 0.09375 0.11805555625 0.09453125 0.1291666671875 0.07734375 0.12222222187500001 0.06953125 0.12222222187500001 0.053125
7 0.1111111109375 0.10234375 0.0791666671875 0.10390625 0.07083333281250001 0.128125 0.07083333281250001 0.13828125 0.077777778125 0.14296875 0.08194444375 0.14296875 0.1041666671875 0.12421875 0.11388888906250001 0.1109375 0.115277778125 0.1046875 0.1111111109375 0.10234375
7 0.18194444375000002 0.084375 0.16805555625 0.0953125 0.15555555625 0.1203125 0.15555555625 0.14375 0.16944444375 0.15078125 0.16805555625 0.15703125 0.1611111109375 0.1578125 0.1583333328125 0.16171875 0.1583333328125 0.178125 0.16805555625 0.18359375 0.19444444375 0.184375 0.222222221875 0.18125 0.22777777812500002 0.175 0.22777777812500002 0.1671875 0.21805555625 0.1578125 0.21805555625 0.15234375 0.23611111093749998 0.14921875 0.25833333281250004 0.121875 0.27777777812500004 0.1171875 0.27777777812500004 0.0765625 0.2638888890625 0.06953125 0.23055555625 0.0703125 0.22638888906250001 0.0734375 0.18194444375000002 0.084375
7 0.3333333328125 0.03828125 0.3236111109375 0.04375 0.3333333328125 0.04375 0.3333333328125 0.03828125
7 0.2611111109375 0.0421875 0.2916666671875 0.05078125 0.3 0.05703125 0.315277778125 0.05390625 0.32083333281250004 0.04921875 0.32083333281250004 0.04375 0.2833333328125 0.0421875 0.259722221875 0.03828125 0.2611111109375 0.0421875
7 0.2986111109375 0.01953125 0.3375 0.02109375 0.3513888890625 0.01015625 0.352777778125 0.00078125 0.2791666671875 0.00078125 0.2625 0.0046875 0.24722222187499998 0.0046875 0.2416666671875 0.00078125 0.22777777812500002 0.00078125 0.22638888906250001 0.00625 0.23194444375 0.01015625 0.24583333281250003 0.0109375 0.2513888890625 0.00859375 0.259722221875 0.0140625 0.2986111109375 0.01953125
7 0.6152777781250001 0.9328125 0.5861111109375 0.9328125 0.5930555562500001 0.9359375 0.5986111109375 0.934375 0.6152777781250001 0.9375 0.6166666671875001 0.934375 0.6208333328125 0.9375 0.6347222218749999 0.93671875 0.6152777781250001 0.9328125
7 0.5555555562500001 1 0.559722221875 0.96875 0.547222221875 0.9671875 0.5416666671875 0.9625 0.5416666671875 0.9421875 0.559722221875 0.9390625 0.55 0.903125 0.55694444375 0.89375 0.5944444437499999 0.89375 0.6041666671875 0.89140625 0.6208333328125 0.875 0.6208333328125 0.8625 0.6152777781250001 0.8578125 0.584722221875 0.85859375 0.5333333328125 0.86875 0.5166666671875 0.86953125 0.5041666671875 0.87421875 0.48333333281249996 0.87578125 0.47083333281249995 0.8859375 0.44166666718750003 0.87734375 0.3916666671875 0.88359375 0.39305555625 0.8921875 0.427777778125 0.940625 0.43333333281249997 0.95546875 0.45277777812500003 0.97109375 0.43333333281249997 0.9859375 0.44166666718750003 0.9859375 0.44444444375 0.99375 0.45416666718750004 0.99609375 0.459722221875 0.99140625 0.4625 0.99375 0.46388888906250003 0.98671875 0.47083333281249995 0.98359375 0.490277778125 0.9953125 0.490277778125 1 0.502777778125 1 0.5097222218749999 0.99296875 0.527777778125 0.99375 0.5319444437499999 1 0.5555555562500001 1
7 0.5888888890625 0.70703125 0.5930555562500001 0.7015625 0.5930555562500001 0.68203125 0.577777778125 0.6703125 0.55694444375 0.6640625 0.55 0.65078125 0.51805555625 0.63671875 0.46805555625000006 0.6359375 0.44444444375 0.6390625 0.434722221875 0.64296875 0.41111111093749997 0.6578125 0.39305555625 0.68046875 0.3583333328125 0.7078125 0.352777778125 0.7171875 0.3333333328125 0.7265625 0.32777777812500003 0.74140625 0.315277778125 0.74453125 0.3291666671875 0.753125 0.33194444375 0.76875 0.35555555625 0.77578125 0.35694444375 0.78046875 0.34305555625 0.7828125 0.3416666671875 0.7921875 0.3513888890625 0.80390625 0.34861111093749997 0.82109375 0.3708333328125 0.8546875 0.40416666718750005 0.8546875 0.427777778125 0.84921875 0.45555555625000005 0.85 0.46805555625000006 0.84609375 0.5208333328125 0.84375 0.5763888890625 0.8359375 0.56805555625 0.8046875 0.56805555625 0.78671875 0.5555555562500001 0.78046875 0.5555555562500001 0.7703125 0.5638888890625 0.7609375 0.565277778125 0.725 0.5722222218749999 0.715625 0.5888888890625 0.70703125
7 0.16805555625 0.08125 0.1875 0.08203125 0.197222221875 0.0765625 0.23055555625 0.06953125 0.2388888890625 0.0640625 0.240277778125 0.0578125 0.23055555625 0.05078125 0.22916666718749998 0.04453125 0.23472222187499997 0.0375 0.222222221875 0.0265625 0.20416666718749998 0.02734375 0.19444444375 0.0328125 0.1875 0.0484375 0.16944444375 0.071875 0.16805555625 0.08125
7 0.13194444375 0.03984375 0.1208333328125 0.06484375 0.12361111093749999 0.075 0.1291666671875 0.0765625 0.1458333328125 0.05625 0.1583333328125 0.02109375 0.1458333328125 0.02578125 0.1375 0.0375 0.13194444375 0.03984375
7 0.097222221875 0.6171875 0.1041666671875 0.6125 0.11805555625 0.6109375 0.13333333281249998 0.60546875 0.15555555625 0.60625 0.16944444375 0.60078125 0.18055555625 0.6 0.1833333328125 0.59296875 0.17916666718750002 0.57265625 0.165277778125 0.56328125 0.1458333328125 0.55859375 0.127777778125 0.55859375 0.1291666671875 0.54453125 0.1708333328125 0.54375 0.1763888890625 0.54296875 0.177777778125 0.5390625 0.1666666671875 0.53125 0.1291666671875 0.5234375 0.09305555625 0.521875 0.0333333328125 0.52578125 0.0111111109375 0.53203125 0.006944443749999999 0.5375 0.00555555625 0.56953125 0.019444443750000002 0.6046875 0.025 0.61015625 0.0388888890625 0.61171875 0.0375 0.625 0.055555556250000006 0.6453125 0.0513888890625 0.65546875 0.055555556250000006 0.66484375 0.04305555625 0.67109375 0.047222221875 0.70703125 0.052777778124999994 0.7171875 0.06805555625000001 0.72109375 0.075 0.71953125 0.102777778125 0.725 0.15694444375 0.725 0.1611111109375 0.72109375 0.1763888890625 0.71796875 0.1708333328125 0.7046875 0.19305555624999998 0.6953125 0.19305555624999998 0.67578125 0.16805555625 0.66953125 0.16388888906250001 0.66171875 0.1458333328125 0.6515625 0.1458333328125 0.63125 0.10833333281249999 0.63125 0.097222221875 0.6171875
7 0.109722221875 0.203125 0.097222221875 0.20234375 0.09444444375 0.215625 0.1111111109375 0.2109375 0.13888888906250002 0.2171875 0.15 0.2125 0.15 0.2078125 0.11805555625 0.20703125 0.109722221875 0.203125
7 0.07638888906249999 0.25078125 0.12222222187500001 0.25234375 0.13194444375 0.2546875 0.1583333328125 0.25390625 0.15972222187500001 0.23984375 0.15277777812499999 0.23203125 0.09305555625 0.22890625 0.08194444375 0.23203125 0.07638888906249999 0.25078125
7 0.10138888906250001 0.32265625 0.10694444375 0.3140625 0.127777778125 0.30625 0.140277778125 0.29765625 0.14444444375 0.2890625 0.15555555625 0.2828125 0.15972222187500001 0.2734375 0.15972222187500001 0.265625 0.15555555625 0.26328125 0.06944444375 0.2609375 0.047222221875 0.31328125 0.047222221875 0.31953125 0.055555556250000006 0.3234375 0.10138888906250001 0.32265625
4 0.3375 0.03984375 0.28055555625 0.03125 0.25 0.03203125 0.25694444375000003 0.03828125 0.28472222187499996 0.04375 0.33055555625 0.04453125 0.3375 0.03984375