2 0.42083333281249996 0.95234375 0.41805555625 0.9578125 0.425 0.9609375 0.44444444375 0.9625 0.46805555625000006 0.95859375 0.47083333281249995 0.95078125 0.46666666718750005 0.94609375 0.459722221875 0.9453125 0.42083333281249996 0.95234375
1 0.0861111109375 0.54609375 0.08055555625000001 0.5484375 0.08055555625000001 0.553125 0.0916666671875 0.5578125 0.1541666671875 0.5578125 0.1583333328125 0.56015625 0.21805555625 0.55859375 0.22638888906250001 0.56171875 0.22777777812500002 0.57109375 0.2388888890625 0.56796875 0.24305555625 0.56171875 0.2513888890625 0.54296875 0.2513888890625 0.53125 0.24305555625 0.53125 0.23055555625 0.54609375 0.1861111109375 0.54609375 0.16805555625 0.54375 0.0861111109375 0.54609375
1 0.140277778125 0.61015625 0.127777778125 0.61484375 0.10555555624999999 0.615625 0.1041666671875 0.62421875 0.1166666671875 0.6296875 0.2541666671875 0.628125 0.259722221875 0.63125 0.259722221875 0.6421875 0.26527777812500003 0.6421875 0.2708333328125 0.63203125 0.28611111093749997 0.625 0.2833333328125 0.61328125 0.2888888890625 0.60546875 0.27638888906250003 0.60625 0.26527777812500003 0.61171875 0.25 0.61484375 0.2208333328125 0.61484375 0.19305555624999998 0.61015625 0.140277778125 0.61015625
6 0.215277778125 0.2390625 0.2125 0.2421875 0.197222221875 0.24609375 0.190277778125 0.2625 0.1583333328125 0.26953125 0.15555555625 0.27265625 0.15 0.29609375 0.1513888890625 0.31171875 0.16388888906250001 0.31875 0.16388888906250001 0.33203125 0.16944444375 0.340625 0.17361111093749998 0.34375 0.190277778125 0.3453125 0.20694444375 0.34609375 0.240277778125 0.3375 0.2388888890625 0.315625 0.24722222187499998 0.30234375 0.25555555625 0.29921875 0.27638888906250003 0.29765625 0.2833333328125 0.2921875 0.28472222187499996 0.28203125 0.2708333328125 0.27109375 0.27777777812500004 0.2625 0.2791666671875 0.23984375 0.275 0.2375 0.240277778125 0.2359375 0.215277778125 0.2390625
6 0.1888888890625 0.37109375 0.1763888890625 0.3921875 0.1611111109375 0.4015625 0.1611111109375 0.425 0.17916666718750002 0.43125 0.19583333281249998 0.43359375 0.21805555625 0.4328125 0.23194444375 0.42578125 0.2416666671875 0.42421875 0.25 0.41484375 0.259722221875 0.40078125 0.25833333281250004 0.34921875 0.2513888890625 0.34296875 0.23055555625 0.34453125 0.21944444375 0.365625 0.2125 0.3671875 0.20555555625 0.3640625 0.2 0.36875 0.1888888890625 0.37109375
7 0.14444444375 0.11328125 0.134722221875 0.12578125 0.12222222187500001 0.15 0.12361111093749999 0.15625 0.1375 0.16015625 0.1513888890625 0.15546875 0.1541666671875 0.11328125 0.14861111093749999 0.1109375 0.14444444375 0.11328125
7 0.1 0.0296875 0.08333333281250001 0.0375 0.11805555625 0.03828125 0.11805555625 0.0359375 0.109722221875 0.03046875 0.1 0.0296875
7 0.1208333328125 0.075 0.12222222187500001 0.05390625 0.10138888906250001 0.04609375 0.08333333281250001 0.04609375 0.072222221875 0.0609375 0.072222221875 0.0765625 0.08333333281250001 0.09296875 0.11944444375 0.09375 0.1263888890625 0.08203125 0.1263888890625 0.07578125 0.1208333328125 0.075
7 0.07083333281250001 0.128125 0.07083333281250001 0.1375 0.07638888906249999 0.1421875 0.08194444375 0.1421875 0.102777778125 0.125 0.11388888906250001 0.11015625 0.11388888906250001 0.1046875 0.08055555625000001 0.10234375 0.07083333281250001 0.128125
7 0.27777777812500004 0.07578125 0.2666666671875 0.06953125 0.23333333281250002 0.06953125 0.2236111109375 0.07421875 0.1833333328125 0.08359375 0.16805555625 0.0953125 0.15555555625 0.11953125 0.15555555625 0.14375 0.1611111109375 0.1484375 0.15555555625 0.153125 0.1541666671875 0.1625 0.15555555625 0.18125 0.16805555625 0.184375 0.1875 0.1859375 0.197222221875 0.1828125 0.21944444375 0.18203125 0.22777777812500002 0.1765625 0.22777777812500002 0.16875 0.2138888890625 0.1625 0.2166666671875 0.153125 0.21944444375 0.15078125 0.23611111093749998 0.14921875 0.25833333281250004 0.121875 0.275 0.11875 0.28055555625 0.1140625 0.27638888906250003 0.1046875 0.27777777812500004 0.07578125
7 0.109722221875 0.8484375 0.13055555624999998 0.85859375 0.1583333328125 0.85625 0.17361111093749998 0.8671875 0.1875 0.8671875 0.19305555624999998 0.85703125 0.1875 0.83359375 0.19583333281249998 0.8078125 0.19305555624999998 0.8046875 0.18194444375000002 0.80234375 0.17361111093749998 0.7953125 0.15277777812499999 0.79453125 0.14444444375 0.796875 0.13333333281249998 0.81015625 0.11805555625 0.8203125 0.109722221875 0.83125 0.10833333281249999 0.84453125 0.109722221875 0.8484375
7 0.14861111093749999 0.6375 0.13888888906250002 0.63046875 0.10694444375 0.63046875 0.1 0.61875 0.0375 0.62109375 0.04444444375 0.63515625 0.05694444375 0.64453125 0.052777778124999994 0.65078125 0.05694444375 0.665625 0.04305555625 0.67109375 0.047222221875 0.70859375 0.055555556250000006 0.71875 0.075 0.7203125 0.077777778125 0.7234375 0.08333333281250001 0.72109375 0.0861111109375 0.7234375 0.10694444375 0.725 0.16388888906250001 0.725 0.1708333328125 0.71875 0.17916666718750002 0.71796875 0.17361111093749998 0.7125 0.17361111093749998 0.70390625 0.19444444375 0.69375 0.19305555624999998 0.675 0.16388888906250001 0.6671875 0.15972222187500001 0.64453125 0.15277777812499999 0.6375 0.14861111093749999 0.6375
7 0.16805555625 0.5625 0.14305555625 0.55859375 0.10694444375 0.56015625 0.08055555625000001 0.5546875 0.084722221875 0.54609375 0.09444444375 0.5421875 0.127777778125 0.54453125 0.177777778125 0.54375 0.177777778125 0.53828125 0.16805555625 0.53046875 0.13888888906250002 0.5234375 0.1 0.521875 0.0875 0.52421875 0.030555556249999997 0.52578125 0.009722221875000001 0.5328125 0.006944443749999999 0.57265625 0.0208333328125 0.6046875 0.030555556249999997 0.6109375 0.0625 0.6109375 0.075 0.6078125 0.08333333281250001 0.61171875 0.1166666671875 0.61171875 0.134722221875 0.60234375 0.140277778125 0.60546875 0.1541666671875 0.60625 0.1583333328125 0.60234375 0.17916666718750002 0.5984375 0.1833333328125 0.59375 0.1833333328125 0.578125 0.177777778125 0.5703125 0.1708333328125 0.56875 0.16805555625 0.5625
7 0.27777777812500004 0.00546875 0.2708333328125 0.00078125 0.222222221875 0.00078125 0.21805555625 0.00703125 0.23472222187499997 0.01171875 0.2708333328125 0.0125 0.27777777812500004 0.00546875
7 0.1916666671875 0.08046875 0.19583333281249998 0.07734375 0.2138888890625 0.075 0.23611111093749998 0.06640625 0.240277778125 0.06171875 0.23194444375 0.04140625 0.24444444375000002 0.0328125 0.24444444375000002 0.0296875 0.22638888906250001 0.02578125 0.20277777812500003 0.0265625 0.16944444375 0.071875 0.16805555625 0.0765625 0.172222221875 0.08046875 0.1916666671875 0.08046875
7 0.1458333328125 0.04453125 0.1541666671875 0.0359375 0.15972222187500001 0.01953125 0.15 0.0203125 0.14305555625 0.02421875 0.12222222187500001 0.0625 0.12222222187500001 0.07421875 0.13055555624999998 0.075 0.13333333281249998 0.06796875 0.1416666671875 0.0625 0.1458333328125 0.04453125
7 0.1375 0.21875 0.1513888890625 0.2140625 0.1513888890625 0.20703125 0.1208333328125 0.20703125 0.12222222187500001 0.2140625 0.13194444375 0.21484375 0.1375 0.21875
7 0.115625 0.2109375 0.0015625 0.003125
7 0.109722221875 0.2046875 0.097222221875 0.20234375 0.09305555625 0.2109375 0.10555555624999999 0.2109375 0.109722221875 0.2046875
7 0.08194444375 0.23203125 0.075 0.24921875 0.077777778125 0.25078125 0.115277778125 0.2515625 0.134722221875 0.2546875 0.15972222187500001 0.25390625 0.15972222187500001 0.23828125 0.1513888890625 0.23125 0.090277778125 0.22890625 0.08194444375 0.23203125
7 0.15555555625 0.2625 0.06944444375 0.2609375 0.047222221875 0.30703125 0.0458333328125 0.31953125 0.055555556250000006 0.3234375 0.097222221875 0.3234375 0.10694444375 0.3125 0.1291666671875 0.30625 0.15555555625 0.2734375 0.15555555625 0.2625
4 0.27777777812500004 0.89921875 0.26527777812500003 0.90234375 0.2611111109375 0.90625 0.26527777812500003 0.90859375 0.27777777812500004 0.90859375 0.28194444375 0.91328125 0.30416666718749996 0.9171875 0.3638888890625 0.91953125 0.36666666718749996 0.9140625 0.3458333328125 0.90859375 0.352777778125 0.90625 0.375 0.90546875 0.3916666671875 0.9 0.3736111109375 0.8953125 0.36805555624999997 0.88984375 0.34722222187499996 0.890625 0.34305555625 0.89296875 0.31944444375000003 0.89296875 0.315277778125 0.88984375 0.2888888890625 0.890625 0.27777777812500004 0.89921875