1 0.897222221875 0.38046875 0.897222221875 0.37265625 0.8916666671875 0.36953125 0.8416666671874999 0.37265625 0.7486111109375 0.37265625 0.7402777781250001 0.36875 0.7402777781250001 0.36015625 0.734722221875 0.359375 0.727777778125 0.36875 0.7138888890625 0.375 0.7166666671875 0.38671875 0.7111111109375 0.39453125 0.722222221875 0.39375 0.734722221875 0.38671875 0.7486111109375 0.3859375 0.8888888890625 0.38515625 0.897222221875 0.38046875
1 0.9138888890624999 0.45546875 0.91805555625 0.4515625 0.9138888890624999 0.44296875 0.7833333328125 0.4421875 0.7736111109375 0.43828125 0.7736111109375 0.43125 0.76805555625 0.43046875 0.7611111109375 0.4328125 0.7569444437499999 0.4390625 0.7486111109375 0.4671875 0.7569444437499999 0.46875 0.7638888890625 0.4578125 0.784722221875 0.45234375 0.8222222218749999 0.45390625 0.83055555625 0.45625 0.8513888890624999 0.45390625 0.9138888890624999 0.45546875
6 0.7833333328125 0.76171875 0.8055555562500001 0.75234375 0.8125 0.73515625 0.8361111109375001 0.73203125 0.8430555562500001 0.72890625 0.85 0.69140625 0.834722221875 0.68046875 0.8291666671875 0.665625 0.83194444375 0.6609375 0.8222222218749999 0.65625 0.775 0.65625 0.7597222218749999 0.6625 0.7569444437499999 0.671875 0.7611111109375 0.68203125 0.752777778125 0.6984375 0.725 0.70234375 0.7166666671875 0.70859375 0.715277778125 0.71875 0.7291666671875 0.7296875 0.722222221875 0.73671875 0.7236111109375 0.7609375 0.7291666671875 0.76328125 0.7611111109375 0.7640625 0.7833333328125 0.76171875
6 0.8041666671875 0.56640625 0.7763888890625 0.56875 0.7597222218749999 0.5765625 0.7430555562500001 0.5953125 0.7416666671875001 0.6515625 0.7486111109375 0.65703125 0.76944444375 0.65546875 0.7819444437499999 0.634375 0.809722221875 0.63671875 0.8236111109375001 0.609375 0.840277778125 0.5984375 0.8388888890624999 0.57578125 0.8194444437499999 0.56875 0.8041666671875 0.56640625
7 0.8708333328125001 0.85390625 0.877777778125 0.84921875 0.8763888890624999 0.84296875 0.8625 0.83984375 0.85 0.84375 0.8458333328125001 0.8921875 0.852777778125 0.88984375 0.8652777781250001 0.8734375 0.8708333328125001 0.85390625
7 0.8888888890625 0.96875 0.902777778125 0.9703125 0.909722221875 0.9625 0.8819444437499999 0.96328125 0.8888888890625 0.96875
7 0.872222221875 0.91875 0.872222221875 0.9234375 0.877777778125 0.92734375 0.8791666671874999 0.94921875 0.8833333328125 0.95234375 0.902777778125 0.95546875 0.91805555625 0.953125 0.9277777781250001 0.93828125 0.9277777781250001 0.92421875 0.922222221875 0.91328125 0.9138888890624999 0.90703125 0.88055555625 0.90625 0.872222221875 0.91875
7 0.9069444437499999 0.89765625 0.91944444375 0.89609375 0.9291666671875 0.86875 0.9291666671875 0.8625 0.9236111109375 0.8578125 0.91805555625 0.8578125 0.897222221875 0.875 0.8861111109375001 0.8890625 0.8861111109375001 0.8953125 0.9069444437499999 0.89765625
7 0.73194444375 0.93046875 0.7666666671875 0.93046875 0.7763888890625 0.92578125 0.81805555625 0.915625 0.827777778125 0.909375 0.8444444437499999 0.87890625 0.8444444437499999 0.85703125 0.834722221875 0.85078125 0.840277778125 0.84921875 0.8444444437499999 0.8390625 0.8444444437499999 0.81953125 0.8375 0.8171875 0.7888888890625 0.8171875 0.777777778125 0.81875 0.7708333328125 0.82421875 0.7736111109375 0.83515625 0.7819444437499999 0.8375 0.7819444437499999 0.846875 0.7638888890625 0.85078125 0.7416666671875001 0.878125 0.725 0.88125 0.7194444437499999 0.8859375 0.7194444437499999 0.89296875 0.7236111109375 0.89609375 0.7208333328125 0.92265625 0.73194444375 0.93046875
7 0.7638888890625 0.98828125 0.727777778125 0.9875 0.7208333328125 0.98984375 0.7194444437499999 0.9953125 0.722222221875 0.99921875 0.7805555562500001 0.99921875 0.7819444437499999 0.99296875 0.7638888890625 0.98828125
7 0.8111111109375001 0.91796875 0.8 0.9234375 0.7861111109375 0.925 0.7638888890625 0.9328125 0.7597222218749999 0.9375 0.7597222218749999 0.9625 0.752777778125 0.96875 0.7569444437499999 0.971875 0.772222221875 0.975 0.797222221875 0.97421875 0.83055555625 0.92890625 0.83194444375 0.921875 0.8263888890625 0.91875 0.8111111109375001 0.91796875
7 0.840277778125 0.98046875 0.847222221875 0.98046875 0.85694444375 0.97578125 0.875 0.94140625 0.875 0.9315101562500001 0.8680555562500001 0.9296875 0.875 0.9265625 0.86944444375 0.925 0.85694444375 0.93828125 0.85555555625 0.95390625 0.840277778125 0.98046875
7 0.8888888890625 0.7921875 0.88055555625 0.7859375 0.86944444375 0.78515625 0.8611111109375 0.78046875 0.85694444375 0.784375 0.8486111109375001 0.7859375 0.847222221875 0.790625 0.8486111109375001 0.79296875 0.85694444375 0.79375 0.8819444437499999 0.79140625 0.89444444375 0.796875 0.902777778125 0.796875 0.9055555562500001 0.78828125 0.8888888890625 0.7921875
7 0.9236111109375 0.74921875 0.8416666671874999 0.7453125 0.840277778125 0.76171875 0.847222221875 0.76875 0.8583333328125 0.7703125 0.9111111109375001 0.7703125 0.91944444375 0.76640625 0.9236111109375 0.74921875
7 0.952777778125 0.67734375 0.9444444437499999 0.6765625 0.9083333328125001 0.675 0.9 0.67734375 0.89305555625 0.68671875 0.88055555625 0.69140625 0.8708333328125001 0.690625 0.85694444375 0.70546875 0.852777778125 0.71953125 0.8444444437499999 0.72578125 0.8444444437499999 0.73671875 0.9305555562500001 0.7390625 0.9416666671874999 0.721875 0.9458333328125 0.7015625 0.95555555625 0.68203125 0.952777778125 0.67734375