2 0.577777778125 0.02421875 0.5375 0.02578125 0.5319444437499999 0.0296875 0.5319444437499999 0.03515625 0.534722221875 0.0375 0.5791666671875 0.0359375 0.58194444375 0.02578125 0.577777778125 0.02421875
1 0.8458333328125001 0.3890625 0.8541666671874999 0.3890625 0.8583333328125 0.3859375 0.8888888890625 0.3859375 0.897222221875 0.37890625 0.897222221875 0.37421875 0.8888888890625 0.36953125 0.8388888890624999 0.37265625 0.75555555625 0.37265625 0.7402777781250001 0.36875 0.7402777781250001 0.359375 0.7361111109375 0.3578125 0.727777778125 0.36875 0.7111111109375 0.37890625 0.7166666671875 0.38515625 0.7111111109375 0.39453125 0.7180555562500001 0.39453125 0.734722221875 0.38671875 0.75 0.3859375 0.8416666671874999 0.38515625 0.8458333328125001 0.3890625
1 0.9138888890624999 0.44296875 0.784722221875 0.4421875 0.7736111109375 0.4375 0.7736111109375 0.43125 0.76944444375 0.4296875 0.7611111109375 0.4328125 0.7569444437499999 0.4390625 0.7486111109375 0.4671875 0.7569444437499999 0.46875 0.7638888890625 0.45703125 0.7833333328125 0.45234375 0.83194444375 0.45625 0.8513888890624999 0.45390625 0.9166666671874999 0.4546875 0.9138888890624999 0.44296875
6 0.7875 0.7578125 0.8027777781250001 0.7546875 0.8125 0.734375 0.8416666671874999 0.73046875 0.852777778125 0.6953125 0.8486111109375001 0.68828125 0.834722221875 0.6796875 0.83194444375 0.6609375 0.825 0.65625 0.790277778125 0.65546875 0.7597222218749999 0.6625 0.7569444437499999 0.6734375 0.7611111109375 0.6828125 0.752777778125 0.6984375 0.725 0.70234375 0.715277778125 0.71171875 0.7166666671875 0.7203125 0.73055555625 0.7296875 0.722222221875 0.7375 0.725 0.7625 0.7583333328124999 0.7640625 0.7819444437499999 0.76171875 0.7875 0.7578125
6 0.8388888890624999 0.575 0.8194444437499999 0.56875 0.79305555625 0.56640625 0.7708333328125 0.56953125 0.7583333328124999 0.5765625 0.752777778125 0.58828125 0.7430555562500001 0.5953125 0.7416666671875001 0.65078125 0.7486111109375 0.65703125 0.7708333328125 0.6546875 0.7819444437499999 0.6328125 0.79444444375 0.63671875 0.8083333328125001 0.63671875 0.8263888890625 0.60703125 0.840277778125 0.5984375 0.8388888890624999 0.575
7 0.8444444437499999 0.88671875 0.8541666671874999 0.8875 0.8458333328125001 0.89296875 0.852777778125 0.89140625 0.86944444375 0.8671875 0.8791666671874999 0.84453125 0.8736111109375001 0.83828125 0.8652777781250001 0.83828125 0.8486111109375001 0.84453125 0.85 0.86640625 0.8444444437499999 0.88671875
7 0.890277778125 0.96640625 0.9 0.96875 0.9083333328125001 0.96328125 0.89444444375 0.9625 0.890277778125 0.96640625
7 0.8791666671874999 0.9265625 0.8791666671874999 0.94921875 0.8847222218749999 0.95234375 0.9166666671874999 0.95390625 0.9277777781250001 0.940625 0.9277777781250001 0.92265625 0.9166666671874999 0.90703125 0.88055555625 0.90625 0.875 0.9125 0.872222221875 0.921875 0.8791666671874999 0.9265625
7 0.9291666671875 0.86875 0.9277777781250001 0.8609375 0.922222221875 0.85703125 0.91944444375 0.85625 0.897222221875 0.875 0.8861111109375001 0.88984375 0.8861111109375001 0.8953125 0.91944444375 0.896875 0.9291666671875 0.86875
7 0.7666666671875 0.93046875 0.7763888890625 0.92578125 0.8194444437499999 0.915625 0.8263888890625 0.9109375 0.8444444437499999 0.88046875 0.8444444437499999 0.85625 0.840277778125 0.853125 0.8444444437499999 0.8484375 0.8444444437499999 0.81953125 0.8375 0.8171875 0.80694444375 0.815625 0.7736111109375 0.8203125 0.7708333328125 0.83046875 0.7819444437499999 0.8375 0.7819444437499999 0.846875 0.7638888890625 0.85078125 0.74444444375 0.87109375 0.7416666671875001 0.87890625 0.7236111109375 0.88203125 0.7194444437499999 0.8859375 0.7236111109375 0.8953125 0.722222221875 0.92421875 0.7333333328125 0.93046875 0.7666666671875 0.93046875
7 0.7208333328125 0.99296875 0.7236111109375 0.99921875 0.7805555562500001 0.99921875 0.7819444437499999 0.99296875 0.7666666671875 0.98828125 0.73194444375 0.9875 0.7208333328125 0.99296875
7 0.8041666671875 0.92265625 0.7819444437499999 0.9265625 0.7611111109375 0.93515625 0.7597222218749999 0.9625 0.752777778125 0.96953125 0.7569444437499999 0.971875 0.7805555562500001 0.975 0.797222221875 0.9734375 0.83055555625 0.928125 0.83194444375 0.921875 0.8263888890625 0.91875 0.8125 0.91796875 0.8041666671875 0.92265625
7 0.8458333328125001 0.9640625 0.840277778125 0.98046875 0.85694444375 0.9765625 0.8736111109375001 0.946875 0.877777778125 0.9265625 0.86944444375 0.925 0.85694444375 0.93359375 0.852777778125 0.94375 0.8541666671874999 0.95546875 0.8458333328125001 0.9640625
7 0.8611111109375 0.78046875 0.8486111109375001 0.78671875 0.8486111109375001 0.79296875 0.877777778125 0.79296875 0.8791666671874999 0.7859375 0.86944444375 0.78515625 0.8611111109375 0.78046875
7 0.9013888890624999 0.78828125 0.890277778125 0.79296875 0.89444444375 0.796875 0.902777778125 0.79765625 0.9069444437499999 0.790625 0.9069444437499999 0.78828125 0.9013888890624999 0.78828125
7 0.859722221875 0.7703125 0.9083333328125001 0.77109375 0.91805555625 0.7671875 0.925 0.75390625 0.9236111109375 0.74921875 0.872222221875 0.74765625 0.8652777781250001 0.7453125 0.840277778125 0.74609375 0.840277778125 0.76171875 0.847222221875 0.76796875 0.859722221875 0.7703125
7 0.9069444437499999 0.675 0.8958333328125001 0.68046875 0.8916666671875 0.6875 0.86944444375 0.6890625 0.85694444375 0.70546875 0.852777778125 0.71953125 0.8444444437499999 0.72578125 0.8444444437499999 0.73671875 0.9305555562500001 0.73828125 0.940277778125 0.72421875 0.95555555625 0.68203125 0.9541666671875 0.67734375 0.9472222218749999 0.6765625 0.9069444437499999 0.675