2 0.01328125 0.43194444374999996 0.0140625 0.47222222187499996 0.01796875 0.477777778125 0.025 0.477777778125 0.0328125 0.46666666718750005 0.0296875 0.4458333328125 0.0234375 0.425 0.01875 0.425 0.01328125 0.43194444374999996
1 0.38515625 0.25694444375000003 0.3859375 0.19305555624999998 0.3828125 0.10555555624999999 0.3796875 0.1 0.3703125 0.1041666671875 0.371875 0.2541666671875 0.35703125 0.2541666671875 0.36015625 0.25555555625 0.3631990140625 0.269078946875 0.36640625 0.2708333328125 0.37421875 0.28611111093749997 0.38828125 0.28055555625 0.40078125 0.2888888890625 0.4015625 0.28055555625 0.38515625 0.25694444375000003
1 0.43125 0.2388888890625 0.4375 0.24305555625 0.45234375 0.25 0.46875 0.2513888890625 0.46796875 0.2416666671875 0.45546875 0.23472222187499997 0.4515625 0.2166666671875 0.45234375 0.17916666718750002 0.4546875 0.1708333328125 0.45390625 0.084722221875 0.4515625 0.08055555625000001 0.4453125 0.08055555625000001 0.4421875 0.0875 0.44140625 0.2166666671875 0.43828125 0.22916666718749998 0.4265625 0.22638888906250001 0.42578125 0.23055555625 0.428125 0.23333333281250002 0.4296875 0.22777777812500002 0.43359375 0.22916666718749998 0.43125 0.2388888890625
6 0.6546875 0.23055555625 0.6484375 0.2236111109375 0.63671875 0.222222221875 0.6328125 0.2166666671875 0.63671875 0.20694444375 0.63671875 0.197222221875 0.6046875 0.1763888890625 0.5984375 0.15972222187500001 0.5765625 0.15972222187500001 0.5703125 0.16944444375 0.5671875 0.1861111109375 0.56640625 0.215277778125 0.56953125 0.22777777812500002 0.575 0.23333333281250002 0.5765625 0.2416666671875 0.5953125 0.25694444375000003 0.6515625 0.25833333281250004 0.65703125 0.25 0.6546875 0.23055555625
6 0.78125 0.2416666671875 0.77890625 0.2736111109375 0.78203125 0.27638888906250003 0.78671875 0.26805555625 0.78828125 0.23611111093749998 0.7828125 0.2236111109375 0.7796875 0.22638888906250001 0.78125 0.2416666671875
6 0.77421875 0.18055555625 0.7828125 0.18055555625 0.78203125 0.16944444375 0.775 0.16388888906250001 0.7703125 0.16805555625 0.7703125 0.1763888890625 0.77421875 0.18055555625
6 0.71171875 0.2388888890625 0.7171875 0.21805555625 0.72265625 0.21805555625 0.72890625 0.23194444375 0.73125 0.2666666671875 0.7375 0.27638888906250003 0.74296875 0.27777777812500004 0.75 0.2666666671875 0.75078125 0.24305555625 0.7640625 0.2416666671875 0.76640625 0.23472222187499997 0.76953125 0.18055555625 0.76015625 0.16805555625 0.75703125 0.11805555625 0.75 0.10555555624999999 0.72578125 0.0958333328125 0.70625 0.097222221875 0.7015625 0.10694444375 0.6984375 0.14305555625 0.68828125 0.15555555625 0.68359375 0.16944444375 0.6875 0.17916666718750002 0.68828125 0.225 0.69453125 0.2388888890625 0.70703125 0.2416666671875 0.71171875 0.2388888890625
7 0.8578125 0.1291666671875 0.85078125 0.1208333328125 0.83828125 0.12222222187500001 0.83671875 0.140277778125 0.83984375 0.1513888890625 0.84921875 0.15555555625 0.859375 0.1513888890625 0.8796875 0.15277777812499999 0.8828125 0.1458333328125 0.87265625 0.134722221875 0.8578125 0.1291666671875
7 0.875 0.1041666671875 0.89375 0.11388888906250001 0.89765625 0.08055555625000001 0.87265625 0.07083333281250001 0.85703125 0.0736111109375 0.85625 0.08055555625000001 0.875 0.1041666671875
7 0.88125 0.275 0.88515625 0.2791666671875 0.90703125 0.27638888906250003 0.9140625 0.2486111109375 0.9265625 0.23055555625 0.915625 0.18194444375000002 0.90625 0.16944444375 0.890625 0.1583333328125 0.86875 0.1541666671875 0.85703125 0.15555555625 0.853125 0.1611111109375 0.8375 0.15555555625 0.81953125 0.1583333328125 0.81953125 0.18055555625 0.8296875 0.19305555624999998 0.83359375 0.20416666718749998 0.84765625 0.215277778125 0.85 0.23472222187499997 0.85390625 0.240277778125 0.878125 0.25833333281250004 0.88125 0.275
7 0.99921875 0.33888888906250003 0.99921875 0.26805555625 0.99375 0.259722221875 0.9875 0.25833333281250004 0.9828125 0.27638888906250003 0.97890625 0.34027777812500004 0.99921875 0.33888888906250003
7 0.94296875 0.23194444375 0.93046875 0.23194444375 0.9203125 0.24305555625 0.9125 0.2611111109375 0.90703125 0.2958333328125 0.92421875 0.32777777812500003 0.940625 0.33055555625 0.95078125 0.352777778125 0.9578125 0.35555555625 0.9671875 0.302777778125 0.96953125 0.24583333281250003 0.94296875 0.23194444375
7 0.99921875 0.2236111109375 0.9921875 0.21805555625 0.98828125 0.23333333281250002 0.9875 0.2541666671875 0.99921875 0.25555555625 0.99921875 0.2236111109375
7 0.96953125 0.197222221875 0.92890625 0.16944444375 0.9203125 0.16805555625 0.91875 0.172222221875 0.91953125 0.19305555624999998 0.92890625 0.215277778125 0.93125 0.22916666718749998 0.94453125 0.23055555625 0.96796875 0.24305555625 0.971875 0.240277778125 0.97421875 0.20555555625 0.96953125 0.197222221875
7 0.95625 0.13055555624999998 0.9359375 0.12222222187500001 0.92578125 0.1263888890625 0.92578125 0.13055555624999998 0.946875 0.14305555625 0.95625 0.15555555625 0.9703125 0.1611111109375 0.97890625 0.15972222187500001 0.97890625 0.15 0.9765625 0.1458333328125 0.95625 0.13055555624999998
4 0.62265625 0.147222221875 0.61640625 0.134722221875 0.60703125 0.1361111109375 0.60625 0.14305555625 0.6109375 0.15 0.60703125 0.175 0.61640625 0.18055555625 0.61953125 0.1875 0.62421875 0.1875 0.625 0.15555555625 0.62265625 0.147222221875