2 0.03046875 0.4486111109375 0.0234375 0.425 0.01484375 0.4291666671875 0.0125 0.43333333281249997 0.0140625 0.47222222187499996 0.01796875 0.477777778125 0.025 0.477777778125 0.0328125 0.46805555625000006 0.03046875 0.4486111109375
1 0.3828125 0.13888888906250002 0.3828125 0.10555555624999999 0.3796875 0.1 0.3703125 0.1041666671875 0.371875 0.2541666671875 0.35703125 0.2541666671875 0.36171875 0.259722221875 0.35625 0.26527777812500003 0.36640625 0.2708333328125 0.36875 0.2791666671875 0.375 0.28611111093749997 0.3875 0.28055555625 0.40078125 0.2888888890625 0.4015625 0.28055555625 0.38984375 0.26805555625 0.38515625 0.25694444375000003 0.38515625 0.1513888890625 0.3828125 0.13888888906250002
1 0.44140625 0.2138888890625 0.43828125 0.22638888906250001 0.4296875 0.22638888906250001 0.4375 0.22916666718749998 0.43203125 0.240277778125 0.45234375 0.25 0.46875 0.2513888890625 0.46875 0.24305555625 0.45546875 0.23472222187499997 0.45234375 0.21805555625 0.45234375 0.17916666718750002 0.4546875 0.1708333328125 0.45390625 0.08333333281250001 0.44453125 0.08055555625000001 0.4421875 0.0875 0.44140625 0.2138888890625
7 0.9109375 0.17361111093749998 0.89296875 0.15972222187500001 0.86953125 0.1541666671875 0.85546875 0.15555555625 0.85234375 0.15972222187500001 0.84375 0.15555555625 0.81875 0.1583333328125 0.81875 0.1833333328125 0.8296875 0.19444444375 0.83515625 0.20555555625 0.84765625 0.215277778125 0.85 0.23472222187499997 0.8546875 0.2416666671875 0.878125 0.25833333281250004 0.88203125 0.27638888906250003 0.88515625 0.2791666671875 0.90625 0.27638888906250003 0.91484375 0.2486111109375 0.9265625 0.23055555625 0.915625 0.18194444375000002 0.9109375 0.17361111093749998
7 0.99921875 0.33888888906250003 0.99921875 0.26805555625 0.9921875 0.25833333281250004 0.9875 0.25833333281250004 0.98203125 0.27777777812500004 0.97890625 0.34027777812500004 0.99921875 0.33888888906250003
7 0.9078125 0.28611111093749997 0.909375 0.3 0.925 0.3291666671875 0.93203125 0.3263888890625 0.9453125 0.33194444375 0.9546875 0.35555555625 0.959375 0.3541666671875 0.96875 0.2888888890625 0.96953125 0.24583333281250003 0.94296875 0.23194444375 0.93046875 0.23194444375 0.91875 0.24444444375000002 0.91328125 0.25833333281250004 0.9078125 0.28611111093749997
7 0.79296875 0.13055555624999998 0.790625 0.127777778125 0.7900390625 0.12881944375 0.79296875 0.13055555624999998
7 0.78828125 0.13194444375 0.7900390625 0.12881944375 0.78828125 0.127777778125 0.78828125 0.13194444375
7 0.796875 0.0958333328125 0.7890625 0.09305555625 0.7875 0.1041666671875 0.7921875 0.109722221875 0.79296875 0.125 0.796875 0.0958333328125
7 0.84296875 0.06944444375 0.84140625 0.052777778124999994 0.83671875 0.0486111109375 0.8359375 0.0666666671875 0.84296875 0.06944444375
7 0.82734375 0.04444444375 0.82421875 0.04305555625 0.8265625 0.0513888890625 0.82421875 0.05694444375 0.82734375 0.05 0.82734375 0.04444444375
7 0.77734375 0.047222221875 0.79296875 0.047222221875 0.7703125 0.040277778125000004 0.76875 0.04305555625 0.77734375 0.047222221875
7 0.99375 0.2208333328125 0.98984375 0.22638888906250001 0.98828125 0.2541666671875 0.99921875 0.25555555625 0.99921875 0.22638888906250001 0.99375 0.2208333328125
7 0.94609375 0.23055555625 0.96796875 0.24305555625 0.971875 0.240277778125 0.97421875 0.20555555625 0.96953125 0.197222221875 0.92890625 0.16944444375 0.91953125 0.16944444375 0.91953125 0.19305555624999998 0.92890625 0.20972222187499998 0.93125 0.22777777812500002 0.94609375 0.23055555625
7 0.97421875 0.1611111109375 0.9796875 0.1583333328125 0.9796875 0.1513888890625 0.9765625 0.1458333328125 0.96015625 0.13333333281249998 0.93515625 0.12222222187500001 0.92578125 0.1263888890625 0.925 0.1291666671875 0.94765625 0.14305555625 0.95625 0.15277777812499999 0.97421875 0.1611111109375
7 0.81875 0.190277778125 0.8171875 0.184722221875 0.8125 0.19444444375 0.81015625 0.25555555625 0.81484375 0.25555555625 0.8171875 0.26805555625 0.8203125 0.2708333328125 0.8375 0.2708333328125 0.84140625 0.27777777812500004 0.84296875 0.2708333328125 0.846875 0.26805555625 0.8484375 0.25833333281250004 0.8484375 0.23472222187499997 0.84375 0.2208333328125 0.8328125 0.21805555625 0.8296875 0.1986111109375 0.81875 0.190277778125
7 0.7390625 0.222222221875 0.7453125 0.22638888906250001 0.75625 0.222222221875 0.7640625 0.22916666718749998 0.76796875 0.22638888906250001 0.76875 0.197222221875 0.77578125 0.1888888890625 0.76875 0.15555555625 0.76015625 0.15277777812499999 0.74921875 0.1611111109375 0.7375 0.184722221875 0.73671875 0.215277778125 0.7390625 0.222222221875
7 0.790625 0.23472222187499997 0.79453125 0.16388888906250001 0.79453125 0.1458333328125 0.790625 0.140277778125 0.7859375 0.13888888906250002 0.7828125 0.147222221875 0.78046875 0.18194444375000002 0.7796875 0.2486111109375 0.78203125 0.25555555625 0.7859375 0.25694444375000003 0.790625 0.23472222187499997
7 0.740625 0.1671875 0.003125 0.0015625
7 0.7953125 0.102777778125 0.7953125 0.097222221875 0.7890625 0.0958333328125 0.7921875 0.10555555624999999 0.7953125 0.102777778125
7 0.7671875 0.15 0.7703125 0.134722221875 0.76875 0.084722221875 0.7515625 0.072222221875 0.7453125 0.07638888906249999 0.74765625 0.0888888890625 0.74453125 0.1541666671875 0.75078125 0.15694444375 0.759375 0.15 0.7671875 0.15
7 0.6765625 0.0986111109375 0.6890625 0.109722221875 0.6921875 0.1291666671875 0.7 0.14305555625 0.73125 0.1666666671875 0.7359375 0.1666666671875 0.7375 0.1041666671875 0.74140625 0.072222221875 0.72265625 0.058333332812500006 0.70234375 0.055555556250000006 0.68203125 0.04444444375 0.67734375 0.047222221875 0.6765625 0.055555556250000006 0.6765625 0.0986111109375
7 0.859375 0.1513888890625 0.88125 0.1513888890625 0.88125 0.14305555625 0.87265625 0.134722221875 0.85703125 0.1291666671875 0.8484375 0.11944444375 0.83828125 0.12222222187500001 0.83671875 0.1361111109375 0.8390625 0.15 0.84921875 0.15555555625 0.859375 0.1513888890625
7 0.875 0.1041666671875 0.89375 0.11388888906250001 0.89609375 0.08055555625000001 0.87890625 0.072222221875 0.859375 0.072222221875 0.85703125 0.08055555625000001 0.875 0.1041666671875
4 0.16953125 0.2986111109375 0.1734375 0.3 0.1765625 0.2416666671875 0.18125 0.22916666718749998 0.18125 0.21805555625 0.1703125 0.19305555624999998 0.16484375 0.19444444375 0.16484375 0.20416666718749998 0.15859375 0.2166666671875 0.1578125 0.23333333281250002 0.16640625 0.25833333281250004 0.16953125 0.2986111109375
4 0.20625 0.309722221875 0.20546875 0.34027777812500004 0.215625 0.36944444375 0.22109375 0.4166666671875 0.22578125 0.425 0.23125 0.425 0.22578125 0.3916666671875 0.234375 0.377777778125 0.23671875 0.33055555625 0.2296875 0.30555555624999997 0.2203125 0.290277778125 0.21875 0.28055555625 0.2125 0.28055555625 0.2125 0.3013888890625 0.20625 0.309722221875
4 0.69453125 0.21805555625 0.68359375 0.22638888906250001 0.6828125 0.2388888890625 0.68828125 0.24583333281250003 0.6875 0.2888888890625 0.68359375 0.302777778125 0.6875 0.32777777812500003 0.68515625 0.33888888906250003 0.690625 0.3416666671875 0.696875 0.33888888906250003 0.696875 0.3083333328125 0.7046875 0.275 0.70625 0.2416666671875 0.7046875 0.23333333281250002 0.7 0.23055555625 0.69453125 0.21805555625
4 0.31796875 0.3541666671875 0.3125 0.35 0.31015625 0.33055555625 0.30234375 0.3263888890625 0.29921875 0.33194444375 0.2984375 0.352777778125 0.2875 0.3736111109375 0.28671875 0.39305555625 0.290625 0.3958333328125 0.29375 0.40555555625000006 0.29453125 0.44305555625000004 0.30078125 0.4763888890625 0.30078125 0.490277778125 0.30859375 0.49305555625 0.31328125 0.502777778125 0.31796875 0.49583333281249997 0.3171875 0.44444444375 0.31875 0.39444444375 0.32265625 0.38055555625 0.321875 0.3638888890625 0.31796875 0.3541666671875
3 0.221875 0.3546875 0.034375 0.1375
3 0.17109375 0.2421875 0.021875 0.0875