1 0.38671875 0.2833333328125 0.39375 0.290277778125 0.39375 0.27777777812500004 0.38671875 0.26527777812500003 0.38515625 0.2388888890625 0.38515625 0.1611111109375 0.3890625 0.1541666671875 0.38515625 0.11388888906250001 0.38203125 0.1041666671875 0.3734375 0.1041666671875 0.36953125 0.1111111109375 0.37265625 0.1611111109375 0.37265625 0.2513888890625 0.36875 0.259722221875 0.359375 0.259722221875 0.3578125 0.2638888890625 0.36875 0.272222221875 0.37578125 0.28611111093749997 0.38671875 0.2833333328125
1 0.46875 0.24305555625 0.45625 0.23472222187499997 0.45234375 0.215277778125 0.45625 0.16805555625 0.45390625 0.14861111093749999 0.4546875 0.084722221875 0.44296875 0.0861111109375 0.4421875 0.2166666671875 0.43671875 0.22638888906250001 0.43046875 0.22638888906250001 0.4296875 0.23055555625 0.43203125 0.2388888890625 0.43828125 0.24305555625 0.4671875 0.2513888890625 0.46875 0.24305555625
6 0.71875 0.28472222187499996 0.7296875 0.2708333328125 0.73671875 0.27777777812500004 0.7625 0.2736111109375 0.7640625 0.23333333281250002 0.76171875 0.2166666671875 0.75390625 0.197222221875 0.73515625 0.1875 0.73046875 0.1583333328125 0.70625 0.15 0.69140625 0.15 0.68125 0.165277778125 0.6703125 0.1666666671875 0.665625 0.172222221875 0.6609375 0.16805555625 0.65625 0.175 0.65546875 0.2138888890625 0.66328125 0.240277778125 0.675 0.24305555625 0.68203125 0.2388888890625 0.6984375 0.24722222187499998 0.70078125 0.26805555625 0.70546875 0.28055555625 0.71875 0.28472222187499996
6 0.65546875 0.23055555625 0.6375 0.2236111109375 0.6328125 0.2166666671875 0.63671875 0.20694444375 0.63515625 0.1888888890625 0.60703125 0.1763888890625 0.59765625 0.15972222187500001 0.57578125 0.1611111109375 0.56875 0.18055555625 0.56640625 0.197222221875 0.56875 0.2236111109375 0.57734375 0.2416666671875 0.58828125 0.24722222187499998 0.5953125 0.25694444375000003 0.65078125 0.25833333281250004 0.65625 0.2541666671875 0.65546875 0.23055555625
7 0.8734375 0.134722221875 0.85625 0.1291666671875 0.85 0.12222222187500001 0.84375 0.12222222187500001 0.83984375 0.13055555624999998 0.8390625 0.1375 0.84453125 0.1513888890625 0.8869140625 0.1541666671875 0.88828125 0.147222221875 0.8921875 0.15277777812499999 0.88984375 0.147222221875 0.88203125 0.14444444375 0.8734375 0.134722221875
7 0.9578125 0.097222221875 0.96171875 0.1 0.9625 0.11805555625 0.9671875 0.11388888906250001 0.9703125 0.10138888906250001 0.9703125 0.097222221875 0.96484375 0.09305555625 0.9625 0.0861111109375 0.9609375 0.09305555625 0.9578125 0.09305555625 0.95390625 0.08333333281250001 0.9390625 0.072222221875 0.92421875 0.072222221875 0.90703125 0.084722221875 0.90625 0.11944444375 0.91875 0.127777778125 0.9234375 0.127777778125 0.9265625 0.12222222187500001 0.9484375 0.12222222187500001 0.95390625 0.1166666671875 0.9546875 0.102777778125 0.9578125 0.097222221875
7 0.8609375 0.072222221875 0.85703125 0.077777778125 0.8578125 0.08333333281250001 0.875 0.102777778125 0.8890625 0.11388888906250001 0.8953125 0.11388888906250001 0.89765625 0.09305555625 0.89609375 0.08055555625000001 0.86875 0.07083333281250001 0.8609375 0.072222221875
7 0.88125 0.275 0.8859375 0.28055555625 0.89296875 0.28055555625 0.89609375 0.27638888906250003 0.92421875 0.27777777812500004 0.93046875 0.26805555625 0.93046875 0.23333333281250002 0.92578125 0.2236111109375 0.915625 0.18194444375000002 0.909375 0.172222221875 0.8796875 0.15555555625 0.85625 0.15555555625 0.85234375 0.15972222187500001 0.84765625 0.15555555625 0.81875 0.15555555625 0.81640625 0.16805555625 0.815625 0.19305555624999998 0.8203125 0.22638888906250001 0.83125 0.22916666718749998 0.83671875 0.21805555625 0.846875 0.21805555625 0.85078125 0.23611111093749998 0.878125 0.25833333281250004 0.88125 0.275
7 0.99375 0.2791666671875 0.99921875 0.272222221875 0.99921875 0.21944444375 0.99296875 0.21944444375 0.98828125 0.23333333281250002 0.9875 0.26805555625 0.99375 0.2791666671875
7 0.971875 0.2416666671875 0.975 0.21944444375 0.9734375 0.20277777812500003 0.92890625 0.16944444375 0.921875 0.16805555625 0.91875 0.17361111093749998 0.91875 0.1916666671875 0.92265625 0.19583333281249998 0.925 0.2138888890625 0.9328125 0.23611111093749998 0.9375 0.240277778125 0.9609375 0.2388888890625 0.96875 0.24583333281250003 0.971875 0.2416666671875
7 0.92578125 0.12361111093749999 0.925 0.13055555624999998 0.94375 0.1458333328125 0.9546875 0.1458333328125 0.96328125 0.1541666671875 0.98046875 0.15972222187500001 0.9765625 0.14305555625 0.94609375 0.1263888890625 0.92578125 0.12361111093749999
7 0.78046875 0.1375 0.7859375 0.1513888890625 0.79296875 0.1513888890625 0.79296875 0.1208333328125 0.7859375 0.12222222187500001 0.78515625 0.13194444375 0.78046875 0.1375
7 0.796875 0.10694444375 0.79765625 0.097222221875 0.79296875 0.09305555625 0.78828125 0.09305555625 0.7921875 0.1166666671875 0.796875 0.10694444375
7 0.7453125 0.1583333328125 0.76328125 0.15972222187500001 0.76875 0.1541666671875 0.7703125 0.1416666671875 0.7703125 0.0888888890625 0.76640625 0.08055555625000001 0.74921875 0.07638888906249999 0.7453125 0.1583333328125
7 0.72578125 0.15555555625 0.7359375 0.15555555625 0.7390625 0.06944444375 0.72421875 0.059722221875 0.6828125 0.04444444375 0.67734375 0.0458333328125 0.6765625 0.055555556250000006 0.675 0.09305555625 0.68046875 0.1041666671875 0.6859375 0.10694444375 0.690625 0.11944444375 0.690625 0.1291666671875 0.70546875 0.14305555625 0.71953125 0.147222221875 0.72578125 0.15555555625
4 0.02890625 0.54305555625 0.02578125 0.5305555562500001 0.025 0.49444444374999996 0.03046875 0.49444444374999996 0.03125 0.5013888890625 0.0375 0.5111111109375 0.0390625 0.5236111109375 0.04296875 0.522222221875 0.0453125 0.5097222218749999 0.03671875 0.4861111109375 0.028125 0.41944444374999995 0.02265625 0.40972222187499996 0.0234375 0.39305555625 0.01484375 0.39305555625 0.01484375 0.40694444374999994 0.00625 0.427777778125 0.00546875 0.44444444375 0.00703125 0.45277777812500003 0.01328125 0.4625 0.0125 0.4763888890625 0.01640625 0.49583333281249997 0.01875 0.5319444437499999 0.0234375 0.55 0.02890625 0.54305555625