2 0.5555555562500001 0.0296875 0.575 0.0234375 0.5708333328124999 0.01484375 0.5666666671875 0.0125 0.527777778125 0.0140625 0.522222221875 0.01796875 0.522222221875 0.025 0.5319444437499999 0.0328125 0.5555555562500001 0.0296875
1 0.89444444375 0.3828125 0.9 0.3796875 0.89444444375 0.3703125 0.7458333328125 0.371875 0.7458333328125 0.35703125 0.74444444375 0.36015625 0.730921053125 0.3631990140625 0.7291666671875 0.36640625 0.7208333328125 0.36875 0.7138888890625 0.375 0.7194444437499999 0.3875 0.7111111109375 0.40078125 0.7194444437499999 0.4015625 0.7430555562500001 0.38515625 0.8 0.3828125 0.80694444375 0.38515625 0.8111111109375001 0.3828125 0.852777778125 0.38515625 0.89444444375 0.3828125
1 0.8208333328125 0.45234375 0.827777778125 0.4546875 0.9138888890624999 0.4546875 0.91944444375 0.453125 0.9166666671874999 0.4421875 0.7833333328125 0.44140625 0.7736111109375 0.43828125 0.7736111109375 0.4265625 0.76944444375 0.42578125 0.7666666671875 0.428125 0.772222221875 0.4296875 0.7708333328125 0.4375 0.7597222218749999 0.43203125 0.75 0.4515625 0.7486111109375 0.46875 0.7569444437499999 0.46875 0.765277778125 0.45546875 0.7833333328125 0.4515625 0.8208333328125 0.45234375
7 0.83194444375 0.90546875 0.8444444437499999 0.88515625 0.8444444437499999 0.85546875 0.834722221875 0.85078125 0.840277778125 0.84921875 0.8444444437499999 0.840625 0.8444444437499999 0.81875 0.8166666671874999 0.81875 0.784722221875 0.84375 0.7833333328125 0.8484375 0.765277778125 0.85 0.7597222218749999 0.853125 0.7416666671875001 0.878125 0.7236111109375 0.88203125 0.7194444437499999 0.88671875 0.722222221875 0.90625 0.73194444375 0.9109375 0.7513888890625 0.91484375 0.76944444375 0.92734375 0.8194444437499999 0.915625 0.83194444375 0.90546875
7 0.6944444437499999 0.98046875 0.659722221875 0.97890625 0.6611111109375 0.99921875 0.7333333328125 0.99921875 0.7402777781250001 0.99453125 0.7402777781250001 0.98671875 0.7236111109375 0.9828125 0.6944444437499999 0.98046875
7 0.6777777781250001 0.9203125 0.672222221875 0.925 0.66944444375 0.93984375 0.6486111109375 0.94921875 0.64444444375 0.95859375 0.7111111109375 0.96875 0.7541666671875 0.96953125 0.76805555625 0.94296875 0.7666666671875 0.92734375 0.74444444375 0.9140625 0.7138888890625 0.9078125 0.70555555625 0.90703125 0.6777777781250001 0.9203125
7 0.8847222218749999 0.96484375 0.8819444437499999 0.9625 0.8736111109375001 0.96640625 0.877777778125 0.96875 0.8847222218749999 0.9671875 0.890277778125 0.9625 0.8847222218749999 0.96484375
7 0.89444444375 0.971875 0.902777778125 0.9734375 0.902777778125 0.9703125 0.89444444375 0.971875
7 0.91805555625 0.90625 0.9111111109375001 0.90546875 0.9069444437499999 0.9015625 0.902777778125 0.9015625 0.8986111109375001 0.90625 0.8819444437499999 0.90546875 0.872222221875 0.91953125 0.872222221875 0.9265625 0.8791666671874999 0.93125 0.88055555625 0.95 0.897222221875 0.95390625 0.9166666671874999 0.95234375 0.9277777781250001 0.93828125 0.9277777781250001 0.92265625 0.91805555625 0.90625
7 0.7805555562500001 0.83515625 0.7833333328125 0.83125 0.79444444375 0.83203125 0.8013888890624999 0.82890625 0.80694444375 0.8203125 0.8222222218749999 0.8171875 0.8166666671874999 0.8125 0.74444444375 0.81015625 0.75 0.82265625 0.7402777781250001 0.81875 0.7416666671875001 0.821875 0.73194444375 0.821875 0.73194444375 0.83515625 0.725 0.84140625 0.734722221875 0.846875 0.7638888890625 0.8484375 0.7638888890625 0.84453125 0.7736111109375 0.84140625 0.76805555625 0.840625 0.7666666671875 0.8375 0.7805555562500001 0.83515625
7 0.777777778125 0.75625 0.7708333328125 0.76640625 0.8041666671875 0.76875 0.8111111109375001 0.77421875 0.8166666671874999 0.77421875 0.8416666671874999 0.76875 0.847222221875 0.76171875 0.834722221875 0.74609375 0.8111111109375001 0.73671875 0.7791666671875 0.7375 0.7736111109375 0.74375 0.777777778125 0.75625
7 0.7486111109375 0.7796875 0.7430555562500001 0.78203125 0.7430555562500001 0.78671875 0.7638888890625 0.790625 0.784722221875 0.790625 0.8138888890624999 0.79453125 0.8125 0.80390625 0.8166666671874999 0.80625 0.8222222218749999 0.79375 0.852777778125 0.79453125 0.8652777781250001 0.7859375 0.85694444375 0.7828125 0.8111111109375001 0.7796875 0.7486111109375 0.7796875
7 0.777777778125 0.99453125 0.7736111109375 0.98984375 0.7458333328125 0.98828125 0.74444444375 0.99921875 0.772222221875 0.99921875 0.777777778125 0.99453125
7 0.8194444437499999 0.99921875 0.827777778125 0.99296875 0.8166666671874999 0.99375 0.8194444437499999 0.99921875
7 0.772222221875 0.93046875 0.76805555625 0.9484375 0.7569444437499999 0.96796875 0.7597222218749999 0.971875 0.79444444375 0.97421875 0.8027777781250001 0.96953125 0.83055555625 0.92890625 0.83194444375 0.9203125 0.827777778125 0.91875 0.809722221875 0.91875 0.784722221875 0.9296875 0.772222221875 0.93046875
7 0.85694444375 0.97421875 0.877777778125 0.9359375 0.8736111109375001 0.92578125 0.86944444375 0.92578125 0.85694444375 0.946875 0.8444444437499999 0.95625 0.83194444375 0.98046875 0.847222221875 0.9796875 0.85694444375 0.97421875
7 0.83194444375 0.7421875 0.834722221875 0.73984375 0.83194444375 0.73828125 0.83194444375 0.7421875
7 0.8861111109375001 0.79296875 0.902777778125 0.796875 0.9055555562500001 0.78828125 0.8986111109375001 0.7875 0.8861111109375001 0.79296875
7 0.91805555625 0.76796875 0.9277777781250001 0.74765625 0.9069444437499999 0.7453125 0.8444444437499999 0.74453125 0.8430555562500001 0.75390625 0.8486111109375001 0.759375 0.8486111109375001 0.76875 0.89444444375 0.77109375 0.91805555625 0.76796875
7 0.9444444437499999 0.6765625 0.9111111109375001 0.675 0.8986111109375001 0.67734375 0.89444444375 0.6859375 0.8861111109375001 0.690625 0.8708333328125001 0.6921875 0.85694444375 0.7 0.83194444375 0.73515625 0.8958333328125001 0.7375 0.925 0.74140625 0.9416666671874999 0.72265625 0.9444444437499999 0.70234375 0.95555555625 0.6828125 0.9541666671875 0.678125 0.9444444437499999 0.6765625
7 0.8444444437499999 0.85390625 0.8486111109375001 0.8578125 0.8458333328125001 0.87578125 0.85 0.8828125 0.85555555625 0.88203125 0.8652777781250001 0.87265625 0.8708333328125001 0.8578125 0.88055555625 0.8484375 0.877777778125 0.8375 0.8666666671875 0.83671875 0.8486111109375001 0.83984375 0.8444444437499999 0.85390625
7 0.8958333328125001 0.875 0.8861111109375001 0.89375 0.91944444375 0.89609375 0.9291666671875 0.871875 0.9263888890624999 0.85703125 0.91805555625 0.85703125 0.8958333328125001 0.875
4 0.35555555625 0.309375 0.325 0.31015625 0.322222221875 0.31328125 0.32777777812500003 0.31640625 0.352777778125 0.3171875 0.375 0.3125 0.40972222187499996 0.31171875 0.41944444374999995 0.31484375 0.42083333281249996 0.32109375 0.427777778125 0.321875 0.46944444374999994 0.3125 0.48194444374999995 0.30625 0.48472222187499997 0.3 0.50555555625 0.29140625 0.50555555625 0.27890625 0.49583333281249997 0.275 0.48055555625 0.27578125 0.46805555625000006 0.26953125 0.43194444374999996 0.26640625 0.4263888890625 0.26953125 0.4263888890625 0.27578125 0.39305555625 0.2765625 0.375 0.28125 0.3361111109375 0.28359375 0.3125 0.2921875 0.28472222187499996 0.2875 0.28194444375 0.29296875 0.2958333328125 0.3 0.3236111109375 0.2984375 0.3583333328125 0.3015625 0.3611111109375 0.30625 0.35555555625 0.309375
4 0.25694444375000003 0.359375 0.26944444375 0.3609375 0.2888888890625 0.359375 0.3236111109375 0.3484375 0.352777778125 0.34609375 0.3638888890625 0.34921875 0.38194444375000003 0.34921875 0.40833333281249995 0.34140625 0.427777778125 0.34375 0.4375 0.34921875 0.44305555625000004 0.34765625 0.45 0.3375 0.447222221875 0.33203125 0.4361111109375 0.32734375 0.42222222187499997 0.32578125 0.4138888890625 0.31328125 0.38194444375000003 0.3140625 0.3638888890625 0.31796875 0.3375 0.31953125 0.2916666671875 0.33046875 0.23055555625 0.33125 0.222222221875 0.33359375 0.21944444375 0.34921875 0.2236111109375 0.35546875 0.23194444375 0.35546875 0.2416666671875 0.35078125 0.25694444375000003 0.359375