2 0.97109375 0.5319444437499999 0.96328125 0.5319444437499999 0.96171875 0.547222221875 0.9640625 0.5791666671875 0.975 0.58055555625 0.975 0.540277778125 0.97109375 0.5319444437499999
1 0.6109375 0.847222221875 0.6140625 0.8583333328125 0.61484375 0.890277778125 0.6203125 0.897222221875 0.62734375 0.897222221875 0.63046875 0.8916666671875 0.62734375 0.8430555562500001 0.62734375 0.75 0.63125 0.7402777781250001 0.640625 0.7402777781250001 0.640625 0.734722221875 0.63125 0.727777778125 0.6234375 0.7111111109375 0.61328125 0.7166666671875 0.60625 0.709722221875 0.6046875 0.7166666671875 0.61328125 0.7361111109375 0.61484375 0.765277778125 0.61484375 0.8430555562500001 0.6109375 0.847222221875
1 0.55703125 0.9138888890624999 0.5578125 0.7833333328125 0.56328125 0.772222221875 0.56875 0.7736111109375 0.5703125 0.76944444375 0.56796875 0.7611111109375 0.5609375 0.7569444437499999 0.53359375 0.7486111109375 0.53125 0.7569444437499999 0.54375 0.765277778125 0.54765625 0.7833333328125 0.54375 0.83194444375 0.54609375 0.8513888890624999 0.5453125 0.9138888890624999 0.55703125 0.9138888890624999
6 0.26484375 0.8125 0.26953125 0.8416666671874999 0.29375 0.85 0.30859375 0.85 0.31875 0.834722221875 0.3296875 0.8333333328125001 0.33515625 0.827777778125 0.3390625 0.83194444375 0.34375 0.825 0.34375 0.7819444437499999 0.3375 0.7611111109375 0.3171875 0.7611111109375 0.3015625 0.752777778125 0.29765625 0.725 0.29296875 0.7166666671875 0.28125 0.715277778125 0.27109375 0.725 0.23828125 0.7236111109375 0.2359375 0.7333333328125 0.23828125 0.7819444437499999 0.2421875 0.7875 0.24609375 0.8041666671875 0.26484375 0.8125
6 0.403125 0.840277778125 0.425 0.8388888890624999 0.43125 0.8194444437499999 0.4328125 0.7819444437499999 0.42109375 0.7569444437499999 0.4125 0.7541666671875 0.3984375 0.7402777781250001 0.34921875 0.7416666671875001 0.34375 0.7458333328125 0.34453125 0.76944444375 0.3640625 0.777777778125 0.3671875 0.7875 0.36328125 0.79444444375 0.36328125 0.8083333328125001 0.37109375 0.815277778125 0.390625 0.8236111109375001 0.403125 0.840277778125
7 0.15859375 0.8513888890624999 0.15546875 0.8486111109375001 0.10703125 0.8458333328125001 0.10859375 0.852777778125 0.1171875 0.85555555625 0.1328125 0.86944444375 0.14375 0.8708333328125001 0.15078125 0.877777778125 0.16015625 0.8736111109375001 0.1609375 0.8625 0.15859375 0.859722221875 0.15859375 0.8513888890624999
7 0.0375 0.9111111109375001 0.03828125 0.8958333328125001 0.03046875 0.89305555625 0.03828125 0.8833333328125 0.03671875 0.8819444437499999 0.028125 0.8958333328125001 0.028125 0.902777778125 0.0375 0.9111111109375001
7 0.053125 0.877777778125 0.04765625 0.8847222218749999 0.0453125 0.9 0.0453125 0.9166666671874999 0.04765625 0.91944444375 0.0703125 0.9291666671875 0.0921875 0.91805555625 0.09375 0.88055555625 0.08828125 0.875 0.0640625 0.875 0.053125 0.877777778125
7 0.1421875 0.9236111109375 0.1421875 0.91805555625 0.125 0.897222221875 0.1109375 0.8861111109375001 0.1046875 0.8861111109375001 0.103125 0.91944444375 0.13125 0.9291666671875 0.1421875 0.9236111109375
7 0.06953125 0.76805555625 0.075 0.7791666671875 0.084375 0.8194444437499999 0.090625 0.827777778125 0.12109375 0.8444444437499999 0.14375 0.8444444437499999 0.146875 0.840277778125 0.153125 0.8444444437499999 0.18125 0.8444444437499999 0.1859375 0.815277778125 0.1796875 0.7736111109375 0.16796875 0.7708333328125 0.1625 0.7819444437499999 0.1546875 0.7819444437499999 0.1515625 0.777777778125 0.14921875 0.7638888890625 0.121875 0.7416666671875001 0.11875 0.725 0.11328125 0.7194444437499999 0.10390625 0.7236111109375 0.075 0.722222221875 0.06953125 0.73194444375 0.06953125 0.76805555625
7 0.01171875 0.765277778125 0.0125 0.73194444375 0.00859375 0.7236111109375 0.0046875 0.722222221875 0.00078125 0.727777778125 0.00078125 0.7805555562500001 0.00703125 0.7819444437499999 0.01171875 0.765277778125
7 0.0765625 0.8 0.075 0.7861111109375 0.06640625 0.7638888890625 0.06171875 0.7597222218749999 0.05234375 0.7638888890625 0.0390625 0.7611111109375 0.0296875 0.7541666671875 0.025 0.7763888890625 0.0265625 0.797222221875 0.07421875 0.83194444375 0.08046875 0.827777778125 0.08125 0.8083333328125001 0.0765625 0.8
7 0.04453125 0.8541666671874999 0.01953125 0.8388888890624999 0.021875 0.85694444375 0.05390625 0.8736111109375001 0.07265625 0.877777778125 0.075 0.8680555562500001 0.06953125 0.8652777781250001 0.06640625 0.85694444375 0.05625 0.852777778125 0.04453125 0.8541666671874999
7 0.2140625 0.877777778125 0.21484375 0.8680555562500001 0.21953125 0.8611111109375 0.215625 0.85694444375 0.2140625 0.8486111109375001 0.20703125 0.8486111109375001 0.20703125 0.8791666671874999 0.2140625 0.877777778125
7 0.21171875 0.9 0.20703125 0.890277778125 0.203125 0.89444444375 0.203125 0.9041666671874999 0.20859375 0.9069444437499999 0.21171875 0.9069444437499999 0.21171875 0.9
7 0.22890625 0.9083333328125001 0.23359375 0.91944444375 0.246875 0.925 0.25078125 0.9236111109375 0.2515625 0.9125 0.2546875 0.8416666671874999 0.23671875 0.840277778125 0.23125 0.8458333328125001 0.2296875 0.8583333328125 0.22890625 0.9083333328125001
7 0.3234375 0.9472222218749999 0.325 0.9069444437499999 0.31953125 0.8958333328125001 0.31328125 0.89305555625 0.309375 0.8833333328125 0.3109375 0.872222221875 0.2984375 0.859722221875 0.28046875 0.852777778125 0.2734375 0.8444444437499999 0.26328125 0.8444444437499999 0.2609375 0.925 0.2625 0.93194444375 0.31796875 0.95555555625 0.32265625 0.9541666671875 0.3234375 0.9472222218749999
4 0.0234375 0.652777778125 0.03125 0.5958333328125 0.026914062500000002 0.5868402781250001 0.01953125 0.602777778125 0.01953125 0.627777778125 0.0234375 0.6375 0.0234375 0.652777778125
4 0.03515625 0.56805555625 0.0375 0.5513888890625 0.03828125 0.5361111109375 0.0328125 0.5361111109375 0.03046875 0.5791666671875 0.0291015625 0.58211805625 0.03203125 0.584722221875 0.03359375 0.5763888890625 0.03125 0.5694444437499999 0.03515625 0.56805555625