2 0.025 0.4625 0.03125 0.46944444374999994 0.03671875 0.46805555625000006 0.040625 0.4625 0.040625 0.45555555625000005 0.0359375 0.42083333281249996 0.025 0.41944444374999995 0.025 0.4625
1 0.3875 0.28472222187499996 0.39453125 0.290277778125 0.3953125 0.2833333328125 0.38671875 0.259722221875 0.38515625 0.23055555625 0.38671875 0.11388888906250001 0.38515625 0.10694444375 0.3796875 0.102777778125 0.37265625 0.1041666671875 0.3703125 0.1111111109375 0.37265625 0.15694444375 0.37265625 0.252777778125 0.36875 0.259722221875 0.359375 0.2611111109375 0.359375 0.26527777812500003 0.36796875 0.272222221875 0.37734375 0.2888888890625 0.3875 0.28472222187499996
1 0.46875 0.24305555625 0.45703125 0.23611111093749998 0.45390625 0.225 0.45390625 0.18055555625 0.45625 0.1708333328125 0.45390625 0.14305555625 0.4546875 0.084722221875 0.44296875 0.0875 0.4421875 0.2166666671875 0.43828125 0.22777777812500002 0.43125 0.22638888906250001 0.4296875 0.23194444375 0.43203125 0.2388888890625 0.43828125 0.24305555625 0.4671875 0.2513888890625 0.46875 0.24305555625
6 0.7078125 0.28194444375 0.71953125 0.28472222187499996 0.72890625 0.272222221875 0.7390625 0.2791666671875 0.75546875 0.2791666671875 0.76328125 0.272222221875 0.7640625 0.23611111093749998 0.7609375 0.2236111109375 0.76328125 0.215277778125 0.75 0.1916666671875 0.73671875 0.190277778125 0.72890625 0.15694444375 0.69140625 0.15 0.68125 0.165277778125 0.6703125 0.1666666671875 0.66640625 0.1763888890625 0.65625 0.17916666718750002 0.6546875 0.20833333281250002 0.66171875 0.2375 0.6671875 0.24305555625 0.68125 0.240277778125 0.696875 0.24722222187499998 0.7 0.252777778125 0.70234375 0.272222221875 0.7078125 0.28194444375
6 0.6546875 0.22916666718749998 0.63515625 0.2208333328125 0.63671875 0.1916666671875 0.609375 0.1763888890625 0.5984375 0.15972222187500001 0.57578125 0.1611111109375 0.56875 0.18055555625 0.56640625 0.197222221875 0.5671875 0.21805555625 0.57734375 0.24305555625 0.60546875 0.259722221875 0.64921875 0.25833333281250004 0.65625 0.2541666671875 0.65703125 0.2388888890625 0.6546875 0.22916666718749998
7 0.85 0.1208333328125 0.84296875 0.12361111093749999 0.84296875 0.13055555624999998 0.83984375 0.134722221875 0.84375 0.15 0.84765625 0.15277777812499999 0.89296875 0.15277777812499999 0.8671875 0.13055555624999998 0.85546875 0.127777778125 0.85 0.1208333328125
7 0.97265625 0.097222221875 0.96640625 0.09444444375 0.9625 0.1041666671875 0.96328125 0.11805555625 0.9734375 0.10138888906250001 0.97265625 0.097222221875
7 0.9234375 0.072222221875 0.90703125 0.08333333281250001 0.90625 0.11944444375 0.921875 0.1291666671875 0.94296875 0.125 0.95078125 0.11944444375 0.95546875 0.097222221875 0.953125 0.08333333281250001 0.93828125 0.072222221875 0.9234375 0.072222221875
7 0.8625 0.07083333281250001 0.85703125 0.077777778125 0.85703125 0.08194444375 0.875 0.102777778125 0.8890625 0.11388888906250001 0.89453125 0.11388888906250001 0.89765625 0.09305555625 0.89609375 0.08055555625000001 0.8703125 0.07083333281250001 0.8625 0.07083333281250001
7 0.85078125 0.23611111093749998 0.878125 0.25833333281250004 0.88125 0.275 0.88671875 0.28055555625 0.89375 0.28055555625 0.89609375 0.27638888906250003 0.921875 0.2791666671875 0.93046875 0.2666666671875 0.93046875 0.23194444375 0.92578125 0.2236111109375 0.915625 0.18055555625 0.909375 0.172222221875 0.88515625 0.15555555625 0.85703125 0.15555555625 0.853125 0.1625 0.846875 0.1625 0.8390625 0.15555555625 0.81953125 0.15555555625 0.8171875 0.16388888906250001 0.8140625 0.1916666671875 0.81796875 0.20416666718749998 0.81875 0.21944444375 0.82421875 0.22916666718749998 0.83125 0.23055555625 0.8375 0.21805555625 0.846875 0.21944444375 0.85078125 0.23611111093749998
7 0.99921875 0.2208333328125 0.99296875 0.21805555625 0.9890625 0.23194444375 0.9890625 0.26527777812500003 0.99765625 0.2666666671875 0.99921875 0.2208333328125
7 0.96875 0.25 0.97265625 0.24305555625 0.97578125 0.2125 0.97421875 0.20277777812500003 0.9703125 0.197222221875 0.928125 0.16944444375 0.92265625 0.16805555625 0.91875 0.17361111093749998 0.91796875 0.1861111109375 0.92265625 0.19444444375 0.92578125 0.2125 0.93046875 0.222222221875 0.93046875 0.23055555625 0.93515625 0.2388888890625 0.9609375 0.240277778125 0.96875 0.25
7 0.9265625 0.127777778125 0.93359375 0.1375 0.94609375 0.14305555625 0.9515625 0.15 0.98046875 0.1611111109375 0.97890625 0.1458333328125 0.95546875 0.13055555624999998 0.94296875 0.125 0.9265625 0.127777778125
7 0.79296875 0.15277777812499999 0.7953125 0.134722221875 0.7921875 0.115277778125 0.796875 0.11388888906250001 0.7984375 0.097222221875 0.79609375 0.09305555625 0.7875 0.09305555625 0.790625 0.10833333281249999 0.7859375 0.1125 0.784375 0.13055555624999998 0.7765625 0.1375 0.78359375 0.1416666671875 0.7859375 0.15277777812499999 0.78984375 0.1541666671875 0.79296875 0.15277777812499999
7 0.75 0.0736111109375 0.74453125 0.15555555625 0.74921875 0.1611111109375 0.765625 0.15972222187500001 0.7734375 0.1375 0.7703125 0.13333333281249998 0.77109375 0.09305555625 0.7671875 0.08194444375 0.75 0.0736111109375
7 0.7390625 0.06944444375 0.72421875 0.059722221875 0.7 0.054166667187499996 0.68125 0.04444444375 0.6765625 0.058333332812500006 0.675 0.09305555625 0.68046875 0.1041666671875 0.6859375 0.10555555624999999 0.690625 0.11388888906250001 0.69140625 0.13055555624999998 0.72578125 0.15555555625 0.73671875 0.15555555625 0.7390625 0.06944444375
4 0.178125 0.2 0.18125 0.1888888890625 0.178125 0.1458333328125 0.1703125 0.13333333281249998 0.16640625 0.1375 0.16484375 0.15694444375 0.16953125 0.1763888890625 0.16796875 0.20555555625 0.17109375 0.20555555625 0.17265625 0.2 0.18203125 0.20555555625 0.18125 0.196527778125 0.178125 0.2