1 0.0861111109375 0.54609375 0.08055555625000001 0.553125 0.090277778125 0.5578125 0.1458333328125 0.5578125 0.1583333328125 0.56015625 0.2138888890625 0.55859375 0.22638888906250001 0.5625 0.22916666718749998 0.57109375 0.2388888890625 0.56796875 0.24305555625 0.5625 0.2513888890625 0.54375 0.2513888890625 0.53125 0.24305555625 0.53125 0.22916666718749998 0.54609375 0.18055555625 0.54609375 0.165277778125 0.54375 0.0861111109375 0.54609375
1 0.1513888890625 0.61015625 0.127777778125 0.61484375 0.10833333281249999 0.61484375 0.102777778125 0.61796875 0.102777778125 0.62421875 0.109722221875 0.6296875 0.2541666671875 0.628125 0.259722221875 0.63125 0.259722221875 0.6421875 0.2666666671875 0.6421875 0.272222221875 0.63125 0.28472222187499996 0.625 0.2833333328125 0.61328125 0.2888888890625 0.60546875 0.27638888906250003 0.60625 0.2625 0.6125 0.24444444375000002 0.61484375 0.21944444375 0.61484375 0.19444444375 0.61015625 0.1513888890625 0.61015625
6 0.21805555625 0.23828125 0.2138888890625 0.2421875 0.197222221875 0.246875 0.1875 0.26484375 0.1611111109375 0.26875 0.15555555625 0.27265625 0.15 0.30859375 0.1666666671875 0.32109375 0.165277778125 0.3328125 0.16944444375 0.340625 0.17361111093749998 0.34375 0.1888888890625 0.3453125 0.20833333281250002 0.34609375 0.240277778125 0.3375 0.2388888890625 0.3171875 0.24722222187499998 0.30234375 0.27638888906250003 0.29765625 0.2833333328125 0.2921875 0.28194444375 0.27734375 0.26805555625 0.26953125 0.275 0.2671875 0.27777777812500004 0.2625 0.2791666671875 0.24140625 0.275 0.2375 0.240277778125 0.2359375 0.21805555625 0.23828125
6 0.1833333328125 0.37734375 0.18055555625 0.38828125 0.16388888906250001 0.4 0.1611111109375 0.425 0.177777778125 0.43125 0.2125 0.43359375 0.22916666718749998 0.43046875 0.23055555625 0.4265625 0.240277778125 0.42421875 0.25833333281250004 0.40546875 0.25833333281250004 0.346875 0.25 0.34296875 0.23194444375 0.34453125 0.2236111109375 0.35625 0.2236111109375 0.36328125 0.2166666671875 0.3671875 0.197222221875 0.365625 0.1916666671875 0.36875 0.1833333328125 0.37734375
7 0.12361111093749999 0.1625 0.1416666671875 0.16015625 0.1513888890625 0.15546875 0.1513888890625 0.11015625 0.134722221875 0.1265625 0.1291666671875 0.14296875 0.1208333328125 0.15078125 0.12361111093749999 0.1625
7 0.10555555624999999 0.02734375 0.097222221875 0.028125 0.08333333281250001 0.03671875 0.11944444375 0.0375 0.10555555624999999 0.02734375
7 0.1291666671875 0.075 0.1208333328125 0.06953125 0.12222222187500001 0.05390625 0.11805555625 0.05 0.10138888906250001 0.04609375 0.08333333281250001 0.04609375 0.072222221875 0.0609375 0.072222221875 0.07734375 0.08194444375 0.09296875 0.11944444375 0.09375 0.1263888890625 0.08203125 0.1291666671875 0.075
7 0.07083333281250001 0.13046875 0.07083333281250001 0.13671875 0.077777778125 0.1421875 0.08055555625000001 0.14296875 0.102777778125 0.125 0.11388888906250001 0.1109375 0.11388888906250001 0.10390625 0.08055555625000001 0.103125 0.07083333281250001 0.13046875
7 0.2 0.08125 0.18194444375000002 0.084375 0.172222221875 0.090625 0.15555555625 0.1203125 0.15555555625 0.14375 0.15972222187500001 0.14921875 0.1541666671875 0.15703125 0.15555555625 0.1796875 0.16944444375 0.18359375 0.20833333281250002 0.18359375 0.22638888906250001 0.1796875 0.22777777812500002 0.16953125 0.2125 0.16015625 0.215277778125 0.153125 0.2388888890625 0.146875 0.25833333281250004 0.121875 0.275 0.11875 0.28055555625 0.1140625 0.27638888906250003 0.1046875 0.27777777812500004 0.075 0.26527777812500003 0.06953125 0.23333333281250002 0.06953125 0.2 0.08125
7 0.3138888890625 0.0375 0.30416666718749996 0.0328125 0.25555555625 0.03046875 0.2611111109375 0.0359375 0.28194444375 0.0421875 0.30555555624999997 0.0421875 0.3138888890625 0.0375
7 0.3513888890625 0.01015625 0.3541666671875 0.00078125 0.222222221875 0.00078125 0.222222221875 0.00703125 0.23194444375 0.0109375 0.2708333328125 0.0140625 0.2986111109375 0.01953125 0.33055555625 0.021875 0.3361111109375 0.0203125 0.33888888906250003 0.01484375 0.3513888890625 0.01015625
7 0.172222221875 0.08125 0.1888888890625 0.08125 0.23611111093749998 0.06640625 0.2388888890625 0.0578125 0.22777777812500002 0.04921875 0.23055555625 0.04765625 0.2236111109375 0.0484375 0.2236111109375 0.04453125 0.22916666718749998 0.04296875 0.22638888906250001 0.03671875 0.20416666718749998 0.03046875 0.19444444375 0.03359375 0.16944444375 0.07109375 0.16805555625 0.0796875 0.172222221875 0.08125
7 0.13194444375 0.03984375 0.1208333328125 0.06484375 0.12361111093749999 0.07578125 0.13055555624999998 0.07578125 0.13333333281249998 0.06875 0.14305555625 0.0625 0.15972222187500001 0.01953125 0.1458333328125 0.021875 0.13194444375 0.03984375
7 0.1111111109375 0.828125 0.109722221875 0.85 0.12222222187500001 0.8609375 0.13333333281249998 0.85625 0.1541666671875 0.853125 0.16388888906250001 0.85703125 0.16944444375 0.86953125 0.190277778125 0.8671875 0.1888888890625 0.85703125 0.19305555624999998 0.85 0.1875 0.82578125 0.19583333281249998 0.815625 0.19444444375 0.80703125 0.16805555625 0.79453125 0.15277777812499999 0.79453125 0.14444444375 0.79765625 0.1111111109375 0.828125
7 0.10833333281249999 0.63125 0.10138888906250001 0.6203125 0.0958333328125 0.61875 0.0375 0.6203125 0.04444444375 0.63515625 0.055555556250000006 0.64453125 0.052777778124999994 0.6578125 0.059722221875 0.6640625 0.058333332812500006 0.6671875 0.047222221875 0.66875 0.04305555625 0.671875 0.05 0.71328125 0.055555556250000006 0.71875 0.0791666671875 0.71953125 0.0986111109375 0.72421875 0.1541666671875 0.725 0.15972222187500001 0.71953125 0.175 0.71875 0.17361111093749998 0.703125 0.190277778125 0.69765625 0.19444444375 0.69375 0.19305555624999998 0.675 0.165277778125 0.66796875 0.16388888906250001 0.64453125 0.15555555625 0.6359375 0.15972222187500001 0.63125 0.15555555625 0.63359375 0.15243055625 0.63125 0.10833333281249999 0.63125
7 0.0916666671875 0.54375 0.17916666718750002 0.54375 0.1763888890625 0.53359375 0.1583333328125 0.5296875 0.15277777812499999 0.52421875 0.13888888906250002 0.521875 0.090277778125 0.521875 0.030555556249999997 0.52578125 0.0111111109375 0.53203125 0.006944443749999999 0.540625 0.00555555625 0.56875 0.019444443750000002 0.60390625 0.029166667187500002 0.6109375 0.1166666671875 0.61171875 0.13194444375 0.60625 0.15277777812499999 0.60625 0.1611111109375 0.6015625 0.177777778125 0.6 0.1833333328125 0.58984375 0.1833333328125 0.57890625 0.177777778125 0.57109375 0.1666666671875 0.56484375 0.14444444375 0.56015625 0.1111111109375 0.56015625 0.08055555625000001 0.55546875 0.08194444375 0.5484375 0.0916666671875 0.54375
7 0.10833333281249999 0.2078125 0.0958333328125 0.20859375 0.097222221875 0.2109375 0.109722221875 0.2078125 0.115277778125 0.21171875 0.13194444375 0.2140625 0.134722221875 0.21796875 0.1513888890625 0.2125 0.147222221875 0.20703125 0.1208333328125 0.20703125 0.11805555625 0.209375 0.1166666671875 0.20703125 0.10833333281249999 0.20703125 0.1041666671875 0.203125 0.0958333328125 0.20390625 0.10555555624999999 0.2046875 0.10833333281249999 0.2078125
7 0.075 0.24765625 0.07638888906249999 0.25078125 0.0861111109375 0.2515625 0.1583333328125 0.2546875 0.15972222187500001 0.23828125 0.15 0.23125 0.0888888890625 0.22890625 0.08194444375 0.23203125 0.075 0.24765625
7 0.1041666671875 0.31953125 0.10694444375 0.31328125 0.127777778125 0.3046875 0.140277778125 0.29375 0.14444444375 0.2828125 0.15555555625 0.2734375 0.15694444375 0.2640625 0.06944444375 0.2609375 0.047222221875 0.30625 0.04444444375 0.31953125 0.0486111109375 0.3234375 0.097222221875 0.3234375 0.1041666671875 0.31953125
4 0.1041666671875 0.74453125 0.1541666671875 0.74375 0.1708333328125 0.73828125 0.15694444375 0.73359375 0.1208333328125 0.73203125 0.097222221875 0.7390625 0.097222221875 0.74296875 0.1041666671875 0.74453125