1 0.61328125 0.847222221875 0.615625 0.8916666671875 0.621875 0.8986111109375001 0.6265625 0.8986111109375001 0.63046875 0.8916666671875 0.62734375 0.840277778125 0.62734375 0.7541666671875 0.63125 0.7402777781250001 0.640625 0.7402777781250001 0.640625 0.734722221875 0.6328125 0.7291666671875 0.625 0.7138888890625 0.6203125 0.7111111109375 0.61328125 0.7166666671875 0.60625 0.709722221875 0.60625 0.722222221875 0.61328125 0.7402777781250001 0.61484375 0.765277778125 0.61328125 0.847222221875
1 0.54921875 0.91805555625 0.55703125 0.9138888890624999 0.5578125 0.7833333328125 0.56171875 0.7736111109375 0.56875 0.7736111109375 0.5703125 0.76944444375 0.5671875 0.7611111109375 0.5609375 0.7569444437499999 0.53359375 0.7486111109375 0.53125 0.75555555625 0.54296875 0.7638888890625 0.54765625 0.784722221875 0.54375 0.83055555625 0.54609375 0.86944444375 0.5453125 0.915277778125 0.54921875 0.91805555625
6 0.23828125 0.7833333328125 0.2453125 0.8027777781250001 0.26484375 0.8125 0.26953125 0.8416666671874999 0.29453125 0.85 0.30859375 0.85 0.3203125 0.8333333328125001 0.33046875 0.83194444375 0.334375 0.8236111109375001 0.34375 0.8208333328125 0.34453125 0.7861111109375 0.34296875 0.7736111109375 0.3375 0.7597222218749999 0.3171875 0.7611111109375 0.3015625 0.752777778125 0.2984375 0.73055555625 0.29140625 0.7166666671875 0.28125 0.715277778125 0.2703125 0.7291666671875 0.2625 0.722222221875 0.23984375 0.7236111109375 0.23671875 0.7291666671875 0.2359375 0.7611111109375 0.23828125 0.7833333328125
6 0.43125 0.8194444437499999 0.43125 0.7736111109375 0.4234375 0.7597222218749999 0.4046875 0.7430555562500001 0.35078125 0.7416666671875001 0.34296875 0.7486111109375 0.3453125 0.7708333328125 0.36328125 0.7763888890625 0.3671875 0.784722221875 0.3625 0.7986111109375 0.36328125 0.809722221875 0.39453125 0.8263888890625 0.4015625 0.840277778125 0.425 0.8388888890624999 0.43125 0.8194444437499999
7 0.1515625 0.8791666671874999 0.15546875 0.8791666671874999 0.1609375 0.8708333328125001 0.16171875 0.8652777781250001 0.15546875 0.8486111109375001 0.10703125 0.847222221875 0.1265625 0.8652777781250001 0.14296875 0.8708333328125001 0.1515625 0.8791666671874999
7 0.06171875 0.9277777781250001 0.0765625 0.9277777781250001 0.09296875 0.9138888890624999 0.09375 0.88055555625 0.08203125 0.872222221875 0.06953125 0.877777778125 0.053125 0.877777778125 0.0484375 0.88055555625 0.04609375 0.890277778125 0.0375 0.8819444437499999 0.03359375 0.8861111109375001 0.03203125 0.89444444375 0.0328125 0.9041666671874999 0.0375 0.9111111109375001 0.0421875 0.9069444437499999 0.046875 0.91805555625 0.06171875 0.9277777781250001
7 0.10390625 0.91944444375 0.12421875 0.9277777781250001 0.13828125 0.9277777781250001 0.14296875 0.91944444375 0.1375 0.9111111109375001 0.1109375 0.8861111109375001 0.1046875 0.8861111109375001 0.10234375 0.9069444437499999 0.10390625 0.91944444375
7 0.07890625 0.7208333328125 0.06953125 0.73194444375 0.06953125 0.7666666671875 0.07421875 0.7763888890625 0.08359375 0.8166666671874999 0.090625 0.827777778125 0.1046875 0.834722221875 0.1078125 0.840277778125 0.12109375 0.8444444437499999 0.14375 0.8444444437499999 0.146875 0.840277778125 0.1515625 0.8444444437499999 0.18125 0.8444444437499999 0.1828125 0.8388888890624999 0.1859375 0.8194444437499999 0.1828125 0.7861111109375 0.18125 0.777777778125 0.17578125 0.7708333328125 0.16875 0.76944444375 0.1625 0.7819444437499999 0.153125 0.7819444437499999 0.14921875 0.7638888890625 0.121875 0.7416666671875001 0.11875 0.725 0.1140625 0.7194444437499999 0.10703125 0.7194444437499999 0.10390625 0.7236111109375 0.07890625 0.7208333328125
7 0.00625 0.725 0.00078125 0.734722221875 0.00078125 0.7805555562500001 0.00703125 0.7819444437499999 0.01171875 0.7625 0.0125 0.73194444375 0.00625 0.725
7 0.06953125 0.76944444375 0.06484375 0.7611111109375 0.0375 0.7597222218749999 0.0296875 0.75555555625 0.025 0.7763888890625 0.0265625 0.797222221875 0.07421875 0.83194444375 0.0796875 0.83055555625 0.08125 0.825 0.08203125 0.8125 0.07578125 0.7986111109375 0.06953125 0.76944444375
7 0.04609375 0.8541666671874999 0.03359375 0.8444444437499999 0.01953125 0.840277778125 0.021875 0.8541666671874999 0.0375 0.8652777781250001 0.05859375 0.875 0.06796875 0.875 0.06953125 0.8680555562500001 0.0734375 0.8736111109375001 0.07421875 0.8708333328125001 0.0609375 0.85694444375 0.04609375 0.8541666671874999
7 0.21875 0.8611111109375 0.21015625 0.847222221875 0.20703125 0.8513888890624999 0.20703125 0.8791666671874999 0.2140625 0.8791666671874999 0.2140625 0.8708333328125001 0.21875 0.8611111109375
7 0.20234375 0.902777778125 0.2078125 0.9069444437499999 0.21171875 0.9069444437499999 0.21171875 0.9 0.20703125 0.8847222218749999 0.20234375 0.902777778125
7 0.2375 0.840277778125 0.23125 0.847222221875 0.2296875 0.909722221875 0.23359375 0.91944444375 0.25078125 0.9236111109375 0.2546875 0.8416666671874999 0.2375 0.840277778125
7 0.325 0.9069444437499999 0.31953125 0.8958333328125001 0.31328125 0.89305555625 0.30859375 0.88055555625 0.30859375 0.86944444375 0.2984375 0.859722221875 0.28046875 0.852777778125 0.27421875 0.8444444437499999 0.26328125 0.8444444437499999 0.26171875 0.93194444375 0.31796875 0.95555555625 0.32265625 0.952777778125 0.3234375 0.9444444437499999 0.325 0.9069444437499999