1 0.39453125 0.2888888890625 0.3953125 0.2833333328125 0.38671875 0.259722221875 0.38515625 0.24305555625 0.38515625 0.222222221875 0.38984375 0.19444444375 0.38984375 0.14305555625 0.384375 0.1263888890625 0.384375 0.10555555624999999 0.375 0.1041666671875 0.371875 0.1111111109375 0.371875 0.2541666671875 0.36875 0.259722221875 0.3578125 0.259722221875 0.3578125 0.26527777812500003 0.37109375 0.275 0.37578125 0.28611111093749997 0.38671875 0.2833333328125 0.39453125 0.2888888890625
1 0.43203125 0.2388888890625 0.4375 0.24305555625 0.4515625 0.25 0.46875 0.2513888890625 0.46875 0.24305555625 0.4609375 0.2388888890625 0.45390625 0.22916666718749998 0.45390625 0.1861111109375 0.45625 0.165277778125 0.4546875 0.09305555625 0.45 0.08055555625000001 0.4453125 0.08194444375 0.4421875 0.090277778125 0.4421875 0.1541666671875 0.43984375 0.165277778125 0.4421875 0.184722221875 0.44140625 0.21944444375 0.43828125 0.22638888906250001 0.4296875 0.22638888906250001 0.4296875 0.23194444375 0.43203125 0.2388888890625
6 0.7078125 0.2833333328125 0.7203125 0.2833333328125 0.73046875 0.26805555625 0.7328125 0.275 0.7375 0.27777777812500004 0.7625 0.275 0.7640625 0.23611111093749998 0.76171875 0.2166666671875 0.7546875 0.197222221875 0.73671875 0.1888888890625 0.7328125 0.17916666718750002 0.73125 0.1611111109375 0.72734375 0.15555555625 0.69140625 0.15 0.6796875 0.165277778125 0.6625 0.1666666671875 0.65625 0.17361111093749998 0.65546875 0.18055555625 0.65390625 0.20972222187499998 0.6625 0.240277778125 0.66796875 0.24305555625 0.68203125 0.2388888890625 0.69765625 0.24722222187499998 0.70078125 0.25555555625 0.70234375 0.275 0.7078125 0.2833333328125
6 0.63671875 0.222222221875 0.6328125 0.215277778125 0.628125 0.190277778125 0.60703125 0.1763888890625 0.5984375 0.1611111109375 0.575 0.1611111109375 0.56953125 0.175 0.5671875 0.190277778125 0.56640625 0.20833333281250002 0.56953125 0.22916666718749998 0.5765625 0.24305555625 0.5984375 0.259722221875 0.653125 0.25833333281250004 0.65703125 0.252777778125 0.65546875 0.23055555625 0.63671875 0.222222221875
7 0.8390625 0.1361111109375 0.8453125 0.1513888890625 0.89140625 0.15277777812499999 0.88515625 0.14305555625 0.85078125 0.12222222187500001 0.84296875 0.12222222187500001 0.83984375 0.13055555624999998 0.8390625 0.1361111109375
7 0.9625 0.10138888906250001 0.96875 0.0958333328125 0.9625 0.08333333281250001 0.9625 0.10138888906250001
7 0.9625 0.11805555625 0.96875 0.10833333281249999 0.9625 0.10138888906250001 0.9625 0.11805555625
7 0.93828125 0.072222221875 0.92421875 0.072222221875 0.90703125 0.08333333281250001 0.90625 0.11944444375 0.91796875 0.1263888890625 0.92421875 0.1263888890625 0.92578125 0.1208333328125 0.9484375 0.1208333328125 0.95390625 0.1041666671875 0.95390625 0.08333333281250001 0.93828125 0.072222221875
7 0.8578125 0.077777778125 0.85703125 0.08055555625000001 0.87578125 0.102777778125 0.88984375 0.11388888906250001 0.89609375 0.11388888906250001 0.89765625 0.08055555625000001 0.86875 0.07083333281250001 0.86171875 0.072222221875 0.8578125 0.077777778125
7 0.8859375 0.28055555625 0.8953125 0.27638888906250003 0.925 0.27777777812500004 0.93046875 0.2666666671875 0.93046875 0.23194444375 0.925 0.2208333328125 0.91640625 0.1833333328125 0.90625 0.16944444375 0.88046875 0.15555555625 0.85625 0.15555555625 0.85078125 0.15972222187500001 0.84765625 0.15555555625 0.8328125 0.1541666671875 0.81875 0.15555555625 0.815625 0.1708333328125 0.8140625 0.18055555625 0.81953125 0.2236111109375 0.828125 0.22916666718749998 0.83828125 0.2138888890625 0.8484375 0.2166666671875 0.85078125 0.23611111093749998 0.878125 0.25833333281250004 0.8859375 0.28055555625
7 0.19765625 0.18194444375000002 0.20546875 0.172222221875 0.2046875 0.147222221875 0.18984375 0.13333333281249998 0.1796875 0.11805555625 0.16875 0.109722221875 0.1546875 0.10833333281249999 0.14375 0.11944444375 0.1375 0.13194444375 0.14296875 0.134722221875 0.13984375 0.15555555625 0.1421875 0.1611111109375 0.14453125 0.19444444375 0.165625 0.1888888890625 0.19296875 0.19583333281249998 0.19765625 0.18194444375000002
7 0.29765625 0.17361111093749998 0.303125 0.1916666671875 0.32109375 0.19444444375 0.3265625 0.1888888890625 0.33359375 0.16388888906250001 0.3484375 0.15555555625 0.35546875 0.1583333328125 0.36484375 0.1458333328125 0.36875 0.15 0.36875 0.1125 0.37109375 0.10694444375 0.38046875 0.10138888906250001 0.3796875 0.0388888890625 0.375 0.0375 0.36484375 0.04444444375 0.35546875 0.055555556250000006 0.34375 0.052777778124999994 0.3375 0.058333332812500006 0.33359375 0.05694444375 0.32890625 0.04305555625 0.2921875 0.047222221875 0.28125 0.055555556250000006 0.2796875 0.075 0.2765625 0.077777778125 0.27890625 0.08194444375 0.2765625 0.0861111109375 0.275 0.10694444375 0.275 0.1611111109375 0.28046875 0.16944444375 0.28203125 0.177777778125 0.28671875 0.17361111093749998 0.29765625 0.17361111093749998
7 0.44140625 0.1375 0.44140625 0.0916666671875 0.4453125 0.08055555625000001 0.45390625 0.084722221875 0.45703125 0.09444444375 0.45625 0.177777778125 0.4609375 0.177777778125 0.46953125 0.1666666671875 0.478125 0.1291666671875 0.478125 0.0458333328125 0.475 0.015277778124999999 0.46171875 0.006944443749999999 0.42734375 0.006944443749999999 0.3953125 0.0208333328125 0.3890625 0.030555556249999997 0.38828125 0.1166666671875 0.39765625 0.134722221875 0.39375 0.15277777812499999 0.39921875 0.1611111109375 0.4015625 0.18055555625 0.42109375 0.1833333328125 0.4359375 0.16388888906250001 0.44140625 0.1375
7 0.99375 0.27777777812500004 0.99921875 0.272222221875 0.99921875 0.21944444375 0.99375 0.21805555625 0.98828125 0.23194444375 0.9875 0.26944444375 0.99375 0.27777777812500004
7 0.971875 0.24305555625 0.975 0.20555555625 0.96953125 0.197222221875 0.92890625 0.16944444375 0.91953125 0.1708333328125 0.91953125 0.1916666671875 0.92265625 0.19444444375 0.925 0.2125 0.9328125 0.23611111093749998 0.9375 0.240277778125 0.953125 0.23611111093749998 0.96875 0.24722222187499998 0.971875 0.24305555625
7 0.9375 0.12222222187500001 0.9265625 0.12222222187500001 0.925 0.13055555624999998 0.9390625 0.14305555625 0.953125 0.14444444375 0.9640625 0.1541666671875 0.98046875 0.15972222187500001 0.97890625 0.1458333328125 0.95625 0.13055555624999998 0.9375 0.12222222187500001
7 0.79296875 0.1513888890625 0.79453125 0.1416666671875 0.79140625 0.11805555625 0.796875 0.10833333281249999 0.79765625 0.0958333328125 0.7875 0.09444444375 0.78828125 0.102777778125 0.79296875 0.1111111109375 0.78828125 0.115277778125 0.78515625 0.13194444375 0.78046875 0.1375 0.7859375 0.1513888890625 0.790625 0.15277777812499999 0.79296875 0.1513888890625
7 0.77109375 0.0888888890625 0.7671875 0.08055555625000001 0.75078125 0.075 0.7484375 0.0861111109375 0.7484375 0.115277778125 0.74453125 0.15555555625 0.75 0.1611111109375 0.76328125 0.15972222187500001 0.76875 0.15277777812499999 0.7703125 0.140277778125 0.76875 0.13055555624999998 0.77109375 0.0888888890625
7 0.734375 0.1583333328125 0.7375 0.1541666671875 0.73984375 0.0861111109375 0.73828125 0.06805555625000001 0.721875 0.058333332812500006 0.68125 0.04444444375 0.6765625 0.055555556250000006 0.6765625 0.097222221875 0.68046875 0.1041666671875 0.6859375 0.10555555624999999 0.69375 0.127777778125 0.7078125 0.14305555625 0.71875 0.1458333328125 0.7265625 0.15555555625 0.734375 0.1583333328125
4 0.14296875 0.1763888890625 0.1453125 0.19305555624999998 0.15390625 0.19583333281249998 0.15859375 0.184722221875 0.15625 0.1541666671875 0.15 0.1416666671875 0.14453125 0.140277778125 0.14296875 0.1763888890625