1 0.61015625 0.85 0.61484375 0.872222221875 0.615625 0.89444444375 0.625 0.8958333328125001 0.628125 0.8916666671875 0.6296875 0.88055555625 0.62734375 0.85694444375 0.628125 0.7458333328125 0.63125 0.7402777781250001 0.6421875 0.7402777781250001 0.6421875 0.734722221875 0.63125 0.727777778125 0.62421875 0.7138888890625 0.6140625 0.7180555562500001 0.60546875 0.7111111109375 0.6046875 0.7180555562500001 0.61328125 0.7430555562500001 0.6140625 0.7833333328125 0.61015625 0.80694444375 0.61015625 0.85
1 0.54375 0.8333333328125001 0.54609375 0.915277778125 0.553125 0.91944444375 0.5578125 0.909722221875 0.5578125 0.8583333328125 0.56015625 0.8416666671874999 0.55859375 0.7861111109375 0.56328125 0.7736111109375 0.56875 0.7763888890625 0.57109375 0.772222221875 0.56875 0.7638888890625 0.56171875 0.7569444437499999 0.5484375 0.75 0.53125 0.7486111109375 0.53125 0.7569444437499999 0.54296875 0.765277778125 0.54609375 0.777777778125 0.54375 0.8333333328125001
6 0.2359375 0.7569444437499999 0.23828125 0.7819444437499999 0.24609375 0.8027777781250001 0.2640625 0.8125 0.26875 0.8388888890624999 0.27265625 0.8444444437499999 0.30859375 0.85 0.31875 0.8361111109375001 0.33359375 0.8361111109375001 0.34296875 0.8291666671875 0.3453125 0.8138888890624999 0.34609375 0.7888888890625 0.3421875 0.76944444375 0.3375 0.7597222218749999 0.3171875 0.7611111109375 0.30234375 0.752777778125 0.29765625 0.725 0.2921875 0.7166666671875 0.27734375 0.7180555562500001 0.26953125 0.73194444375 0.2671875 0.725 0.2625 0.722222221875 0.23984375 0.7208333328125 0.2375 0.725 0.2359375 0.7569444437499999
6 0.425 0.8388888890624999 0.43125 0.8208333328125 0.43359375 0.8041666671875 0.43125 0.7736111109375 0.4234375 0.7583333328124999 0.41484375 0.75 0.4015625 0.7402777781250001 0.346875 0.7416666671875001 0.34296875 0.7486111109375 0.3453125 0.76944444375 0.36328125 0.777777778125 0.3671875 0.784722221875 0.37265625 0.8111111109375001 0.390625 0.8208333328125 0.40078125 0.8388888890624999 0.425 0.8388888890624999
7 0.1203125 0.8444444437499999 0.114453125 0.8458333328125001 0.11328125 0.8541666671874999 0.10859375 0.847222221875 0.1140625 0.85694444375 0.13359375 0.86944444375 0.16328125 0.8791666671874999 0.1625 0.8652777781250001 0.15546875 0.8486111109375001 0.13984375 0.85 0.1203125 0.8444444437499999
7 0.0375 0.9166666671874999 0.0359375 0.909722221875 0.03828125 0.9041666671874999 0.03828125 0.8819444437499999 0.0328125 0.8847222218749999 0.0296875 0.89444444375 0.0296875 0.902777778125 0.0375 0.9166666671874999
7 0.075 0.872222221875 0.07109375 0.877777778125 0.05078125 0.88055555625 0.04609375 0.9041666671874999 0.04609375 0.915277778125 0.0484375 0.91944444375 0.0625 0.9277777781250001 0.0765625 0.9277777781250001 0.09296875 0.9166666671874999 0.09375 0.88055555625 0.08046875 0.872222221875 0.075 0.872222221875
7 0.125 0.897222221875 0.10390625 0.8847222218749999 0.103125 0.91944444375 0.13203125 0.9291666671875 0.1421875 0.922222221875 0.14296875 0.91944444375 0.125 0.897222221875
7 0.07578125 0.722222221875 0.06953125 0.734722221875 0.06953125 0.7666666671875 0.07421875 0.7763888890625 0.08359375 0.8166666671874999 0.09375 0.83055555625 0.11953125 0.8444444437499999 0.14375 0.8444444437499999 0.146875 0.840277778125 0.15234375 0.8444444437499999 0.18046875 0.8444444437499999 0.18359375 0.83194444375 0.1859375 0.81805555625 0.18203125 0.8 0.18203125 0.7805555562500001 0.178125 0.7736111109375 0.16875 0.772222221875 0.16171875 0.7833333328125 0.153125 0.7833333328125 0.15078125 0.7805555562500001 0.14921875 0.7638888890625 0.1359375 0.75 0.121875 0.7416666671875001 0.1140625 0.7194444437499999 0.1046875 0.7236111109375 0.07578125 0.722222221875
7 0.79453125 0.8291666671875 0.79609375 0.8541666671874999 0.828125 0.8888888890625 0.85 0.890277778125 0.86796875 0.8708333328125001 0.86796875 0.8652777781250001 0.8625 0.8652777781250001 0.8625 0.859722221875 0.86484375 0.859722221875 0.8546875 0.85 0.85703125 0.8444444437499999 0.86171875 0.8444444437499999 0.86328125 0.8388888890624999 0.8703125 0.8375 0.86796875 0.797222221875 0.83046875 0.809722221875 0.81484375 0.8027777781250001 0.8078125 0.8041666671875 0.79453125 0.8291666671875
7 0.63125 0.852777778125 0.63125 0.890277778125 0.61953125 0.9013888890624999 0.6203125 0.9625 0.6359375 0.95555555625 0.64453125 0.9444444437499999 0.65703125 0.9472222218749999 0.6625 0.940277778125 0.66640625 0.9416666671874999 0.671875 0.95694444375 0.71328125 0.95 0.71875 0.9444444437499999 0.71953125 0.9236111109375 0.7234375 0.9138888890624999 0.725 0.834722221875 0.7203125 0.83194444375 0.71796875 0.8222222218749999 0.703125 0.827777778125 0.6984375 0.8111111109375001 0.69375 0.8055555562500001 0.67734375 0.8055555562500001 0.67421875 0.8083333328125001 0.66796875 0.834722221875 0.6609375 0.8361111109375001 0.6578125 0.8416666671874999 0.646875 0.8416666671874999 0.63515625 0.8583333328125 0.63125 0.852777778125
7 0.5421875 0.9069444437499999 0.54453125 0.877777778125 0.54375 0.8208333328125 0.53359375 0.8236111109375001 0.521875 0.8708333328125001 0.521875 0.952777778125 0.525 0.975 0.5234375 0.984722221875 0.53515625 0.9930555562500001 0.56953125 0.99444444375 0.60390625 0.98055555625 0.6109375 0.9708333328125001 0.61171875 0.8833333328125 0.6046875 0.8652777781250001 0.60625 0.847222221875 0.6 0.8333333328125001 0.59921875 0.8208333328125 0.5890625 0.815277778125 0.57734375 0.8166666671874999 0.5703125 0.8222222218749999 0.56484375 0.8333333328125001 0.55859375 0.86944444375 0.55859375 0.9083333328125001 0.5546875 0.91944444375 0.54921875 0.91944444375 0.5421875 0.9069444437499999
7 0.0078125 0.727777778125 0.00078125 0.73055555625 0.00078125 0.7791666671875 0.00703125 0.7819444437499999 0.01171875 0.765277778125 0.0125 0.7333333328125 0.0078125 0.727777778125
7 0.08125 0.8111111109375001 0.07578125 0.797222221875 0.07421875 0.7833333328125 0.06484375 0.7611111109375 0.05546875 0.7597222218749999 0.0390625 0.76944444375 0.03671875 0.7611111109375 0.0296875 0.75555555625 0.02578125 0.772222221875 0.0265625 0.797222221875 0.03359375 0.8055555562500001 0.07109375 0.83055555625 0.08046875 0.8291666671875 0.08125 0.8111111109375001
7 0.01953125 0.840277778125 0.021875 0.85555555625 0.02734375 0.859722221875 0.05546875 0.875 0.07265625 0.877777778125 0.075 0.8708333328125001 0.0625 0.8583333328125 0.0453125 0.8541666671874999 0.03359375 0.8444444437499999 0.01953125 0.840277778125
7 0.20703125 0.8791666671874999 0.21328125 0.8791666671874999 0.21875 0.859722221875 0.21328125 0.8486111109375001 0.20703125 0.8486111109375001 0.20703125 0.8791666671874999
7 0.21015625 0.884375 0.003125 0.0015625
7 0.20703125 0.890277778125 0.20234375 0.9 0.20546875 0.9055555562500001 0.21171875 0.9055555562500001 0.20703125 0.890277778125
7 0.24765625 0.925 0.25078125 0.9236111109375 0.2515625 0.9125 0.2546875 0.8416666671874999 0.23671875 0.840277778125 0.23125 0.8486111109375001 0.22734375 0.9111111109375001 0.2328125 0.91944444375 0.24765625 0.925
7 0.30625 0.8708333328125001 0.2734375 0.8444444437499999 0.265625 0.8416666671874999 0.2625 0.8458333328125001 0.26015625 0.915277778125 0.26171875 0.93194444375 0.3078125 0.952777778125 0.31953125 0.9541666671875 0.3234375 0.9444444437499999 0.32265625 0.9 0.3140625 0.89444444375 0.30625 0.8708333328125001
4 0.81328125 0.8708333328125001 0.80703125 0.8625 0.8 0.859722221875 0.80078125 0.8819444437499999 0.81015625 0.89444444375 0.8140625 0.8819444437499999 0.81328125 0.8708333328125001