2 0.5791666671875 0.0359375 0.58194444375 0.02578125 0.5763888890625 0.02421875 0.5375 0.025 0.5305555562500001 0.0296875 0.534722221875 0.04296875 0.5513888890625 0.046875 0.5583333328125 0.03828125 0.5791666671875 0.0359375
1 0.89305555625 0.3859375 0.8958333328125001 0.38046875 0.89444444375 0.37265625 0.8847222218749999 0.3703125 0.85 0.37265625 0.7458333328125 0.37265625 0.7402777781250001 0.36875 0.7402777781250001 0.3609375 0.734722221875 0.359375 0.7291666671875 0.3671875 0.7138888890625 0.375 0.7166666671875 0.38671875 0.709722221875 0.39453125 0.7166666671875 0.3953125 0.7402777781250001 0.38671875 0.7569444437499999 0.3859375 0.8847222218749999 0.3875 0.89305555625 0.3859375
1 0.8513888890624999 0.45390625 0.915277778125 0.4546875 0.9138888890624999 0.44375 0.909722221875 0.44296875 0.7833333328125 0.4421875 0.772222221875 0.4375 0.7736111109375 0.43125 0.76944444375 0.4296875 0.7611111109375 0.4328125 0.7569444437499999 0.43828125 0.7486111109375 0.46796875 0.75555555625 0.46953125 0.7638888890625 0.45703125 0.777777778125 0.45390625 0.815277778125 0.45390625 0.827777778125 0.45625 0.8444444437499999 0.45625 0.8513888890624999 0.45390625
6 0.7833333328125 0.7625 0.8027777781250001 0.75546875 0.8083333328125001 0.75 0.8083333328125001 0.73828125 0.8125 0.73515625 0.8416666671874999 0.73046875 0.8486111109375001 0.71171875 0.85 0.6921875 0.834722221875 0.68125 0.8333333328125001 0.6703125 0.8236111109375001 0.665625 0.8236111109375001 0.6625 0.8291666671875 0.6609375 0.8208333328125 0.65625 0.7819444437499999 0.65625 0.7597222218749999 0.6625 0.7583333328124999 0.6859375 0.752777778125 0.69765625 0.727777778125 0.70234375 0.7180555562500001 0.7078125 0.715277778125 0.72109375 0.727777778125 0.7296875 0.7208333328125 0.73828125 0.722222221875 0.759375 0.727777778125 0.76328125 0.7597222218749999 0.7640625 0.777777778125 0.76015625 0.7833333328125 0.7625
6 0.8388888890624999 0.57578125 0.8194444437499999 0.56875 0.8027777781250001 0.56640625 0.7736111109375 0.56875 0.7541666671875 0.58203125 0.7402777781250001 0.60546875 0.7416666671875001 0.65 0.7486111109375 0.65703125 0.7638888890625 0.65703125 0.7708333328125 0.6546875 0.7819444437499999 0.634375 0.79444444375 0.6375 0.8111111109375001 0.63671875 0.8236111109375001 0.609375 0.840277778125 0.5984375 0.8388888890624999 0.57578125
7 0.73194444375 0.93046875 0.7666666671875 0.93046875 0.7736111109375 0.9265625 0.8166666671874999 0.91640625 0.827777778125 0.909375 0.8444444437499999 0.88515625 0.8458333328125001 0.86484375 0.8416666671874999 0.85078125 0.8458333328125001 0.84140625 0.8444444437499999 0.81953125 0.8263888890625 0.815625 0.80694444375 0.8140625 0.797222221875 0.81796875 0.7763888890625 0.8203125 0.76944444375 0.83125 0.7819444437499999 0.83671875 0.7819444437499999 0.84609375 0.7638888890625 0.85078125 0.7416666671875001 0.87890625 0.7236111109375 0.88203125 0.7194444437499999 0.88671875 0.7194444437499999 0.89375 0.7236111109375 0.89609375 0.7208333328125 0.921875 0.73194444375 0.93046875
7 0.76805555625 0.9890625 0.73194444375 0.98828125 0.725 0.98984375 0.7208333328125 0.99453125 0.7236111109375 0.99921875 0.7805555562500001 0.99921875 0.7819444437499999 0.99296875 0.76805555625 0.9890625
7 0.8263888890625 0.91953125 0.8083333328125001 0.91953125 0.8041666671875 0.9234375 0.7958333328125 0.925 0.7916666671875 0.93046875 0.76944444375 0.93046875 0.7611111109375 0.93515625 0.7597222218749999 0.946875 0.7638888890625 0.95234375 0.75 0.96953125 0.7736111109375 0.975 0.797222221875 0.9734375 0.83055555625 0.928125 0.83055555625 0.921875 0.8263888890625 0.91953125
7 0.8416666671874999 0.978125 0.852777778125 0.975 0.86944444375 0.95546875 0.875 0.93984375 0.8736111109375001 0.92734375 0.86944444375 0.9265625 0.85694444375 0.94296875 0.85694444375 0.9484375 0.8416666671874999 0.96953125 0.8416666671874999 0.978125
7 0.8708333328125001 0.7953125 0.8847222218749999 0.79140625 0.8833333328125 0.7859375 0.8708333328125001 0.78515625 0.8611111109375 0.7796875 0.85694444375 0.78515625 0.847222221875 0.7859375 0.847222221875 0.7921875 0.8708333328125001 0.7953125
7 0.89444444375 0.79765625 0.902777778125 0.7984375 0.9069444437499999 0.79609375 0.9069444437499999 0.78828125 0.9 0.78828125 0.8847222218749999 0.7953125 0.8861111109375001 0.796875 0.89305555625 0.79296875 0.89444444375 0.79765625
7 0.9277777781250001 0.75 0.840277778125 0.7453125 0.840277778125 0.7640625 0.8458333328125001 0.76875 0.8625 0.77109375 0.9055555562500001 0.77109375 0.91944444375 0.76640625 0.9277777781250001 0.75
7 0.952777778125 0.67890625 0.940277778125 0.6765625 0.9111111109375001 0.675 0.897222221875 0.6796875 0.89444444375 0.6859375 0.8847222218749999 0.690625 0.8708333328125001 0.6890625 0.85694444375 0.70546875 0.8541666671874999 0.7171875 0.8444444437499999 0.72578125 0.8444444437499999 0.7359375 0.9305555562500001 0.7390625 0.94305555625 0.7171875 0.9458333328125 0.7 0.95555555625 0.68203125 0.952777778125 0.67890625