2 0.01328125 0.43194444374999996 0.0140625 0.47222222187499996 0.01796875 0.477777778125 0.025 0.477777778125 0.0328125 0.46666666718750005 0.0296875 0.44444444375 0.02265625 0.425 0.01328125 0.43194444374999996
1 0.38515625 0.1513888890625 0.3828125 0.140277778125 0.3828125 0.10555555624999999 0.3796875 0.1 0.371875 0.102777778125 0.371875 0.2541666671875 0.35703125 0.2541666671875 0.36015625 0.25555555625 0.3631990140625 0.269078946875 0.36640625 0.2708333328125 0.36875 0.2791666671875 0.375 0.28611111093749997 0.3875 0.28055555625 0.40078125 0.2888888890625 0.4015625 0.28055555625 0.38828125 0.2666666671875 0.38515625 0.25555555625 0.3828125 0.20138888906250002 0.38515625 0.19305555624999998 0.3828125 0.1875 0.38515625 0.1513888890625
1 0.45234375 0.1763888890625 0.4546875 0.1708333328125 0.45390625 0.08333333281250001 0.44453125 0.08055555625000001 0.4421875 0.0861111109375 0.44140625 0.2166666671875 0.4390625 0.22777777812500002 0.4265625 0.22638888906250001 0.42578125 0.23055555625 0.428125 0.23333333281250002 0.43125 0.22777777812500002 0.43203125 0.240277778125 0.4375 0.24305555625 0.45234375 0.25 0.46875 0.2513888890625 0.46875 0.24305555625 0.45546875 0.23472222187499997 0.4515625 0.21805555625 0.45234375 0.1763888890625
6 0.7703125 0.3763888890625 0.76796875 0.38333333281250004 0.7625 0.384722221875 0.7640625 0.3916666671875 0.76796875 0.39444444375 0.775 0.38055555625 0.78125 0.334722221875 0.78203125 0.30694444375 0.77578125 0.3083333328125 0.77421875 0.34722222187499996 0.76953125 0.365277778125 0.7703125 0.3763888890625
6 0.7515625 0.39305555625 0.76015625 0.39027777812500003 0.76171875 0.2708333328125 0.75 0.2638888890625 0.74765625 0.23194444375 0.7390625 0.2236111109375 0.73203125 0.20972222187499998 0.728125 0.20972222187499998 0.72265625 0.21805555625 0.69296875 0.21944444375 0.67890625 0.24583333281250003 0.675 0.2416666671875 0.66796875 0.24583333281250003 0.65625 0.26805555625 0.65390625 0.2833333328125 0.65390625 0.31805555625 0.65703125 0.325 0.6671875 0.3333333328125 0.68671875 0.33055555625 0.69140625 0.334722221875 0.7 0.35972222187499997 0.70546875 0.36666666718749996 0.70859375 0.3888888890625 0.7140625 0.3958333328125 0.71953125 0.40138888906250003 0.73125 0.4 0.74375 0.3791666671875 0.7515625 0.39305555625
6 0.77890625 0.24583333281250003 0.77734375 0.2708333328125 0.78203125 0.27638888906250003 0.7859375 0.26944444375 0.7875 0.2513888890625 0.78671875 0.23194444375 0.78203125 0.22638888906250001 0.77890625 0.24583333281250003
6 0.78125 0.1666666671875 0.77578125 0.16388888906250001 0.775 0.16805555625 0.78125 0.1666666671875
6 0.70859375 0.0958333328125 0.7015625 0.10555555624999999 0.6984375 0.14305555625 0.6875 0.15 0.69296875 0.165277778125 0.71015625 0.177777778125 0.71953125 0.20277777812500003 0.73515625 0.20833333281250002 0.753125 0.240277778125 0.76484375 0.24305555625 0.7671875 0.22916666718749998 0.76875 0.16944444375 0.76015625 0.15277777812499999 0.7546875 0.109722221875 0.72109375 0.09444444375 0.70859375 0.0958333328125
6 0.59765625 0.15972222187500001 0.5765625 0.15972222187500001 0.5703125 0.16805555625 0.5671875 0.1861111109375 0.56640625 0.215277778125 0.56953125 0.22638888906250001 0.5765625 0.2416666671875 0.59453125 0.25694444375000003 0.65 0.259722221875 0.6546875 0.25833333281250004 0.6578125 0.2513888890625 0.6546875 0.23055555625 0.6359375 0.2208333328125 0.63515625 0.20555555625 0.63125 0.20277777812500003 0.62734375 0.1875 0.6046875 0.17361111093749998 0.59765625 0.15972222187500001
7 0.97890625 0.3236111109375 0.97890625 0.3416666671875 0.99921875 0.34027777812500004 0.99921875 0.26805555625 0.9921875 0.25833333281250004 0.98671875 0.2611111109375 0.9828125 0.27777777812500004 0.97890625 0.3236111109375
7 0.90703125 0.29444444375 0.9203125 0.322222221875 0.925 0.32777777812500003 0.940625 0.33055555625 0.95 0.3513888890625 0.9578125 0.35555555625 0.96796875 0.29305555625 0.96953125 0.24583333281250003 0.9421875 0.23194444375 0.93046875 0.23194444375 0.925 0.23611111093749998 0.91328125 0.25694444375000003 0.9078125 0.28611111093749997 0.90703125 0.29444444375
7 0.9140625 0.24722222187499998 0.9265625 0.23055555625 0.91640625 0.1833333328125 0.9109375 0.17361111093749998 0.8921875 0.15972222187500001 0.86640625 0.1541666671875 0.85625 0.15555555625 0.853125 0.15972222187500001 0.84375 0.15555555625 0.8171875 0.1583333328125 0.8140625 0.190277778125 0.8203125 0.22638888906250001 0.828125 0.22916666718749998 0.83671875 0.21805555625 0.84609375 0.21805555625 0.85078125 0.23611111093749998 0.878125 0.25833333281250004 0.88125 0.275 0.88671875 0.28055555625 0.8921875 0.28055555625 0.89609375 0.275 0.90625 0.27638888906250003 0.91171875 0.2638888890625 0.9140625 0.24722222187499998
7 0.99375 0.25694444375000003 0.99921875 0.252777778125 0.99921875 0.22916666718749998 0.99375 0.222222221875 0.98984375 0.22638888906250001 0.98828125 0.2541666671875 0.99375 0.25694444375000003
7 0.9703125 0.2416666671875 0.97421875 0.20555555625 0.96953125 0.197222221875 0.92890625 0.16944444375 0.91875 0.1708333328125 0.91796875 0.1861111109375 0.92421875 0.20277777812500003 0.9296875 0.20833333281250002 0.93203125 0.22916666718749998 0.9703125 0.2416666671875
7 0.95625 0.15555555625 0.971875 0.16388888906250001 0.97890625 0.15972222187500001 0.9765625 0.147222221875 0.96015625 0.13333333281249998 0.94375 0.125 0.9314453125 0.125 0.93046875 0.13194444375 0.92734375 0.125 0.925 0.1291666671875 0.94609375 0.14305555625 0.95625 0.15555555625
7 0.859375 0.1513888890625 0.87578125 0.1541666671875 0.884375 0.15 0.87265625 0.134722221875 0.85625 0.127777778125 0.853125 0.12222222187500001 0.83828125 0.12222222187500001 0.83671875 0.134722221875 0.83984375 0.1513888890625 0.853125 0.15555555625 0.859375 0.1513888890625
7 0.89453125 0.10138888906250001 0.89765625 0.0916666671875 0.89609375 0.08055555625000001 0.871875 0.07083333281250001 0.85703125 0.0736111109375 0.85625 0.08055555625000001 0.875 0.1041666671875 0.8890625 0.11388888906250001 0.8953125 0.1111111109375 0.89453125 0.10138888906250001
4 0 0.272222221875 0.00625 0.272222221875 0.01171875 0.2708333328125 0.01640625 0.2611111109375 0.0171875 0.222222221875 0.01484375 0.2125 0.01875 0.1763888890625 0.015625 0.16805555625 0.0015625 0.1708333328125 0 0.1888888890625 0.003125 0.2 0.00625 0.2416666671875 0 0.259722221875 0 0.272222221875