2 0.42222222187499997 0.96328125 0.41805555625 0.96640625 0.41944444374999995 0.975 0.459722221875 0.975 0.46944444374999994 0.96875 0.46388888906250003 0.95859375 0.45555555625000005 0.95703125 0.4361111109375 0.9625 0.42222222187499997 0.96328125
1 0.19444444375 0.61015625 0.1888888890625 0.6140625 0.115277778125 0.61328125 0.10694444375 0.61484375 0.102777778125 0.61953125 0.102777778125 0.6265625 0.11388888906250001 0.6296875 0.15694444375 0.62734375 0.2513888890625 0.62734375 0.259722221875 0.63125 0.259722221875 0.63984375 0.26527777812500003 0.640625 0.27638888906250003 0.62890625 0.2888888890625 0.62421875 0.2833333328125 0.6140625 0.290277778125 0.60625 0.2833333328125 0.6046875 0.2638888890625 0.6125 0.2416666671875 0.6140625 0.20416666718749998 0.6140625 0.19444444375 0.61015625
1 0.0861111109375 0.5453125 0.08333333281250001 0.55078125 0.0875 0.55703125 0.2166666671875 0.5578125 0.22777777812500002 0.56171875 0.22638888906250001 0.56875 0.23055555625 0.5703125 0.2388888890625 0.5671875 0.24305555625 0.56171875 0.2513888890625 0.53125 0.24444444375000002 0.53125 0.23611111093749998 0.54296875 0.225 0.54609375 0.20416666718749998 0.54765625 0.172222221875 0.54375 0.14305555625 0.54609375 0.0861111109375 0.5453125
6 0.21805555625 0.2390625 0.2166666671875 0.2359375 0.1916666671875 0.25 0.190277778125 0.26328125 0.18055555625 0.2671875 0.1583333328125 0.26953125 0.15 0.30859375 0.165277778125 0.31875 0.1666666671875 0.3296875 0.1763888890625 0.3359375 0.16944444375 0.3390625 0.177777778125 0.34375 0.21805555625 0.34375 0.2416666671875 0.33671875 0.2416666671875 0.31484375 0.24722222187499998 0.3015625 0.272222221875 0.29765625 0.28055555625 0.29375 0.28472222187499996 0.2875 0.2833333328125 0.278125 0.272222221875 0.2703125 0.2791666671875 0.2625 0.2791666671875 0.2453125 0.275 0.2375 0.2388888890625 0.2359375 0.21805555625 0.2390625
6 0.15972222187500001 0.4015625 0.15972222187500001 0.42265625 0.18055555625 0.43125 0.197222221875 0.43359375 0.22638888906250001 0.43125 0.23055555625 0.4265625 0.240277778125 0.4234375 0.25555555625 0.40546875 0.259722221875 0.39453125 0.25833333281250004 0.35 0.2513888890625 0.34296875 0.22916666718749998 0.3453125 0.21944444375 0.365625 0.20555555625 0.36328125 0.190277778125 0.3640625 0.17361111093749998 0.39375 0.15972222187500001 0.4015625
7 0.1513888890625 0.15625 0.1513888890625 0.11796875 0.15555555625 0.11171875 0.15277777812499999 0.10703125 0.147222221875 0.11015625 0.14305555625 0.12421875 0.134722221875 0.12734375 0.1208333328125 0.15 0.12222222187500001 0.16328125 0.13194444375 0.16640625 0.1416666671875 0.15859375 0.1513888890625 0.15625
7 0.097222221875 0.02734375 0.090277778125 0.0375 0.11805555625 0.03671875 0.115277778125 0.03203125 0.102777778125 0.02578125 0.097222221875 0.02734375
7 0.1291666671875 0.0703125 0.125 0.06875 0.125 0.05703125 0.115277778125 0.04609375 0.0958333328125 0.04375 0.08194444375 0.046875 0.072222221875 0.06171875 0.072222221875 0.0765625 0.08333333281250001 0.0921875 0.11944444375 0.09375 0.125 0.0875 0.1291666671875 0.0703125
7 0.09305555625 0.10234375 0.08055555625000001 0.10390625 0.07083333281250001 0.1296875 0.07083333281250001 0.13671875 0.07638888906249999 0.1421875 0.08194444375 0.1421875 0.102777778125 0.125 0.11388888906250001 0.1109375 0.11388888906250001 0.10546875 0.09305555625 0.10234375
7 0.23194444375 0.06953125 0.22638888906250001 0.0734375 0.1833333328125 0.08359375 0.16805555625 0.09609375 0.1541666671875 0.12265625 0.15555555625 0.14296875 0.16388888906250001 0.1484375 0.15555555625 0.15859375 0.15555555625 0.18125 0.16805555625 0.18359375 0.19444444375 0.184375 0.2208333328125 0.18125 0.22916666718749998 0.175 0.22777777812500002 0.165625 0.21805555625 0.16328125 0.21944444375 0.15234375 0.23611111093749998 0.14921875 0.25833333281250004 0.121875 0.27638888906250003 0.11796875 0.28055555625 0.11328125 0.27638888906250003 0.10390625 0.2791666671875 0.078125 0.26805555625 0.06953125 0.23194444375 0.06953125
7 0.21805555625 0.01015625 0.2708333328125 0.0125 0.27777777812500004 0.01015625 0.28055555625 0.00546875 0.27777777812500004 0.00078125 0.20833333281250002 0.00078125 0.20833333281250002 0.00546875 0.21805555625 0.01015625
7 0.175 0.08125 0.190277778125 0.08125 0.19444444375 0.07734375 0.21805555625 0.0703125 0.23055555625 0.06953125 0.2388888890625 0.06484375 0.2388888890625 0.046875 0.24722222187499998 0.03125 0.24305555625 0.02734375 0.2208333328125 0.0234375 0.20972222187499998 0.0234375 0.2 0.02734375 0.16944444375 0.07109375 0.16805555625 0.07734375 0.175 0.08125
7 0.13055555624999998 0.04453125 0.125 0.0578125 0.1263888890625 0.0734375 0.13055555624999998 0.07421875 0.15 0.04765625 0.15972222187500001 0.01953125 0.15277777812499999 0.01953125 0.14444444375 0.0234375 0.13055555624999998 0.04453125
7 0.1111111109375 0.2140625 0.1291666671875 0.21484375 0.1375 0.22109375 0.14305555625 0.21484375 0.1541666671875 0.21328125 0.1541666671875 0.209375 0.15277777812499999 0.20703125 0.13888888906250002 0.2046875 0.11805555625 0.20546875 0.097222221875 0.2015625 0.09444444375 0.2125 0.10694444375 0.21171875 0.1111111109375 0.2140625
7 0.0736111109375 0.25 0.1583333328125 0.2546875 0.15972222187500001 0.2359375 0.15555555625 0.23125 0.13888888906250002 0.22890625 0.0958333328125 0.22890625 0.077777778125 0.23828125 0.0736111109375 0.25
7 0.0916666671875 0.325 0.1041666671875 0.31953125 0.10555555624999999 0.3140625 0.115277778125 0.309375 0.1291666671875 0.309375 0.15555555625 0.27421875 0.15555555625 0.26328125 0.06944444375 0.2609375 0.059722221875 0.275 0.054166667187499996 0.3 0.04444444375 0.31796875 0.0458333328125 0.32109375 0.05694444375 0.3234375 0.0916666671875 0.325