0 0.1611111109375 0.47109375 0.1611111109375 0.490625 0.16944444375 0.49453125 0.3583333328125 0.49453125 0.35555555625 0.44921875 0.3625 0.42578125 0.35555555625 0.4203125 0.33888888906250003 0.41875 0.28472222187499996 0.42578125 0.26805555625 0.43125 0.2638888890625 0.4265625 0.252777778125 0.42421875 0.25 0.4328125 0.24305555625 0.4359375 0.18055555625 0.4515625 0.1666666671875 0.4578125 0.1611111109375 0.47109375
2 0.477777778125 0.975 0.46805555625000006 0.9671875 0.4486111109375 0.96875 0.425 0.9765625 0.43055555625 0.98671875 0.475 0.9859375 0.477777778125 0.975
1 0.1 0.61953125 0.1041666671875 0.6296875 0.2541666671875 0.628125 0.259722221875 0.63203125 0.259722221875 0.63828125 0.2541666671875 0.64296875 0.2625 0.64453125 0.2708333328125 0.63359375 0.28611111093749997 0.625 0.28055555625 0.61171875 0.2888888890625 0.6 0.28055555625 0.5984375 0.26805555625 0.61015625 0.25694444375000003 0.61484375 0.10555555624999999 0.6171875 0.1 0.61953125
1 0.08333333281250001 0.54609375 0.08194444375 0.55703125 0.1041666671875 0.56015625 0.2138888890625 0.55859375 0.22916666718749998 0.5625 0.22638888906250001 0.57265625 0.23055555625 0.57265625 0.2388888890625 0.56875 0.24305555625 0.5625 0.2513888890625 0.54296875 0.2513888890625 0.53125 0.24444444375000002 0.53046875 0.23611111093749998 0.54296875 0.2208333328125 0.54765625 0.17916666718750002 0.54765625 0.1708333328125 0.5453125 0.08333333281250001 0.54609375
6 0.197222221875 0.36328125 0.197222221875 0.36875 0.1875 0.37265625 0.1833333328125 0.38203125 0.17361111093749998 0.38828125 0.172222221875 0.3953125 0.15972222187500001 0.4015625 0.1611111109375 0.42578125 0.172222221875 0.43046875 0.1888888890625 0.4328125 0.2166666671875 0.43359375 0.22777777812500002 0.43046875 0.23333333281250002 0.425 0.24305555625 0.42265625 0.25694444375000003 0.40546875 0.25833333281250004 0.3484375 0.25 0.34296875 0.23055555625 0.3453125 0.2236111109375 0.3515625 0.222222221875 0.3625 0.215277778125 0.3671875 0.20694444375 0.36328125 0.20277777812500003 0.365625 0.197222221875 0.36328125
7 0.15555555625 0.14921875 0.1513888890625 0.14296875 0.15555555625 0.1078125 0.14444444375 0.11328125 0.140277778125 0.1234375 0.13055555624999998 0.1328125 0.127777778125 0.14375 0.11944444375 0.15078125 0.1208333328125 0.16328125 0.134722221875 0.1640625 0.1513888890625 0.16015625 0.15555555625 0.14921875
7 0.0916666671875 0.03828125 0.1291666671875 0.0390625 0.13194444375 0.03359375 0.11388888906250001 0.0265625 0.0958333328125 0.025 0.0861111109375 0.03359375 0.0861111109375 0.0375 0.0916666671875 0.03828125
7 0.10138888906250001 0.09375 0.11805555625 0.09453125 0.1208333328125 0.0921875 0.1291666671875 0.075 0.1208333328125 0.06875 0.1208333328125 0.05078125 0.11388888906250001 0.04765625 0.0888888890625 0.04609375 0.08055555625000001 0.04921875 0.07083333281250001 0.07109375 0.08194444375 0.09375 0.097222221875 0.09765625 0.10138888906250001 0.09375
7 0.0736111109375 0.14296875 0.08055555625000001 0.14375 0.1041666671875 0.125 0.11388888906250001 0.1125 0.11388888906250001 0.10234375 0.08055555625000001 0.10234375 0.06944444375 0.13359375 0.0736111109375 0.14296875
7 0.16805555625 0.09453125 0.15555555625 0.11484375 0.1541666671875 0.13984375 0.15972222187500001 0.14765625 0.15555555625 0.15703125 0.15555555625 0.18125 0.15972222187500001 0.18203125 0.184722221875 0.18046875 0.19583333281249998 0.1703125 0.20416666718749998 0.1671875 0.2166666671875 0.1515625 0.23472222187499997 0.15 0.240277778125 0.146875 0.25833333281250004 0.121875 0.27777777812500004 0.1171875 0.2791666671875 0.078125 0.2666666671875 0.06953125 0.23472222187499997 0.06953125 0.2208333328125 0.075 0.184722221875 0.0828125 0.16805555625 0.09453125
7 0.134722221875 0.20703125 0.1291666671875 0.20859375 0.13194444375 0.21171875 0.134722221875 0.20703125
7 0.097222221875 0.203125 0.09444444375 0.21171875 0.1041666671875 0.21171875 0.10694444375 0.2078125 0.115277778125 0.20703125 0.097222221875 0.203125
7 0.06944444375 0.15703125 0.052777778124999994 0.15859375 0.0513888890625 0.16328125 0.06805555625000001 0.16328125 0.06944444375 0.15703125
7 0.04305555625 0.1734375 0.04305555625 0.17578125 0.0513888890625 0.1734375 0.058333332812500006 0.17578125 0.05 0.17265625 0.04305555625 0.1734375
7 0.047222221875 0.21822890625000002 0.05 0.20703125 0.04444444375 0.2078125 0.0388888890625 0.22578125 0.04305555625 0.22734375 0.0388888890625 0.22890625 0.0416666671875 0.2328125 0.047222221875 0.22265625 0.0416666671875 0.22265625 0.0416666671875 0.21953125 0.047222221875 0.21822890625000002
7 0.17916666718750002 0.18671875 0.2541666671875 0.18984375 0.2541666671875 0.18359375 0.26805555625 0.18046875 0.26805555625 0.1625 0.275 0.15859375 0.2666666671875 0.153125 0.2541666671875 0.15234375 0.2486111109375 0.15546875 0.23611111093749998 0.1515625 0.2166666671875 0.16875 0.20277777812500003 0.16875 0.1888888890625 0.18046875 0.17361111093749998 0.1828125 0.17916666718750002 0.18671875
7 0.2125 0.2640625 0.222222221875 0.2609375 0.22638888906250001 0.25625 0.222222221875 0.24375 0.22916666718749998 0.23359375 0.21944444375 0.23125 0.19583333281249998 0.23125 0.1888888890625 0.2265625 0.18055555625 0.22578125 0.15555555625 0.23203125 0.1541666671875 0.240625 0.165277778125 0.25390625 0.1888888890625 0.26328125 0.2125 0.2640625
7 0.13888888906250002 0.2140625 0.14444444375 0.2171875 0.1888888890625 0.2203125 0.252777778125 0.2203125 0.25694444375000003 0.21328125 0.23472222187499997 0.209375 0.15555555625 0.2046875 0.140277778125 0.20859375 0.13888888906250002 0.2140625
7 0.21805555625 0.00859375 0.2375 0.0125 0.2736111109375 0.01171875 0.275 0.00078125 0.2208333328125 0.00078125 0.21805555625 0.00859375
7 0.20416666718749998 0.07578125 0.2125 0.06953125 0.23055555625 0.06953125 0.240277778125 0.06484375 0.2388888890625 0.046875 0.24583333281250003 0.0296875 0.222222221875 0.02578125 0.20555555625 0.02578125 0.197222221875 0.03046875 0.16944444375 0.071875 0.16944444375 0.08046875 0.190277778125 0.08046875 0.20416666718749998 0.07578125
7 0.125 0.06484375 0.13194444375 0.06875 0.125 0.06875 0.1263888890625 0.07421875 0.1291666671875 0.075 0.140277778125 0.0609375 0.14305555625 0.05234375 0.1513888890625 0.04765625 0.1611111109375 0.028125 0.18194444375000002 0.00625 0.18055555625 0.00390625 0.172222221875 0.0046875 0.172222221875 0.01328125 0.1666666671875 0.01796875 0.1513888890625 0.0203125 0.14305555625 0.02578125 0.125 0.05703125 0.125 0.06484375
7 0.16805555625 0.2578125 0.165277778125 0.2609375 0.16805555625 0.2625 0.16805555625 0.2578125
7 0.08333333281250001 0.23125 0.072222221875 0.24921875 0.0736111109375 0.2546875 0.1541666671875 0.25625 0.1583333328125 0.25 0.1513888890625 0.240625 0.1513888890625 0.23203125 0.13055555624999998 0.2296875 0.08333333281250001 0.23125
7 0.1 0.3234375 0.10555555624999999 0.3140625 0.115277778125 0.3078125 0.1375 0.3046875 0.15555555625 0.2859375 0.16805555625 0.2640625 0.1041666671875 0.2625 0.072222221875 0.2578125 0.058333332812500006 0.2765625 0.055555556250000006 0.2984375 0.04444444375 0.3171875 0.0458333328125 0.321875 0.055555556250000006 0.3234375 0.1 0.3234375
4 0.22638888906250001 0.84609375 0.2208333328125 0.84453125 0.197222221875 0.846875 0.1708333328125 0.84375 0.15555555625 0.8453125 0.1541666671875 0.85 0.17361111093749998 0.85703125 0.19583333281249998 0.85703125 0.21805555625 0.853125 0.22638888906250001 0.8546875 0.22638888906250001 0.84609375
4 0.8708333328125001 0.05625 0.85555555625 0.04609375 0.8388888890624999 0.03984375 0.7708333328125 0.0296875 0.74444444375 0.03203125 0.73055555625 0.02734375 0.722222221875 0.028125 0.7208333328125 0.03125 0.727777778125 0.03828125 0.70555555625 0.04296875 0.7111111109375 0.053125 0.7194444437499999 0.05625 0.75 0.0546875 0.765277778125 0.06015625 0.79305555625 0.0796875 0.797222221875 0.0765625 0.7958333328125 0.06484375 0.8013888890624999 0.0625 0.8166666671874999 0.0625 0.8666666671875 0.0703125 0.8791666671874999 0.075 0.88055555625 0.0796875 0.89444444375 0.0765625 0.9069444437499999 0.0859375 0.9138888890624999 0.0875 0.91805555625 0.084375 0.91944444375 0.0703125 0.9041666671874999 0.0625 0.8708333328125001 0.05625
4 0.43194444374999996 0.78125 0.4263888890625 0.7765625 0.415277778125 0.77578125 0.39027777812500003 0.7859375 0.3583333328125 0.78203125 0.322222221875 0.784375 0.3083333328125 0.78984375 0.3013888890625 0.80078125 0.30555555624999997 0.80390625 0.3166666671875 0.80234375 0.3236111109375 0.80859375 0.33055555625 0.8078125 0.3333333328125 0.80078125 0.34861111093749997 0.80078125 0.3583333328125 0.809375 0.365277778125 0.81015625 0.3638888890625 0.80078125 0.36805555624999997 0.7984375 0.397222221875 0.79765625 0.40694444374999994 0.79453125 0.42083333281249996 0.79453125 0.43055555625 0.7984375 0.425 0.79609375 0.43055555625 0.793359375 0.43194444374999996 0.78125