2 0.02890625 0.46805555625000006 0.03671875 0.46805555625000006 0.03828125 0.45694444375 0.0359375 0.42083333281249996 0.025 0.41944444374999995 0.025 0.459722221875 0.02890625 0.46805555625000006
1 0.39453125 0.2888888890625 0.39375 0.27777777812500004 0.38671875 0.26527777812500003 0.38515625 0.25 0.38515625 0.2208333328125 0.3890625 0.19444444375 0.3859375 0.177777778125 0.3890625 0.17361111093749998 0.3890625 0.1458333328125 0.384375 0.1263888890625 0.384375 0.109722221875 0.38046875 0.102777778125 0.3703125 0.10833333281249999 0.371875 0.2541666671875 0.36875 0.259722221875 0.3578125 0.259722221875 0.3578125 0.2638888890625 0.36796875 0.2708333328125 0.37734375 0.2888888890625 0.38515625 0.2833333328125 0.39453125 0.2888888890625
1 0.46953125 0.24583333281250003 0.46640625 0.240277778125 0.45546875 0.23333333281250002 0.45234375 0.2166666671875 0.45390625 0.17361111093749998 0.45625 0.16805555625 0.45390625 0.1416666671875 0.4546875 0.09444444375 0.45 0.08055555625000001 0.44296875 0.0861111109375 0.43984375 0.15694444375 0.4421875 0.2138888890625 0.4375 0.22638888906250001 0.43046875 0.22638888906250001 0.4296875 0.23055555625 0.43828125 0.24305555625 0.46796875 0.2513888890625 0.46953125 0.24583333281250003
6 0.6328125 0.2166666671875 0.6328125 0.20972222187499998 0.63671875 0.20416666718749998 0.63671875 0.197222221875 0.6328125 0.190277778125 0.6078125 0.1763888890625 0.59765625 0.1611111109375 0.5796875 0.1611111109375 0.57421875 0.165277778125 0.5703125 0.17361111093749998 0.5671875 0.19305555624999998 0.5671875 0.21944444375 0.575 0.2388888890625 0.5984375 0.259722221875 0.6515625 0.25833333281250004 0.65703125 0.2513888890625 0.65546875 0.23055555625 0.6359375 0.222222221875 0.6328125 0.2166666671875
6 0.71796875 0.28472222187499996 0.7296875 0.26944444375 0.7375 0.27777777812500004 0.7625 0.275 0.7640625 0.2416666671875 0.76171875 0.2166666671875 0.7515625 0.19583333281249998 0.73515625 0.1875 0.73046875 0.1583333328125 0.70703125 0.15 0.69140625 0.15 0.68125 0.16388888906250001 0.6609375 0.16805555625 0.65625 0.177777778125 0.6546875 0.20555555625 0.6578125 0.22916666718749998 0.6625 0.240277778125 0.68515625 0.2388888890625 0.6984375 0.24722222187499998 0.70078125 0.26805555625 0.70625 0.28194444375 0.71796875 0.28472222187499996
7 0.8921875 0.15277777812499999 0.88984375 0.147222221875 0.8734375 0.134722221875 0.85703125 0.1291666671875 0.84765625 0.1208333328125 0.83671875 0.1208333328125 0.83671875 0.13194444375 0.84453125 0.1513888890625 0.86640625 0.15 0.87265625 0.1541666671875 0.88671875 0.1541666671875 0.88828125 0.147222221875 0.8921875 0.15277777812499999
7 0.9734375 0.10138888906250001 0.9625 0.08333333281250001 0.96328125 0.11805555625 0.9734375 0.10138888906250001
7 0.9234375 0.072222221875 0.9125 0.077777778125 0.90703125 0.0861111109375 0.90625 0.11944444375 0.9203125 0.127777778125 0.92734375 0.12222222187500001 0.94921875 0.1208333328125 0.95390625 0.10555555624999999 0.95390625 0.08333333281250001 0.9390625 0.072222221875 0.9234375 0.072222221875
7 0.8578125 0.077777778125 0.85625 0.08055555625000001 0.875 0.102777778125 0.8890625 0.11388888906250001 0.89609375 0.11388888906250001 0.896875 0.08055555625000001 0.86875 0.07083333281250001 0.86171875 0.072222221875 0.8578125 0.077777778125
7 0.8453125 0.21805555625 0.84921875 0.222222221875 0.85078125 0.23611111093749998 0.878125 0.25833333281250004 0.88125 0.275 0.88671875 0.28055555625 0.8953125 0.27638888906250003 0.92421875 0.27777777812500004 0.9296875 0.26805555625 0.93046875 0.23194444375 0.925 0.2208333328125 0.915625 0.18194444375000002 0.909375 0.172222221875 0.88046875 0.15555555625 0.86484375 0.1541666671875 0.85625 0.15555555625 0.85390625 0.15972222187500001 0.84765625 0.15555555625 0.81875 0.15555555625 0.8140625 0.172222221875 0.8140625 0.1888888890625 0.8171875 0.19583333281249998 0.81640625 0.2125 0.8203125 0.22638888906250001 0.828125 0.22916666718749998 0.83671875 0.21805555625 0.8453125 0.21805555625
7 0.36875 0.16805555625 0.36875 0.109722221875 0.38046875 0.10138888906250001 0.37890625 0.0388888890625 0.36484375 0.04444444375 0.35546875 0.055555556250000006 0.3421875 0.052777778124999994 0.33671875 0.05694444375 0.328125 0.04305555625 0.29296875 0.047222221875 0.2828125 0.0513888890625 0.275 0.06944444375 0.27421875 0.1541666671875 0.28125 0.16805555625 0.296875 0.1708333328125 0.3109375 0.19305555624999998 0.32421875 0.1916666671875 0.33359375 0.16805555625 0.34375 0.172222221875 0.36875 0.16805555625
7 0.41953125 0.184722221875 0.43671875 0.16805555625 0.44140625 0.125 0.45546875 0.1263888890625 0.45625 0.17916666718750002 0.46015625 0.17916666718750002 0.46953125 0.16805555625 0.478125 0.125 0.478125 0.013888889062500001 0.4625 0.006944443749999999 0.42734375 0.006944443749999999 0.39453125 0.0208333328125 0.3890625 0.030555556249999997 0.3890625 0.0666666671875 0.39140625 0.075 0.38828125 0.0861111109375 0.38828125 0.1166666671875 0.39375 0.134722221875 0.39375 0.1541666671875 0.40390625 0.17916666718750002 0.41953125 0.184722221875
7 0.99375 0.272222221875 0.99921875 0.26805555625 0.99921875 0.21944444375 0.99296875 0.21805555625 0.98828125 0.23611111093749998 0.9875 0.26805555625 0.99375 0.272222221875
7 0.96015625 0.23611111093749998 0.96875 0.24583333281250003 0.971875 0.2416666671875 0.975 0.22638888906250001 0.9734375 0.20277777812500003 0.92890625 0.16944444375 0.921875 0.16805555625 0.91875 0.175 0.91875 0.190277778125 0.92265625 0.19583333281249998 0.9265625 0.21805555625 0.93515625 0.2388888890625 0.9421875 0.240277778125 0.953125 0.23472222187499997 0.95546875 0.2388888890625 0.96015625 0.23611111093749998
7 0.9625 0.134722221875 0.9359375 0.12222222187500001 0.92578125 0.125 0.925 0.1291666671875 0.9375 0.1416666671875 0.94453125 0.1458333328125 0.953125 0.14444444375 0.9671875 0.15555555625 0.98046875 0.15972222187500001 0.978125 0.1458333328125 0.9625 0.134722221875
7 0.79375 0.13055555624999998 0.79296875 0.1208333328125 0.78984375 0.11805555625 0.796875 0.10694444375 0.79765625 0.097222221875 0.7875 0.09444444375 0.79140625 0.1111111109375 0.78671875 0.11944444375 0.7859375 0.13055555624999998 0.78125 0.134722221875 0.78125 0.140277778125 0.7859375 0.15 0.79140625 0.1513888890625 0.79375 0.13055555624999998
7 0.7484375 0.0875 0.7453125 0.1583333328125 0.7625 0.15972222187500001 0.76875 0.1541666671875 0.77109375 0.0888888890625 0.7671875 0.08055555625000001 0.75390625 0.075 0.74921875 0.07638888906249999 0.7484375 0.0875
7 0.734375 0.1583333328125 0.73671875 0.1541666671875 0.7390625 0.0888888890625 0.7375 0.06805555625000001 0.71875 0.05694444375 0.68203125 0.04444444375 0.6765625 0.047222221875 0.67578125 0.058333332812500006 0.675 0.09305555625 0.67734375 0.10138888906250001 0.6859375 0.10694444375 0.6890625 0.127777778125 0.70625 0.14305555625 0.71953125 0.1458333328125 0.7265625 0.15555555625 0.734375 0.1583333328125