2 0.96953125 0.5527777781250001 0.9765625 0.575 0.98515625 0.5708333328124999 0.9875 0.5666666671875 0.9859375 0.5291666671875 0.98359375 0.5236111109375 0.975 0.522222221875 0.9671875 0.5319444437499999 0.96953125 0.5527777781250001
1 0.63046875 0.89444444375 0.628125 0.8222222218749999 0.6296875 0.7458333328125 0.6421875 0.7402777781250001 0.64296875 0.7333333328125 0.63359375 0.7291666671875 0.62421875 0.7111111109375 0.6203125 0.7111111109375 0.6171875 0.7194444437499999 0.6 0.7111111109375 0.5984375 0.7194444437499999 0.60390625 0.725 0.615625 0.75 0.6171875 0.8986111109375001 0.63046875 0.89444444375
6 0.21796875 0.8111111109375001 0.22109375 0.725 0.2171875 0.7236111109375 0.2125 0.734722221875 0.2109375 0.7791666671875 0.21171875 0.790277778125 0.215625 0.8 0.21328125 0.8166666671874999 0.21875 0.8194444437499999 0.21796875 0.83194444375 0.23125 0.834722221875 0.23046875 0.825 0.21796875 0.8111111109375001
6 0.26484375 0.765277778125 0.2609375 0.8013888890624999 0.2546875 0.809722221875 0.25 0.8027777781250001 0.2453125 0.7597222218749999 0.2359375 0.7583333328124999 0.23046875 0.8208333328125 0.2390625 0.83194444375 0.2375 0.8388888890624999 0.2421875 0.8583333328125 0.24453125 0.8875 0.25 0.89444444375 0.27421875 0.9041666671874999 0.29375 0.902777778125 0.2984375 0.89444444375 0.30078125 0.859722221875 0.31171875 0.8444444437499999 0.31640625 0.83055555625 0.3125 0.8222222218749999 0.3109375 0.772222221875 0.30546875 0.7611111109375 0.2921875 0.7583333328124999 0.28828125 0.7611111109375 0.28515625 0.7763888890625 0.28046875 0.784722221875 0.27578125 0.7805555562500001 0.2703125 0.765277778125 0.26953125 0.7541666671875 0.26484375 0.765277778125
7 0.0734375 0.76944444375 0.084375 0.81805555625 0.0890625 0.8263888890625 0.109375 0.8416666671874999 0.13828125 0.8458333328125001 0.146875 0.840277778125 0.15625 0.8444444437499999 0.18125 0.8444444437499999 0.1828125 0.840277778125 0.18359375 0.8194444437499999 0.1703125 0.8041666671875 0.1625 0.7861111109375 0.15078125 0.7833333328125 0.15 0.7708333328125 0.14453125 0.7569444437499999 0.121875 0.7416666671875001 0.1171875 0.722222221875 0.10859375 0.7194444437499999 0.10390625 0.7236111109375 0.09375 0.7236111109375 0.0890625 0.7333333328125 0.0859375 0.752777778125 0.0734375 0.76944444375
7 0.01953125 0.6944444437499999 0.02109375 0.659722221875 0.00078125 0.6611111109375 0.00078125 0.73194444375 0.00625 0.7402777781250001 0.01328125 0.7402777781250001 0.0171875 0.725 0.01953125 0.6944444437499999
7 0.0921875 0.7138888890625 0.0921875 0.7 0.0859375 0.6944444437499999 0.0796875 0.6777777781250001 0.075 0.672222221875 0.0578125 0.66805555625 0.05 0.6486111109375 0.04375 0.64444444375 0.03984375 0.652777778125 0.0328125 0.6958333328124999 0.03046875 0.7541666671875 0.05703125 0.76805555625 0.06953125 0.76805555625 0.08203125 0.7541666671875 0.0921875 0.7138888890625
7 0.2140625 0.8138888890624999 0.2140625 0.81805555625 0.22421875 0.8222222218749999 0.22578125 0.8194444437499999 0.2203125 0.8194444437499999 0.21796875 0.8041666671875 0.21484375 0.8041666671875 0.21796875 0.81805555625 0.2140625 0.8138888890624999
7 0.00703125 0.7430555562500001 0.00078125 0.74444444375 0.00078125 0.7708333328125 0.0078125 0.777777778125 0.01171875 0.7666666671875 0.0125 0.747222221875 0.00703125 0.7430555562500001
7 0.0296875 0.7583333328124999 0.02578125 0.79444444375 0.03046875 0.8027777781250001 0.07109375 0.83055555625 0.08046875 0.83055555625 0.08125 0.8125 0.07578125 0.7958333328125 0.0703125 0.790277778125 0.06796875 0.7708333328125 0.0296875 0.7583333328124999
7 0.0734375 0.86944444375 0.05390625 0.85694444375 0.04375 0.8444444437499999 0.025 0.8361111109375001 0.02109375 0.840277778125 0.02109375 0.8486111109375001 0.025 0.85555555625 0.03671875 0.8611111109375 0.03828125 0.8652777781250001 0.05703125 0.875 0.06875 0.875 0.0703125 0.86944444375 0.07265625 0.875 0.0734375 0.86944444375
7 0.11953125 0.847222221875 0.115625 0.8541666671874999 0.14921875 0.8791666671874999 0.15859375 0.8791666671874999 0.16171875 0.872222221875 0.16328125 0.8638888890624999 0.1609375 0.852777778125 0.15078125 0.8444444437499999 0.13828125 0.8486111109375001 0.11953125 0.847222221875
7 0.1234375 0.89444444375 0.10625 0.8861111109375001 0.10234375 0.91944444375 0.125 0.9291666671875 0.14296875 0.9277777781250001 0.14453125 0.91944444375 0.1234375 0.89444444375
4 0.2453125 0.7166666671875 0.25 0.7291666671875 0.24921875 0.79305555625 0.2515625 0.80694444375 0.25703125 0.8083333328125001 0.26015625 0.8041666671875 0.2625 0.7638888890625 0.26796875 0.7541666671875 0.27109375 0.7166666671875 0.275 0.70694444375 0.26484375 0.70694444375 0.26484375 0.7180555562500001 0.25859375 0.7291666671875 0.25234375 0.7180555562500001 0.25234375 0.7041666671875 0.25078125 0.7083333328125 0.246875 0.702777778125 0.2453125 0.7041666671875 0.25078125 0.715277778125 0.2453125 0.7166666671875