1 0.36640625 0.2708333328125 0.37578125 0.2888888890625 0.3796875 0.2888888890625 0.384375 0.28055555625 0.40078125 0.2888888890625 0.4015625 0.28055555625 0.384375 0.2513888890625 0.38203125 0.10555555624999999 0.38515625 0.10138888906250001 0.37734375 0.1 0.36953125 0.10555555624999999 0.371875 0.1208333328125 0.3703125 0.19305555624999998 0.37265625 0.20555555625 0.3703125 0.21805555625 0.3703125 0.25555555625 0.3578125 0.25833333281250004 0.35703125 0.26527777812500003 0.36640625 0.2708333328125
1 0.40546875 0.0953125 0.003125 0.0015625
6 0.78203125 0.27638888906250003 0.78671875 0.2666666671875 0.78828125 0.23611111093749998 0.7828125 0.21805555625 0.7796875 0.23055555625 0.77890625 0.272222221875 0.78203125 0.27638888906250003
6 0.78125 0.17890625 0.00078125 0.003125
6 0.7703125 0.1703125 0.00390625 0.0015625
6 0.784375 0.16944444375 0.78203125 0.16805555625 0.78125 0.1708333328125 0.784375 0.16944444375
6 0.7109375 0.240277778125 0.7171875 0.21805555625 0.72265625 0.21805555625 0.72890625 0.23194444375 0.73125 0.26805555625 0.7390625 0.27777777812500004 0.74296875 0.27777777812500004 0.75 0.2666666671875 0.75 0.24444444375000002 0.7546875 0.240277778125 0.76328125 0.24305555625 0.76640625 0.23611111093749998 0.76875 0.18055555625 0.76015625 0.16944444375 0.75703125 0.11805555625 0.75 0.10555555624999999 0.72578125 0.0958333328125 0.70859375 0.0958333328125 0.7015625 0.10694444375 0.6984375 0.14305555625 0.68828125 0.15555555625 0.68359375 0.16944444375 0.6875 0.177777778125 0.68828125 0.225 0.69453125 0.2388888890625 0.70625 0.24305555625 0.7109375 0.240277778125
7 0.99921875 0.33888888906250003 0.99921875 0.26805555625 0.99375 0.259722221875 0.9875 0.25833333281250004 0.9828125 0.27638888906250003 0.97890625 0.34027777812500004 0.99921875 0.33888888906250003
7 0.9671875 0.30416666718749996 0.96953125 0.24583333281250003 0.94296875 0.23194444375 0.93046875 0.23194444375 0.91796875 0.24583333281250003 0.91328125 0.259722221875 0.9078125 0.290277778125 0.909375 0.3 0.9234375 0.3263888890625 0.94140625 0.33055555625 0.94453125 0.34305555625 0.95234375 0.3541666671875 0.95703125 0.35555555625 0.9671875 0.30416666718749996
7 0.88515625 0.2791666671875 0.90625 0.27638888906250003 0.9109375 0.26805555625 0.9140625 0.25 0.9265625 0.23055555625 0.91640625 0.1833333328125 0.9109375 0.17361111093749998 0.890625 0.1583333328125 0.8625 0.1541666671875 0.85546875 0.15555555625 0.85078125 0.165277778125 0.84921875 0.15972222187500001 0.8390625 0.15555555625 0.8171875 0.1583333328125 0.81640625 0.17916666718750002 0.8375 0.2138888890625 0.84921875 0.2166666671875 0.85 0.22916666718749998 0.85546875 0.24305555625 0.878125 0.25833333281250004 0.88125 0.275 0.88515625 0.2791666671875
7 0.99921875 0.25555555625 0.99921875 0.22638888906250001 0.9953125 0.21805555625 0.99140625 0.21805555625 0.98828125 0.23472222187499997 0.9875 0.2541666671875 0.99921875 0.25555555625
7 0.96953125 0.197222221875 0.9296875 0.16944444375 0.91953125 0.16944444375 0.91875 0.1875 0.9296875 0.2138888890625 0.93046875 0.22777777812500002 0.95859375 0.23611111093749998 0.96796875 0.24305555625 0.971875 0.240277778125 0.97421875 0.20555555625 0.96953125 0.197222221875
7 0.95625 0.13055555624999998 0.9328125 0.12222222187500001 0.92578125 0.1263888890625 0.92578125 0.13055555624999998 0.946875 0.14305555625 0.95703125 0.15555555625 0.97265625 0.1611111109375 0.9796875 0.1583333328125 0.9796875 0.1513888890625 0.9765625 0.1458333328125 0.95625 0.13055555624999998
7 0.84609375 0.11944444375 0.8375 0.12222222187500001 0.83671875 0.13888888906250002 0.8390625 0.15 0.85 0.15555555625 0.88125 0.15 0.87890625 0.1416666671875 0.8671875 0.13055555624999998 0.8578125 0.1291666671875 0.84609375 0.11944444375
7 0.8734375 0.07083333281250001 0.8609375 0.07083333281250001 0.85703125 0.075 0.85703125 0.08194444375 0.875 0.1041666671875 0.8890625 0.11388888906250001 0.8953125 0.1111111109375 0.8953125 0.0986111109375 0.89765625 0.09444444375 0.89609375 0.08055555625000001 0.8734375 0.07083333281250001
4 0 0.4625 0.00390625 0.47222222187499996 0.00703125 0.5125 0.0125 0.5305555562500001 0.0109375 0.54305555625 0.0125 0.5388888890625 0.0171875 0.54305555625 0.0203125 0.5375 0.0203125 0.5291666671875 0.0140625 0.49583333281249997 0.01796875 0.49583333281249997 0.01953125 0.5013888890625 0.02421875 0.5041666671875 0.03125 0.51944444375 0.03515625 0.5166666671875 0.03515625 0.5097222218749999 0.0234375 0.477777778125 0.02265625 0.46388888906250003 0.0265625 0.45555555625000005 0.0234375 0.43055555625 0.01640625 0.41805555625 0.01015625 0.4138888890625 0.00546875 0.397222221875 0.003125 0.397222221875 0 0.4 0 0.4625
4 0.13671875 0.24722222187499998 0.1328125 0.2416666671875 0.13359375 0.27777777812500004 0.13671875 0.3125 0.1390625 0.3125 0.1390625 0.28101805625 0.13515625 0.2791666671875 0.1390625 0.2731486109375 0.1390625 0.26527777812500003 0.13671875 0.24722222187499998
4 0.56796875 0.7375 0.57421875 0.75 0.58984375 0.7375 0.5890625 0.73194444375 0.5828125 0.7263888890625 0.5828125 0.7180555562500001 0.58828125 0.7041666671875 0.58828125 0.6805555562500001 0.59140625 0.659722221875 0.58984375 0.6416666671875 0.5953125 0.602777778125 0.5890625 0.5694444437499999 0.59296875 0.5625 0.5953125 0.54305555625 0.59375 0.5333333328125 0.58671875 0.522222221875 0.58125 0.522222221875 0.57734375 0.5305555562500001 0.5796875 0.5527777781250001 0.56953125 0.5638888890625 0.565625 0.5791666671875 0.56328125 0.6513888890625 0.5671875 0.659722221875 0.571875 0.702777778125 0.56171875 0.7180555562500001 0.5515625 0.7263888890625 0.55078125 0.7361111109375 0.55625 0.747222221875 0.56796875 0.7375