1 0.15972222187500001 0.61484375 0.1541666671875 0.6109375 0.140277778125 0.6140625 0.109722221875 0.61328125 0.1041666671875 0.625 0.1166666671875 0.63046875 0.15972222187500001 0.62734375 0.25 0.62734375 0.2611111109375 0.6328125 0.259722221875 0.640625 0.26527777812500003 0.640625 0.272222221875 0.63125 0.2888888890625 0.6234375 0.2833333328125 0.61328125 0.290277778125 0.60625 0.28055555625 0.60546875 0.2638888890625 0.61328125 0.23472222187499997 0.61484375 0.20138888906250002 0.6125 0.15972222187500001 0.61484375
1 0.0861111109375 0.55703125 0.2166666671875 0.5578125 0.22638888906250001 0.5625 0.22638888906250001 0.56875 0.23055555625 0.5703125 0.2388888890625 0.5671875 0.24305555625 0.5609375 0.2513888890625 0.53203125 0.24305555625 0.53125 0.23333333281250002 0.54453125 0.215277778125 0.54765625 0.16805555625 0.54375 0.1458333328125 0.54609375 0.08333333281250001 0.5453125 0.0861111109375 0.55703125
6 0.19583333281249998 0.2453125 0.1875 0.26484375 0.1583333328125 0.26953125 0.147222221875 0.30546875 0.1513888890625 0.31171875 0.1666666671875 0.32109375 0.1666666671875 0.3296875 0.172222221875 0.334375 0.16805555625 0.3390625 0.17361111093749998 0.34375 0.2166666671875 0.34375 0.240277778125 0.33671875 0.2388888890625 0.3171875 0.24722222187499998 0.30234375 0.2541666671875 0.29921875 0.275 0.29765625 0.28472222187499996 0.28828125 0.2833333328125 0.27890625 0.2708333328125 0.27109375 0.27777777812500004 0.2625 0.275 0.2375 0.2388888890625 0.2359375 0.2166666671875 0.23828125 0.19583333281249998 0.2453125
6 0.1763888890625 0.390625 0.15972222187500001 0.4015625 0.1611111109375 0.42421875 0.18055555625 0.43125 0.19444444375 0.43359375 0.2236111109375 0.43125 0.23194444375 0.425 0.2416666671875 0.42265625 0.24444444375000002 0.41484375 0.25694444375000003 0.4046875 0.25833333281250004 0.35 0.2513888890625 0.34296875 0.22916666718749998 0.3453125 0.222222221875 0.36328125 0.2166666671875 0.36640625 0.20138888906250002 0.3625 0.190277778125 0.36328125 0.1763888890625 0.390625
7 0.1291666671875 0.1421875 0.12222222187500001 0.15 0.12361111093749999 0.15703125 0.1375 0.16015625 0.1513888890625 0.15546875 0.1541666671875 0.1078125 0.147222221875 0.11015625 0.13333333281249998 0.128125 0.1291666671875 0.1421875
7 0.1166666671875 0.0375 0.102777778125 0.03125 0.09305555625 0.03359375 0.090277778125 0.0375 0.1166666671875 0.0375
7 0.0958333328125 0.10234375 0.08055555625000001 0.10390625 0.072222221875 0.125 0.072222221875 0.13984375 0.07638888906249999 0.14296875 0.08055555625000001 0.14375 0.102777778125 0.12421875 0.11388888906250001 0.1109375 0.11388888906250001 0.1046875 0.0958333328125 0.10234375
7 0.1208333328125 0.07265625 0.12222222187500001 0.05078125 0.11805555625 0.04765625 0.08333333281250001 0.0453125 0.072222221875 0.059375 0.072222221875 0.0765625 0.0861111109375 0.09296875 0.11944444375 0.09375 0.125 0.0875 0.127777778125 0.078125 0.1208333328125 0.07265625
7 0.22638888906250001 0.0734375 0.1833333328125 0.08359375 0.172222221875 0.090625 0.15555555625 0.11953125 0.15555555625 0.14375 0.15972222187500001 0.146875 0.1541666671875 0.15859375 0.15555555625 0.18046875 0.1625 0.1828125 0.19305555624999998 0.184375 0.22638888906250001 0.1796875 0.22916666718749998 0.16875 0.21805555625 0.1625 0.21805555625 0.153125 0.23611111093749998 0.14921875 0.25833333281250004 0.121875 0.275 0.11875 0.28055555625 0.1140625 0.27638888906250003 0.10390625 0.2791666671875 0.07890625 0.2666666671875 0.06953125 0.23333333281250002 0.06953125 0.22638888906250001 0.0734375
7 0.51805555625 1 0.48472222187499997 0.99140625 0.45277777812500003 0.975 0.42083333281249996 0.975 0.41805555625 0.96953125 0.425 0.9640625 0.40972222187499996 0.95546875 0.40694444374999994 0.93984375 0.3791666671875 0.93828125 0.365277778125 0.91953125 0.34027777812500004 0.9203125 0.3166666671875 0.93359375 0.29305555625 0.934375 0.2888888890625 0.9375 0.24305555625 0.9390625 0.23472222187499997 0.94375 0.275 0.971875 0.28055555625 0.9796875 0.3 0.9890625 0.302777778125 1 0.51805555625 1
7 0.23611111093749998 0.01171875 0.26805555625 0.0125 0.275 0.01015625 0.27638888906250003 0.00546875 0.2708333328125 0.00078125 0.2208333328125 0.00078125 0.21805555625 0.00625 0.23611111093749998 0.01171875
7 0.1875 0.08203125 0.197222221875 0.0765625 0.2125 0.075 0.23611111093749998 0.0671875 0.240277778125 0.06328125 0.23611111093749998 0.03984375 0.24583333281250003 0.03125 0.2416666671875 0.028125 0.2138888890625 0.025 0.20277777812500003 0.0265625 0.16944444375 0.07109375 0.16805555625 0.078125 0.172222221875 0.08125 0.1875 0.08203125
7 0.14305555625 0.0234375 0.1263888890625 0.05390625 0.12361111093749999 0.07421875 0.13055555624999998 0.075 0.14305555625 0.06484375 0.1458333328125 0.04375 0.15555555625 0.0328125 0.15972222187500001 0.01953125 0.14305555625 0.0234375
7 0.1208333328125 0.2140625 0.13055555624999998 0.21484375 0.13888888906250002 0.2203125 0.1416666671875 0.21640625 0.1513888890625 0.21328125 0.1513888890625 0.20859375 0.1208333328125 0.20703125 0.1208333328125 0.2140625
7 0.0986111109375 0.21171875 0.109722221875 0.20703125 0.10555555624999999 0.203125 0.097222221875 0.20234375 0.09305555625 0.20859375 0.09305555625 0.21171875 0.0986111109375 0.21171875
7 0.07638888906249999 0.25078125 0.1583333328125 0.2546875 0.15972222187500001 0.23828125 0.15277777812499999 0.23125 0.1416666671875 0.2296875 0.0916666671875 0.22890625 0.08055555625000001 0.23359375 0.07638888906249999 0.25078125
7 0.09305555625 0.325 0.1041666671875 0.31953125 0.10694444375 0.31328125 0.11805555625 0.309375 0.127777778125 0.3109375 0.14305555625 0.29375 0.1458333328125 0.28203125 0.15555555625 0.27421875 0.15555555625 0.26328125 0.06805555625000001 0.2625 0.04444444375 0.31796875 0.0458333328125 0.32265625 0.0513888890625 0.3234375 0.09305555625 0.325