1 0.10555555624999999 0.62734375 0.1208333328125 0.6296875 0.2541666671875 0.628125 0.259722221875 0.63125 0.259722221875 0.640625 0.26527777812500003 0.6421875 0.28472222187499996 0.62421875 0.28194444375 0.6140625 0.2888888890625 0.60625 0.28472222187499996 0.6046875 0.259722221875 0.61328125 0.24583333281250003 0.6140625 0.215277778125 0.6140625 0.1916666671875 0.61015625 0.1041666671875 0.615625 0.10555555624999999 0.62734375
1 0.225 0.54609375 0.1888888890625 0.54609375 0.172222221875 0.54375 0.0861111109375 0.54609375 0.08055555625000001 0.55234375 0.0916666671875 0.5578125 0.15277777812499999 0.5578125 0.15972222187500001 0.56015625 0.184722221875 0.5578125 0.2166666671875 0.55859375 0.222222221875 0.56328125 0.222222221875 0.56875 0.22777777812500002 0.57109375 0.23472222187499997 0.56953125 0.24305555625 0.5625 0.2513888890625 0.54375 0.2513888890625 0.53125 0.24444444375000002 0.53046875 0.23472222187499997 0.54296875 0.225 0.54609375
6 0.21805555625 0.23828125 0.197222221875 0.2484375 0.1875 0.26484375 0.1611111109375 0.26875 0.15555555625 0.27265625 0.15 0.2953125 0.1513888890625 0.31171875 0.16805555625 0.321875 0.16805555625 0.3296875 0.16388888906250001 0.33203125 0.16944444375 0.340625 0.17361111093749998 0.34375 0.1888888890625 0.3453125 0.20694444375 0.34609375 0.2375 0.3390625 0.24305555625 0.3359375 0.24305555625 0.33046875 0.23611111093749998 0.321875 0.24722222187499998 0.3015625 0.275 0.29765625 0.2833333328125 0.2921875 0.28194444375 0.27734375 0.26805555625 0.26953125 0.27777777812500004 0.2625 0.275 0.2375 0.2416666671875 0.2359375 0.21805555625 0.23828125
6 0.16388888906250001 0.4015625 0.1611111109375 0.425 0.1888888890625 0.4328125 0.21111111093749999 0.43359375 0.22638888906250001 0.43125 0.2416666671875 0.4234375 0.25833333281250004 0.4046875 0.25833333281250004 0.34609375 0.25 0.3421875 0.23055555625 0.34453125 0.2236111109375 0.36171875 0.21805555625 0.365625 0.20555555625 0.36484375 0.1888888890625 0.371875 0.184722221875 0.375 0.1833333328125 0.38671875 0.16388888906250001 0.4015625
7 0.1291666671875 0.14375 0.12222222187500001 0.15 0.1208333328125 0.16328125 0.1291666671875 0.1640625 0.1513888890625 0.15546875 0.1541666671875 0.11875 0.15 0.11328125 0.13055555624999998 0.1328125 0.1291666671875 0.14375
7 0.10555555624999999 0.0296875 0.097222221875 0.03046875 0.08333333281250001 0.0375 0.11805555625 0.03828125 0.10555555624999999 0.0296875
7 0.09305555625 0.0453125 0.08194444375 0.04609375 0.072222221875 0.06171875 0.072222221875 0.07578125 0.084722221875 0.09296875 0.11944444375 0.09375 0.1291666671875 0.07578125 0.12222222187500001 0.07109375 0.1208333328125 0.05234375 0.09305555625 0.0453125
7 0.072222221875 0.13828125 0.08055555625000001 0.14296875 0.090277778125 0.1359375 0.11388888906250001 0.1109375 0.11388888906250001 0.10390625 0.08055555625000001 0.103125 0.072222221875 0.121875 0.072222221875 0.13828125
7 0.13888888906250002 0.80546875 0.1111111109375 0.828125 0.109722221875 0.846875 0.12222222187500001 0.85234375 0.1583333328125 0.8515625 0.1666666671875 0.84921875 0.16944444375 0.84453125 0.1833333328125 0.84140625 0.1875 0.8359375 0.184722221875 0.8234375 0.19444444375 0.8171875 0.19583333281249998 0.809375 0.1916666671875 0.8046875 0.175 0.8 0.1666666671875 0.79453125 0.1513888890625 0.79453125 0.14444444375 0.796875 0.13888888906250002 0.80546875
7 0.23333333281250002 0.06953125 0.2208333328125 0.075 0.18194444375000002 0.084375 0.16805555625 0.09609375 0.15555555625 0.11875 0.15555555625 0.14375 0.165277778125 0.14765625 0.1583333328125 0.1515625 0.15555555625 0.15859375 0.15555555625 0.1796875 0.1708333328125 0.18359375 0.19444444375 0.184375 0.222222221875 0.18125 0.22777777812500002 0.1703125 0.2138888890625 0.1625 0.215277778125 0.153125 0.21805555625 0.15078125 0.23055555625 0.15078125 0.23611111093749998 0.1484375 0.25555555625 0.12890625 0.25833333281250004 0.121875 0.27777777812500004 0.11796875 0.27777777812500004 0.07578125 0.2638888890625 0.06953125 0.23333333281250002 0.06953125
7 0.29305555625 0.0328125 0.28055555625 0.0328125 0.297060409375 0.038819781250000004 0.29305555625 0.0328125
7 0.29804526875000004 0.039178240625 0.30416666718749996 0.04140625 0.31944444375000003 0.04140625 0.31944444375000003 0.03828125 0.30555555624999997 0.03359375 0.302777778125 0.03984375 0.29804526875000004 0.039178240625
7 0.2541666671875 0.0484375 0.259722221875 0.04921875 0.2654320984375 0.046006945312500006 0.2513888890625 0.04375 0.2541666671875 0.0484375
7 0.28055555625 0.0484375 0.2671875 0.0462890625 0.26875 0.04921875 0.28055555625 0.0484375
7 0.3263888890625 0.02109375 0.33055555625 0.0234375 0.33888888906250003 0.01953125 0.3416666671875 0.0140625 0.3513888890625 0.0109375 0.3541666671875 0.00078125 0.2236111109375 0.00078125 0.222222221875 0.00625 0.23472222187499997 0.0125 0.2833333328125 0.015625 0.3013888890625 0.01953125 0.3263888890625 0.02109375
7 0.109722221875 0.63125 0.097222221875 0.61875 0.0375 0.6203125 0.034722221875 0.62421875 0.055555556250000006 0.6453125 0.052777778124999994 0.6578125 0.05694444375 0.66640625 0.04305555625 0.67109375 0.05 0.71328125 0.055555556250000006 0.71875 0.06805555625000001 0.72109375 0.075 0.71953125 0.10138888906250001 0.725 0.1666666671875 0.725 0.177777778125 0.71796875 0.172222221875 0.71171875 0.172222221875 0.703125 0.190277778125 0.69765625 0.19444444375 0.69375 0.19305555624999998 0.67578125 0.16388888906250001 0.66640625 0.1611111109375 0.65234375 0.16805555625 0.64453125 0.15972222187500001 0.6375 0.1541666671875 0.63671875 0.15555555625 0.63125 0.109722221875 0.63125
7 0.17361111093749998 0.54296875 0.177777778125 0.53828125 0.16805555625 0.53203125 0.140277778125 0.5234375 0.10138888906250001 0.521875 0.084722221875 0.52421875 0.047222221875 0.5234375 0.022222221875 0.52734375 0.009722221875000001 0.5328125 0.006944443749999999 0.5734375 0.013888889062500001 0.5828125 0.019444443750000002 0.6046875 0.025 0.61015625 0.0388888890625 0.61171875 0.0638888890625 0.6109375 0.07083333281250001 0.60859375 0.0861111109375 0.61171875 0.1166666671875 0.61171875 0.13194444375 0.60625 0.1541666671875 0.60625 0.1611111109375 0.6015625 0.18055555625 0.5984375 0.1833333328125 0.58046875 0.177777778125 0.57109375 0.1541666671875 0.5609375 0.11805555625 0.55859375 0.11805555625 0.54375 0.17361111093749998 0.54296875
7 0.16805555625 0.0796875 0.172222221875 0.08125 0.1888888890625 0.08125 0.20833333281250002 0.07265625 0.22916666718749998 0.06953125 0.23472222187499997 0.06640625 0.240277778125 0.0578125 0.2416666671875 0.04375 0.23194444375 0.03828125 0.23611111093749998 0.03046875 0.23055555625 0.028125 0.20555555625 0.0265625 0.19444444375 0.0328125 0.1875 0.0484375 0.16944444375 0.07109375 0.16805555625 0.0796875
7 0.15694444375 0.02109375 0.1458333328125 0.02578125 0.13194444375 0.040625 0.1208333328125 0.06796875 0.12361111093749999 0.075 0.13055555624999998 0.075 0.1458333328125 0.05625 0.1458333328125 0.0453125 0.1541666671875 0.03515625 0.15694444375 0.02109375
7 0.13888888906250002 0.21875 0.15 0.2140625 0.15 0.2078125 0.115277778125 0.20703125 0.115277778125 0.21171875 0.13194444375 0.2140625 0.13888888906250002 0.21875
7 0.10694444375 0.20703125 0.102777778125 0.203125 0.097222221875 0.203125 0.097222221875 0.20859375 0.10694444375 0.20703125
7 0.077777778125 0.2390625 0.07638888906249999 0.25 0.0875 0.2515625 0.1583333328125 0.2546875 0.15972222187500001 0.23671875 0.1541666671875 0.23203125 0.1375 0.2296875 0.084722221875 0.2296875 0.077777778125 0.2390625
7 0.1041666671875 0.31953125 0.10555555624999999 0.3140625 0.1263888890625 0.3046875 0.1416666671875 0.29296875 0.1458333328125 0.28203125 0.15555555625 0.2734375 0.15555555625 0.26328125 0.06944444375 0.2609375 0.047222221875 0.309375 0.0458333328125 0.31953125 0.055555556250000006 0.3234375 0.09305555625 0.32421875 0.1041666671875 0.31953125
4 0.28055555625 0.0484375 0.3166666671875 0.05078125 0.32083333281250004 0.04375 0.26805555625 0.03046875 0.240277778125 0.03203125 0.2416666671875 0.03828125 0.25555555625 0.04375 0.28055555625 0.0484375
4 0.11805555625 0.4578125 0.09444444375 0.46640625 0.09444444375 0.46875 0.1041666671875 0.4703125 0.10833333281249999 0.47421875 0.1291666671875 0.47578125 0.15694444375 0.4734375 0.16805555625 0.46875 0.16805555625 0.46484375 0.11805555625 0.4578125
4 0.24722222187499998 0.9203125 0.2486111109375 0.92421875 0.26805555625 0.92265625 0.30694444375 0.925 0.3083333328125 0.91953125 0.3138888890625 0.9171875 0.34722222187499996 0.91484375 0.3513888890625 0.909375 0.3625 0.9046875 0.3541666671875 0.9 0.33194444375 0.9015625 0.3138888890625 0.90625 0.2833333328125 0.90546875 0.27638888906250003 0.903125 0.2611111109375 0.90859375 0.24722222187499998 0.9203125