1 0.8458333328125001 0.38828125 0.8847222218749999 0.3859375 0.89444444375 0.38359375 0.897222221875 0.375 0.89444444375 0.371875 0.8833333328125 0.36953125 0.8430555562500001 0.37265625 0.75 0.37265625 0.7402777781250001 0.36875 0.7402777781250001 0.3609375 0.734722221875 0.359375 0.7291666671875 0.3671875 0.7138888890625 0.375 0.7166666671875 0.38671875 0.709722221875 0.39375 0.7180555562500001 0.39453125 0.7361111109375 0.38671875 0.76805555625 0.38515625 0.8416666671874999 0.38515625 0.8458333328125001 0.38828125
1 0.91805555625 0.4515625 0.9138888890624999 0.44296875 0.7833333328125 0.4421875 0.7736111109375 0.43828125 0.7736111109375 0.43125 0.76944444375 0.4296875 0.7611111109375 0.4328125 0.7569444437499999 0.4390625 0.7486111109375 0.4671875 0.75555555625 0.46875 0.7638888890625 0.45703125 0.784722221875 0.45234375 0.8291666671875 0.45625 0.8680555562500001 0.45390625 0.915277778125 0.4546875 0.91805555625 0.4515625
6 0.7819444437499999 0.76171875 0.8055555562500001 0.75234375 0.8125 0.73515625 0.8430555562500001 0.72890625 0.85 0.69140625 0.8333333328125001 0.6796875 0.83194444375 0.6703125 0.8222222218749999 0.6671875 0.8208333328125 0.65703125 0.7819444437499999 0.65625 0.7611111109375 0.6625 0.7569444437499999 0.66796875 0.7611111109375 0.6828125 0.752777778125 0.69765625 0.74444444375 0.70078125 0.725 0.70234375 0.7166666671875 0.70859375 0.7166666671875 0.72109375 0.7291666671875 0.72890625 0.722222221875 0.7375 0.7236111109375 0.7609375 0.73194444375 0.7640625 0.7819444437499999 0.76171875
6 0.8236111109375001 0.6125 0.8236111109375001 0.60625 0.840277778125 0.5984375 0.8388888890624999 0.57578125 0.8194444437499999 0.56875 0.8041666671875 0.56640625 0.7736111109375 0.56875 0.76944444375 0.57421875 0.7597222218749999 0.5765625 0.752777778125 0.58828125 0.7430555562500001 0.5953125 0.7416666671875001 0.6515625 0.7486111109375 0.65703125 0.7708333328125 0.6546875 0.7763888890625 0.63671875 0.784722221875 0.6328125 0.79305555625 0.63671875 0.8083333328125001 0.63671875 0.8236111109375001 0.6125
7 0.8486111109375001 0.84453125 0.85 0.865625 0.8458333328125001 0.88515625 0.8541666671874999 0.88515625 0.847222221875 0.8921875 0.852777778125 0.88984375 0.8652777781250001 0.8734375 0.8708333328125001 0.85625 0.877777778125 0.85 0.877777778125 0.84375 0.86944444375 0.83984375 0.8638888890624999 0.8390625 0.8486111109375001 0.84453125
7 0.9277777781250001 0.93828125 0.9277777781250001 0.92421875 0.922222221875 0.9125 0.9138888890624999 0.90703125 0.88055555625 0.90625 0.872222221875 0.91875 0.8819444437499999 0.95234375 0.902777778125 0.95703125 0.9 0.9625 0.8819444437499999 0.9625 0.8847222218749999 0.9671875 0.89444444375 0.9703125 0.902777778125 0.9703125 0.9069444437499999 0.96484375 0.9138888890624999 0.9625 0.9069444437499999 0.95859375 0.9166666671874999 0.95390625 0.9277777781250001 0.93828125
7 0.91944444375 0.89609375 0.9277777781250001 0.87578125 0.9277777781250001 0.8609375 0.91944444375 0.85703125 0.9111111109375001 0.8625 0.8861111109375001 0.8890625 0.8861111109375001 0.8953125 0.9069444437499999 0.89765625 0.91944444375 0.89609375
7 0.76805555625 0.93046875 0.7763888890625 0.92578125 0.8166666671874999 0.91640625 0.83055555625 0.90546875 0.8444444437499999 0.884375 0.8444444437499999 0.85625 0.8361111109375001 0.8515625 0.8444444437499999 0.8421875 0.8444444437499999 0.81875 0.8291666671875 0.815625 0.8166666671874999 0.8140625 0.7763888890625 0.8203125 0.7708333328125 0.83125 0.772222221875 0.834375 0.7819444437499999 0.8375 0.7819444437499999 0.846875 0.765277778125 0.85 0.7597222218749999 0.85390625 0.7416666671875001 0.878125 0.722222221875 0.8828125 0.7208333328125 0.91953125 0.722222221875 0.925 0.7333333328125 0.93046875 0.76805555625 0.93046875
7 0.76805555625 0.9890625 0.73194444375 0.9875 0.725 0.98984375 0.722222221875 0.99453125 0.727777778125 0.99921875 0.7805555562500001 0.99921875 0.7805555562500001 0.99296875 0.76805555625 0.9890625
7 0.8041666671875 0.92265625 0.7819444437499999 0.9265625 0.7611111109375 0.93515625 0.7611111109375 0.9609375 0.7541666671875 0.96875 0.7583333328124999 0.971875 0.7763888890625 0.975 0.797222221875 0.9734375 0.83055555625 0.92890625 0.83194444375 0.921875 0.825 0.91875 0.809722221875 0.91875 0.8041666671875 0.92265625
7 0.840277778125 0.98046875 0.85694444375 0.97578125 0.8736111109375001 0.94609375 0.877777778125 0.93203125 0.875 0.92734375 0.8708333328125001 0.925 0.8583333328125 0.9375 0.8541666671874999 0.95546875 0.8444444437499999 0.9671875 0.840277778125 0.98046875
7 0.847222221875 0.790625 0.8486111109375001 0.79296875 0.8583333328125 0.79375 0.8791666671874999 0.79296875 0.8791666671874999 0.7859375 0.86944444375 0.78515625 0.8625 0.7796875 0.85694444375 0.784375 0.847222221875 0.78671875 0.847222221875 0.790625
7 0.9069444437499999 0.79296875 0.9069444437499999 0.78828125 0.9 0.78828125 0.890277778125 0.79296875 0.89305555625 0.796875 0.9 0.79765625 0.9055555562500001 0.796875 0.9069444437499999 0.79296875
7 0.9236111109375 0.74921875 0.8416666671874999 0.7453125 0.840277778125 0.7625 0.847222221875 0.76875 0.8583333328125 0.7703125 0.909722221875 0.7703125 0.91944444375 0.76640625 0.9236111109375 0.74921875
7 0.9444444437499999 0.6765625 0.9069444437499999 0.675 0.8958333328125001 0.68046875 0.8916666671875 0.68828125 0.8833333328125 0.69140625 0.8708333328125001 0.69140625 0.8444444437499999 0.72578125 0.8416666671874999 0.73515625 0.8458333328125001 0.7375 0.93194444375 0.73828125 0.9416666671874999 0.72265625 0.9458333328125 0.70234375 0.95555555625 0.6828125 0.9541666671875 0.678125 0.9444444437499999 0.6765625