1 0.61328125 0.7875 0.61015625 0.8055555562500001 0.61015625 0.847222221875 0.6140625 0.872222221875 0.61328125 0.8847222218749999 0.6171875 0.8916666671875 0.62265625 0.89305555625 0.628125 0.88055555625 0.62734375 0.7583333328124999 0.628125 0.747222221875 0.63203125 0.7402777781250001 0.6375 0.7388888890625 0.63828125 0.7333333328125 0.63359375 0.73194444375 0.63046875 0.722222221875 0.6234375 0.7138888890625 0.61328125 0.7166666671875 0.60625 0.7111111109375 0.60625 0.722222221875 0.61328125 0.7375 0.6140625 0.75555555625 0.61328125 0.7875
1 0.93671875 0.565277778125 0.9390625 0.55694444375 0.9375 0.5166666671875 0.934375 0.497222221875 0.9421875 0.475 0.94140625 0.4583333328125 0.9375 0.447222221875 0.9078125 0.45 0.88984375 0.522222221875 0.88359375 0.5527777781250001 0.88359375 0.5666666671875 0.91015625 0.5666666671875 0.928125 0.5263888890625 0.93203125 0.5291666671875 0.9328125 0.565277778125 0.93671875 0.565277778125
1 0.78125 0.6208333328125 0.78125 0.64444444375 0.7875 0.652777778125 0.81015625 0.6569444437499999 0.81875 0.66805555625 0.8578125 0.66944444375 0.86015625 0.66805555625 0.86015625 0.6541666671875 0.85546875 0.6111111109375 0.83359375 0.602777778125 0.8265625 0.5958333328125 0.834375 0.5722222218749999 0.85 0.56805555625 0.85 0.5458333328125 0.84375 0.49444444374999996 0.8203125 0.497222221875 0.8171875 0.5166666671875 0.81328125 0.5236111109375 0.81171875 0.5416666671875 0.78125 0.6208333328125
1 0.55078125 0.91805555625 0.55703125 0.9125 0.5578125 0.85 0.56015625 0.83194444375 0.55859375 0.784722221875 0.5625 0.7736111109375 0.56875 0.7736111109375 0.56953125 0.76944444375 0.5609375 0.7569444437499999 0.54296875 0.7486111109375 0.53203125 0.7486111109375 0.53125 0.7569444437499999 0.54140625 0.7666666671875 0.5453125 0.7791666671875 0.54375 0.9069444437499999 0.55078125 0.91805555625
7 0.11484375 0.85 0.1328125 0.86944444375 0.14609375 0.872222221875 0.15390625 0.8791666671874999 0.1625 0.8763888890624999 0.1640625 0.8708333328125001 0.15703125 0.85 0.12734375 0.8458333328125001 0.11875 0.8458333328125001 0.11484375 0.85
7 0.0609375 0.9277777781250001 0.07734375 0.9277777781250001 0.090625 0.91944444375 0.09375 0.9125 0.09453125 0.8791666671874999 0.08203125 0.86944444375 0.0515625 0.88055555625 0.04609375 0.89305555625 0.04375 0.9111111109375001 0.0390625 0.9083333328125001 0.03828125 0.8819444437499999 0.0328125 0.8819444437499999 0.02578125 0.89444444375 0.0265625 0.9041666671874999 0.03046875 0.9055555562500001 0.0375 0.91805555625 0.04921875 0.91944444375 0.0609375 0.9277777781250001
7 0.128125 0.9291666671875 0.13671875 0.9291666671875 0.1421875 0.922222221875 0.1421875 0.91805555625 0.125 0.89444444375 0.11171875 0.8847222218749999 0.1015625 0.8847222218749999 0.103125 0.9208333328125 0.128125 0.9291666671875
7 0.07109375 0.73194444375 0.0703125 0.76805555625 0.084375 0.81805555625 0.0890625 0.8263888890625 0.11875 0.8444444437499999 0.16875 0.8458333328125001 0.1796875 0.8444444437499999 0.1828125 0.8388888890624999 0.1859375 0.8208333328125 0.1859375 0.7986111109375 0.18046875 0.777777778125 0.16953125 0.7763888890625 0.1625 0.784722221875 0.15234375 0.7833333328125 0.1484375 0.7638888890625 0.12890625 0.74444444375 0.121875 0.7416666671875001 0.11875 0.727777778125 0.1140625 0.7208333328125 0.1046875 0.725 0.075 0.725 0.07109375 0.73194444375
7 0.0171875 0.727777778125 0.0234375 0.66944444375 0.00859375 0.6486111109375 0.00078125 0.647222221875 0.00078125 0.7194444437499999 0.00703125 0.7416666671875001 0.01328125 0.7416666671875001 0.0171875 0.727777778125
7 0.0515625 0.6833333328125 0.0453125 0.6763888890625 0.04375 0.66805555625 0.0390625 0.6666666671875 0.03828125 0.6708333328125 0.04375 0.6777777781250001 0.03984375 0.6875 0.04296875 0.7 0.04375 0.73055555625 0.03828125 0.747222221875 0.03203125 0.7486111109375 0.04140625 0.7569444437499999 0.05 0.7388888890625 0.0515625 0.6833333328125
7 0.87265625 0.5097222218749999 0.8765625 0.5305555562500001 0.884375 0.5416666671875 0.88125 0.5541666671875001 0.88203125 0.5666666671875 0.9078125 0.5694444437499999 0.9203125 0.547222221875 0.925 0.54444444375 0.93125 0.5458333328125 0.9328125 0.559722221875 0.93671875 0.5611111109375 0.9390625 0.5527777781250001 0.9359375 0.497222221875 0.94296875 0.47222222187499996 0.9421875 0.4583333328125 0.9390625 0.45 0.93671875 0.4458333328125 0.925 0.4458333328125 0.90078125 0.45277777812500003 0.89375 0.44444444375 0.8921875 0.397222221875 0.875 0.3791666671875 0.85859375 0.38194444375000003 0.8578125 0.40694444374999994 0.87265625 0.49305555625 0.87265625 0.5097222218749999
7 1 0.64305555625 0.9953125 0.6333333328124999 0.95625 0.6291666671875 0.94609375 0.622222221875 0.934375 0.63055555625 0.91171875 0.63055555625 0.9078125 0.6291666671875 0.8984375 0.6138888890625 0.890625 0.6138888890625 0.884375 0.6319444437499999 0.88828125 0.66944444375 0.9921875 0.66944444375 0.9984375 0.6569444437499999 1 0.64305555625
7 0.8359375 0.4236111109375 0.80546875 0.43194444374999996 0.7875 0.43194444374999996 0.78046875 0.44444444375 0.76953125 0.44444444375 0.75078125 0.4361111109375 0.72265625 0.434722221875 0.7015625 0.40694444374999994 0.68203125 0.40694444374999994 0.66953125 0.42222222187499997 0.6640625 0.44166666718750003 0.65625 0.44444444375 0.64609375 0.45694444375 0.6375 0.48194444374999995 0.6359375 0.5291666671875 0.6390625 0.5555555562500001 0.64296875 0.565277778125 0.659375 0.590277778125 0.68046875 0.60694444375 0.70859375 0.640277778125 0.7171875 0.64444444375 0.725 0.665277778125 0.7390625 0.6708333328125 0.74453125 0.6861111109375 0.753125 0.672222221875 0.76875 0.66805555625 0.77421875 0.647222221875 0.78046875 0.6416666671875 0.7828125 0.652777778125 0.81015625 0.6569444437499999 0.82109375 0.66805555625 0.85703125 0.66944444375 0.86015625 0.6666666671875 0.86015625 0.652777778125 0.8546875 0.609722221875 0.85078125 0.60555555625 0.85 0.5986111109375 0.8390625 0.602777778125 0.83125 0.5888888890625 0.83125 0.58194444375 0.8375 0.5694444437499999 0.85 0.56805555625 0.85 0.54444444375 0.846875 0.5333333328125 0.8421875 0.4625 0.8359375 0.4236111109375
7 0.5421875 0.872222221875 0.54375 0.8430555562500001 0.54296875 0.83055555625 0.53984375 0.8263888890625 0.53203125 0.8333333328125001 0.53046875 0.8541666671874999 0.53359375 0.8666666671875 0.5421875 0.872222221875
7 0.64921875 0.85694444375 0.63984375 0.859722221875 0.63828125 0.8638888890624999 0.63515625 0.85555555625 0.63125 0.85694444375 0.63125 0.88055555625 0.625 0.89305555625 0.61953125 0.8958333328125001 0.621875 0.9625 0.6359375 0.95555555625 0.6453125 0.9444444437499999 0.66640625 0.9444444437499999 0.6703125 0.95555555625 0.6796875 0.95694444375 0.7046875 0.952777778125 0.71875 0.9416666671874999 0.72109375 0.9069444437499999 0.725 0.89305555625 0.725 0.8458333328125001 0.71953125 0.8361111109375001 0.71796875 0.8222222218749999 0.70390625 0.827777778125 0.69609375 0.80694444375 0.67578125 0.80694444375 0.66953125 0.83055555625 0.6671875 0.834722221875 0.65859375 0.8361111109375001 0.65625 0.847222221875 0.65078125 0.85 0.64921875 0.85694444375
7 0.53828125 0.9083333328125001 0.52578125 0.91805555625 0.52578125 0.95694444375 0.5296875 0.98055555625 0.5375 0.9930555562500001 0.5703125 0.99444444375 0.58984375 0.9833333328125 0.6046875 0.98055555625 0.61015625 0.975 0.61171875 0.9638888890624999 0.6109375 0.909722221875 0.61328125 0.890277778125 0.61015625 0.875 0.6046875 0.86944444375 0.6046875 0.8444444437499999 0.59921875 0.8222222218749999 0.5703125 0.8222222218749999 0.56328125 0.83194444375 0.56328125 0.8416666671874999 0.55859375 0.8583333328125 0.55703125 0.9138888890624999 0.55 0.9166666671874999 0.54375 0.9083333328125001 0.53828125 0.9083333328125001
7 0.01015625 0.7708333328125 0.0109375 0.7458333328125 0.00703125 0.74444444375 0.00546875 0.75555555625 0.00078125 0.7597222218749999 0.00078125 0.7736111109375 0.00625 0.7791666671875 0.01015625 0.7708333328125
7 0.08125 0.8111111109375001 0.0765625 0.8027777781250001 0.06953125 0.76944444375 0.0578125 0.7597222218749999 0.04765625 0.7597222218749999 0.04296875 0.765277778125 0.03828125 0.7583333328124999 0.03203125 0.7583333328124999 0.028125 0.7638888890625 0.025 0.79444444375 0.03046875 0.8027777781250001 0.071875 0.83055555625 0.08125 0.83055555625 0.08125 0.8111111109375001
7 0.02109375 0.834722221875 0.021875 0.85555555625 0.025 0.859722221875 0.05625 0.875 0.075 0.8763888890624999 0.07578125 0.8666666671875 0.0734375 0.8625 0.05625 0.8486111109375001 0.0328125 0.834722221875 0.02109375 0.834722221875
7 0.20703125 0.8791666671874999 0.21171875 0.877777778125 0.21875 0.859722221875 0.21015625 0.8486111109375001 0.20703125 0.85 0.20703125 0.8791666671874999
7 0.20703125 0.9041666671874999 0.2125 0.9041666671874999 0.2109375 0.8819444437499999 0.20703125 0.8819444437499999 0.20703125 0.890277778125 0.203125 0.89444444375 0.203125 0.902777778125 0.20703125 0.9041666671874999
7 0.23203125 0.91944444375 0.25 0.925 0.25234375 0.9069444437499999 0.2546875 0.8416666671874999 0.24453125 0.8388888890624999 0.23203125 0.8444444437499999 0.2296875 0.8611111109375 0.2296875 0.915277778125 0.23203125 0.91944444375
7 0.32265625 0.897222221875 0.31640625 0.89444444375 0.3078125 0.8763888890624999 0.28359375 0.8458333328125001 0.265625 0.840277778125 0.2625 0.8458333328125001 0.2625 0.8875 0.25859375 0.9166666671874999 0.26015625 0.9291666671875 0.29921875 0.9458333328125 0.30703125 0.952777778125 0.31875 0.95555555625 0.3234375 0.95 0.32265625 0.897222221875
4 0.03984375 0.665277778125 0.0375 0.66805555625 0.03359375 0.6944444437499999 0.03046875 0.7458333328125 0.0390625 0.752777778125 0.0421875 0.7486111109375 0.04453125 0.73194444375 0.04375 0.7 0.04609375 0.6736111109375 0.04375 0.6666666671875 0.03984375 0.665277778125
4 0.93828125 0.44444444375 0.9453125 0.45694444375 0.9578125 0.46666666718750005 0.95625 0.48194444374999995 0.95859375 0.49444444374999996 0.96796875 0.49583333281249997 0.971875 0.48333333281249996 0.96875 0.4625 0.975 0.447222221875 0.97421875 0.40138888906250003 0.97109375 0.39444444375 0.9640625 0.39027777812500003 0.94765625 0.3166666671875 0.93828125 0.29305555625 0.9375 0.2833333328125 0.9328125 0.28194444375 0.9234375 0.29444444375 0.9203125 0.30555555624999997 0.9296875 0.34305555625 0.93359375 0.41944444374999995 0.93828125 0.44444444375