1 0.184722221875 0.61171875 0.1541666671875 0.60859375 0.13888888906250002 0.61015625 0.127777778125 0.61484375 0.1041666671875 0.61640625 0.1041666671875 0.625 0.10833333281249999 0.628125 0.11944444375 0.6296875 0.2541666671875 0.628125 0.259722221875 0.63125 0.259722221875 0.6421875 0.26527777812500003 0.6421875 0.272222221875 0.63125 0.28611111093749997 0.62421875 0.2833333328125 0.61328125 0.290277778125 0.60625 0.2833333328125 0.6046875 0.2625 0.6125 0.24305555625 0.6140625 0.215277778125 0.6140625 0.19305555624999998 0.61015625 0.184722221875 0.61171875
1 0.1888888890625 0.54609375 0.16944444375 0.54375 0.097222221875 0.54453125 0.08055555625000001 0.55078125 0.08194444375 0.5546875 0.0916666671875 0.5578125 0.1541666671875 0.5578125 0.1611111109375 0.56015625 0.2125 0.5578125 0.22638888906250001 0.56171875 0.2236111109375 0.56875 0.23055555625 0.57109375 0.2388888890625 0.56796875 0.24305555625 0.5625 0.2513888890625 0.54296875 0.2513888890625 0.53125 0.24583333281250003 0.53046875 0.2416666671875 0.5328125 0.23055555625 0.54609375 0.1888888890625 0.54609375
6 0.1888888890625 0.26328125 0.1611111109375 0.26875 0.15555555625 0.27265625 0.15 0.2953125 0.1513888890625 0.31171875 0.165277778125 0.32109375 0.16388888906250001 0.3328125 0.1708333328125 0.34296875 0.1888888890625 0.3453125 0.2125 0.34609375 0.2388888890625 0.3375 0.2388888890625 0.3171875 0.24722222187499998 0.30234375 0.275 0.29765625 0.2833333328125 0.29140625 0.2833333328125 0.27890625 0.26944444375 0.2703125 0.27777777812500004 0.2625 0.2791666671875 0.23828125 0.2638888890625 0.2359375 0.2166666671875 0.23828125 0.197222221875 0.2453125 0.1888888890625 0.26328125
6 0.1611111109375 0.40078125 0.15972222187500001 0.42265625 0.17916666718750002 0.43125 0.19305555624999998 0.43359375 0.222222221875 0.43203125 0.240277778125 0.42421875 0.25833333281250004 0.4046875 0.25833333281250004 0.34609375 0.2513888890625 0.34296875 0.23055555625 0.34453125 0.222222221875 0.36328125 0.215277778125 0.3671875 0.20555555625 0.365625 0.20277777812500003 0.36875 0.1888888890625 0.371875 0.177777778125 0.3921875 0.1611111109375 0.40078125
7 0.14444444375 0.11640625 0.15277777812499999 0.11015625 0.1458333328125 0.11328125 0.13055555624999998 0.13359375 0.1291666671875 0.1421875 0.1208333328125 0.1515625 0.12222222187500001 0.1625 0.13055555624999998 0.16328125 0.1513888890625 0.15625 0.1541666671875 0.11796875 0.14444444375 0.11640625
7 0.097222221875 0.03046875 0.08333333281250001 0.0375 0.11805555625 0.03828125 0.11805555625 0.0359375 0.115277778125 0.0328125 0.097222221875 0.03046875
7 0.1208333328125 0.07421875 0.12222222187500001 0.053125 0.102777778125 0.04609375 0.08333333281250001 0.04609375 0.072222221875 0.06171875 0.072222221875 0.07578125 0.084722221875 0.09296875 0.11944444375 0.09375 0.1263888890625 0.08203125 0.1263888890625 0.0765625 0.1208333328125 0.07421875
7 0.07083333281250001 0.13046875 0.07083333281250001 0.1375 0.077777778125 0.14296875 0.08055555625000001 0.14375 0.102777778125 0.125 0.11388888906250001 0.1109375 0.11388888906250001 0.1046875 0.08055555625000001 0.10234375 0.07083333281250001 0.13046875
7 0.27638888906250003 0.1046875 0.27777777812500004 0.07578125 0.2666666671875 0.06953125 0.23333333281250002 0.06953125 0.222222221875 0.075 0.18194444375000002 0.084375 0.16944444375 0.09375 0.15555555625 0.11875 0.15555555625 0.14375 0.15972222187500001 0.14609375 0.15555555625 0.15234375 0.15555555625 0.18046875 0.16805555625 0.18359375 0.1833333328125 0.1859375 0.197222221875 0.18203125 0.2138888890625 0.1828125 0.22638888906250001 0.1796875 0.22777777812500002 0.16875 0.215277778125 0.1625 0.2166666671875 0.153125 0.21944444375 0.15078125 0.23611111093749998 0.14921875 0.25833333281250004 0.121875 0.27777777812500004 0.11796875 0.28055555625 0.11484375 0.28055555625 0.1078125 0.27638888906250003 0.1046875
7 0.13888888906250002 0.80546875 0.1111111109375 0.828125 0.10833333281249999 0.846875 0.1263888890625 0.8640625 0.13055555624999998 0.86328125 0.13194444375 0.85625 0.1541666671875 0.85546875 0.1611111109375 0.85703125 0.16944444375 0.86953125 0.18055555625 0.86796875 0.177777778125 0.8453125 0.1875 0.8390625 0.1875 0.825 0.19583333281249998 0.8171875 0.19583333281249998 0.80859375 0.16944444375 0.79453125 0.14444444375 0.796875 0.13888888906250002 0.80546875
7 0.1541666671875 0.63125 0.147222221875 0.634375 0.14305555625 0.63046875 0.1291666671875 0.6328125 0.109722221875 0.63125 0.10555555624999999 0.6296875 0.10138888906250001 0.61953125 0.0958333328125 0.61796875 0.07083333281250001 0.62109375 0.0388888890625 0.6203125 0.034722221875 0.62421875 0.055555556250000006 0.64453125 0.052777778124999994 0.65625 0.055555556250000006 0.6609375 0.0625 0.6625 0.055555556250000006 0.66796875 0.047222221875 0.66875 0.04305555625 0.671875 0.047222221875 0.7078125 0.054166667187499996 0.71796875 0.0666666671875 0.7203125 0.084722221875 0.71953125 0.10555555624999999 0.725 0.15 0.72421875 0.15555555625 0.71953125 0.177777778125 0.71796875 0.172222221875 0.71171875 0.172222221875 0.703125 0.1916666671875 0.69765625 0.19444444375 0.69375 0.1916666671875 0.67421875 0.165277778125 0.66796875 0.15972222187500001 0.64453125 0.15 0.6359375 0.1541666671875 0.63125
7 0.1541666671875 0.5609375 0.1458333328125 0.56015625 0.1458333328125 0.54453125 0.1763888890625 0.54296875 0.177777778125 0.5375 0.17361111093749998 0.53359375 0.15 0.52578125 0.1208333328125 0.521875 0.090277778125 0.52421875 0.0666666671875 0.521875 0.0333333328125 0.52578125 0.009722221875000001 0.53203125 0.00555555625 0.56953125 0.0208333328125 0.60625 0.030555556249999997 0.6109375 0.0638888890625 0.6109375 0.0666666671875 0.60859375 0.075 0.60859375 0.0791666671875 0.6109375 0.0916666671875 0.6109375 0.09444444375 0.6140625 0.115277778125 0.61171875 0.134722221875 0.60390625 0.1541666671875 0.60546875 0.16388888906250001 0.60078125 0.17916666718750002 0.5984375 0.184722221875 0.58671875 0.1833333328125 0.578125 0.1541666671875 0.5609375
7 0.2791666671875 0.00546875 0.272222221875 0.00078125 0.2208333328125 0.00078125 0.21805555625 0.00703125 0.23472222187499997 0.01171875 0.2708333328125 0.0125 0.2791666671875 0.00546875
7 0.1708333328125 0.08046875 0.19305555624999998 0.08046875 0.197222221875 0.07734375 0.215277778125 0.075 0.23611111093749998 0.0671875 0.240277778125 0.05703125 0.23194444375 0.0484375 0.23055555625 0.0390625 0.240277778125 0.0375 0.24722222187499998 0.03046875 0.22638888906250001 0.02578125 0.20277777812500003 0.02734375 0.19444444375 0.03359375 0.16944444375 0.071875 0.1708333328125 0.08046875
7 0.1458333328125 0.04453125 0.1541666671875 0.0359375 0.15972222187500001 0.01953125 0.1458333328125 0.02109375 0.140277778125 0.02734375 0.12222222187500001 0.0625 0.12361111093749999 0.075 0.13055555624999998 0.075 0.13194444375 0.06953125 0.14305555625 0.0609375 0.1458333328125 0.04453125
7 0.12222222187500001 0.2140625 0.1291666671875 0.2140625 0.13888888906250002 0.21875 0.1513888890625 0.21328125 0.1513888890625 0.2078125 0.12361111093749999 0.20703125 0.11944444375 0.209375 0.12222222187500001 0.2140625
7 0.10555555624999999 0.203125 0.0958333328125 0.203125 0.09444444375 0.2109375 0.10555555624999999 0.20859375 0.10555555624999999 0.203125
7 0.15972222187500001 0.23828125 0.1513888890625 0.23125 0.0888888890625 0.22890625 0.08194444375 0.23203125 0.075 0.24765625 0.07638888906249999 0.25078125 0.0861111109375 0.2515625 0.115277778125 0.2515625 0.15555555625 0.25546875 0.1611111109375 0.246875 0.15972222187500001 0.23828125
7 0.10138888906250001 0.32265625 0.10555555624999999 0.3140625 0.11805555625 0.30703125 0.127777778125 0.30546875 0.1416666671875 0.29375 0.1458333328125 0.28203125 0.15555555625 0.2734375 0.15555555625 0.2625 0.0861111109375 0.26015625 0.06805555625000001 0.26171875 0.047222221875 0.30703125 0.0458333328125 0.3203125 0.055555556250000006 0.3234375 0.10138888906250001 0.32265625
4 0.165277778125 0.73046875 0.15694444375 0.7265625 0.11388888906250001 0.72734375 0.0916666671875 0.73125 0.09305555625 0.7375 0.15555555625 0.7375 0.165277778125 0.73046875