2 0.96171875 0.5625 0.96484375 0.58055555625 0.975 0.58055555625 0.975 0.5375 0.96875 0.5305555562500001 0.9578125 0.5333333328125 0.953125 0.54444444375 0.953125 0.5527777781250001 0.96171875 0.5625
1 0.628125 0.89305555625 0.6296875 0.8819444437499999 0.62734375 0.8430555562500001 0.62734375 0.7486111109375 0.63125 0.7402777781250001 0.63984375 0.7402777781250001 0.640625 0.734722221875 0.62890625 0.7236111109375 0.62421875 0.7111111109375 0.6125 0.715277778125 0.60546875 0.709722221875 0.6046875 0.7166666671875 0.61328125 0.7402777781250001 0.61484375 0.89305555625 0.62421875 0.897222221875 0.628125 0.89305555625
1 0.54375 0.8291666671875 0.54609375 0.8541666671874999 0.5453125 0.9138888890624999 0.55078125 0.9166666671874999 0.55703125 0.9125 0.5578125 0.7833333328125 0.5625 0.772222221875 0.56875 0.7736111109375 0.56953125 0.765277778125 0.56171875 0.7569444437499999 0.5390625 0.7486111109375 0.5390625 0.7611111109375 0.53671875 0.7611111109375 0.53359375 0.7597222218749999 0.53203125 0.7486111109375 0.53125 0.75555555625 0.54609375 0.784027778125 0.54765625 0.7958333328125 0.54375 0.8291666671875
6 0.23671875 0.727777778125 0.23515625 0.7458333328125 0.2390625 0.7763888890625 0.2375 0.784722221875 0.2421875 0.7916666671875 0.24453125 0.8027777781250001 0.25 0.8083333328125001 0.26328125 0.809722221875 0.2671875 0.8194444437499999 0.26953125 0.8416666671874999 0.30859375 0.85 0.31875 0.834722221875 0.3296875 0.8333333328125001 0.334375 0.8222222218749999 0.34375 0.8208333328125 0.34453125 0.784722221875 0.34375 0.7736111109375 0.33984375 0.7638888890625 0.33359375 0.7569444437499999 0.309375 0.7569444437499999 0.303125 0.752777778125 0.3 0.747222221875 0.29765625 0.727777778125 0.2921875 0.7180555562500001 0.28046875 0.715277778125 0.27109375 0.727777778125 0.2609375 0.7208333328125 0.240625 0.722222221875 0.23671875 0.727777778125
6 0.4015625 0.840277778125 0.42421875 0.8388888890624999 0.43125 0.8194444437499999 0.43359375 0.8027777781250001 0.4328125 0.7819444437499999 0.42265625 0.7569444437499999 0.4015625 0.7416666671875001 0.39296875 0.7402777781250001 0.35 0.7416666671875001 0.34375 0.7458333328125 0.34296875 0.7625 0.3453125 0.7708333328125 0.365625 0.7805555562500001 0.3625 0.7986111109375 0.36328125 0.809722221875 0.3921875 0.8236111109375001 0.4015625 0.840277778125
7 0.1078125 0.847222221875 0.11015625 0.852777778125 0.11796875 0.852777778125 0.13359375 0.86944444375 0.14375 0.872222221875 0.15 0.8791666671874999 0.1578125 0.877777778125 0.1578125 0.8708333328125001 0.16171875 0.8652777781250001 0.15625 0.8486111109375001 0.1078125 0.847222221875
7 0.04375 0.902777778125 0.04609375 0.915277778125 0.06171875 0.9277777781250001 0.0765625 0.9277777781250001 0.090625 0.91944444375 0.09375 0.9138888890624999 0.09375 0.88055555625 0.08046875 0.872222221875 0.0609375 0.875 0.04609375 0.8847222218749999 0.0375 0.8819444437499999 0.0328125 0.8847222218749999 0.03046875 0.89444444375 0.03046875 0.902777778125 0.03359375 0.9069444437499999 0.03671875 0.9041666671874999 0.0375 0.909722221875 0.040625 0.902777778125 0.04375 0.902777778125
7 0.10234375 0.9069444437499999 0.103125 0.91944444375 0.13046875 0.9291666671875 0.1375 0.9291666671875 0.1421875 0.9236111109375 0.1421875 0.91805555625 0.125 0.897222221875 0.1109375 0.8861111109375001 0.10546875 0.8861111109375001 0.10234375 0.9069444437499999
7 0.078125 0.7208333328125 0.06953125 0.73194444375 0.06953125 0.7666666671875 0.0734375 0.7736111109375 0.08359375 0.8166666671874999 0.0890625 0.8263888890625 0.11484375 0.8444444437499999 0.14296875 0.8444444437499999 0.1484375 0.834722221875 0.15078125 0.840277778125 0.1609375 0.8444444437499999 0.18125 0.8444444437499999 0.1828125 0.8375 0.1859375 0.80694444375 0.18203125 0.7958333328125 0.18125 0.7791666671875 0.1765625 0.772222221875 0.16875 0.76944444375 0.16484375 0.7736111109375 0.16328125 0.7819444437499999 0.15390625 0.7819444437499999 0.14921875 0.7638888890625 0.121875 0.7416666671875001 0.11875 0.725 0.11328125 0.7194444437499999 0.10390625 0.7236111109375 0.078125 0.7208333328125
7 0.00625 0.7236111109375 0.00078125 0.725 0.00078125 0.777777778125 0.00625 0.7833333328125 0.01015625 0.7819444437499999 0.01171875 0.73194444375 0.00625 0.7236111109375
7 0.08203125 0.8138888890624999 0.0703125 0.7861111109375 0.06953125 0.76944444375 0.06484375 0.7611111109375 0.040625 0.7597222218749999 0.03125 0.75 0.02734375 0.7569444437499999 0.02421875 0.777777778125 0.02421875 0.790277778125 0.02734375 0.8 0.071875 0.83055555625 0.0765625 0.83194444375 0.08125 0.8263888890625 0.08203125 0.8138888890624999
7 0.02421875 0.8388888890624999 0.01953125 0.840277778125 0.021875 0.85555555625 0.05390625 0.8736111109375001 0.07265625 0.8736111109375001 0.07421875 0.8708333328125001 0.06640625 0.8625 0.05234375 0.85555555625 0.04921875 0.85 0.02421875 0.8388888890624999
7 0.2125 0.9055555562500001 0.209375 0.8958333328125001 0.2125 0.8888888890625 0.209375 0.8888888890625 0.20703125 0.88055555625 0.2140625 0.8736111109375001 0.2140625 0.847222221875 0.209375 0.8458333328125001 0.20703125 0.847222221875 0.20546875 0.8583333328125 0.2046875 0.8708333328125001 0.20703125 0.8736111109375001 0.2015625 0.902777778125 0.20390625 0.9069444437499999 0.2125 0.9055555562500001
7 0.234375 0.840277778125 0.23125 0.8444444437499999 0.22890625 0.9069444437499999 0.2328125 0.91805555625 0.25 0.9263888890624999 0.2546875 0.8416666671874999 0.234375 0.840277778125
7 0.325 0.9083333328125001 0.31953125 0.8958333328125001 0.3109375 0.8888888890625 0.30859375 0.86944444375 0.27421875 0.8444444437499999 0.265625 0.8416666671874999 0.26328125 0.8458333328125001 0.2609375 0.9305555562500001 0.27578125 0.940277778125 0.3 0.9458333328125 0.31796875 0.95555555625 0.32109375 0.9541666671875 0.3234375 0.94305555625 0.325 0.9083333328125001