1 0.54609375 0.775 0.54609375 0.8138888890624999 0.54375 0.83194444375 0.54609375 0.9138888890624999 0.55234375 0.91944444375 0.5578125 0.9083333328125001 0.5578125 0.852777778125 0.5609375 0.8388888890624999 0.5578125 0.8083333328125001 0.55859375 0.7819444437499999 0.56171875 0.7736111109375 0.56875 0.7763888890625 0.57109375 0.76944444375 0.56796875 0.7611111109375 0.5625 0.7569444437499999 0.54375 0.7486111109375 0.53125 0.7486111109375 0.53046875 0.7541666671875 0.54296875 0.765277778125 0.54609375 0.775
1 0.61484375 0.872222221875 0.615625 0.89444444375 0.62265625 0.897222221875 0.628125 0.89305555625 0.628125 0.7458333328125 0.6328125 0.7402777781250001 0.6421875 0.7402777781250001 0.6421875 0.734722221875 0.62890625 0.725 0.625 0.715277778125 0.61328125 0.7166666671875 0.60546875 0.7111111109375 0.60625 0.7236111109375 0.6140625 0.7458333328125 0.6140625 0.7819444437499999 0.61015625 0.8055555562500001 0.61015625 0.85 0.61484375 0.872222221875
6 0.24609375 0.8041666671875 0.2625 0.809722221875 0.26953125 0.8416666671874999 0.27265625 0.8444444437499999 0.30859375 0.85 0.32109375 0.834722221875 0.33203125 0.8388888890624999 0.34296875 0.8291666671875 0.34453125 0.8194444437499999 0.34609375 0.7916666671875 0.33828125 0.7611111109375 0.315625 0.7611111109375 0.3015625 0.752777778125 0.29765625 0.725 0.2921875 0.7166666671875 0.2796875 0.7166666671875 0.2703125 0.73055555625 0.2625 0.722222221875 0.24296875 0.722222221875 0.2375 0.7263888890625 0.2359375 0.7611111109375 0.23828125 0.7833333328125 0.24609375 0.8041666671875
6 0.425 0.8388888890624999 0.43046875 0.825 0.4328125 0.809722221875 0.43125 0.772222221875 0.4234375 0.7583333328124999 0.4015625 0.7402777781250001 0.35 0.7416666671875001 0.3453125 0.7430555562500001 0.34296875 0.7486111109375 0.34453125 0.76944444375 0.3640625 0.777777778125 0.3671875 0.7833333328125 0.365625 0.79444444375 0.37109375 0.8111111109375001 0.3921875 0.8222222218749999 0.40078125 0.8388888890624999 0.425 0.8388888890624999
7 0.1328125 0.86944444375 0.1625 0.8791666671874999 0.1609375 0.8638888890624999 0.15546875 0.8486111109375001 0.1078125 0.8486111109375001 0.1328125 0.86944444375
7 0.03359375 0.8833333328125 0.03046875 0.89305555625 0.03046875 0.9041666671874999 0.0359375 0.909722221875 0.0375 0.9166666671874999 0.03828125 0.8819444437499999 0.03359375 0.8833333328125
7 0.075 0.872222221875 0.06875 0.8791666671874999 0.05390625 0.877777778125 0.05 0.8819444437499999 0.0453125 0.902777778125 0.046875 0.91805555625 0.0609375 0.9277777781250001 0.0765625 0.9277777781250001 0.09296875 0.9166666671874999 0.09375 0.88055555625 0.08046875 0.872222221875 0.075 0.872222221875
7 0.1375 0.9291666671875 0.1421875 0.91944444375 0.1359375 0.909722221875 0.125 0.897222221875 0.11015625 0.8861111109375001 0.1046875 0.8861111109375001 0.103125 0.91944444375 0.1375 0.9291666671875
7 0.075 0.7236111109375 0.07109375 0.73194444375 0.06875 0.7486111109375 0.06953125 0.76805555625 0.07265625 0.772222221875 0.08359375 0.8166666671874999 0.0890625 0.8263888890625 0.11640625 0.8444444437499999 0.14921875 0.8416666671874999 0.16875 0.8458333328125001 0.18046875 0.8444444437499999 0.18203125 0.840277778125 0.1859375 0.8166666671874999 0.1828125 0.8027777781250001 0.1828125 0.7819444437499999 0.1796875 0.7736111109375 0.16875 0.772222221875 0.1625 0.784722221875 0.1515625 0.7819444437499999 0.15078125 0.76944444375 0.146875 0.7611111109375 0.121875 0.7416666671875001 0.11875 0.725 0.11328125 0.7194444437499999 0.10390625 0.7236111109375 0.075 0.7236111109375
7 0.8515625 0.8361111109375001 0.84609375 0.83194444375 0.84140625 0.8166666671874999 0.8375 0.8125 0.82578125 0.8125 0.81484375 0.8027777781250001 0.8078125 0.8041666671875 0.79453125 0.8291666671875 0.7953125 0.852777778125 0.828125 0.8888888890625 0.84453125 0.8916666671875 0.84921875 0.8888888890625 0.8546875 0.875 0.8515625 0.8361111109375001
7 0.63046875 0.8916666671875 0.61875 0.9013888890624999 0.6203125 0.9611111109375001 0.625 0.9625 0.6359375 0.95555555625 0.64453125 0.9444444437499999 0.6578125 0.9472222218749999 0.6625 0.9416666671874999 0.66640625 0.9416666671874999 0.671875 0.95694444375 0.71328125 0.95 0.71875 0.94305555625 0.72109375 0.93194444375 0.71953125 0.925 0.72421875 0.9069444437499999 0.725 0.8333333328125001 0.7203125 0.83055555625 0.71796875 0.8222222218749999 0.70234375 0.8263888890625 0.69765625 0.809722221875 0.69375 0.8055555562500001 0.67734375 0.8055555562500001 0.67421875 0.8083333328125001 0.66796875 0.834722221875 0.65859375 0.8361111109375001 0.63828125 0.8486111109375001 0.63515625 0.8541666671874999 0.63125 0.852777778125 0.63046875 0.8916666671875
7 0.55859375 0.9083333328125001 0.5546875 0.91944444375 0.5484375 0.91805555625 0.5421875 0.9055555562500001 0.54453125 0.8736111109375001 0.54375 0.8208333328125 0.534375 0.8222222218749999 0.52578125 0.847222221875 0.521875 0.8708333328125001 0.521875 0.9333333328125001 0.52734375 0.98194444375 0.53671875 0.9930555562500001 0.56953125 0.99444444375 0.60625 0.9791666671874999 0.6109375 0.9666666671874999 0.6109375 0.9083333328125001 0.61328125 0.9069444437499999 0.61328125 0.8958333328125001 0.60546875 0.8652777781250001 0.60625 0.8458333328125001 0.60078125 0.8361111109375001 0.5984375 0.8194444437499999 0.58125 0.815277778125 0.57109375 0.8222222218749999 0.56171875 0.8444444437499999 0.55859375 0.8736111109375001 0.5609375 0.8847222218749999 0.5578125 0.897222221875 0.55859375 0.9083333328125001
7 0.00625 0.725 0.00078125 0.734722221875 0.00078125 0.7708333328125 0.00546875 0.7805555562500001 0.01171875 0.7625 0.0125 0.73194444375 0.00625 0.725
7 0.07578125 0.7986111109375 0.06953125 0.76944444375 0.06484375 0.7611111109375 0.0390625 0.765277778125 0.03046875 0.752777778125 0.0265625 0.76944444375 0.02578125 0.79444444375 0.03203125 0.8041666671875 0.071875 0.83055555625 0.07734375 0.83194444375 0.08125 0.827777778125 0.08125 0.8111111109375001 0.07578125 0.7986111109375
7 0.04609375 0.85555555625 0.0328125 0.8444444437499999 0.01953125 0.840277778125 0.02265625 0.85555555625 0.0390625 0.8666666671875 0.0625 0.877777778125 0.06796875 0.877777778125 0.0703125 0.8680555562500001 0.07421875 0.8763888890624999 0.07421875 0.86944444375 0.0609375 0.85694444375 0.04609375 0.85555555625
7 0.21484375 0.8708333328125001 0.21953125 0.8611111109375 0.21015625 0.847222221875 0.20703125 0.8486111109375001 0.20625 0.85555555625 0.20859375 0.8833333328125 0.203125 0.89444444375 0.20234375 0.902777778125 0.2125 0.902777778125 0.209375 0.8861111109375001 0.2140625 0.8833333328125 0.21484375 0.8708333328125001
7 0.25078125 0.9236111109375 0.2515625 0.8833333328125 0.2546875 0.8652777781250001 0.2546875 0.8416666671874999 0.2375 0.840277778125 0.23125 0.847222221875 0.22890625 0.902777778125 0.23125 0.91805555625 0.25078125 0.9236111109375
7 0.31953125 0.8958333328125001 0.3125 0.89305555625 0.3046875 0.8708333328125001 0.29375 0.8583333328125 0.28359375 0.85555555625 0.2734375 0.8444444437499999 0.2625 0.8444444437499999 0.2609375 0.9305555562500001 0.30703125 0.952777778125 0.3203125 0.9541666671875 0.3234375 0.9444444437499999 0.3234375 0.902777778125 0.31953125 0.8958333328125001
7 0.03046875 0.7486111109375 0.02578125 0.76805555625 0.02578125 0.797222221875 0.03125 0.797222221875 0.03671875 0.777777778125 0.0375 0.7597222218749999 0.03046875 0.7486111109375
4 0.075 0.6736111109375 0.08203125 0.6541666671875 0.07578125 0.6513888890625 0.07109375 0.6611111109375 0.06953125 0.6416666671875 0.0640625 0.640277778125 0.0625 0.6777777781250001 0.0578125 0.690277778125 0.05703125 0.715277778125 0.06171875 0.7416666671875001 0.0671875 0.7402777781250001 0.06640625 0.725 0.075 0.7041666671875 0.075 0.6736111109375