1 0.06875 0.55694444375 0.09140625 0.5513888890625 0.096875 0.54305555625 0.1 0.51944444375 0.11640625 0.46666666718750005 0.11875 0.4513888890625 0.11796875 0.43194444374999996 0.08828125 0.43333333281249997 0.0828125 0.440277778125 0.07890625 0.45416666718750004 0.0703125 0.4583333328125 0.06875 0.434722221875 0.0625 0.43333333281249997 0.05859375 0.44166666718750003 0.0625 0.5069444437499999 0.05703125 0.525 0.05859375 0.5666666671875 0.05625 0.5833333328125 0.06015625 0.5944444437499999 0.0625 0.6152777781250001 0.06015625 0.65 0.06484375 0.6541666671875 0.0671875 0.64305555625 0.06875 0.55694444375
1 0.1875 0.49305555625 0.1921875 0.4888888890625 0.1890625 0.4791666671875 0.1890625 0.4611111109375 0.1921875 0.4458333328125 0.21953125 0.365277778125 0.21953125 0.3458333328125 0.2109375 0.3375 0.18828125 0.3375 0.18125 0.3291666671875 0.1671875 0.33194444375 0.1625 0.34444444375 0.16875 0.34722222187499996 0.1734375 0.35555555625 0.1765625 0.372222221875 0.1765625 0.41805555625 0.18125 0.475 0.1828125 0.4875 0.1875 0.49305555625
7 0.87109375 0.25555555625 0.878125 0.25833333281250004 0.88125 0.272222221875 0.88671875 0.28055555625 0.89609375 0.275 0.91875 0.27638888906250003 0.92890625 0.2666666671875 0.93046875 0.23472222187499997 0.91171875 0.17361111093749998 0.88046875 0.15555555625 0.83515625 0.15555555625 0.8171875 0.1625 0.815625 0.21111111093749999 0.81953125 0.2236111109375 0.83125 0.22638888906250001 0.8375 0.2166666671875 0.84453125 0.215277778125 0.8484375 0.21944444375 0.8515625 0.23611111093749998 0.87109375 0.25555555625
7 0.84375 0.13333333281249998 0.84453125 0.15 0.865625 0.15 0.87421875 0.1541666671875 0.87578125 0.140277778125 0.86640625 0.13055555624999998 0.84140625 0.1208333328125 0.83828125 0.12361111093749999 0.84375 0.13333333281249998
7 0.9609375 0.0916666671875 0.95703125 0.10555555624999999 0.95859375 0.115277778125 0.9625 0.1208333328125 0.97421875 0.10555555624999999 0.97421875 0.097222221875 0.96015625 0.08333333281250001 0.9609375 0.0916666671875
7 0.93828125 0.072222221875 0.9234375 0.072222221875 0.90703125 0.08333333281250001 0.90625 0.1208333328125 0.9125 0.1263888890625 0.925 0.13055555624999998 0.92890625 0.1263888890625 0.9484375 0.1263888890625 0.9546875 0.10694444375 0.9546875 0.08333333281250001 0.93828125 0.072222221875
7 0.85859375 0.077777778125 0.8578125 0.08194444375 0.875 0.1041666671875 0.88828125 0.11388888906250001 0.89765625 0.115277778125 0.896875 0.0791666671875 0.87578125 0.072222221875 0.8625 0.072222221875 0.85859375 0.077777778125
7 0.9484375 0.3166666671875 0.95234375 0.322222221875 0.95546875 0.31805555625 0.95625 0.309722221875 0.95625 0.272222221875 0.95234375 0.27638888906250003 0.94921875 0.29305555625 0.9484375 0.3166666671875
7 0.9625 0.24722222187499998 0.9609375 0.2513888890625 0.96875 0.2513888890625 0.9671875 0.24583333281250003 0.9625 0.24722222187499998
7 0.99609375 0.2666666671875 0.99921875 0.2638888890625 0.99921875 0.23472222187499997 0.98984375 0.23333333281250002 0.9828125 0.272222221875 0.9765625 0.33055555625 0.97890625 0.3375 0.984375 0.34027777812500004 0.99140625 0.3513888890625 0.99921875 0.352777778125 0.99921875 0.27638888906250003 0.99609375 0.272222221875 0.99609375 0.2666666671875
7 0.14140625 0.6166666671875001 0.1421875 0.5930555562500001 0.13125 0.5388888890625 0.1296875 0.51805555625 0.125 0.51805555625 0.1234375 0.525 0.11953125 0.527777778125 0.11640625 0.527777778125 0.11171875 0.51805555625 0.10703125 0.51805555625 0.10234375 0.5305555562500001 0.1109375 0.5527777781250001 0.10625 0.5694444437499999 0.1078125 0.6 0.11875 0.6166666671875001 0.125 0.6208333328125 0.13671875 0.6208333328125 0.14140625 0.6166666671875001
7 0.21796875 0.55694444375 0.22578125 0.5555555562500001 0.23671875 0.5638888890625 0.27421875 0.565277778125 0.28515625 0.5736111109375 0.29296875 0.5888888890625 0.2984375 0.5930555562500001 0.31875 0.5930555562500001 0.33203125 0.577777778125 0.33828125 0.559722221875 0.34921875 0.55 0.359375 0.527777778125 0.359375 0.5208333328125 0.3625 0.51805555625 0.3640625 0.46805555625000006 0.36015625 0.44166666718750003 0.3484375 0.41944444374999995 0.30703125 0.3791666671875 0.2921875 0.3583333328125 0.28203125 0.352777778125 0.27421875 0.3333333328125 0.2609375 0.3291666671875 0.2546875 0.3138888890625 0.246875 0.32777777812500003 0.23203125 0.33055555625 0.2265625 0.34305555625 0.22109375 0.36805555624999997 0.21796875 0.447222221875 0.21328125 0.4486111109375 0.203125 0.440277778125 0.19921875 0.44305555625000004 0.19921875 0.45694444375 0.19375 0.46388888906250003 0.19296875 0.5013888890625 0.1859375 0.5013888890625 0.1859375 0.515277778125 0.18203125 0.522222221875 0.1703125 0.522222221875 0.16796875 0.5083333328124999 0.16484375 0.5291666671875 0.1609375 0.5319444437499999 0.16328125 0.5722222218749999 0.1671875 0.577777778125 0.1703125 0.5736111109375 0.19375 0.56805555625 0.21328125 0.56805555625 0.21796875 0.55694444375
7 0.0578125 0.5527777781250001 0.05703125 0.5722222218749999 0.05390625 0.58194444375 0.06015625 0.5944444437499999 0.06171875 0.60555555625 0.06015625 0.6458333328125 0.0625 0.652777778125 0.0671875 0.6458333328125 0.0703125 0.5791666671875 0.0765625 0.5555555562500001 0.1046875 0.5527777781250001 0.10703125 0.5583333328125 0.1078125 0.602777778125 0.125 0.6208333328125 0.14140625 0.6166666671875001 0.14296875 0.5944444437499999 0.1375 0.5708333328124999 0.13515625 0.5458333328125 0.13203125 0.5388888890625 0.13046875 0.5111111109375 0.1265625 0.5013888890625 0.12578125 0.48472222187499997 0.1203125 0.4791666671875 0.11796875 0.4611111109375 0.1203125 0.447222221875 0.11953125 0.4263888890625 0.11875 0.41944444374999995 0.115625 0.4166666671875 0.115625 0.40833333281249995 0.0890625 0.40555555625000006 0.0859375 0.40833333281249995 0.0859375 0.41805555625 0.06953125 0.4166666671875 0.06171875 0.43055555625 0.05546875 0.427777778125 0.0578125 0.415277778125 0.05625 0.41111111093749997 0.0453125 0.41805555625 0.0484375 0.43055555625 0.04453125 0.43333333281249997 0.04453125 0.4375 0.05546875 0.447222221875 0.0515625 0.45416666718750004 0.0515625 0.49583333281249997 0.05703125 0.51805555625 0.0578125 0.5527777781250001
7 0.14296875 0.365277778125 0.146875 0.36666666718749996 0.15078125 0.35555555625 0.14921875 0.34444444375 0.1421875 0.34444444375 0.13984375 0.35555555625 0.14296875 0.365277778125
7 0 0.39305555625 0.0421875 0.3916666671875 0.05390625 0.397222221875 0.06953125 0.3861111109375 0.0875 0.38333333281250004 0.09609375 0.38333333281250004 0.10703125 0.3958333328125 0.1171875 0.39027777812500003 0.11640625 0.3625 0.11171875 0.334722221875 0.03046875 0.34444444375 0.01953125 0.3513888890625 0 0.3541666671875 0 0.39305555625
7 0.30390625 0.13194444375 0.30625 0.1375 0.30625 0.16944444375 0.309375 0.172222221875 0.30625 0.1768513890625 0.30625 0.1916666671875 0.31015625 0.1708333328125 0.32109375 0.172222221875 0.3203125 0.18055555625 0.32421875 0.1833333328125 0.3234375 0.16805555625 0.33359375 0.15972222187500001 0.34140625 0.15555555625 0.36796875 0.1541666671875 0.36953125 0.1111111109375 0.38046875 0.097222221875 0.3796875 0.0388888890625 0.37265625 0.0388888890625 0.3546875 0.054166667187499996 0.34375 0.0513888890625 0.3328125 0.055555556250000006 0.3265625 0.04305555625 0.29921875 0.047222221875 0.284375 0.054166667187499996 0.278125 0.0736111109375 0.278125 0.0916666671875 0.275 0.10138888906250001 0.275 0.1513888890625 0.2859375 0.1611111109375 0.2890625 0.15277777812499999 0.28828125 0.1375 0.290625 0.13333333281249998 0.30390625 0.13194444375
7 0.4390625 0.15555555625 0.44140625 0.127777778125 0.45625 0.127777778125 0.45859375 0.16805555625 0.46328125 0.15972222187500001 0.47265625 0.15555555625 0.4734375 0.13888888906250002 0.478125 0.1208333328125 0.478125 0.097222221875 0.47421875 0.0375 0.46640625 0.0083333328125 0.42734375 0.00555555625 0.415625 0.013888889062500001 0.3953125 0.019444443750000002 0.38984375 0.025 0.38828125 0.0361111109375 0.38828125 0.1166666671875 0.39296875 0.13055555624999998 0.39375 0.15277777812499999 0.40078125 0.17361111093749998 0.4 0.17916666718750002 0.41796875 0.1833333328125 0.4296875 0.1763888890625 0.4390625 0.15555555625
7 0.99296875 0.2236111109375 0.9921875 0.23472222187499997 0.99921875 0.2388888890625 0.99921875 0.22638888906250001 0.99296875 0.2236111109375
7 0.975 0.20555555625 0.9671875 0.19444444375 0.95703125 0.1916666671875 0.92890625 0.1708333328125 0.91953125 0.16944444375 0.91875 0.1888888890625 0.93125 0.23055555625 0.93828125 0.2388888890625 0.953125 0.23333333281250002 0.95859375 0.24305555625 0.965625 0.24305555625 0.971875 0.23611111093749998 0.975 0.20555555625
7 0.925 0.12361111093749999 0.925 0.1361111109375 0.93203125 0.14305555625 0.97265625 0.16805555625 0.978125 0.16805555625 0.9796875 0.16388888906250001 0.975 0.14305555625 0.96015625 0.13194444375 0.925 0.12361111093749999
7 0.796875 0.097222221875 0.7875 0.0958333328125 0.790625 0.109722221875 0.78125 0.140277778125 0.784375 0.1416666671875 0.78671875 0.15 0.7921875 0.15 0.79296875 0.115277778125 0.796875 0.10555555624999999 0.796875 0.097222221875
7 0.753125 0.075 0.7484375 0.07638888906249999 0.74765625 0.08055555625000001 0.74453125 0.15555555625 0.74765625 0.15972222187500001 0.76171875 0.15972222187500001 0.76875 0.15277777812499999 0.7703125 0.097222221875 0.77265625 0.0861111109375 0.76875 0.08055555625000001 0.753125 0.075
7 0.73984375 0.09444444375 0.73828125 0.06805555625000001 0.6859375 0.047222221875 0.68046875 0.047222221875 0.6765625 0.055555556250000006 0.67734375 0.102777778125 0.68515625 0.10694444375 0.6953125 0.13055555624999998 0.7109375 0.14305555625 0.71875 0.15555555625 0.73359375 0.15972222187500001 0.7375 0.1541666671875 0.73984375 0.09444444375
4 0.9625 0.24583333281250003 0.95625 0.2611111109375 0.95390625 0.27777777812500004 0.95625 0.29444444375 0.95390625 0.3291666671875 0.95625 0.334722221875 0.96171875 0.334722221875 0.96953125 0.27777777812500004 0.96875 0.24583333281250003 0.9625 0.24583333281250003
4 0.16328125 0.49444444374999996 0.16640625 0.46944444374999994 0.17265625 0.48333333281249996 0.17578125 0.51944444375 0.18203125 0.5208333328125 0.18125 0.47361111093749997 0.175 0.4263888890625 0.17578125 0.38194444375000003 0.17265625 0.35555555625 0.16875 0.34861111093749997 0.1609375 0.34444444375 0.1640625 0.33888888906250003 0.16171875 0.31944444375000003 0.15390625 0.31805555625 0.14765625 0.3333333328125 0.15078125 0.3541666671875 0.14453125 0.38333333281250004 0.1453125 0.4138888890625 0.15 0.440277778125 0.15625 0.525 0.16171875 0.5305555562500001 0.1640625 0.5291666671875 0.16328125 0.49444444374999996
4 0.29296875 0.16805555625 0.2953125 0.20277777812500003 0.3 0.20833333281250002 0.30625 0.20277777812500003 0.3046875 0.13888888906250002 0.3 0.13194444375 0.2953125 0.134722221875 0.29296875 0.16805555625