2 0.575 0.0234375 0.575 0.01875 0.56805555625 0.01328125 0.527777778125 0.0140625 0.522222221875 0.01875 0.522222221875 0.025 0.5319444437499999 0.03203125 0.5541666671875001 0.0296875 0.575 0.0234375
1 0.8864583328125001 0.38203125 0.9 0.3921875 0.9041666671874999 0.3890625 0.89444444375 0.38203125 0.9 0.37734375 0.89444444375 0.36953125 0.8791666671874999 0.371875 0.7458333328125 0.3703125 0.7402777781250001 0.3578125 0.7333333328125 0.35703125 0.7291666671875 0.36640625 0.7111111109375 0.37578125 0.7111111109375 0.3796875 0.7194444437499999 0.3828125 0.7111111109375 0.40078125 0.722222221875 0.40078125 0.73194444375 0.39140625 0.7486111109375 0.384375 0.8444444437499999 0.384375 0.8864583328125001 0.38203125
6 0.775 0.78046875 0.7263888890625 0.77890625 0.7236111109375 0.78203125 0.7333333328125 0.78671875 0.7638888890625 0.78828125 0.7819444437499999 0.78515625 0.7819444437499999 0.78125 0.775 0.78046875
6 0.83055555625 0.7734375 0.83194444375 0.76875 0.827777778125 0.77109375 0.83055555625 0.7734375
6 0.722222221875 0.74296875 0.7333333328125 0.75 0.7569444437499999 0.75078125 0.7569444437499999 0.7640625 0.7666666671875 0.76640625 0.8194444437499999 0.76875 0.8291666671875 0.7609375 0.840277778125 0.76171875 0.8583333328125 0.7578125 0.8819444437499999 0.75703125 0.89444444375 0.75 0.9041666671874999 0.72734375 0.902777778125 0.70625 0.89305555625 0.7015625 0.859722221875 0.69921875 0.8444444437499999 0.68828125 0.83055555625 0.68359375 0.8222222218749999 0.6875 0.7736111109375 0.6890625 0.7611111109375 0.69453125 0.7569444437499999 0.703125 0.7611111109375 0.7109375 0.7819444437499999 0.7171875 0.7819444437499999 0.72265625 0.76805555625 0.72890625 0.7333333328125 0.73125 0.7236111109375 0.7375 0.722222221875 0.74296875
7 0.81805555625 0.915625 0.8263888890625 0.9109375 0.840277778125 0.89296875 0.8458333328125001 0.86796875 0.8444444437499999 0.85546875 0.8361111109375001 0.8515625 0.8444444437499999 0.840625 0.8444444437499999 0.81875 0.840277778125 0.8171875 0.8194444437499999 0.81640625 0.8041666671875 0.8296875 0.7875 0.83671875 0.7833333328125 0.84921875 0.76944444375 0.85 0.7569444437499999 0.85546875 0.7416666671875001 0.878125 0.725 0.88125 0.7208333328125 0.88515625 0.7236111109375 0.90625 0.7333333328125 0.9109375 0.7513888890625 0.9140625 0.76944444375 0.9265625 0.81805555625 0.915625
7 0.6625 0.99921875 0.73194444375 0.99921875 0.7402777781250001 0.99296875 0.7402777781250001 0.98671875 0.7208333328125 0.98203125 0.659722221875 0.9796875 0.6625 0.99921875
7 0.702777778125 0.9078125 0.6916666671875 0.915625 0.6777777781250001 0.9203125 0.672222221875 0.925 0.66944444375 0.94296875 0.6458333328125 0.95234375 0.64444444375 0.9578125 0.6972222218749999 0.9671875 0.7541666671875 0.96953125 0.76805555625 0.9421875 0.76805555625 0.93046875 0.7541666671875 0.91796875 0.7138888890625 0.9078125 0.702777778125 0.9078125
7 0.79444444375 0.5046875 0.73194444375 0.5046875 0.722222221875 0.50625 0.722222221875 0.51171875 0.734722221875 0.5171875 0.752777778125 0.51796875 0.790277778125 0.5109375 0.79444444375 0.5046875
7 0.70694444375 0.43984375 0.6944444437499999 0.44921875 0.6958333328124999 0.46015625 0.70694444375 0.465625 0.7083333328125 0.47578125 0.7138888890625 0.478125 0.8486111109375001 0.4796875 0.85694444375 0.478125 0.8888888890625 0.46015625 0.89444444375 0.45390625 0.9041666671874999 0.41640625 0.902777778125 0.4 0.9069444437499999 0.3984375 0.909722221875 0.38828125 0.8986111109375001 0.38046875 0.9111111109375001 0.38046875 0.9138888890624999 0.3609375 0.9041666671874999 0.3375 0.897222221875 0.33359375 0.8819444437499999 0.33125 0.784722221875 0.33046875 0.7736111109375 0.3375 0.7666666671875 0.353125 0.747222221875 0.35625 0.7430555562500001 0.3609375 0.74444444375 0.36953125 0.752777778125 0.371875 0.81805555625 0.3703125 0.8194444437499999 0.384375 0.797222221875 0.3828125 0.7458333328125 0.38671875 0.727777778125 0.4328125 0.722222221875 0.4375 0.70694444375 0.43984375
7 0.85555555625 0.8828125 0.86944444375 0.8671875 0.872222221875 0.85625 0.88055555625 0.8484375 0.877777778125 0.83828125 0.8652777781250001 0.83515625 0.8486111109375001 0.83984375 0.8458333328125001 0.85546875 0.85 0.884375 0.85555555625 0.8828125
7 0.8680555562500001 0.965625 0.89305555625 0.975 0.902777778125 0.975 0.9138888890624999 0.96640625 0.9125 0.96171875 0.86944444375 0.96015625 0.8680555562500001 0.965625
7 0.8986111109375001 0.90625 0.8847222218749999 0.9046875 0.8791666671874999 0.9078125 0.8708333328125001 0.92734375 0.877777778125 0.93125 0.877777778125 0.94921875 0.8833333328125 0.9515625 0.9138888890624999 0.95390625 0.91944444375 0.95078125 0.9291666671875 0.92890625 0.91805555625 0.90625 0.9041666671874999 0.90234375 0.8986111109375001 0.90625
7 0.8958333328125001 0.8953125 0.902777778125 0.8984375 0.91944444375 0.89765625 0.9291666671875 0.87421875 0.9277777781250001 0.859375 0.91944444375 0.85625 0.8958333328125001 0.875 0.8861111109375001 0.8890625 0.8888888890625 0.89765625 0.8958333328125001 0.8953125
7 0.7791666671875 0.9921875 0.7666666671875 0.98828125 0.7458333328125 0.9875 0.74444444375 0.99921875 0.772222221875 0.99921875 0.7791666671875 0.9921875
7 0.76944444375 0.94453125 0.7569444437499999 0.96796875 0.7611111109375 0.971875 0.79444444375 0.97421875 0.8027777781250001 0.96953125 0.83055555625 0.92890625 0.83055555625 0.91953125 0.8138888890624999 0.91875 0.7861111109375 0.9296875 0.772222221875 0.93046875 0.76944444375 0.94453125
7 0.8708333328125001 0.925 0.85694444375 0.94765625 0.8444444437499999 0.9578125 0.8388888890624999 0.96953125 0.840277778125 0.97890625 0.85 0.97890625 0.8541666671874999 0.9765625 0.8666666671875 0.96015625 0.875 0.94296875 0.875 0.93359375 0.8666666671875 0.93203125 0.875 0.92890625 0.8736111109375001 0.9265625 0.8708333328125001 0.925
4 0.8430555562500001 0.63671875 0.8458333328125001 0.625 0.8416666671874999 0.62265625 0.8291666671875 0.625 0.8138888890624999 0.61875 0.8027777781250001 0.62890625 0.7791666671875 0.6296875 0.7805555562500001 0.6390625 0.8430555562500001 0.63671875