2 0.01484375 0.4291666671875 0.0125 0.43333333281249997 0.0140625 0.47083333281249995 0.01640625 0.4763888890625 0.025 0.477777778125 0.0328125 0.46805555625000006 0.03046875 0.447222221875 0.0234375 0.425 0.01484375 0.4291666671875
1 0.3828125 0.28055555625 0.4 0.2888888890625 0.4015625 0.28055555625 0.39609375 0.275 0.384375 0.25 0.3828125 0.10138888906250001 0.36953125 0.10555555624999999 0.371875 0.177777778125 0.3703125 0.2541666671875 0.3578125 0.259722221875 0.35703125 0.2666666671875 0.36640625 0.2708333328125 0.37578125 0.2888888890625 0.3796875 0.2888888890625 0.3828125 0.28055555625
6 0.784375 0.2 0.78671875 0.1833333328125 0.78125 0.18055555625 0.78203125 0.16805555625 0.76875 0.165277778125 0.76953125 0.175 0.78203125 0.1888888890625 0.77890625 0.275 0.7828125 0.27638888906250003 0.7875 0.26527777812500003 0.7890625 0.2208333328125 0.78828125 0.20972222187499998 0.784375 0.2
6 0.71171875 0.2388888890625 0.71484375 0.2236111109375 0.71953125 0.215277778125 0.72421875 0.21944444375 0.7296875 0.23472222187499997 0.73046875 0.24583333281250003 0.73515625 0.23472222187499997 0.7390625 0.1986111109375 0.7453125 0.190277778125 0.75 0.197222221875 0.7546875 0.240277778125 0.7640625 0.2416666671875 0.76953125 0.17916666718750002 0.7609375 0.16805555625 0.7625 0.1611111109375 0.7578125 0.1416666671875 0.75546875 0.1125 0.75 0.10555555624999999 0.72578125 0.0958333328125 0.70625 0.097222221875 0.7015625 0.10555555624999999 0.69921875 0.140277778125 0.68828125 0.15555555625 0.68359375 0.16944444375 0.6875 0.177777778125 0.6890625 0.22777777812500002 0.69453125 0.2388888890625 0.7078125 0.2416666671875 0.71171875 0.2388888890625
7 0.8828125 0.27777777812500004 0.89140625 0.28055555625 0.89609375 0.27638888906250003 0.90625 0.27638888906250003 0.9109375 0.2666666671875 0.9140625 0.24722222187499998 0.9265625 0.23055555625 0.915625 0.18194444375000002 0.9109375 0.17361111093749998 0.890625 0.1583333328125 0.86171875 0.1541666671875 0.853125 0.15972222187500001 0.84375 0.15555555625 0.81875 0.15555555625 0.8171875 0.15972222187500001 0.81640625 0.18055555625 0.8296875 0.19583333281249998 0.8375 0.2138888890625 0.84921875 0.2166666671875 0.85 0.22916666718749998 0.85546875 0.24305555625 0.878125 0.25833333281250004 0.8828125 0.27777777812500004
7 0.97890625 0.34027777812500004 0.99921875 0.33888888906250003 0.99921875 0.26805555625 0.99375 0.259722221875 0.98671875 0.259722221875 0.9828125 0.275 0.98046875 0.30555555624999997 0.97890625 0.34027777812500004
7 0.96015625 0.34722222187499996 0.9671875 0.30416666718749996 0.96953125 0.24583333281250003 0.94296875 0.23194444375 0.93046875 0.23194444375 0.91796875 0.24583333281250003 0.9078125 0.28611111093749997 0.9078125 0.3 0.9140625 0.30555555624999997 0.9203125 0.322222221875 0.925 0.32777777812500003 0.9421875 0.33194444375 0.95 0.3513888890625 0.95625 0.35555555625 0.96015625 0.34722222187499996
7 0.77578125 0.177777778125 0.77421875 0.18055555625 0.7796875 0.18055555625 0.78203125 0.19583333281249998 0.78515625 0.19583333281249998 0.78203125 0.18194444375000002 0.7859375 0.1861111109375 0.7859375 0.18194444375000002 0.77578125 0.177777778125
7 0.99296875 0.25694444375000003 0.99921875 0.25555555625 0.99921875 0.22916666718749998 0.9921875 0.222222221875 0.98828125 0.23333333281250002 0.9875 0.252777778125 0.99296875 0.25694444375000003
7 0.92890625 0.16944444375 0.91953125 0.16944444375 0.91875 0.1875 0.92421875 0.20416666718749998 0.9296875 0.20972222187499998 0.93203125 0.22916666718749998 0.9703125 0.2416666671875 0.97421875 0.20555555625 0.96953125 0.197222221875 0.92890625 0.16944444375
7 0.96328125 0.13888888906250002 0.96171875 0.134722221875 0.94296875 0.125 0.93125 0.125 0.9296875 0.13055555624999998 0.92734375 0.125 0.9265625 0.13055555624999998 0.94609375 0.14305555625 0.95625 0.15555555625 0.975 0.16388888906250001 0.97890625 0.15972222187500001 0.97890625 0.1513888890625 0.975 0.14444444375 0.96328125 0.13888888906250002
7 0.84140625 0.1208333328125 0.83828125 0.127777778125 0.83671875 0.1361111109375 0.8390625 0.147222221875 0.84921875 0.15555555625 0.86171875 0.1513888890625 0.88046875 0.15277777812499999 0.884375 0.1458333328125 0.85078125 0.1208333328125 0.84140625 0.1208333328125
7 0.8765625 0.10555555624999999 0.89375 0.11388888906250001 0.89765625 0.08055555625000001 0.875 0.07083333281250001 0.85703125 0.072222221875 0.85546875 0.08055555625000001 0.8765625 0.10555555624999999
4 0.74765625 0.28194444375 0.74765625 0.2958333328125 0.74921875 0.2916666671875 0.753125 0.29722222187499997 0.7546875 0.2958333328125 0.74921875 0.28472222187499996 0.7546875 0.2833333328125 0.75 0.2708333328125 0.75078125 0.20694444375 0.7484375 0.19305555624999998 0.74296875 0.1916666671875 0.73984375 0.19583333281249998 0.7375 0.23611111093749998 0.73203125 0.24583333281250003 0.72890625 0.2833333328125 0.725 0.29305555625 0.73515625 0.29305555625 0.73515625 0.28194444375 0.74140625 0.2708333328125 0.74765625 0.28194444375