2 0.43194444374999996 0.98671875 0.47222222187499996 0.9859375 0.477777778125 0.98203125 0.477777778125 0.975 0.46666666718750005 0.9671875 0.447222221875 0.96953125 0.425 0.97734375 0.43194444374999996 0.98671875
1 0.10555555624999999 0.6171875 0.1 0.6203125 0.1041666671875 0.6296875 0.2541666671875 0.628125 0.259722221875 0.63203125 0.259722221875 0.63828125 0.2541666671875 0.64375 0.2625 0.64453125 0.26805555625 0.6421875 0.2708333328125 0.63359375 0.2791666671875 0.63125 0.28611111093749997 0.625 0.28055555625 0.61171875 0.2888888890625 0.6 0.28055555625 0.5984375 0.25833333281250004 0.61484375 0.10555555624999999 0.6171875
1 0.08333333281250001 0.54609375 0.08055555625000001 0.5546875 0.0916666671875 0.55859375 0.2125 0.55859375 0.22916666718749998 0.5625 0.22638888906250001 0.57265625 0.23055555625 0.57265625 0.2388888890625 0.56875 0.24305555625 0.5625 0.25 0.54765625 0.2513888890625 0.53125 0.2416666671875 0.53203125 0.23472222187499997 0.54453125 0.21805555625 0.5484375 0.17916666718750002 0.54765625 0.172222221875 0.5453125 0.08333333281250001 0.54609375
7 0.11805555625 0.0375 0.1166666671875 0.03359375 0.11388888906250001 0.0375 0.11805555625 0.0375
7 0.09444444375 0.0984375 0.10138888906250001 0.09375 0.11805555625 0.09453125 0.127777778125 0.08046875 0.127777778125 0.07421875 0.1208333328125 0.06875 0.11944444375 0.05 0.102777778125 0.04609375 0.0888888890625 0.04609375 0.08055555625000001 0.04921875 0.07083333281250001 0.06484375 0.072222221875 0.07734375 0.08194444375 0.09375 0.09444444375 0.0984375
7 0.17361111093749998 0.0890625 0.15555555625 0.115625 0.1541666671875 0.13984375 0.15555555625 0.14453125 0.16388888906250001 0.1484375 0.15555555625 0.1609375 0.15555555625 0.18125 0.184722221875 0.18046875 0.19444444375 0.17109375 0.20416666718749998 0.1671875 0.2166666671875 0.1515625 0.23472222187499997 0.15 0.240277778125 0.14609375 0.25833333281250004 0.121875 0.27777777812500004 0.1171875 0.2791666671875 0.078125 0.26805555625 0.06953125 0.23055555625 0.0703125 0.2236111109375 0.07421875 0.1833333328125 0.08359375 0.17361111093749998 0.0890625
7 0.1541666671875 0.1203125 0.15 0.1171875 0.14305555625 0.11875 0.13055555624999998 0.13359375 0.127777778125 0.14453125 0.11944444375 0.1515625 0.1208333328125 0.16171875 0.1361111109375 0.16328125 0.15 0.1609375 0.1541666671875 0.153125 0.1541666671875 0.1203125
7 0.072222221875 0.140625 0.08055555625000001 0.14375 0.090277778125 0.13671875 0.10555555624999999 0.1234375 0.11388888906250001 0.10625 0.08055555625000001 0.10390625 0.072222221875 0.12109375 0.072222221875 0.140625
7 0.2416666671875 0.0125 0.2708333328125 0.0125 0.27638888906250003 0.00703125 0.275 0.00078125 0.2208333328125 0.00078125 0.2138888890625 0.00625 0.2236111109375 0.01015625 0.2416666671875 0.0125
7 0.17916666718750002 0.0078125 0.18055555625 0.00078125 0.172222221875 0.00546875 0.172222221875 0.0078125 0.17916666718750002 0.0078125
7 0.20416666718749998 0.07578125 0.20972222187499998 0.06953125 0.23055555625 0.06953125 0.2388888890625 0.06640625 0.2388888890625 0.0453125 0.24722222187499998 0.03046875 0.21944444375 0.02578125 0.20555555625 0.02578125 0.197222221875 0.03046875 0.16944444375 0.071875 0.1708333328125 0.08046875 0.1888888890625 0.08125 0.20416666718749998 0.07578125
7 0.1583333328125 0.02109375 0.147222221875 0.021875 0.13194444375 0.040625 0.125 0.05703125 0.1263888890625 0.07265625 0.13055555624999998 0.07265625 0.14305555625 0.053125 0.15555555625 0.04296875 0.1611111109375 0.03046875 0.1583333328125 0.02109375
7 0.19583333281249998 0.1875 0.2541666671875 0.18984375 0.25555555625 0.18359375 0.26527777812500003 0.1828125 0.2708333328125 0.1765625 0.26805555625 0.1640625 0.275 0.15859375 0.2666666671875 0.153125 0.23472222187499997 0.1515625 0.2236111109375 0.1578125 0.2166666671875 0.16796875 0.20555555625 0.16796875 0.19583333281249998 0.17265625 0.1916666671875 0.17890625 0.19583333281249998 0.1875
7 0.22638888906250001 0.25546875 0.222222221875 0.24296875 0.22777777812500002 0.23359375 0.19305555624999998 0.2296875 0.15555555625 0.23125 0.15277777812499999 0.23828125 0.1611111109375 0.2515625 0.18055555625 0.26171875 0.1888888890625 0.26328125 0.20694444375 0.2640625 0.222222221875 0.2609375 0.22638888906250001 0.25546875
7 0.25555555625 0.21875 0.25555555625 0.21328125 0.23333333281250002 0.209375 0.197222221875 0.20703125 0.177777778125 0.20859375 0.15555555625 0.20546875 0.147222221875 0.20546875 0.140277778125 0.209375 0.13888888906250002 0.21328125 0.147222221875 0.2171875 0.1916666671875 0.21953125 0.24583333281250003 0.22109375 0.25555555625 0.21875
7 0.15555555625 0.24375 0.15 0.23984375 0.15 0.23203125 0.1208333328125 0.2296875 0.08333333281250001 0.23203125 0.072222221875 0.24921875 0.07638888906249999 0.2546875 0.0861111109375 0.25234375 0.09305555625 0.2546875 0.1541666671875 0.25546875 0.15555555625 0.24375
7 0.055555556250000006 0.3234375 0.1 0.3234375 0.10555555624999999 0.31328125 0.11388888906250001 0.30859375 0.1291666671875 0.30703125 0.13888888906250002 0.303125 0.1541666671875 0.2875 0.1666666671875 0.26484375 0.1041666671875 0.2625 0.072222221875 0.25859375 0.058333332812500006 0.278125 0.055555556250000006 0.29921875 0.04444444375 0.31796875 0.0458333328125 0.32265625 0.055555556250000006 0.3234375
4 0.18055555625 0.8625 0.16944444375 0.8671875 0.1708333328125 0.8703125 0.23055555625 0.86953125 0.25 0.8671875 0.25 0.8625 0.24583333281250003 0.8578125 0.20416666718749998 0.85859375 0.18055555625 0.8625
4 0.2958333328125 0.8125 0.29305555625 0.81875 0.30555555624999997 0.82109375 0.31944444375000003 0.8296875 0.3625 0.83046875 0.39444444375 0.82109375 0.4291666671875 0.8203125 0.43055555625 0.80703125 0.425 0.80546875 0.4138888890625 0.81171875 0.3611111109375 0.81328125 0.35694444375 0.81171875 0.3638888890625 0.80078125 0.35694444375 0.8 0.35694444375 0.8078125 0.34722222187499996 0.8046875 0.32083333281250004 0.8140625 0.2958333328125 0.8125
4 0.0958333328125 0.45234375 0.147222221875 0.45234375 0.1513888890625 0.45078125 0.1513888890625 0.44609375 0.12361111093749999 0.44296875 0.1166666671875 0.4390625 0.097222221875 0.43984375 0.08910477812499999 0.4482148640625 0.0958333328125 0.45234375