2 0.0296875 0.4458333328125 0.02265625 0.425 0.015625 0.427777778125 0.0125 0.43333333281249997 0.01328125 0.46666666718750005 0.0171875 0.4763888890625 0.025 0.477777778125 0.0328125 0.46666666718750005 0.0296875 0.4458333328125
1 0.371875 0.2486111109375 0.35625 0.25555555625 0.36015625 0.25555555625 0.3631990140625 0.269078946875 0.36640625 0.2708333328125 0.36875 0.2791666671875 0.375 0.28611111093749997 0.38828125 0.28055555625 0.40078125 0.2888888890625 0.4015625 0.28055555625 0.3875 0.26527777812500003 0.38515625 0.25555555625 0.3828125 0.10555555624999999 0.3796875 0.1 0.3703125 0.10555555624999999 0.371875 0.2486111109375
1 0.4546875 0.1708333328125 0.45234375 0.1111111109375 0.45390625 0.0861111109375 0.45078125 0.08055555625000001 0.4453125 0.08194444375 0.43984375 0.09305555625 0.4421875 0.10694444375 0.44140625 0.2138888890625 0.43828125 0.22777777812500002 0.42734375 0.22638888906250001 0.42734375 0.23055555625 0.43125 0.2388888890625 0.4375 0.24305555625 0.45234375 0.25 0.46875 0.2513888890625 0.46796875 0.2416666671875 0.45546875 0.23472222187499997 0.4515625 0.21805555625 0.45234375 0.17916666718750002 0.4546875 0.1708333328125
7 0.91640625 0.1833333328125 0.9109375 0.17361111093749998 0.89296875 0.15972222187500001 0.86953125 0.1541666671875 0.85546875 0.15555555625 0.85234375 0.15972222187500001 0.8421875 0.15555555625 0.81953125 0.15555555625 0.81953125 0.18194444375000002 0.83671875 0.20694444375 0.84765625 0.215277778125 0.85 0.23472222187499997 0.8546875 0.2416666671875 0.878125 0.25833333281250004 0.8828125 0.27777777812500004 0.8921875 0.28055555625 0.89609375 0.27638888906250003 0.90625 0.27638888906250003 0.9109375 0.2666666671875 0.91328125 0.25 0.9265625 0.23055555625 0.91640625 0.1833333328125
7 0.97890625 0.3236111109375 0.9796875 0.34305555625 0.99921875 0.33888888906250003 0.99921875 0.26805555625 0.9921875 0.25833333281250004 0.98671875 0.2611111109375 0.9828125 0.27638888906250003 0.97890625 0.3236111109375
7 0.909375 0.3 0.925 0.32777777812500003 0.94140625 0.33055555625 0.94921875 0.3513888890625 0.95703125 0.35555555625 0.9671875 0.302777778125 0.96953125 0.24583333281250003 0.9421875 0.23194444375 0.93046875 0.23194444375 0.91953125 0.24305555625 0.9125 0.2625 0.90703125 0.29305555625 0.909375 0.3
7 0.96640625 0.1291666671875 0.975 0.10138888906250001 0.97265625 0.09305555625 0.96640625 0.0888888890625 0.96171875 0.09444444375 0.96171875 0.1263888890625 0.96640625 0.1291666671875
7 0.90625 0.10138888906250001 0.90546875 0.11805555625 0.9078125 0.1208333328125 0.9296875 0.1291666671875 0.9375 0.12222222187500001 0.94921875 0.1208333328125 0.95234375 0.11388888906250001 0.95234375 0.08333333281250001 0.93828125 0.072222221875 0.9265625 0.07083333281250001 0.90625 0.08333333281250001 0.90234375 0.0958333328125 0.90625 0.10138888906250001
7 0.99375 0.21805555625 0.98984375 0.2236111109375 0.98828125 0.2541666671875 0.99921875 0.25555555625 0.99921875 0.22777777812500002 0.99375 0.21805555625
7 0.95859375 0.23611111093749998 0.96796875 0.24305555625 0.971875 0.240277778125 0.97421875 0.20555555625 0.96953125 0.197222221875 0.92890625 0.16944444375 0.91953125 0.16944444375 0.91875 0.1888888890625 0.9296875 0.215277778125 0.93046875 0.22777777812500002 0.95859375 0.23611111093749998
7 0.9421875 0.14305555625 0.946875 0.14305555625 0.95625 0.15555555625 0.97578125 0.16388888906250001 0.9796875 0.15694444375 0.978125 0.147222221875 0.95546875 0.13055555624999998 0.94375 0.125 0.9314453125 0.125 0.93125 0.13194444375 0.92578125 0.1263888890625 0.925 0.1291666671875 0.9421875 0.14305555625
7 0.815625 0.1916666671875 0.8125 0.19444444375 0.81015625 0.25555555625 0.81484375 0.25555555625 0.8171875 0.2666666671875 0.82578125 0.275 0.83671875 0.2708333328125 0.8421875 0.27638888906250003 0.84765625 0.26527777812500003 0.8484375 0.23333333281250002 0.84140625 0.2208333328125 0.83203125 0.215277778125 0.8296875 0.1986111109375 0.81875 0.1888888890625 0.8171875 0.17361111093749998 0.815625 0.1916666671875
7 0.7390625 0.222222221875 0.74921875 0.22638888906250001 0.7546875 0.2208333328125 0.7671875 0.22777777812500002 0.76875 0.19583333281249998 0.775 0.1916666671875 0.7765625 0.1833333328125 0.76875 0.15555555625 0.759375 0.15277777812499999 0.74609375 0.165277778125 0.73671875 0.190277778125 0.73671875 0.2166666671875 0.7390625 0.222222221875
7 0.78046875 0.2541666671875 0.7859375 0.25694444375000003 0.790625 0.2388888890625 0.79296875 0.2 0.79453125 0.147222221875 0.790625 0.140277778125 0.7859375 0.13888888906250002 0.7828125 0.1458333328125 0.7796875 0.184722221875 0.78125 0.20972222187499998 0.77890625 0.24305555625 0.78046875 0.2541666671875
7 0.79296875 0.134722221875 0.79296875 0.1291666671875 0.7890625 0.127777778125 0.78828125 0.13055555624999998 0.79296875 0.134722221875
7 0.79296875 0.109722221875 0.7953125 0.097222221875 0.78828125 0.09444444375 0.7890625 0.1041666671875 0.79296875 0.109722221875
7 0.74453125 0.15555555625 0.75625 0.15555555625 0.76171875 0.147222221875 0.76796875 0.147222221875 0.7703125 0.1291666671875 0.7703125 0.0958333328125 0.76796875 0.08194444375 0.75078125 0.072222221875 0.7453125 0.077777778125 0.74765625 0.0888888890625 0.7453125 0.09444444375 0.74453125 0.15555555625
7 0.70078125 0.055555556250000006 0.68203125 0.04444444375 0.67734375 0.047222221875 0.6765625 0.055555556250000006 0.6765625 0.1 0.69140625 0.1111111109375 0.69375 0.13055555624999998 0.69921875 0.14305555625 0.73125 0.1666666671875 0.734375 0.16805555625 0.7359375 0.16388888906250001 0.74140625 0.16805555625 0.73515625 0.15972222187500001 0.7375 0.14305555625 0.7375 0.1041666671875 0.74140625 0.072222221875 0.7234375 0.058333332812500006 0.70078125 0.055555556250000006
7 0.88046875 0.14305555625 0.8671875 0.13055555624999998 0.8578125 0.1291666671875 0.85078125 0.1208333328125 0.8375 0.12222222187500001 0.83671875 0.13888888906250002 0.8390625 0.15 0.85 0.15555555625 0.8828125 0.15 0.88046875 0.14305555625
7 0.85703125 0.07638888906249999 0.85703125 0.08194444375 0.87578125 0.1041666671875 0.89375 0.11388888906250001 0.89609375 0.08055555625000001 0.8734375 0.07083333281250001 0.8609375 0.07083333281250001 0.85703125 0.07638888906249999
4 0.66796875 0.1833333328125 0.66796875 0.16805555625 0.66328125 0.15972222187500001 0.6625 0.1513888890625 0.6578125 0.15277777812499999 0.6515625 0.1708333328125 0.65078125 0.18194444375000002 0.64921875 0.22638888906250001 0.659375 0.23055555625 0.66328125 0.19305555624999998 0.66796875 0.1833333328125
4 0.4421875 0.097222221875 0.43828125 0.0916666671875 0.4375 0.147222221875 0.44140625 0.14305555625 0.4421875 0.134722221875 0.4421875 0.097222221875