1 0.61015625 0.85555555625 0.61484375 0.872222221875 0.615625 0.89444444375 0.62265625 0.897222221875 0.628125 0.89305555625 0.6296875 0.8236111109375001 0.62734375 0.7486111109375 0.63203125 0.7402777781250001 0.6421875 0.7402777781250001 0.6421875 0.734722221875 0.62890625 0.725 0.62421875 0.7138888890625 0.61328125 0.7166666671875 0.60546875 0.7111111109375 0.60625 0.7236111109375 0.6140625 0.7458333328125 0.6140625 0.7819444437499999 0.61015625 0.8055555562500001 0.61015625 0.85555555625
1 0.54375 0.83194444375 0.54453125 0.902777778125 0.55 0.91944444375 0.5546875 0.91805555625 0.5578125 0.9083333328125001 0.5578125 0.847222221875 0.5609375 0.8375 0.5578125 0.8111111109375001 0.55859375 0.7819444437499999 0.56171875 0.7736111109375 0.56875 0.7763888890625 0.57109375 0.7708333328125 0.56796875 0.7611111109375 0.56171875 0.7569444437499999 0.54765625 0.75 0.53125 0.7486111109375 0.53203125 0.7583333328124999 0.54609375 0.76944444375 0.54375 0.83194444375
6 0.2359375 0.7597222218749999 0.23828125 0.7833333328125 0.2484375 0.8027777781250001 0.26328125 0.809722221875 0.2671875 0.8208333328125 0.26875 0.8388888890624999 0.27265625 0.8444444437499999 0.309375 0.85 0.31953125 0.8361111109375001 0.3328125 0.8361111109375001 0.340625 0.83055555625 0.34375 0.8263888890625 0.3453125 0.8111111109375001 0.34609375 0.7916666671875 0.3390625 0.7638888890625 0.3359375 0.7583333328124999 0.3171875 0.7611111109375 0.30234375 0.752777778125 0.29921875 0.74444444375 0.29765625 0.7236111109375 0.2921875 0.7166666671875 0.28203125 0.715277778125 0.27109375 0.7291666671875 0.2625 0.722222221875 0.240625 0.7208333328125 0.2375 0.725 0.2359375 0.7597222218749999
6 0.40078125 0.8388888890624999 0.42421875 0.8388888890624999 0.4296875 0.827777778125 0.4328125 0.809722221875 0.43359375 0.7888888890625 0.43046875 0.7708333328125 0.41640625 0.75 0.4015625 0.7402777781250001 0.34921875 0.7416666671875001 0.34296875 0.7486111109375 0.34453125 0.76805555625 0.36328125 0.7763888890625 0.3671875 0.7833333328125 0.36328125 0.79444444375 0.365625 0.80694444375 0.375 0.815277778125 0.3921875 0.8222222218749999 0.40078125 0.8388888890624999
7 0.1120896109375 0.85042989375 0.1328125 0.86944444375 0.15625 0.875 0.15859375 0.8652777781250001 0.15625 0.85 0.1138671875 0.8458333328125001 0.1120896109375 0.85042989375
7 0.0296875 0.902777778125 0.0375 0.9166666671874999 0.03828125 0.8819444437499999 0.03359375 0.8833333328125 0.0296875 0.89444444375 0.0296875 0.902777778125
7 0.04609375 0.8986111109375001 0.04609375 0.9166666671874999 0.06171875 0.9277777781250001 0.0765625 0.9277777781250001 0.09296875 0.9166666671874999 0.09375 0.88055555625 0.0796875 0.872222221875 0.0703125 0.8791666671874999 0.053125 0.877777778125 0.04609375 0.8986111109375001
7 0.13203125 0.9291666671875 0.13671875 0.9291666671875 0.1421875 0.922222221875 0.14296875 0.91944444375 0.125 0.897222221875 0.1109375 0.8861111109375001 0.1046875 0.8861111109375001 0.10234375 0.91944444375 0.13203125 0.9291666671875
7 0.80546875 0.8611111109375 0.82734375 0.8888888890625 0.8484375 0.890277778125 0.85625 0.8708333328125001 0.853125 0.8458333328125001 0.86015625 0.83055555625 0.86015625 0.8236111109375001 0.85703125 0.8194444437499999 0.84453125 0.8194444437499999 0.8390625 0.8111111109375001 0.825 0.8111111109375001 0.81171875 0.8027777781250001 0.80546875 0.80694444375 0.80234375 0.81805555625 0.796875 0.8222222218749999 0.79453125 0.8291666671875 0.79609375 0.8541666671874999 0.80546875 0.8611111109375
7 0.10703125 0.7194444437499999 0.1046875 0.7236111109375 0.07578125 0.722222221875 0.06953125 0.7333333328125 0.06953125 0.7666666671875 0.07421875 0.7763888890625 0.08359375 0.8166666671874999 0.090625 0.827777778125 0.11953125 0.8444444437499999 0.14375 0.8444444437499999 0.14921875 0.834722221875 0.15234375 0.8361111109375001 0.1515625 0.8416666671874999 0.15625 0.8444444437499999 0.1765625 0.8444444437499999 0.1796875 0.8430555562500001 0.18359375 0.83194444375 0.1859375 0.8194444437499999 0.18203125 0.8041666671875 0.18359375 0.7888888890625 0.18125 0.777777778125 0.1765625 0.772222221875 0.16875 0.772222221875 0.16328125 0.7875 0.159375 0.790277778125 0.15078125 0.7819444437499999 0.14921875 0.7638888890625 0.121875 0.7416666671875001 0.11875 0.725 0.1140625 0.7194444437499999 0.10703125 0.7194444437499999
7 0.64296875 0.8444444437499999 0.6375 0.8444444437499999 0.6359375 0.85694444375 0.63125 0.85555555625 0.63125 0.890277778125 0.61953125 0.8986111109375001 0.61875 0.9041666671874999 0.62109375 0.9625 0.6359375 0.95555555625 0.64453125 0.9444444437499999 0.65625 0.9472222218749999 0.6625 0.940277778125 0.6671875 0.94305555625 0.671875 0.95694444375 0.70703125 0.952777778125 0.71875 0.9444444437499999 0.72109375 0.925 0.725 0.922222221875 0.721875 0.9166666671874999 0.725 0.8958333328125001 0.725 0.8361111109375001 0.71953125 0.83194444375 0.71796875 0.8222222218749999 0.703125 0.8263888890625 0.6984375 0.8111111109375001 0.69375 0.8055555562500001 0.675 0.80694444375 0.6671875 0.8361111109375001 0.64609375 0.8388888890624999 0.64296875 0.8444444437499999
7 0.54140625 0.9055555562500001 0.54453125 0.872222221875 0.54375 0.825 0.5390625 0.8222222218749999 0.53203125 0.83194444375 0.525 0.85 0.521875 0.875 0.52421875 0.9125 0.5234375 0.95555555625 0.52734375 0.984722221875 0.53671875 0.9930555562500001 0.56953125 0.99444444375 0.60625 0.9791666671874999 0.6109375 0.9638888890624999 0.61171875 0.8847222218749999 0.6046875 0.8666666671875 0.60625 0.8458333328125001 0.60078125 0.8361111109375001 0.59921875 0.8208333328125 0.58359375 0.815277778125 0.578125 0.8166666671874999 0.5703125 0.8263888890625 0.56171875 0.8458333328125001 0.55859375 0.8680555562500001 0.55859375 0.9069444437499999 0.5546875 0.91944444375 0.55078125 0.91944444375 0.54140625 0.9055555562500001
7 0.00859375 0.727777778125 0.00078125 0.7291666671875 0.00078125 0.777777778125 0.00703125 0.7805555562500001 0.01171875 0.765277778125 0.0125 0.73194444375 0.00859375 0.727777778125
7 0.05703125 0.7597222218749999 0.05078125 0.7666666671875 0.04453125 0.7666666671875 0.0296875 0.7541666671875 0.02578125 0.772222221875 0.0265625 0.797222221875 0.03359375 0.8055555562500001 0.07109375 0.83055555625 0.08046875 0.8291666671875 0.08125 0.8111111109375001 0.0671875 0.7638888890625 0.05703125 0.7597222218749999
7 0.046875 0.8541666671874999 0.03515625 0.8444444437499999 0.01953125 0.840277778125 0.0234375 0.8541666671874999 0.0390625 0.8666666671875 0.0625 0.877777778125 0.075 0.8763888890624999 0.075 0.86944444375 0.06875 0.8666666671875 0.0625 0.85694444375 0.046875 0.8541666671874999
7 0.2125 0.8791666671874999 0.2140625 0.8680555562500001 0.21875 0.8611111109375 0.21484375 0.85694444375 0.2140625 0.85 0.20859375 0.8486111109375001 0.20703125 0.877777778125 0.2125 0.8791666671874999
7 0.20703125 0.890277778125 0.20234375 0.897222221875 0.2046875 0.9055555562500001 0.21171875 0.9055555562500001 0.20703125 0.890277778125
7 0.25 0.9236111109375 0.25234375 0.8736111109375001 0.2546875 0.8666666671875 0.25390625 0.840277778125 0.23828125 0.840277778125 0.23203125 0.847222221875 0.22890625 0.8986111109375001 0.23125 0.91805555625 0.25 0.9236111109375
7 0.3234375 0.902777778125 0.31953125 0.8958333328125001 0.3140625 0.89444444375 0.3046875 0.86944444375 0.29296875 0.8583333328125 0.28125 0.8541666671874999 0.2734375 0.8444444437499999 0.265625 0.8416666671874999 0.2625 0.8458333328125001 0.2609375 0.9305555562500001 0.30703125 0.952777778125 0.3203125 0.9541666671875 0.3234375 0.9444444437499999 0.3234375 0.902777778125