0 0.89453125 0.34027777812500004 0.89921875 0.3541666671875 0.9046875 0.34722222187499996 0.90625 0.3375 0.89453125 0.34027777812500004
0 1 0.006944443749999999 0.89765625 0.0361111109375 0.87890625 0.04444444375 0.87109375 0.058333332812500006 0.86015625 0.0513888890625 0.84921875 0.034722221875 0.83828125 0.030555556249999997 0.8203125 0.03194444375 0.80546875 0.04444444375 0.8 0.05694444375 0.79453125 0.0861111109375 0.771875 0.109722221875 0.765625 0.1375 0.76796875 0.177777778125 0.77265625 0.19444444375 0.77109375 0.20972222187499998 0.7765625 0.24444444375000002 0.7875 0.2833333328125 0.8 0.30555555624999997 0.8140625 0.31805555625 0.89765625 0.32083333281250004 0.9015625 0.33194444375 0.9171875 0.3458333328125 0.93828125 0.39305555625 0.94453125 0.39444444375 0.94375 0.4 0.95 0.4138888890625 0.95078125 0.40833333281249995 0.9453125 0.3986111109375 0.9359375 0.3416666671875 0.971875 0.3416666671875 1 0.3361111109375 1 0.006944443749999999
2 0.96640625 0.58194444375 0.97421875 0.58194444375 0.97578125 0.577777778125 0.975 0.5375 0.9734375 0.5319444437499999 0.96328125 0.5319444437499999 0.959375 0.5375 0.96328125 0.577777778125 0.96640625 0.58194444375
1 0.6109375 0.847222221875 0.6140625 0.859722221875 0.61328125 0.8916666671875 0.6265625 0.8986111109375001 0.6296875 0.8958333328125001 0.63125 0.8875 0.62734375 0.8416666671874999 0.62734375 0.7486111109375 0.6296875 0.7416666671875001 0.640625 0.7402777781250001 0.6421875 0.734722221875 0.63125 0.727777778125 0.62421875 0.7111111109375 0.61328125 0.7166666671875 0.60625 0.709722221875 0.6046875 0.7166666671875 0.61328125 0.7361111109375 0.61484375 0.765277778125 0.61484375 0.840277778125 0.6109375 0.847222221875
1 0.55078125 0.91805555625 0.55703125 0.9138888890624999 0.5578125 0.784722221875 0.5625 0.7736111109375 0.56953125 0.7736111109375 0.5703125 0.76944444375 0.56171875 0.7569444437499999 0.53203125 0.7486111109375 0.53125 0.75555555625 0.53359375 0.7597222218749999 0.54453125 0.7666666671875 0.54765625 0.784722221875 0.54375 0.83055555625 0.54609375 0.8541666671874999 0.5453125 0.915277778125 0.55078125 0.91805555625
6 0.2421875 0.7875 0.2453125 0.8027777781250001 0.26484375 0.8125 0.26953125 0.8416666671874999 0.3046875 0.852777778125 0.31171875 0.8486111109375001 0.3203125 0.834722221875 0.3390625 0.83194444375 0.34375 0.8263888890625 0.34375 0.7819444437499999 0.33671875 0.7597222218749999 0.325 0.7569444437499999 0.3171875 0.7611111109375 0.30234375 0.752777778125 0.29921875 0.74444444375 0.29765625 0.725 0.28828125 0.715277778125 0.28125 0.715277778125 0.27109375 0.725 0.2375 0.725 0.2359375 0.765277778125 0.23828125 0.7819444437499999 0.2421875 0.7875
6 0.37890625 0.815277778125 0.39375 0.8263888890625 0.40234375 0.840277778125 0.42421875 0.8388888890624999 0.43125 0.8194444437499999 0.43359375 0.79444444375 0.43046875 0.7708333328125 0.42265625 0.7583333328124999 0.41328125 0.7541666671875 0.4046875 0.7430555562500001 0.35 0.7416666671875001 0.34296875 0.7486111109375 0.3453125 0.7708333328125 0.3640625 0.777777778125 0.3671875 0.7833333328125 0.3625 0.8027777781250001 0.36328125 0.8083333328125001 0.37109375 0.815277778125 0.37890625 0.815277778125
7 0.1328125 0.86944444375 0.14453125 0.872222221875 0.15078125 0.8791666671874999 0.15625 0.8791666671874999 0.16015625 0.86944444375 0.1609375 0.8638888890624999 0.15546875 0.8486111109375001 0.10703125 0.8458333328125001 0.10859375 0.852777778125 0.1328125 0.86944444375
7 0.03359375 0.9069444437499999 0.0359375 0.9041666671874999 0.0375 0.8833333328125 0.03046875 0.89444444375 0.03046875 0.902777778125 0.03359375 0.9069444437499999
7 0.07734375 0.872222221875 0.0734375 0.877777778125 0.05390625 0.877777778125 0.04921875 0.8833333328125 0.04609375 0.8958333328125001 0.04609375 0.915277778125 0.06171875 0.9277777781250001 0.0765625 0.9277777781250001 0.09296875 0.9166666671874999 0.09375 0.88055555625 0.0875 0.875 0.07734375 0.872222221875
7 0.1015625 0.9083333328125001 0.103125 0.91944444375 0.13046875 0.9291666671875 0.1375 0.9291666671875 0.1421875 0.9236111109375 0.1421875 0.91805555625 0.125 0.897222221875 0.1109375 0.8861111109375001 0.1046875 0.8861111109375001 0.1015625 0.9083333328125001
7 0.0703125 0.73194444375 0.0703125 0.76944444375 0.07421875 0.7763888890625 0.084375 0.8194444437499999 0.090625 0.827777778125 0.11953125 0.8444444437499999 0.14375 0.8444444437499999 0.1484375 0.8361111109375001 0.1515625 0.8430555562500001 0.15625 0.8444444437499999 0.18046875 0.8444444437499999 0.1828125 0.8375 0.1828125 0.7888888890625 0.18125 0.777777778125 0.17578125 0.7708333328125 0.16953125 0.76944444375 0.1625 0.7819444437499999 0.1546875 0.7819444437499999 0.1515625 0.777777778125 0.14921875 0.7638888890625 0.121875 0.7416666671875001 0.11875 0.725 0.11328125 0.7194444437499999 0.1046875 0.7236111109375 0.07578125 0.722222221875 0.0703125 0.73194444375
7 0.0109375 0.76805555625 0.0125 0.73194444375 0.01015625 0.7236111109375 0.0046875 0.7208333328125 0.00078125 0.727777778125 0.00078125 0.7819444437499999 0.00703125 0.7819444437499999 0.0109375 0.76805555625
7 0.07578125 0.7986111109375 0.075 0.7861111109375 0.06640625 0.7611111109375 0.0375 0.7597222218749999 0.0296875 0.75555555625 0.025 0.7763888890625 0.025 0.79444444375 0.02734375 0.7986111109375 0.07109375 0.83055555625 0.078125 0.83194444375 0.08125 0.8263888890625 0.08125 0.8083333328125001 0.07578125 0.7986111109375
7 0.05390625 0.8736111109375001 0.06953125 0.877777778125 0.07421875 0.8736111109375001 0.075 0.86944444375 0.06484375 0.85694444375 0.04453125 0.852777778125 0.01953125 0.840277778125 0.0234375 0.85694444375 0.05390625 0.8736111109375001
7 0.2140625 0.8819444437499999 0.215625 0.8680555562500001 0.2203125 0.8611111109375 0.215625 0.85694444375 0.2140625 0.8486111109375001 0.20703125 0.8486111109375001 0.20703125 0.88055555625 0.2140625 0.8819444437499999
7 0.2046875 0.8916666671875 0.20234375 0.902777778125 0.2109375 0.9069444437499999 0.2109375 0.897222221875 0.2046875 0.8916666671875
7 0.25078125 0.9236111109375 0.25234375 0.872222221875 0.2546875 0.8638888890624999 0.25390625 0.840277778125 0.23828125 0.840277778125 0.23125 0.847222221875 0.22890625 0.9069444437499999 0.2328125 0.91805555625 0.25078125 0.9236111109375
7 0.3234375 0.9458333328125 0.325 0.9069444437499999 0.31953125 0.8958333328125001 0.31328125 0.89305555625 0.31171875 0.8708333328125001 0.29453125 0.85694444375 0.28046875 0.852777778125 0.2734375 0.8444444437499999 0.26328125 0.8444444437499999 0.26171875 0.9305555562500001 0.27578125 0.940277778125 0.29921875 0.9458333328125 0.31796875 0.95555555625 0.32265625 0.9541666671875 0.3234375 0.9458333328125