2 0.97109375 0.5319444437499999 0.96328125 0.5319444437499999 0.95859375 0.54444444375 0.9640625 0.5791666671875 0.975 0.58055555625 0.975 0.540277778125 0.97109375 0.5319444437499999
1 0.6140625 0.8861111109375001 0.615625 0.89305555625 0.6265625 0.8958333328125001 0.6296875 0.8833333328125 0.62734375 0.8430555562500001 0.62734375 0.7486111109375 0.63125 0.7402777781250001 0.63984375 0.7402777781250001 0.640625 0.734722221875 0.6328125 0.7291666671875 0.6234375 0.7111111109375 0.6140625 0.7166666671875 0.60625 0.709722221875 0.6046875 0.7166666671875 0.6125 0.7361111109375 0.61484375 0.76805555625 0.6125 0.8458333328125001 0.6140625 0.8861111109375001
1 0.55078125 0.9166666671874999 0.55703125 0.9125 0.5578125 0.7833333328125 0.56171875 0.772222221875 0.56875 0.7736111109375 0.5703125 0.76944444375 0.56796875 0.7611111109375 0.56171875 0.7569444437499999 0.5328125 0.7486111109375 0.53125 0.7569444437499999 0.54296875 0.7638888890625 0.54765625 0.784722221875 0.54375 0.83194444375 0.54609375 0.8541666671874999 0.5453125 0.9138888890624999 0.55078125 0.9166666671874999
6 0.2390625 0.7819444437499999 0.2359375 0.784722221875 0.2390625 0.7861111109375 0.24375 0.8 0.25 0.8083333328125001 0.26328125 0.809722221875 0.2671875 0.8194444437499999 0.26953125 0.8416666671874999 0.2953125 0.85 0.30859375 0.85 0.31875 0.834722221875 0.3296875 0.8333333328125001 0.334375 0.8236111109375001 0.33671875 0.8236111109375001 0.3390625 0.83194444375 0.34375 0.8222222218749999 0.34453125 0.7861111109375 0.33828125 0.7611111109375 0.3328125 0.7569444437499999 0.31875 0.7597222218749999 0.30234375 0.752777778125 0.29921875 0.7333333328125 0.29375 0.7194444437499999 0.2796875 0.715277778125 0.2703125 0.727777778125 0.26171875 0.7208333328125 0.24375 0.7208333328125 0.2375 0.725 0.23515625 0.7458333328125 0.2390625 0.7819444437499999
6 0.390625 0.8236111109375001 0.39765625 0.83055555625 0.4015625 0.840277778125 0.425 0.8388888890624999 0.43125 0.8194444437499999 0.43359375 0.8027777781250001 0.43125 0.7736111109375 0.41875 0.75555555625 0.4015625 0.7416666671875001 0.39453125 0.7402777781250001 0.35078125 0.7416666671875001 0.34375 0.7458333328125 0.34296875 0.7638888890625 0.3453125 0.7708333328125 0.36328125 0.7763888890625 0.3671875 0.784722221875 0.3625 0.7986111109375 0.36328125 0.809722221875 0.390625 0.8236111109375001
7 0.1140625 0.8458333328125001 0.11171875 0.852777778125 0.1078125 0.8458333328125001 0.11015625 0.852777778125 0.11796875 0.8541666671874999 0.128125 0.8666666671875 0.14375 0.872222221875 0.15 0.8791666671874999 0.15859375 0.877777778125 0.1609375 0.8652777781250001 0.1546875 0.8486111109375001 0.1140625 0.8458333328125001
7 0.0609375 0.9277777781250001 0.0765625 0.9277777781250001 0.09296875 0.915277778125 0.09375 0.88055555625 0.07734375 0.8708333328125001 0.04921875 0.88055555625 0.04453125 0.902777778125 0.0375 0.9013888890624999 0.03828125 0.8819444437499999 0.0328125 0.8833333328125 0.0296875 0.89305555625 0.03125 0.9055555562500001 0.03828125 0.9069444437499999 0.0375 0.9111111109375001 0.04296875 0.9041666671874999 0.04765625 0.91805555625 0.0609375 0.9277777781250001
7 0.10234375 0.9069444437499999 0.103125 0.91944444375 0.1296875 0.9291666671875 0.1375 0.9291666671875 0.1421875 0.9236111109375 0.1421875 0.91805555625 0.125 0.897222221875 0.1109375 0.8861111109375001 0.10546875 0.8861111109375001 0.10234375 0.9069444437499999
7 0.06953125 0.73194444375 0.06953125 0.7666666671875 0.0734375 0.7736111109375 0.08359375 0.8166666671874999 0.0890625 0.8263888890625 0.11484375 0.8444444437499999 0.14296875 0.8444444437499999 0.14765625 0.8388888890624999 0.159375 0.8444444437499999 0.18125 0.8444444437499999 0.1828125 0.8375 0.1859375 0.80694444375 0.18203125 0.797222221875 0.18125 0.7791666671875 0.1765625 0.772222221875 0.16796875 0.7708333328125 0.1625 0.7819444437499999 0.153125 0.7805555562500001 0.14921875 0.7638888890625 0.121875 0.7416666671875001 0.11796875 0.7236111109375 0.11328125 0.7194444437499999 0.10390625 0.7236111109375 0.078125 0.7208333328125 0.06953125 0.73194444375
7 0.01015625 0.722222221875 0.00078125 0.722222221875 0.00078125 0.7805555562500001 0.0078125 0.7819444437499999 0.0109375 0.76805555625 0.0125 0.73194444375 0.01015625 0.722222221875
7 0.07109375 0.83055555625 0.07734375 0.83194444375 0.08125 0.8263888890625 0.08125 0.809722221875 0.0765625 0.8027777781250001 0.075 0.7875 0.0703125 0.7805555562500001 0.06953125 0.76944444375 0.06484375 0.7611111109375 0.0453125 0.7611111109375 0.034375 0.75555555625 0.03125 0.75 0.02734375 0.7569444437499999 0.02421875 0.7875 0.02578125 0.797222221875 0.0296875 0.8027777781250001 0.07109375 0.83055555625
7 0.04453125 0.86944444375 0.0578125 0.875 0.07265625 0.8736111109375001 0.0734375 0.86944444375 0.04921875 0.85 0.02421875 0.8388888890624999 0.01953125 0.840277778125 0.02109375 0.8541666671874999 0.04453125 0.86944444375
7 0.2046875 0.8708333328125001 0.2078125 0.8847222218749999 0.2140625 0.8875 0.215625 0.86944444375 0.22265625 0.8625 0.2171875 0.8583333328125 0.21328125 0.847222221875 0.20859375 0.847222221875 0.2046875 0.8708333328125001
7 0.2015625 0.902777778125 0.20390625 0.9069444437499999 0.2125 0.9069444437499999 0.2109375 0.89444444375 0.2046875 0.8833333328125 0.2015625 0.902777778125
7 0.22890625 0.9069444437499999 0.2328125 0.91805555625 0.25 0.9277777781250001 0.2546875 0.840277778125 0.2359375 0.840277778125 0.23125 0.8458333328125001 0.22734375 0.8625 0.2296875 0.8666666671875 0.22890625 0.9069444437499999
7 0.325 0.9069444437499999 0.31953125 0.8958333328125001 0.31171875 0.890277778125 0.30859375 0.8819444437499999 0.30859375 0.86944444375 0.27421875 0.8444444437499999 0.26328125 0.8444444437499999 0.2609375 0.9305555562500001 0.27578125 0.940277778125 0.30078125 0.9458333328125 0.31796875 0.95555555625 0.32265625 0.95 0.3234375 0.94305555625 0.325 0.9069444437499999