2 0.015625 0.427777778125 0.0125 0.43333333281249997 0.01328125 0.46805555625000006 0.0171875 0.477777778125 0.025 0.477777778125 0.0328125 0.46666666718750005 0.03125 0.4513888890625 0.02265625 0.425 0.015625 0.427777778125
1 0.38515625 0.25694444375000003 0.3828125 0.10555555624999999 0.378125 0.1 0.3703125 0.10555555624999999 0.371875 0.2236111109375 0.35625 0.25555555625 0.359375 0.2541666671875 0.363990384375 0.2692094015625 0.3671875 0.2708333328125 0.375 0.28611111093749997 0.38828125 0.28055555625 0.40078125 0.2888888890625 0.4015625 0.28055555625 0.38515625 0.25694444375000003
1 0.46875 0.2513888890625 0.46953125 0.24444444375000002 0.4671875 0.240277778125 0.45546875 0.23472222187499997 0.4515625 0.21805555625 0.45234375 0.17916666718750002 0.4546875 0.172222221875 0.45390625 0.08333333281250001 0.44453125 0.08055555625000001 0.44140625 0.090277778125 0.44140625 0.20972222187499998 0.4375 0.22916666718749998 0.42734375 0.22638888906250001 0.42734375 0.23055555625 0.43125 0.2388888890625 0.4375 0.24305555625 0.4515625 0.25 0.46875 0.2513888890625
6 0.6546875 0.23055555625 0.64609375 0.2236111109375 0.6359375 0.222222221875 0.63203125 0.2166666671875 0.63671875 0.20555555625 0.63671875 0.197222221875 0.61015625 0.17361111093749998 0.60546875 0.17361111093749998 0.5984375 0.15972222187500001 0.57421875 0.1611111109375 0.5703125 0.16944444375 0.56640625 0.19305555624999998 0.56640625 0.2166666671875 0.56875 0.22777777812500002 0.57265625 0.23055555625 0.5765625 0.2416666671875 0.59453125 0.25694444375000003 0.6515625 0.25833333281250004 0.65703125 0.25 0.6546875 0.23055555625
7 0.8375 0.12222222187500001 0.83671875 0.1361111109375 0.83984375 0.1513888890625 0.8921875 0.15555555625 0.8859375 0.14444444375 0.86640625 0.13055555624999998 0.85625 0.127777778125 0.853125 0.12222222187500001 0.8375 0.12222222187500001
7 0.9703125 0.10555555624999999 0.9734375 0.10555555624999999 0.9734375 0.0958333328125 0.9703125 0.10138888906250001 0.96875 0.0958333328125 0.9671875 0.102777778125 0.9625 0.1041666671875 0.96171875 0.1111111109375 0.9640625 0.109722221875 0.96484375 0.11388888906250001 0.96171875 0.11805555625 0.96640625 0.1291666671875 0.96953125 0.1208333328125 0.9671875 0.11388888906250001 0.9703125 0.10555555624999999
7 0.95390625 0.102777778125 0.95234375 0.08194444375 0.9390625 0.072222221875 0.9265625 0.07083333281250001 0.90625 0.08194444375 0.9015625 0.09444444375 0.90625 0.10138888906250001 0.90546875 0.11805555625 0.91953125 0.127777778125 0.92578125 0.127777778125 0.9296875 0.12222222187500001 0.9484375 0.1208333328125 0.95390625 0.102777778125
7 0.85546875 0.08055555625000001 0.8765625 0.10555555624999999 0.88828125 0.11388888906250001 0.89765625 0.11388888906250001 0.89765625 0.08055555625000001 0.865625 0.06944444375 0.85625 0.077777778125 0.85546875 0.08055555625000001
7 0.921875 0.2791666671875 0.92890625 0.2708333328125 0.93046875 0.23611111093749998 0.925 0.222222221875 0.915625 0.18055555625 0.9109375 0.17361111093749998 0.8859375 0.15555555625 0.8609375 0.1541666671875 0.85234375 0.15972222187500001 0.84609375 0.15555555625 0.81875 0.15694444375 0.81953125 0.1833333328125 0.8375 0.20833333281250002 0.8484375 0.2166666671875 0.85 0.23472222187499997 0.853125 0.240277778125 0.87734375 0.25833333281250004 0.8828125 0.27777777812500004 0.921875 0.2791666671875
7 0.8484375 0.23472222187499997 0.83125 0.2166666671875 0.8296875 0.197222221875 0.81953125 0.1916666671875 0.8171875 0.184722221875 0.8171875 0.1888888890625 0.8125 0.19305555624999998 0.81171875 0.20555555625 0.81015625 0.2541666671875 0.81796875 0.252777778125 0.8203125 0.2638888890625 0.8265625 0.26944444375 0.8375 0.26805555625 0.84140625 0.272222221875 0.84609375 0.26805555625 0.8484375 0.23472222187499997
7 0.775 0.1833333328125 0.76875 0.15694444375 0.76015625 0.1541666671875 0.7453125 0.1666666671875 0.73671875 0.1888888890625 0.7359375 0.20555555625 0.7390625 0.222222221875 0.74609375 0.22638888906250001 0.75625 0.222222221875 0.765625 0.22916666718749998 0.76796875 0.22638888906250001 0.76875 0.19583333281249998 0.775 0.1833333328125
7 0.790625 0.140277778125 0.7859375 0.13888888906250002 0.7828125 0.147222221875 0.7796875 0.1861111109375 0.7796875 0.25 0.78125 0.25555555625 0.78671875 0.25555555625 0.790625 0.23194444375 0.79296875 0.1666666671875 0.7953125 0.1541666671875 0.79453125 0.1458333328125 0.790625 0.140277778125
7 0.99921875 0.275 0.99921875 0.2208333328125 0.99453125 0.2138888890625 0.98984375 0.2236111109375 0.9875 0.240277778125 0.98828125 0.2736111109375 0.99921875 0.275
7 0.96953125 0.25 0.97421875 0.2208333328125 0.97421875 0.20555555625 0.96953125 0.197222221875 0.925 0.16805555625 0.91953125 0.1708333328125 0.91953125 0.1875 0.9234375 0.19444444375 0.92421875 0.20416666718749998 0.93046875 0.20972222187499998 0.93046875 0.23194444375 0.93359375 0.2388888890625 0.9609375 0.2416666671875 0.96953125 0.25
7 0.96015625 0.13333333281249998 0.93984375 0.125 0.9356773437499999 0.125 0.93203125 0.13194444375 0.9315101562500001 0.125 0.92734375 0.125 0.92578125 0.1291666671875 0.94765625 0.14305555625 0.9578125 0.15555555625 0.9703125 0.1611111109375 0.97734375 0.1611111109375 0.97890625 0.15694444375 0.97890625 0.15 0.96015625 0.13333333281249998
7 0.74140625 0.16805555625 0.7390625 0.165277778125 0.73828125 0.16805555625 0.74140625 0.16805555625
7 0.79296875 0.127777778125 0.790625 0.12222222187500001 0.78828125 0.12361111093749999 0.78828125 0.13333333281249998 0.79296875 0.134722221875 0.79296875 0.127777778125
7 0.78828125 0.09444444375 0.7890625 0.1041666671875 0.79296875 0.10833333281249999 0.7953125 0.097222221875 0.78828125 0.09444444375
7 0.75078125 0.072222221875 0.7453125 0.0736111109375 0.74765625 0.0888888890625 0.74375 0.15555555625 0.7546875 0.15694444375 0.759375 0.1513888890625 0.76796875 0.1513888890625 0.77109375 0.125 0.76875 0.08333333281250001 0.75078125 0.072222221875
7 0.7421875 0.072222221875 0.725 0.059722221875 0.70078125 0.055555556250000006 0.6828125 0.04444444375 0.67734375 0.047222221875 0.6765625 0.055555556250000006 0.6765625 0.0986111109375 0.69140625 0.1111111109375 0.69296875 0.1291666671875 0.69609375 0.1375 0.7125 0.1541666671875 0.7359375 0.1666666671875 0.7375 0.1041666671875 0.7421875 0.072222221875
4 0.2109375 0.5291666671875 0.21171875 0.525 0.22265625 0.522222221875 0.225 0.51805555625 0.2171875 0.5069444437499999 0.21640625 0.48055555625 0.21171875 0.46666666718750005 0.21171875 0.45555555625000005 0.2171875 0.4486111109375 0.2140625 0.440277778125 0.21328125 0.42222222187499997 0.2078125 0.41111111093749997 0.2078125 0.40138888906250003 0.2125 0.39305555625 0.2125 0.38055555625 0.21015625 0.3763888890625 0.20078125 0.38055555625 0.19296875 0.4 0.18984375 0.40833333281249995 0.18984375 0.4513888890625 0.19140625 0.46666666718750005 0.1984375 0.4875 0.2 0.5416666671875 0.215625 0.54305555625 0.21640625 0.5375 0.2109375 0.5291666671875
4 0.66015625 0.147222221875 0.64921875 0.147222221875 0.64921875 0.16388888906250001 0.65390625 0.172222221875 0.65390625 0.20277777812500003 0.65078125 0.20833333281250002 0.65234375 0.2138888890625 0.6609375 0.215277778125 0.6671875 0.1583333328125 0.66015625 0.147222221875
4 0.56875 0.6569444437499999 0.56953125 0.6388888890625 0.578125 0.64305555625 0.5875 0.640277778125 0.59140625 0.6347222218749999 0.5875 0.6263888890625 0.5875 0.61944444375 0.59140625 0.597222221875 0.59375 0.5583333328125 0.60390625 0.54305555625 0.59765625 0.5263888890625 0.59375 0.502777778125 0.596875 0.477777778125 0.59375 0.4625 0.58359375 0.45555555625000005 0.5796875 0.4763888890625 0.57421875 0.47361111093749997 0.56953125 0.477777778125 0.57421875 0.49583333281249997 0.56953125 0.5097222218749999 0.56875 0.6013888890625 0.55859375 0.6291666671875 0.55859375 0.64305555625 0.5625 0.6458333328125 0.56328125 0.6583333328125 0.56875 0.6569444437499999