2 0.58055555625 0.025 0.5388888890625 0.025 0.5319444437499999 0.028125 0.5319444437499999 0.0375 0.5375 0.04140625 0.54305555625 0.04140625 0.5791666671875 0.0359375 0.58055555625 0.025
1 0.847222221875 0.38671875 0.89305555625 0.384375 0.8958333328125001 0.37421875 0.8833333328125 0.3703125 0.8430555562500001 0.37265625 0.7486111109375 0.37265625 0.7402777781250001 0.36875 0.7402777781250001 0.36015625 0.734722221875 0.359375 0.7291666671875 0.3671875 0.7138888890625 0.375 0.7111111109375 0.3796875 0.7166666671875 0.38671875 0.709722221875 0.39375 0.7166666671875 0.3953125 0.7416666671875001 0.38671875 0.765277778125 0.38515625 0.847222221875 0.38671875
1 0.9125 0.44296875 0.7833333328125 0.4421875 0.772222221875 0.43828125 0.7736111109375 0.43125 0.76944444375 0.4296875 0.7611111109375 0.4328125 0.75 0.45546875 0.7486111109375 0.4609375 0.7611111109375 0.4609375 0.7597222218749999 0.46640625 0.7736111109375 0.4546875 0.784722221875 0.45234375 0.8291666671875 0.45625 0.8583333328125 0.45390625 0.9138888890624999 0.4546875 0.9166666671874999 0.44921875 0.9125 0.44296875
6 0.7819444437499999 0.7609375 0.7833333328125 0.76328125 0.8083333328125001 0.75078125 0.809722221875 0.73671875 0.8194444437499999 0.7328125 0.8416666671874999 0.73046875 0.85 0.69140625 0.834722221875 0.68125 0.83194444375 0.66953125 0.8222222218749999 0.66640625 0.8222222218749999 0.6625 0.83055555625 0.6609375 0.8208333328125 0.65625 0.80694444375 0.65546875 0.775 0.65625 0.7583333328124999 0.66328125 0.7597222218749999 0.68203125 0.752777778125 0.6984375 0.7333333328125 0.70078125 0.7166666671875 0.70859375 0.715277778125 0.71953125 0.727777778125 0.7296875 0.7208333328125 0.7390625 0.722222221875 0.76015625 0.727777778125 0.76328125 0.7611111109375 0.7640625 0.7763888890625 0.7609375 0.7819444437499999 0.7609375
6 0.840277778125 0.5984375 0.8388888890624999 0.57578125 0.8194444437499999 0.56875 0.8041666671875 0.56640625 0.7819444437499999 0.5671875 0.7583333328124999 0.5765625 0.7541666671875 0.5859375 0.7416666671875001 0.59765625 0.7402777781250001 0.60546875 0.7416666671875001 0.65 0.7458333328125 0.65625 0.7708333328125 0.6546875 0.7805555562500001 0.634375 0.7986111109375 0.6375 0.8111111109375001 0.63515625 0.8236111109375001 0.6078125 0.840277778125 0.5984375
7 0.85 0.859375 0.8458333328125001 0.8859375 0.8486111109375001 0.8921875 0.852777778125 0.8890625 0.847222221875 0.88515625 0.8652777781250001 0.87265625 0.8791666671874999 0.85 0.8791666671874999 0.84375 0.8680555562500001 0.8390625 0.85 0.84296875 0.8458333328125001 0.85 0.85 0.859375
7 0.9138888890624999 0.96171875 0.909722221875 0.9640625 0.9069444437499999 0.9609375 0.8819444437499999 0.96171875 0.8819444437499999 0.9640625 0.8888888890625 0.96875 0.902777778125 0.9703125 0.9138888890624999 0.96171875
7 0.8819444437499999 0.95234375 0.8958333328125001 0.95390625 0.9041666671874999 0.9578125 0.91805555625 0.953125 0.9277777781250001 0.93828125 0.9277777781250001 0.9234375 0.915277778125 0.90703125 0.88055555625 0.90625 0.8708333328125001 0.9234375 0.875 0.9421875 0.8819444437499999 0.95234375
7 0.9291666671875 0.8703125 0.9291666671875 0.86328125 0.922222221875 0.8578125 0.91944444375 0.85703125 0.897222221875 0.87578125 0.8861111109375001 0.89453125 0.9069444437499999 0.89765625 0.91944444375 0.896875 0.9291666671875 0.8703125
7 0.7208333328125 0.921875 0.73194444375 0.93046875 0.7666666671875 0.93046875 0.7736111109375 0.9265625 0.8166666671874999 0.91640625 0.8263888890625 0.91015625 0.8444444437499999 0.88515625 0.8444444437499999 0.85625 0.8388888890624999 0.85234375 0.8444444437499999 0.8421875 0.8444444437499999 0.81875 0.8375 0.8171875 0.80694444375 0.8140625 0.8 0.8171875 0.7791666671875 0.81875 0.772222221875 0.8234375 0.76944444375 0.83125 0.7736111109375 0.83515625 0.7819444437499999 0.83671875 0.7805555562500001 0.846875 0.7638888890625 0.85078125 0.7416666671875001 0.878125 0.7236111109375 0.88203125 0.7194444437499999 0.88671875 0.7236111109375 0.89609375 0.7208333328125 0.921875
7 0.7736111109375 0.98984375 0.73055555625 0.9875 0.7236111109375 0.98984375 0.7208333328125 0.996875 0.722222221875 0.99921875 0.7805555562500001 0.99921875 0.7819444437499999 0.9921875 0.7736111109375 0.98984375
7 0.825 0.91875 0.8138888890624999 0.91796875 0.8055555562500001 0.92265625 0.7875 0.925 0.7805555562500001 0.9296875 0.76944444375 0.93046875 0.7611111109375 0.93515625 0.7597222218749999 0.96015625 0.75 0.96875 0.7569444437499999 0.97265625 0.7916666671875 0.97578125 0.8027777781250001 0.9703125 0.83194444375 0.925 0.83055555625 0.9203125 0.825 0.91875
7 0.875 0.9322914062500001 0.8666666671875 0.93203125 0.8736111109375001 0.92578125 0.86944444375 0.92578125 0.85 0.95234375 0.840277778125 0.98046875 0.8541666671874999 0.9796875 0.86944444375 0.95546875 0.875 0.9322914062500001
7 0.8458333328125001 0.790625 0.847222221875 0.79296875 0.8708333328125001 0.79453125 0.8847222218749999 0.79140625 0.8875 0.7859375 0.8708333328125001 0.78515625 0.8611111109375 0.78046875 0.85555555625 0.78515625 0.8458333328125001 0.78671875 0.8458333328125001 0.790625
7 0.8847222218749999 0.79609375 0.9055555562500001 0.79765625 0.9069444437499999 0.78828125 0.8958333328125001 0.7890625 0.8847222218749999 0.79609375
7 0.9083333328125001 0.77109375 0.91805555625 0.7671875 0.9263888890624999 0.75 0.8791666671874999 0.7484375 0.8638888890624999 0.7453125 0.840277778125 0.7453125 0.8388888890624999 0.75625 0.8458333328125001 0.76875 0.8625 0.77109375 0.9083333328125001 0.77109375
7 0.95 0.67734375 0.9305555562500001 0.67578125 0.9083333328125001 0.675 0.8958333328125001 0.68046875 0.89444444375 0.6859375 0.8833333328125 0.690625 0.872222221875 0.6890625 0.85694444375 0.7046875 0.852777778125 0.71796875 0.8444444437499999 0.72578125 0.8444444437499999 0.73671875 0.9305555562500001 0.7390625 0.940277778125 0.72421875 0.9458333328125 0.7 0.95555555625 0.68203125 0.95 0.67734375