2 0.56805555625 0.01328125 0.527777778125 0.0140625 0.522222221875 0.01796875 0.522222221875 0.025 0.5319444437499999 0.0328125 0.5513888890625 0.03125 0.577777778125 0.02109375 0.56805555625 0.01328125
1 0.7458333328125 0.371875 0.7458333328125 0.35703125 0.74444444375 0.36015625 0.730921053125 0.3631990140625 0.7291666671875 0.36640625 0.7138888890625 0.375 0.7194444437499999 0.3875 0.7111111109375 0.40078125 0.7194444437499999 0.4015625 0.73194444375 0.38984375 0.7430555562500001 0.38515625 0.89444444375 0.3828125 0.8986111109375001 0.38046875 0.8986111109375001 0.3734375 0.89305555625 0.3703125 0.7458333328125 0.371875
1 0.9166666671874999 0.45390625 0.91944444375 0.44453125 0.909722221875 0.44140625 0.7763888890625 0.43984375 0.7708333328125 0.4375 0.7736111109375 0.42734375 0.76944444375 0.42734375 0.7611111109375 0.43125 0.7569444437499999 0.4375 0.75 0.4515625 0.7486111109375 0.46875 0.7569444437499999 0.46875 0.76805555625 0.4546875 0.7833333328125 0.4515625 0.8194444437499999 0.45234375 0.827777778125 0.4546875 0.9166666671874999 0.45390625
7 0.7763888890625 0.92578125 0.8166666671874999 0.91640625 0.8263888890625 0.9109375 0.8444444437499999 0.884375 0.8458333328125001 0.8609375 0.8388888890624999 0.8515625 0.8444444437499999 0.840625 0.8430555562500001 0.81796875 0.83194444375 0.8171875 0.815277778125 0.8203125 0.80694444375 0.82890625 0.7958333328125 0.8328125 0.7833333328125 0.8484375 0.765277778125 0.85 0.7597222218749999 0.853125 0.7416666671875001 0.878125 0.7236111109375 0.88203125 0.7194444437499999 0.88671875 0.7208333328125 0.921875 0.7333333328125 0.93046875 0.76944444375 0.9296875 0.7763888890625 0.92578125
7 0.85694444375 0.88125 0.86944444375 0.86640625 0.8708333328125001 0.85703125 0.8791666671874999 0.85 0.877777778125 0.83984375 0.8486111109375001 0.83984375 0.8444444437499999 0.853125 0.8486111109375001 0.8578125 0.85 0.884375 0.85694444375 0.88125
7 0.9291666671875 0.875 0.9291666671875 0.8609375 0.922222221875 0.85625 0.91944444375 0.85546875 0.8958333328125001 0.875 0.8861111109375001 0.88828125 0.8861111109375001 0.89453125 0.91944444375 0.89609375 0.9291666671875 0.875
7 0.8708333328125001 0.96640625 0.8958333328125001 0.975 0.9041666671874999 0.97421875 0.909722221875 0.9625 0.9 0.9609375 0.872222221875 0.96171875 0.8708333328125001 0.96640625
7 0.8791666671874999 0.93125 0.877777778125 0.94765625 0.89444444375 0.95390625 0.91805555625 0.95234375 0.9277777781250001 0.93828125 0.9291666671875 0.925 0.9166666671874999 0.90625 0.8819444437499999 0.90546875 0.8736111109375001 0.91640625 0.8708333328125001 0.925 0.8791666671874999 0.93125
7 0.7569444437499999 0.82265625 0.7666666671875 0.82421875 0.7611111109375 0.82734375 0.7736111109375 0.83515625 0.7819444437499999 0.83125 0.8027777781250001 0.82890625 0.8055555562500001 0.821875 0.8236111109375001 0.8171875 0.8083333328125001 0.8125 0.7458333328125 0.81015625 0.7458333328125 0.815625 0.7569444437499999 0.82265625
7 0.7736111109375 0.74375 0.777777778125 0.75703125 0.7708333328125 0.76640625 0.8041666671875 0.76875 0.8125 0.7734375 0.8444444437499999 0.76875 0.847222221875 0.7609375 0.8361111109375001 0.74609375 0.809722221875 0.73671875 0.79305555625 0.7359375 0.777777778125 0.7390625 0.7736111109375 0.74375
7 0.8458333328125001 0.7953125 0.8583333328125 0.79296875 0.8611111109375 0.7859375 0.8541666671874999 0.7828125 0.8166666671874999 0.78046875 0.75 0.7796875 0.74444444375 0.78125 0.7430555562500001 0.78671875 0.8 0.79296875 0.8458333328125001 0.7953125
7 0.7236111109375 0.99296875 0.725 0.99921875 0.7791666671875 0.99921875 0.7819444437499999 0.99140625 0.7597222218749999 0.9875 0.7291666671875 0.9875 0.7236111109375 0.99296875
7 0.825 0.99375 0.003125 0.0015625
7 0.797222221875 0.92421875 0.7916666671875 0.9296875 0.76805555625 0.93046875 0.7611111109375 0.93359375 0.7597222218749999 0.94375 0.7638888890625 0.95078125 0.7541666671875 0.9703125 0.79444444375 0.97421875 0.8027777781250001 0.96953125 0.83055555625 0.928125 0.8291666671875 0.91953125 0.8138888890624999 0.91875 0.797222221875 0.92421875
7 0.8444444437499999 0.95703125 0.8388888890624999 0.97890625 0.8444444437499999 0.9796875 0.852777778125 0.9765625 0.8666666671875 0.96015625 0.875 0.94296875 0.875 0.93125 0.86944444375 0.9296875 0.8736111109375001 0.92578125 0.8708333328125001 0.925 0.85694444375 0.946875 0.8444444437499999 0.95703125
7 0.83194444375 0.74140625 0.834722221875 0.7390625 0.83194444375 0.73828125 0.83194444375 0.74140625
7 0.9166666671874999 0.76796875 0.9277777781250001 0.75078125 0.922222221875 0.7453125 0.9138888890624999 0.74765625 0.9069444437499999 0.7453125 0.8444444437499999 0.74453125 0.8486111109375001 0.76796875 0.8791666671874999 0.7703125 0.9166666671874999 0.76796875
7 0.89444444375 0.6859375 0.8861111109375001 0.69140625 0.8611111109375 0.696875 0.8444444437499999 0.7140625 0.8333333328125001 0.7359375 0.8958333328125001 0.7375 0.9277777781250001 0.74140625 0.9416666671874999 0.7234375 0.9444444437499999 0.70078125 0.95555555625 0.68125 0.94305555625 0.6765625 0.9 0.6765625 0.89444444375 0.6859375
4 0.3416666671875 0.86328125 0.34722222187499996 0.86796875 0.365277778125 0.86796875 0.38194444375000003 0.86484375 0.39027777812500003 0.8625 0.3958333328125 0.85546875 0.415277778125 0.85546875 0.41944444374999995 0.853125 0.42222222187499997 0.8421875 0.415277778125 0.83359375 0.38333333281250004 0.83125 0.36805555624999997 0.82421875 0.34722222187499996 0.81953125 0.32777777812500003 0.81953125 0.32777777812500003 0.83125 0.28472222187499996 0.82421875 0.27777777812500004 0.8171875 0.272222221875 0.8171875 0.25833333281250004 0.82578125 0.25 0.825 0.2416666671875 0.81875 0.23194444375 0.81875 0.23194444375 0.8265625 0.23611111093749998 0.83203125 0.2736111109375 0.8484375 0.29444444375 0.8546875 0.3416666671875 0.86328125
4 0.5166666671875 0.234375 0.534722221875 0.234375 0.5861111109375 0.2296875 0.63055555625 0.2296875 0.652777778125 0.21875 0.6388888890625 0.20234375 0.6236111109375 0.2 0.622222221875 0.20546875 0.6152777781250001 0.2078125 0.5958333328125 0.2078125 0.58194444375 0.20234375 0.58055555625 0.2109375 0.5333333328125 0.2140625 0.5125 0.2125 0.5125 0.21796875 0.5208333328125 0.22265625 0.515277778125 0.2265625 0.5083333328124999 0.2265625 0.5069444437499999 0.23046875 0.5166666671875 0.234375
4 0.8611111109375 0.59375 0.8611111109375 0.58046875 0.85694444375 0.57578125 0.8430555562500001 0.57421875 0.8416666671874999 0.5765625 0.8416666671874999 0.59140625 0.85 0.596875 0.8583333328125 0.596875 0.8611111109375 0.59375