2 0.02578125 0.4625 0.0296875 0.46805555625000006 0.03515625 0.46805555625000006 0.0375 0.46388888906250003 0.03671875 0.42222222187499997 0.03359375 0.41805555625 0.02421875 0.42083333281249996 0.02578125 0.4625
1 0.38671875 0.2833333328125 0.39453125 0.2888888890625 0.39375 0.27777777812500004 0.38671875 0.26527777812500003 0.38515625 0.1625 0.38828125 0.15277777812499999 0.38515625 0.10833333281249999 0.3734375 0.102777778125 0.36875 0.1111111109375 0.37265625 0.1583333328125 0.37265625 0.24583333281250003 0.36875 0.259722221875 0.3578125 0.2611111109375 0.36875 0.272222221875 0.375 0.28611111093749997 0.3796875 0.2888888890625 0.38671875 0.2833333328125
1 0.46484375 0.2388888890625 0.4671875 0.2513888890625 0.46875 0.24305555625 0.45234375 0.20694444375 0.45625 0.16944444375 0.45390625 0.1458333328125 0.4546875 0.0861111109375 0.4515625 0.08194444375 0.44296875 0.0861111109375 0.4421875 0.215277778125 0.4375 0.22638888906250001 0.43046875 0.22638888906250001 0.4296875 0.23055555625 0.4328125 0.2388888890625 0.46015625 0.2513888890625 0.46171875 0.2388888890625 0.46484375 0.2388888890625
6 0.70625 0.28194444375 0.71171875 0.28472222187499996 0.7234375 0.28194444375 0.7296875 0.2708333328125 0.7375 0.27777777812500004 0.7625 0.275 0.7640625 0.23472222187499997 0.76171875 0.21805555625 0.7578125 0.2125 0.7546875 0.197222221875 0.73515625 0.1875 0.73046875 0.1583333328125 0.70625 0.15 0.69140625 0.15 0.68125 0.16388888906250001 0.65703125 0.172222221875 0.65625 0.21805555625 0.66328125 0.240277778125 0.675 0.24305555625 0.68203125 0.2388888890625 0.696875 0.24583333281250003 0.7 0.252777778125 0.7015625 0.272222221875 0.70625 0.28194444375
6 0.6546875 0.22916666718749998 0.63671875 0.2236111109375 0.6328125 0.2166666671875 0.63671875 0.20555555625 0.6359375 0.1916666671875 0.60625 0.17361111093749998 0.5984375 0.15972222187500001 0.575 0.1611111109375 0.56875 0.18055555625 0.56640625 0.1986111109375 0.56875 0.22638888906250001 0.5765625 0.240277778125 0.58828125 0.24722222187499998 0.5984375 0.259722221875 0.65 0.25833333281250004 0.65703125 0.2513888890625 0.6546875 0.22916666718749998
7 0.84921875 0.1208333328125 0.83984375 0.12222222187500001 0.83828125 0.13055555624999998 0.84375 0.1513888890625 0.89296875 0.1541666671875 0.89140625 0.147222221875 0.88125 0.14305555625 0.87421875 0.134722221875 0.85703125 0.1291666671875 0.84921875 0.1208333328125
7 0.96953125 0.10555555624999999 0.9671875 0.09305555625 0.9625 0.0888888890625 0.9625 0.11805555625 0.96640625 0.115277778125 0.96953125 0.10555555624999999
7 0.9515625 0.08055555625000001 0.93828125 0.072222221875 0.9234375 0.072222221875 0.90703125 0.084722221875 0.90625 0.11944444375 0.91171875 0.125 0.92265625 0.127777778125 0.92734375 0.1208333328125 0.94609375 0.12222222187500001 0.95234375 0.1166666671875 0.9546875 0.0888888890625 0.9515625 0.08055555625000001
7 0.85703125 0.077777778125 0.85703125 0.08194444375 0.875 0.102777778125 0.8890625 0.11388888906250001 0.8953125 0.11388888906250001 0.896875 0.08055555625000001 0.86875 0.07083333281250001 0.8609375 0.072222221875 0.85703125 0.077777778125
7 0.87109375 0.25555555625 0.87890625 0.25833333281250004 0.88125 0.275 0.88671875 0.28055555625 0.89609375 0.27638888906250003 0.925 0.27777777812500004 0.93046875 0.2666666671875 0.93046875 0.23194444375 0.9265625 0.22638888906250001 0.91640625 0.1833333328125 0.909375 0.172222221875 0.8796875 0.15555555625 0.85625 0.15555555625 0.85234375 0.1611111109375 0.84140625 0.15555555625 0.81875 0.15555555625 0.8171875 0.1611111109375 0.8140625 0.18055555625 0.81875 0.222222221875 0.821875 0.22638888906250001 0.83125 0.22916666718749998 0.83671875 0.21805555625 0.846875 0.21805555625 0.85078125 0.23611111093749998 0.87109375 0.25555555625
7 0.99296875 0.27777777812500004 0.99921875 0.275 0.99921875 0.21944444375 0.99296875 0.21805555625 0.98828125 0.23611111093749998 0.9875 0.26805555625 0.99296875 0.27777777812500004
7 0.96875 0.24722222187499998 0.971875 0.24305555625 0.975 0.20555555625 0.96953125 0.197222221875 0.928125 0.16944444375 0.921875 0.16805555625 0.91875 0.17361111093749998 0.91875 0.1916666671875 0.92265625 0.19583333281249998 0.92578125 0.2166666671875 0.93515625 0.2388888890625 0.95078125 0.23611111093749998 0.9546875 0.240277778125 0.96171875 0.2388888890625 0.96875 0.24722222187499998
7 0.9734375 0.140277778125 0.94609375 0.1263888890625 0.9265625 0.12222222187500001 0.925 0.13055555624999998 0.9296875 0.13333333281249998 0.93359375 0.14305555625 0.95390625 0.1458333328125 0.96328125 0.1541666671875 0.98046875 0.15972222187500001 0.9796875 0.1458333328125 0.9734375 0.140277778125
7 0.78515625 0.13055555624999998 0.7796875 0.1375 0.78671875 0.1513888890625 0.79140625 0.1513888890625 0.79296875 0.12222222187500001 0.7890625 0.1166666671875 0.7859375 0.1208333328125 0.78515625 0.13055555624999998
7 0.78828125 0.1 0.79296875 0.109722221875 0.796875 0.10555555624999999 0.796875 0.0958333328125 0.79140625 0.09305555625 0.78828125 0.09305555625 0.78828125 0.1
7 0.7484375 0.0875 0.7453125 0.1583333328125 0.7625 0.15972222187500001 0.76875 0.15277777812499999 0.77109375 0.0916666671875 0.76796875 0.08194444375 0.75390625 0.075 0.74921875 0.07638888906249999 0.7484375 0.0875
7 0.73515625 0.15694444375 0.7375 0.14305555625 0.7390625 0.07083333281250001 0.7234375 0.059722221875 0.690625 0.047222221875 0.6796875 0.04444444375 0.6765625 0.0486111109375 0.675 0.09305555625 0.67734375 0.10138888906250001 0.6875 0.10833333281249999 0.6875 0.127777778125 0.70546875 0.14305555625 0.71796875 0.1458333328125 0.7265625 0.15555555625 0.73515625 0.15694444375
4 0.06796875 0.44444444375 0.06640625 0.3958333328125 0.06953125 0.39305555625 0.06875 0.36944444375 0.0625 0.35694444375 0.05703125 0.352777778125 0.0546875 0.34027777812500004 0.05 0.33888888906250003 0.04765625 0.34305555625 0.0484375 0.3541666671875 0.04375 0.3583333328125 0.0390625 0.384722221875 0.0390625 0.40138888906250003 0.04765625 0.40694444374999994 0.05078125 0.440277778125 0.05703125 0.4458333328125 0.06171875 0.45555555625000005 0.0625 0.46666666718750005 0.065625 0.46666666718750005 0.06796875 0.44444444375