1 0.15277777812499999 0.61015625 0.127777778125 0.61484375 0.10555555624999999 0.615625 0.10555555624999999 0.628125 0.1166666671875 0.6296875 0.147222221875 0.62734375 0.18194444375000002 0.6296875 0.19444444375 0.62734375 0.2541666671875 0.628125 0.259722221875 0.63203125 0.259722221875 0.6421875 0.2638888890625 0.6421875 0.272222221875 0.63125 0.28611111093749997 0.62421875 0.2833333328125 0.61328125 0.2888888890625 0.60546875 0.27638888906250003 0.60625 0.2541666671875 0.6140625 0.15277777812499999 0.61015625
1 0.16805555625 0.54375 0.0861111109375 0.54609375 0.08055555625000001 0.553125 0.0916666671875 0.5578125 0.134722221875 0.55703125 0.1611111109375 0.56015625 0.215277778125 0.55859375 0.22638888906250001 0.5625 0.2236111109375 0.56875 0.23055555625 0.57109375 0.2388888890625 0.56796875 0.24305555625 0.56171875 0.25 0.5484375 0.2513888890625 0.53125 0.24305555625 0.53125 0.23472222187499997 0.54296875 0.222222221875 0.54609375 0.16805555625 0.54375
6 0.197222221875 0.24609375 0.1875 0.2640625 0.1583333328125 0.26953125 0.1513888890625 0.2875 0.15 0.30859375 0.16388888906250001 0.31953125 0.1666666671875 0.3375 0.17361111093749998 0.34375 0.18055555625 0.34453125 0.20833333281250002 0.34609375 0.240277778125 0.3375 0.2388888890625 0.315625 0.24722222187499998 0.30234375 0.25555555625 0.29921875 0.27638888906250003 0.29765625 0.28194444375 0.29375 0.28472222187499996 0.28203125 0.2708333328125 0.27109375 0.27777777812500004 0.2625 0.27777777812500004 0.23828125 0.2638888890625 0.2359375 0.215277778125 0.23828125 0.197222221875 0.24609375
6 0.177777778125 0.3921875 0.1611111109375 0.40078125 0.15972222187500001 0.4234375 0.17916666718750002 0.43125 0.19583333281249998 0.43359375 0.22638888906250001 0.43125 0.240277778125 0.42421875 0.2513888890625 0.41328125 0.259722221875 0.4015625 0.25833333281250004 0.3484375 0.2513888890625 0.34296875 0.23055555625 0.34453125 0.2236111109375 0.36328125 0.21944444375 0.365625 0.21111111093749999 0.3671875 0.20555555625 0.36484375 0.190277778125 0.3703125 0.177777778125 0.3921875
7 0.14861111093749999 0.1109375 0.14444444375 0.11328125 0.13055555624999998 0.1328125 0.1291666671875 0.1421875 0.12222222187500001 0.15 0.1208333328125 0.1640625 0.1291666671875 0.16484375 0.1513888890625 0.15546875 0.15555555625 0.11484375 0.14861111093749999 0.1109375
7 0.115277778125 0.03515625 0.115277778125 0.03828125 0.11805555625 0.0375 0.115277778125 0.03359375 0.10555555624999999 0.03046875 0.0958333328125 0.03125 0.0861111109375 0.0375 0.0916666671875 0.0359375 0.102777778125 0.03828125 0.10833333281249999 0.03203125 0.115277778125 0.03515625
7 0.11944444375 0.05078125 0.097222221875 0.04609375 0.0861111109375 0.04609375 0.08055555625000001 0.04921875 0.072222221875 0.06171875 0.072222221875 0.07578125 0.08333333281250001 0.09296875 0.11944444375 0.09375 0.1291666671875 0.07734375 0.12222222187500001 0.06953125 0.11944444375 0.05078125
7 0.07083333281250001 0.1296875 0.07083333281250001 0.1375 0.077777778125 0.1421875 0.08194444375 0.1421875 0.102777778125 0.125 0.11388888906250001 0.1109375 0.11388888906250001 0.1046875 0.0791666671875 0.103125 0.07083333281250001 0.1296875
7 0.27777777812500004 0.07734375 0.2666666671875 0.06953125 0.23194444375 0.06953125 0.22638888906250001 0.0734375 0.1833333328125 0.08359375 0.17361111093749998 0.0890625 0.15555555625 0.11953125 0.15555555625 0.14375 0.15972222187500001 0.14921875 0.1541666671875 0.1578125 0.1541666671875 0.1765625 0.15555555625 0.18046875 0.1625 0.1828125 0.1888888890625 0.1859375 0.2 0.18203125 0.21944444375 0.18203125 0.22638888906250001 0.178125 0.22777777812500002 0.16875 0.215277778125 0.1625 0.21805555625 0.1515625 0.23611111093749998 0.14921875 0.25833333281250004 0.121875 0.275 0.11875 0.28055555625 0.1140625 0.28055555625 0.10703125 0.27638888906250003 0.1046875 0.27777777812500004 0.07734375
7 0.15 0.853125 0.15972222187500001 0.8546875 0.17361111093749998 0.8671875 0.190277778125 0.86796875 0.19444444375 0.86484375 0.1888888890625 0.8265625 0.19583333281249998 0.8078125 0.172222221875 0.79453125 0.15277777812499999 0.79453125 0.14444444375 0.796875 0.13888888906250002 0.80546875 0.11805555625 0.8203125 0.109722221875 0.83125 0.10833333281249999 0.84453125 0.1111111109375 0.84921875 0.1291666671875 0.85625 0.15 0.853125
7 0.059722221875 0.65546875 0.055555556250000006 0.6546875 0.05694444375 0.65859375 0.059722221875 0.65546875
7 0.10833333281249999 0.63125 0.10138888906250001 0.61953125 0.0388888890625 0.6203125 0.04444444375 0.63515625 0.05694444375 0.64453125 0.055555556250000006 0.64921875 0.059722221875 0.6484375 0.05694444375 0.65 0.072222221875 0.6578125 0.04305555625 0.671875 0.05 0.7125 0.058333332812500006 0.71875 0.072222221875 0.71875 0.0986111109375 0.72421875 0.1625 0.725 0.16944444375 0.71875 0.177777778125 0.71796875 0.172222221875 0.70390625 0.19444444375 0.69375 0.19305555624999998 0.675 0.15694444375 0.66796875 0.147222221875 0.66328125 0.140277778125 0.6515625 0.14305555625 0.64453125 0.13888888906250002 0.6375 0.13055555624999998 0.63671875 0.12222222187500001 0.63125 0.10833333281249999 0.63125
7 0.08333333281250001 0.546875 0.09444444375 0.5421875 0.1291666671875 0.54453125 0.1763888890625 0.54375 0.1763888890625 0.53984375 0.16388888906250001 0.53046875 0.12222222187500001 0.521875 0.0888888890625 0.52421875 0.06805555625000001 0.52109375 0.015277778124999999 0.5234375 0.006944443749999999 0.5375 0.006944443749999999 0.57265625 0.0208333328125 0.60546875 0.030555556249999997 0.6109375 0.11805555625 0.61171875 0.134722221875 0.60234375 0.1541666671875 0.60625 0.16388888906250001 0.60078125 0.18055555625 0.596875 0.184722221875 0.5875 0.1833333328125 0.57734375 0.17916666718750002 0.57109375 0.16944444375 0.56796875 0.1666666671875 0.5640625 0.1375 0.55859375 0.109722221875 0.5609375 0.08055555625000001 0.55546875 0.08333333281250001 0.546875
7 0.2708333328125 0.00390625 0.26805555625 0.00078125 0.222222221875 0.00078125 0.21805555625 0.00703125 0.23472222187499997 0.01171875 0.26805555625 0.0125 0.2708333328125 0.00390625
7 0.19583333281249998 0.07734375 0.23055555625 0.06953125 0.2388888890625 0.06484375 0.23472222187499997 0.040625 0.24722222187499998 0.03046875 0.22777777812500002 0.02578125 0.20277777812500003 0.0265625 0.19444444375 0.03359375 0.16944444375 0.071875 0.16805555625 0.0765625 0.172222221875 0.08046875 0.1888888890625 0.08125 0.19583333281249998 0.07734375
7 0.1263888890625 0.0734375 0.1291666671875 0.07421875 0.1416666671875 0.0625 0.15972222187500001 0.01953125 0.1458333328125 0.02109375 0.13333333281249998 0.0390625 0.12222222187500001 0.0625 0.1263888890625 0.0734375
7 0.09444444375 0.21171875 0.115277778125 0.21015625 0.1208333328125 0.2140625 0.140277778125 0.21875 0.1513888890625 0.2140625 0.15277777812499999 0.209375 0.1513888890625 0.20703125 0.1416666671875 0.20546875 0.1291666671875 0.20546875 0.11805555625 0.209375 0.11388888906250001 0.20703125 0.10833333281249999 0.20859375 0.10833333281249999 0.20390625 0.097222221875 0.20234375 0.09444444375 0.21171875
7 0.075 0.24765625 0.07638888906249999 0.25078125 0.0861111109375 0.2515625 0.1583333328125 0.2546875 0.15972222187500001 0.2375 0.1513888890625 0.23125 0.090277778125 0.22890625 0.08055555625000001 0.23359375 0.075 0.24765625
7 0.15555555625 0.26328125 0.06944444375 0.2609375 0.047222221875 0.30625 0.04444444375 0.31953125 0.055555556250000006 0.3234375 0.097222221875 0.3234375 0.109722221875 0.3109375 0.13055555624999998 0.30546875 0.15555555625 0.2734375 0.15555555625 0.26328125