2 0.0140625 0.47083333281249995 0.01640625 0.4763888890625 0.025 0.477777778125 0.0328125 0.46666666718750005 0.0296875 0.4458333328125 0.02265625 0.425 0.01328125 0.43194444374999996 0.0140625 0.47083333281249995
1 0.38671875 0.2791666671875 0.4 0.2888888890625 0.40078125 0.27777777812500004 0.39609375 0.275 0.384375 0.2513888890625 0.38203125 0.10555555624999999 0.38515625 0.10138888906250001 0.37890625 0.1 0.36953125 0.10555555624999999 0.371875 0.2018513890625 0.3703125 0.25555555625 0.359375 0.25833333281250004 0.35703125 0.2666666671875 0.36640625 0.2708333328125 0.375 0.2888888890625 0.3796875 0.2888888890625 0.38671875 0.2791666671875
6 0.77890625 0.2736111109375 0.78203125 0.27638888906250003 0.78671875 0.2666666671875 0.78828125 0.23472222187499997 0.784375 0.2236111109375 0.78125 0.2236111109375 0.78046875 0.22916666718749998 0.77890625 0.2736111109375
6 0.78203125 0.16953125 0.0015625 0.003125
6 0.7109375 0.2388888890625 0.7171875 0.21805555625 0.72421875 0.21944444375 0.72890625 0.23333333281250002 0.73125 0.2666666671875 0.7375 0.27638888906250003 0.74296875 0.27777777812500004 0.75 0.2666666671875 0.75078125 0.24305555625 0.7640625 0.2416666671875 0.76640625 0.23055555625 0.76875 0.18055555625 0.76015625 0.16805555625 0.75703125 0.11805555625 0.75 0.10555555624999999 0.72578125 0.0958333328125 0.70859375 0.0958333328125 0.7015625 0.10555555624999999 0.69921875 0.1416666671875 0.68828125 0.15555555625 0.68359375 0.16944444375 0.6875 0.177777778125 0.68828125 0.225 0.69453125 0.2388888890625 0.703125 0.24305555625 0.7109375 0.2388888890625
7 0.88125 0.275 0.88515625 0.2791666671875 0.90703125 0.27638888906250003 0.9109375 0.26805555625 0.9140625 0.24722222187499998 0.9265625 0.23055555625 0.915625 0.18194444375000002 0.9109375 0.17361111093749998 0.890625 0.1583333328125 0.85546875 0.15555555625 0.85078125 0.16805555625 0.8484375 0.15972222187500001 0.83828125 0.15555555625 0.81875 0.15555555625 0.8171875 0.15972222187500001 0.81640625 0.17916666718750002 0.8234375 0.184722221875 0.83828125 0.2125 0.8484375 0.215277778125 0.85 0.22916666718749998 0.85546875 0.24305555625 0.878125 0.25833333281250004 0.88125 0.275
7 0.9828125 0.290277778125 0.97890625 0.3416666671875 0.99921875 0.33888888906250003 0.99921875 0.26805555625 0.99375 0.259722221875 0.9875 0.25833333281250004 0.98125 0.27777777812500004 0.9828125 0.290277778125
7 0.9421875 0.23194444375 0.93046875 0.23194444375 0.91796875 0.24583333281250003 0.9140625 0.25555555625 0.9078125 0.29722222187499997 0.9234375 0.3263888890625 0.9421875 0.33055555625 0.94921875 0.34722222187499996 0.95703125 0.35555555625 0.9671875 0.302777778125 0.96953125 0.24583333281250003 0.9421875 0.23194444375
7 0.50703125 0.20555555625 0.5046875 0.20555555625 0.5046875 0.26805555625 0.50625 0.27777777812500004 0.51171875 0.27777777812500004 0.5171875 0.26527777812500003 0.51796875 0.25 0.51328125 0.21805555625 0.50703125 0.20555555625
7 0.38359375 0.20277777812500003 0.38671875 0.2541666671875 0.4359375 0.275 0.4390625 0.2916666671875 0.44921875 0.30555555624999997 0.4578125 0.30555555624999997 0.4640625 0.29305555625 0.47578125 0.29305555625 0.478125 0.2888888890625 0.4796875 0.1513888890625 0.47421875 0.13333333281249998 0.46015625 0.1111111109375 0.45390625 0.10555555624999999 0.4296875 0.10138888906250001 0.425 0.097222221875 0.40078125 0.0958333328125 0.38125 0.0888888890625 0.3796875 0.1 0.37578125 0.1 0.3734375 0.0861111109375 0.36015625 0.0861111109375 0.33828125 0.09444444375 0.33359375 0.102777778125 0.33125 0.11944444375 0.33046875 0.2166666671875 0.3375 0.22638888906250001 0.353125 0.23333333281250002 0.3578125 0.2541666671875 0.36953125 0.25555555625 0.371875 0.24583333281250003 0.371875 0.20277777812500003 0.38359375 0.20277777812500003
7 0.99921875 0.22777777812500002 0.99296875 0.222222221875 0.9890625 0.23055555625 0.98828125 0.2541666671875 0.99921875 0.25555555625 0.99921875 0.22777777812500002
7 0.97421875 0.20833333281250002 0.96953125 0.197222221875 0.92890625 0.16944444375 0.91953125 0.16944444375 0.91875 0.1888888890625 0.9234375 0.20277777812500003 0.9296875 0.20972222187499998 0.93203125 0.22916666718749998 0.9484375 0.23194444375 0.96796875 0.24305555625 0.971875 0.240277778125 0.97421875 0.20833333281250002
7 0.96015625 0.13333333281249998 0.9359375 0.12222222187500001 0.92578125 0.1263888890625 0.925 0.1291666671875 0.94609375 0.14305555625 0.95625 0.15555555625 0.97890625 0.16388888906250001 0.9796875 0.1541666671875 0.9765625 0.1458333328125 0.96328125 0.13888888906250002 0.96015625 0.13333333281249998
7 0.83671875 0.12222222187500001 0.8359375 0.1361111109375 0.84140625 0.1513888890625 0.88125 0.1513888890625 0.88125 0.14305555625 0.8671875 0.13055555624999998 0.8578125 0.1291666671875 0.8484375 0.11944444375 0.83671875 0.12222222187500001
7 0.8734375 0.07083333281250001 0.859375 0.072222221875 0.85625 0.08055555625000001 0.875 0.1041666671875 0.8890625 0.11388888906250001 0.8953125 0.1111111109375 0.89453125 0.10138888906250001 0.89765625 0.0916666671875 0.8953125 0.0791666671875 0.8734375 0.07083333281250001
4 0.1421875 0.1763888890625 0.1328125 0.19305555624999998 0.13203125 0.2125 0.1390625 0.23472222187499997 0.13984375 0.2638888890625 0.14609375 0.26527777812500003 0.1484375 0.259722221875 0.1484375 0.21944444375 0.153125 0.1916666671875 0.1421875 0.1763888890625
4 0.4625 0.7888888890625 0.4671875 0.79305555625 0.47265625 0.790277778125 0.484375 0.7638888890625 0.50078125 0.76944444375 0.50703125 0.765277778125 0.50390625 0.6972222218749999 0.5078125 0.6805555562500001 0.5109375 0.6166666671875001 0.509375 0.5888888890625 0.503125 0.5763888890625 0.49921875 0.5555555562500001 0.48984375 0.5555555562500001 0.4859375 0.5611111109375 0.48515625 0.6013888890625 0.47578125 0.64305555625 0.47421875 0.675 0.48046875 0.6805555562500001 0.4859375 0.6944444437499999 0.48046875 0.7180555562500001 0.478125 0.7430555562500001 0.4703125 0.7666666671875 0.4609375 0.7805555562500001 0.4625 0.7888888890625