0 0.006944443749999999 0 0.0361111109375 0.10234375 0.04444444375 0.12109375 0.058333332812500006 0.1296875 0.054166667187499996 0.13203125 0.05694444375 0.13671875 0.03194444375 0.1546875 0.030555556249999997 0.16875 0.0361111109375 0.1875 0.052777778124999994 0.1984375 0.084722221875 0.20546875 0.09444444375 0.21640625 0.115277778125 0.2296875 0.1361111109375 0.234375 0.18194444375000002 0.23125 0.19444444375 0.22734375 0.21111111093749999 0.22890625 0.26944444375 0.21796875 0.30555555624999997 0.2 0.31805555625 0.1859375 0.32083333281250004 0.10234375 0.33194444375 0.09921875 0.3375 0.10546875 0.34444444375 0.10625 0.3541666671875 0.10078125 0.3458333328125 0.09375 0.3375 0.09140625 0.3802291578125 0.0678081015625 0.36944444375 0.0625 0.34305555625 0.065625 0.3416666671875 0.02890625 0.334722221875 0 0.006944443749999999 0
2 0.54444444375 0.040625 0.577777778125 0.03671875 0.58194444375 0.03359375 0.58194444375 0.02578125 0.577777778125 0.02421875 0.5361111109375 0.025 0.5305555562500001 0.0296875 0.5319444437499999 0.0375 0.5375 0.040625 0.54444444375 0.040625
1 0.8416666671874999 0.38515625 0.8458333328125001 0.3890625 0.8541666671874999 0.3890625 0.8611111109375 0.3859375 0.8888888890625 0.38515625 0.89444444375 0.38046875 0.89444444375 0.371875 0.8819444437499999 0.36875 0.8430555562500001 0.37265625 0.7486111109375 0.37265625 0.7388888890625 0.36875 0.7402777781250001 0.359375 0.7361111109375 0.3578125 0.7291666671875 0.3671875 0.7111111109375 0.37890625 0.7166666671875 0.38515625 0.7111111109375 0.39375 0.7180555562500001 0.39453125 0.734722221875 0.38671875 0.765277778125 0.38515625 0.8027777781250001 0.3875 0.8416666671874999 0.38515625
1 0.7736111109375 0.4375 0.7736111109375 0.43125 0.76944444375 0.4296875 0.7611111109375 0.43203125 0.7486111109375 0.46015625 0.7611111109375 0.46171875 0.759920634375 0.46573660781250004 0.7708333328125 0.4546875 0.784722221875 0.45234375 0.83194444375 0.45625 0.8513888890624999 0.45390625 0.9166666671874999 0.45390625 0.9138888890624999 0.44296875 0.784722221875 0.4421875 0.7736111109375 0.4375
6 0.8055555562500001 0.753125 0.8125 0.73515625 0.8416666671874999 0.73046875 0.85 0.70546875 0.85 0.69140625 0.834722221875 0.6796875 0.8291666671875 0.66484375 0.83194444375 0.6609375 0.825 0.65625 0.7736111109375 0.65625 0.7583333328124999 0.66328125 0.7611111109375 0.684375 0.7569444437499999 0.6921875 0.747222221875 0.7 0.73055555625 0.7015625 0.7194444437499999 0.70546875 0.715277778125 0.71171875 0.7166666671875 0.72109375 0.725 0.72890625 0.725 0.7625 0.765277778125 0.7640625 0.7833333328125 0.76171875 0.8055555562500001 0.753125
6 0.8263888890625 0.60625 0.840277778125 0.5984375 0.8388888890624999 0.575 0.8194444437499999 0.56875 0.8027777781250001 0.56640625 0.7819444437499999 0.5671875 0.7569444437499999 0.57734375 0.752777778125 0.58828125 0.7402777781250001 0.6 0.7416666671875001 0.65078125 0.7486111109375 0.65703125 0.7708333328125 0.6546875 0.777777778125 0.63671875 0.784722221875 0.6328125 0.7986111109375 0.6375 0.8111111109375001 0.63515625 0.815277778125 0.62109375 0.8263888890625 0.60625
7 0.8444444437499999 0.88671875 0.8541666671874999 0.884375 0.8458333328125001 0.89296875 0.852777778125 0.88984375 0.8791666671874999 0.84921875 0.877777778125 0.84375 0.86944444375 0.83984375 0.8652777781250001 0.83828125 0.8486111109375001 0.84453125 0.85 0.86640625 0.8444444437499999 0.88671875
7 0.922222221875 0.9125 0.9138888890624999 0.90703125 0.88055555625 0.90625 0.8736111109375001 0.915625 0.88055555625 0.9515625 0.902777778125 0.95703125 0.9013888890624999 0.96171875 0.8833333328125 0.9625 0.89444444375 0.96875 0.902777778125 0.96875 0.909722221875 0.9640625 0.9069444437499999 0.95625 0.91805555625 0.953125 0.9277777781250001 0.93828125 0.9277777781250001 0.92265625 0.922222221875 0.9125
7 0.91944444375 0.89765625 0.9277777781250001 0.878125 0.9277777781250001 0.86015625 0.91944444375 0.85625 0.909722221875 0.86328125 0.8958333328125001 0.87578125 0.8861111109375001 0.8890625 0.8861111109375001 0.8953125 0.91944444375 0.89765625
7 0.73194444375 0.93046875 0.7666666671875 0.93046875 0.7763888890625 0.92578125 0.8194444437499999 0.915625 0.827777778125 0.909375 0.8444444437499999 0.8796875 0.8444444437499999 0.85625 0.840277778125 0.853125 0.8444444437499999 0.84609375 0.8444444437499999 0.81953125 0.840277778125 0.81796875 0.815277778125 0.8140625 0.7833333328125 0.81796875 0.7736111109375 0.821875 0.7708333328125 0.83203125 0.7819444437499999 0.8375 0.7819444437499999 0.8453125 0.777777778125 0.8484375 0.7638888890625 0.85078125 0.7416666671875001 0.878125 0.7236111109375 0.88203125 0.7194444437499999 0.88671875 0.7236111109375 0.8953125 0.722222221875 0.925 0.73194444375 0.93046875
7 0.7625 0.98828125 0.734722221875 0.9875 0.7291666671875 0.98984375 0.727777778125 0.99453125 0.73194444375 0.99921875 0.7819444437499999 0.99921875 0.7819444437499999 0.9921875 0.7625 0.98828125
7 0.7833333328125 0.92578125 0.7611111109375 0.93515625 0.7611111109375 0.96171875 0.752777778125 0.96953125 0.7763888890625 0.975 0.797222221875 0.9734375 0.83055555625 0.92890625 0.83194444375 0.921875 0.8263888890625 0.91875 0.8111111109375001 0.91796875 0.7986111109375 0.92421875 0.7833333328125 0.92578125
7 0.8541666671874999 0.953125 0.8486111109375001 0.9578125 0.840277778125 0.98046875 0.852777778125 0.9796875 0.85694444375 0.9765625 0.86944444375 0.95625 0.877777778125 0.92734375 0.86944444375 0.925 0.85694444375 0.9375 0.852777778125 0.94453125 0.8541666671874999 0.953125
7 0.877777778125 0.7859375 0.8680555562500001 0.78515625 0.8625 0.78046875 0.85 0.7859375 0.8486111109375001 0.79140625 0.88055555625 0.79296875 0.8819444437499999 0.78828125 0.877777778125 0.7859375
7 0.9041666671874999 0.79765625 0.9069444437499999 0.78828125 0.8833333328125 0.79296875 0.890277778125 0.79375 0.89305555625 0.796875 0.9041666671874999 0.79765625
7 0.8583333328125 0.7703125 0.9083333328125001 0.77109375 0.91805555625 0.7671875 0.925 0.75390625 0.9236111109375 0.74921875 0.872222221875 0.74765625 0.8652777781250001 0.7453125 0.840277778125 0.74609375 0.840277778125 0.76171875 0.8458333328125001 0.76796875 0.8583333328125 0.7703125
7 0.9541666671875 0.67734375 0.9486111109375001 0.6765625 0.9069444437499999 0.675 0.8986111109375001 0.67734375 0.89305555625 0.68671875 0.88055555625 0.69140625 0.8708333328125001 0.68984375 0.85694444375 0.70546875 0.852777778125 0.71953125 0.8444444437499999 0.72578125 0.8444444437499999 0.73671875 0.93194444375 0.7375 0.9416666671874999 0.721875 0.9458333328125 0.7015625 0.95555555625 0.68203125 0.9541666671875 0.67734375