2 0.02421875 0.42222222187499997 0.02421875 0.45277777812500003 0.02734375 0.46388888906250003 0.034375 0.46805555625000006 0.0375 0.46388888906250003 0.0375 0.427777778125 0.03359375 0.41805555625 0.02578125 0.41805555625 0.02421875 0.42222222187499997
1 0.38671875 0.2833333328125 0.39375 0.290277778125 0.39453125 0.28194444375 0.38671875 0.26527777812500003 0.38515625 0.24305555625 0.38515625 0.15694444375 0.38828125 0.1541666671875 0.38515625 0.1111111109375 0.3796875 0.1041666671875 0.37265625 0.1041666671875 0.36875 0.11805555625 0.37265625 0.1583333328125 0.37265625 0.24722222187499998 0.36875 0.259722221875 0.3578125 0.259722221875 0.3578125 0.2638888890625 0.3671875 0.2708333328125 0.3765625 0.2888888890625 0.38671875 0.2833333328125
1 0.45625 0.16944444375 0.45390625 0.1458333328125 0.4546875 0.084722221875 0.44921875 0.08194444375 0.44296875 0.0861111109375 0.4421875 0.215277778125 0.4375 0.22638888906250001 0.43046875 0.22638888906250001 0.4296875 0.23055555625 0.4328125 0.2388888890625 0.46015625 0.2513888890625 0.4632222875 0.2391247375 0.45703125 0.23472222187499997 0.45234375 0.2166666671875 0.45625 0.16944444375
6 0.7296875 0.2708333328125 0.73671875 0.27777777812500004 0.76171875 0.27638888906250003 0.7640625 0.2666666671875 0.76171875 0.21805555625 0.7578125 0.2125 0.753125 0.19444444375 0.73515625 0.1875 0.73046875 0.1583333328125 0.6953125 0.147222221875 0.68828125 0.1513888890625 0.67890625 0.1666666671875 0.66015625 0.16805555625 0.65625 0.175 0.65625 0.21805555625 0.66328125 0.2416666671875 0.68515625 0.240277778125 0.69765625 0.24722222187499998 0.70234375 0.275 0.71171875 0.28472222187499996 0.72109375 0.2833333328125 0.7296875 0.2708333328125
6 0.65625 0.2541666671875 0.6546875 0.22916666718749998 0.63671875 0.2236111109375 0.6328125 0.21805555625 0.63671875 0.20555555625 0.63671875 0.1916666671875 0.6296875 0.184722221875 0.61953125 0.1833333328125 0.60625 0.17361111093749998 0.5984375 0.15972222187500001 0.57734375 0.15972222187500001 0.56953125 0.175 0.56875 0.1888888890625 0.565625 0.197222221875 0.56640625 0.2125 0.56953125 0.22777777812500002 0.5765625 0.2416666671875 0.5984375 0.259722221875 0.65078125 0.25833333281250004 0.65625 0.2541666671875
7 0.88125 0.14305555625 0.87421875 0.134722221875 0.84375 0.12222222187500001 0.8390625 0.134722221875 0.8453125 0.1513888890625 0.865625 0.15 0.88671875 0.15555555625 0.8875 0.1458333328125 0.89296875 0.1541666671875 0.89140625 0.147222221875 0.88125 0.14305555625
7 0.96640625 0.115277778125 0.96953125 0.10555555624999999 0.96796875 0.09444444375 0.9625 0.0888888890625 0.9625 0.1166666671875 0.96640625 0.115277778125
7 0.93828125 0.072222221875 0.9234375 0.072222221875 0.9125 0.077777778125 0.90703125 0.0861111109375 0.90703125 0.1208333328125 0.92109375 0.127777778125 0.92734375 0.1208333328125 0.94765625 0.12222222187500001 0.95234375 0.1166666671875 0.9546875 0.090277778125 0.9515625 0.08055555625000001 0.93828125 0.072222221875
7 0.85625 0.08055555625000001 0.86484375 0.0916666671875 0.88984375 0.11388888906250001 0.8953125 0.11388888906250001 0.89765625 0.08055555625000001 0.86953125 0.07083333281250001 0.8578125 0.075 0.85625 0.08055555625000001
7 0.87109375 0.25555555625 0.87890625 0.25833333281250004 0.88125 0.275 0.88671875 0.28055555625 0.89609375 0.27638888906250003 0.92421875 0.27777777812500004 0.93046875 0.2666666671875 0.93046875 0.23194444375 0.9265625 0.22638888906250001 0.91640625 0.1833333328125 0.9109375 0.17361111093749998 0.8953125 0.165277778125 0.8921875 0.15972222187500001 0.8796875 0.15555555625 0.85625 0.15555555625 0.853125 0.15972222187500001 0.84765625 0.15555555625 0.81953125 0.15555555625 0.8171875 0.1611111109375 0.815625 0.19305555624999998 0.8171875 0.21805555625 0.8203125 0.22638888906250001 0.83125 0.22916666718749998 0.8375 0.21805555625 0.846875 0.21805555625 0.85078125 0.23611111093749998 0.87109375 0.25555555625
7 0 0.5013888890625 0.00625 0.4916666671875 0.0046875 0.48472222187499997 0.00859375 0.48194444374999995 0.00859375 0.47083333281249995 0.0125 0.4583333328125 0.0234375 0.4513888890625 0.02265625 0.43194444374999996 0.02578125 0.41805555625 0.0390625 0.42083333281249996 0.0453125 0.40833333281249995 0.06015625 0.40694444374999994 0.0625 0.3763888890625 0.075 0.372222221875 0.08046875 0.365277778125 0.0796875 0.334722221875 0.06640625 0.315277778125 0.05859375 0.23611111093749998 0.05546875 0.23472222187499997 0.0453125 0.24583333281250003 0.02890625 0.272222221875 0.01953125 0.28055555625 0.01171875 0.29722222187499997 0 0.302777778125 0 0.47222222187499996 0.00390625 0.4763888890625 0 0.48055555625 0.0046875 0.48055555625 0 0.4888888890625 0 0.5013888890625
7 0.9953125 0.27777777812500004 0.99921875 0.275 0.99921875 0.2208333328125 0.99296875 0.21805555625 0.98828125 0.23333333281250002 0.9875 0.2708333328125 0.9953125 0.27777777812500004
7 0.928125 0.16944444375 0.921875 0.16805555625 0.91875 0.17361111093749998 0.91796875 0.1888888890625 0.93515625 0.2388888890625 0.9625 0.240277778125 0.96875 0.24722222187499998 0.971875 0.24444444375000002 0.975 0.2236111109375 0.9734375 0.20277777812500003 0.928125 0.16944444375
7 0.94609375 0.1263888890625 0.9265625 0.12222222187500001 0.925 0.13055555624999998 0.93515625 0.14305555625 0.94453125 0.147222221875 0.95546875 0.1458333328125 0.9640625 0.1541666671875 0.98046875 0.15972222187500001 0.97734375 0.14305555625 0.94609375 0.1263888890625
7 0.78046875 0.13888888906250002 0.78671875 0.1513888890625 0.7921875 0.1513888890625 0.79296875 0.12222222187500001 0.78671875 0.12222222187500001 0.78515625 0.13194444375 0.78046875 0.13888888906250002
7 0.79140625 0.10694444375 0.7890625 0.1166666671875 0.79296875 0.11805555625 0.79765625 0.097222221875 0.7890625 0.09305555625 0.78828125 0.1 0.79140625 0.10694444375
7 0.74765625 0.127777778125 0.7453125 0.13333333281249998 0.74609375 0.15972222187500001 0.76171875 0.15972222187500001 0.76875 0.1513888890625 0.77109375 0.1375 0.77109375 0.0916666671875 0.76875 0.08333333281250001 0.74921875 0.07638888906249999 0.74765625 0.127777778125
7 0.7265625 0.15555555625 0.7359375 0.15694444375 0.73828125 0.06944444375 0.721875 0.058333332812500006 0.690625 0.047222221875 0.67890625 0.04444444375 0.6765625 0.0486111109375 0.675 0.09305555625 0.68046875 0.1041666671875 0.68671875 0.10694444375 0.690625 0.11944444375 0.6890625 0.1291666671875 0.70546875 0.14305555625 0.71953125 0.1458333328125 0.7265625 0.15555555625
4 0.04296875 0.622222221875 0.046875 0.6180555562500001 0.05 0.6263888890625 0.05390625 0.627777778125 0.05546875 0.60694444375 0.0453125 0.5958333328125 0.040625 0.58194444375 0.04140625 0.5319444437499999 0.0359375 0.48194444374999995 0.02421875 0.45555555625000005 0.01328125 0.4583333328125 0.0140625 0.50555555625 0.01640625 0.5111111109375 0.0203125 0.55694444375 0.025 0.5736111109375 0.025 0.5875 0.0359375 0.60694444375 0.03828125 0.6208333328125 0.04296875 0.622222221875