1 0.1263888890625 0.615625 0.10555555624999999 0.615625 0.10555555624999999 0.62734375 0.11805555625 0.6296875 0.2541666671875 0.628125 0.259722221875 0.63125 0.259722221875 0.6421875 0.26527777812500003 0.6421875 0.272222221875 0.63046875 0.28611111093749997 0.62421875 0.2833333328125 0.61328125 0.2888888890625 0.60546875 0.28194444375 0.6046875 0.25 0.61484375 0.222222221875 0.61484375 0.18055555625 0.61015625 0.1416666671875 0.61015625 0.1263888890625 0.615625
1 0.23055555625 0.54609375 0.1861111109375 0.54609375 0.16944444375 0.54375 0.0861111109375 0.54609375 0.08055555625000001 0.5484375 0.08055555625000001 0.553125 0.090277778125 0.5578125 0.15 0.5578125 0.1611111109375 0.5609375 0.190277778125 0.5578125 0.21805555625 0.55859375 0.22638888906250001 0.56171875 0.2236111109375 0.56875 0.22916666718749998 0.57109375 0.2388888890625 0.56796875 0.24305555625 0.56171875 0.25 0.54765625 0.2513888890625 0.53125 0.24583333281250003 0.53046875 0.2416666671875 0.5328125 0.23055555625 0.54609375
6 0.2166666671875 0.23828125 0.2125 0.2421875 0.19444444375 0.246875 0.1875 0.2640625 0.1583333328125 0.26953125 0.1513888890625 0.2875 0.15 0.30859375 0.16388888906250001 0.31875 0.16388888906250001 0.33203125 0.1708333328125 0.34296875 0.18055555625 0.34453125 0.20833333281250002 0.34609375 0.240277778125 0.3375 0.2388888890625 0.3171875 0.24722222187499998 0.30234375 0.25555555625 0.29921875 0.275 0.29765625 0.28194444375 0.29296875 0.28472222187499996 0.2828125 0.28055555625 0.2765625 0.26944444375 0.2703125 0.27777777812500004 0.2625 0.27777777812500004 0.23828125 0.26527777812500003 0.2359375 0.2166666671875 0.23828125
6 0.16388888906250001 0.4 0.15972222187500001 0.42265625 0.17916666718750002 0.43125 0.19583333281249998 0.43359375 0.21944444375 0.4328125 0.24305555625 0.4234375 0.259722221875 0.4015625 0.25833333281250004 0.3484375 0.2513888890625 0.34296875 0.23055555625 0.34453125 0.2208333328125 0.36484375 0.215277778125 0.3671875 0.20416666718749998 0.36484375 0.20138888906250002 0.36796875 0.1888888890625 0.37109375 0.177777778125 0.3921875 0.16388888906250001 0.4
7 0.1513888890625 0.1546875 0.1513888890625 0.11015625 0.14444444375 0.1140625 0.13055555624999998 0.1328125 0.12222222187500001 0.1578125 0.13055555624999998 0.1609375 0.1513888890625 0.1546875
7 0.10555555624999999 0.03046875 0.09305555625 0.03203125 0.0888888890625 0.0375 0.11805555625 0.03828125 0.10555555624999999 0.03046875
7 0.1208333328125 0.06875 0.11944444375 0.05078125 0.09444444375 0.04609375 0.08055555625000001 0.0484375 0.072222221875 0.0609375 0.072222221875 0.0765625 0.08333333281250001 0.09296875 0.11944444375 0.09375 0.127777778125 0.0796875 0.127777778125 0.075 0.1208333328125 0.06875
7 0.07083333281250001 0.13046875 0.07083333281250001 0.1375 0.077777778125 0.1421875 0.0888888890625 0.1375 0.102777778125 0.125 0.11388888906250001 0.11015625 0.11388888906250001 0.10390625 0.08055555625000001 0.103125 0.07083333281250001 0.13046875
7 0.1625 0.85234375 0.16805555625 0.84609375 0.1875 0.83828125 0.1875 0.825 0.19444444375 0.81875 0.19583333281249998 0.80703125 0.18194444375000002 0.80234375 0.1708333328125 0.79453125 0.147222221875 0.7953125 0.1111111109375 0.828125 0.10833333281249999 0.84453125 0.1111111109375 0.84921875 0.1263888890625 0.8546875 0.1625 0.85234375
7 0.27777777812500004 0.07578125 0.26527777812500003 0.06953125 0.23194444375 0.06953125 0.225 0.0734375 0.18194444375000002 0.084375 0.172222221875 0.090625 0.15555555625 0.11953125 0.15555555625 0.14375 0.15972222187500001 0.14609375 0.1541666671875 0.1578125 0.15555555625 0.18046875 0.16805555625 0.18359375 0.184722221875 0.1859375 0.22638888906250001 0.1796875 0.22777777812500002 0.16875 0.2125 0.16328125 0.20972222187499998 0.15859375 0.21805555625 0.15078125 0.23055555625 0.15078125 0.2388888890625 0.146875 0.25833333281250004 0.121875 0.275 0.11875 0.28055555625 0.1140625 0.28055555625 0.10703125 0.27638888906250003 0.1046875 0.27777777812500004 0.07578125
7 0.109722221875 0.63125 0.10555555624999999 0.6296875 0.10138888906250001 0.61953125 0.09444444375 0.61875 0.0388888890625 0.6203125 0.0375 0.625 0.04444444375 0.6359375 0.055555556250000006 0.64453125 0.052777778124999994 0.65859375 0.058333332812500006 0.6625 0.058333332812500006 0.66640625 0.04305555625 0.67109375 0.047222221875 0.70859375 0.055555556250000006 0.71875 0.08333333281250001 0.72109375 0.0861111109375 0.7234375 0.15972222187500001 0.725 0.1625 0.7203125 0.1763888890625 0.71796875 0.172222221875 0.703125 0.190277778125 0.69765625 0.19444444375 0.69375 0.19305555624999998 0.675 0.165277778125 0.66796875 0.16805555625 0.64609375 0.15 0.63515625 0.1541666671875 0.63125 0.15 0.63359375 0.14444444375 0.63046875 0.109722221875 0.63125
7 0.15 0.52421875 0.134722221875 0.521875 0.0458333328125 0.52421875 0.009722221875000001 0.53203125 0.006944443749999999 0.57421875 0.013888889062500001 0.58359375 0.0208333328125 0.60625 0.030555556249999997 0.6109375 0.1166666671875 0.61171875 0.134722221875 0.60390625 0.1541666671875 0.60546875 0.1666666671875 0.6 0.18055555625 0.5984375 0.1833333328125 0.578125 0.177777778125 0.57109375 0.1541666671875 0.5609375 0.127777778125 0.55859375 0.127777778125 0.54453125 0.177777778125 0.54375 0.18055555625 0.53984375 0.1763888890625 0.53359375 0.15 0.52421875
7 0.27777777812500004 0.00546875 0.26944444375 0.00078125 0.2236111109375 0.00078125 0.21944444375 0.00703125 0.24305555625 0.0125 0.2708333328125 0.0125 0.27777777812500004 0.00546875
7 0.1916666671875 0.08046875 0.19583333281249998 0.07734375 0.2138888890625 0.075 0.23055555625 0.06953125 0.2388888890625 0.06484375 0.240277778125 0.05546875 0.23611111093749998 0.0515625 0.23472222187499997 0.0390625 0.24722222187499998 0.03046875 0.23194444375 0.0265625 0.20277777812500003 0.02734375 0.16944444375 0.07109375 0.1708333328125 0.08046875 0.1916666671875 0.08046875
7 0.1458333328125 0.04453125 0.15694444375 0.03125 0.15972222187500001 0.01953125 0.1458333328125 0.021875 0.13333333281249998 0.03828125 0.1208333328125 0.065625 0.13333333281249998 0.06875 0.1208333328125 0.07265625 0.12222222187500001 0.07421875 0.13055555624999998 0.075 0.14305555625 0.06171875 0.1458333328125 0.04453125
7 0.11805555625 0.21015625 0.115277778125 0.209375 0.1208333328125 0.2140625 0.1291666671875 0.2140625 0.13888888906250002 0.21875 0.1513888890625 0.21328125 0.1513888890625 0.20703125 0.1208333328125 0.20703125 0.11805555625 0.21015625
7 0.10833333281249999 0.2046875 0.097222221875 0.20234375 0.09444444375 0.2109375 0.10555555624999999 0.209375 0.10833333281249999 0.2046875
7 0.15972222187500001 0.2375 0.1513888890625 0.23125 0.10138888906250001 0.2296875 0.0916666671875 0.22734375 0.08055555625000001 0.2328125 0.075 0.24921875 0.0861111109375 0.2515625 0.115277778125 0.2515625 0.15555555625 0.25546875 0.1611111109375 0.24921875 0.15972222187500001 0.2375
7 0.10555555624999999 0.31328125 0.13055555624999998 0.3046875 0.15555555625 0.2734375 0.15555555625 0.2625 0.06944444375 0.2609375 0.047222221875 0.30703125 0.0458333328125 0.3203125 0.047222221875 0.32265625 0.055555556250000006 0.3234375 0.097222221875 0.3234375 0.10555555624999999 0.3171875 0.10555555624999999 0.31328125
7 0.25 0.0296875 0.23055555625 0.02578125 0.20555555625 0.025 0.20138888906250002 0.03359375 0.222222221875 0.03671875 0.240277778125 0.0375 0.25 0.0296875