1 0.39453125 0.2888888890625 0.39453125 0.28055555625 0.3875 0.2638888890625 0.3859375 0.24305555625 0.39140625 0.15972222187500001 0.38984375 0.134722221875 0.3859375 0.127777778125 0.38671875 0.115277778125 0.38203125 0.102777778125 0.37578125 0.1041666671875 0.3703125 0.11805555625 0.371875 0.24722222187499998 0.36796875 0.259722221875 0.359375 0.259722221875 0.3578125 0.26527777812500003 0.3671875 0.272222221875 0.37578125 0.28611111093749997 0.3859375 0.28194444375 0.39453125 0.2888888890625
1 0.43828125 0.24305555625 0.45625 0.2513888890625 0.46796875 0.2513888890625 0.46875 0.24583333281250003 0.4578125 0.23472222187499997 0.45390625 0.222222221875 0.45625 0.097222221875 0.4515625 0.08055555625000001 0.4453125 0.08055555625000001 0.4421875 0.0875 0.4421875 0.147222221875 0.43984375 0.15694444375 0.44140625 0.215277778125 0.4375 0.2236111109375 0.43046875 0.2236111109375 0.4296875 0.23055555625 0.4328125 0.2388888890625 0.43828125 0.24305555625
6 0.7171875 0.28472222187499996 0.7296875 0.2708333328125 0.73671875 0.27777777812500004 0.75703125 0.27638888906250003 0.7625 0.272222221875 0.7640625 0.23194444375 0.7609375 0.215277778125 0.753125 0.197222221875 0.7359375 0.1875 0.7296875 0.15694444375 0.709375 0.15 0.6890625 0.15 0.67890625 0.1666666671875 0.66796875 0.16388888906250001 0.659375 0.16805555625 0.6546875 0.18194444375000002 0.65390625 0.20833333281250002 0.66015625 0.23611111093749998 0.6640625 0.2416666671875 0.6859375 0.240277778125 0.69765625 0.24722222187499998 0.70234375 0.275 0.70859375 0.2833333328125 0.7171875 0.28472222187499996
6 0.65625 0.2541666671875 0.6546875 0.23055555625 0.63515625 0.21944444375 0.625 0.184722221875 0.60703125 0.17916666718750002 0.59921875 0.1611111109375 0.57421875 0.1611111109375 0.5671875 0.1888888890625 0.56640625 0.21111111093749999 0.56953125 0.23055555625 0.58046875 0.24583333281250003 0.59140625 0.2513888890625 0.59453125 0.25694444375000003 0.625 0.259722221875 0.65 0.25833333281250004 0.65625 0.2541666671875
7 0.83515625 0.13055555624999998 0.84375 0.1513888890625 0.8890625 0.1513888890625 0.87265625 0.134722221875 0.85625 0.1291666671875 0.84921875 0.1208333328125 0.8359375 0.12222222187500001 0.83515625 0.13055555624999998
7 0.9625 0.08194444375 0.96171875 0.11944444375 0.96640625 0.11805555625 0.9734375 0.10555555624999999 0.9625 0.08194444375
7 0.95390625 0.08194444375 0.940625 0.072222221875 0.92265625 0.072222221875 0.909375 0.08055555625000001 0.90625 0.09305555625 0.90625 0.1208333328125 0.91640625 0.1263888890625 0.925 0.1263888890625 0.9265625 0.1208333328125 0.946875 0.12222222187500001 0.95078125 0.1166666671875 0.95390625 0.1 0.95390625 0.08194444375
7 0.85703125 0.08055555625000001 0.8765625 0.10555555624999999 0.88828125 0.11388888906250001 0.89765625 0.11388888906250001 0.89765625 0.08055555625000001 0.87890625 0.072222221875 0.86015625 0.072222221875 0.85703125 0.08055555625000001
7 0.85390625 0.240277778125 0.878125 0.25833333281250004 0.8828125 0.27777777812500004 0.91953125 0.27777777812500004 0.925 0.27638888906250003 0.9296875 0.2666666671875 0.9296875 0.23055555625 0.92578125 0.2236111109375 0.915625 0.18194444375000002 0.9046875 0.16805555625 0.88125 0.15555555625 0.85546875 0.15555555625 0.853125 0.1666666671875 0.8484375 0.17361111093749998 0.84609375 0.16944444375 0.84453125 0.172222221875 0.8375 0.16805555625 0.83359375 0.15972222187500001 0.8265625 0.15972222187500001 0.815625 0.16944444375 0.8140625 0.1875 0.8203125 0.2236111109375 0.83125 0.22777777812500002 0.83515625 0.22638888906250001 0.8375 0.21944444375 0.84609375 0.21805555625 0.85 0.23472222187499997 0.85390625 0.240277778125
7 0.9609375 0.24583333281250003 0.95625 0.24444444375000002 0.95234375 0.25833333281250004 0.94921875 0.29305555625 0.94453125 0.2958333328125 0.9421875 0.30555555624999997 0.94453125 0.3138888890625 0.953125 0.32083333281250004 0.95625 0.315277778125 0.9546875 0.2958333328125 0.9609375 0.24583333281250003
7 0.984375 0.28055555625 0.98046875 0.2986111109375 0.97890625 0.3375 0.984375 0.33888888906250003 0.98984375 0.352777778125 0.99921875 0.3541666671875 0.99921875 0.2236111109375 0.99375 0.2236111109375 0.98828125 0.23333333281250002 0.984375 0.28055555625
7 0.1140625 0.6 0.11875 0.609722221875 0.11796875 0.602777778125 0.11328125 0.5986111109375 0.11171875 0.5708333328124999 0.1078125 0.5666666671875 0.10546875 0.58055555625 0.10703125 0.5861111109375 0.11171875 0.584722221875 0.1125 0.5930555562500001 0.10703125 0.5986111109375 0.1078125 0.6041666671875 0.11328125 0.60555555625 0.1140625 0.6
7 0 0.5041666671875 0.02265625 0.50555555625 0.04765625 0.49444444374999996 0.0578125 0.5166666671875 0.05859375 0.5555555562500001 0.0546875 0.58194444375 0.06171875 0.6013888890625 0.06015625 0.6458333328125 0.06328125 0.6541666671875 0.06796875 0.64305555625 0.06875 0.5944444437499999 0.07109375 0.584722221875 0.07265625 0.5861111109375 0.071875 0.5791666671875 0.07734375 0.577777778125 0.0765625 0.5638888890625 0.07890625 0.55694444375 0.0921875 0.5527777781250001 0.0984375 0.54444444375 0.109375 0.547222221875 0.11328125 0.534722221875 0.109375 0.5208333328125 0.12578125 0.5013888890625 0.125 0.47222222187499996 0.11953125 0.4583333328125 0.1203125 0.4138888890625 0.11796875 0.38194444375000003 0.11484375 0.3763888890625 0.09375 0.38055555625 0.07890625 0.39027777812500003 0.0375 0.40555555625000006 0.03203125 0.4125 0.02578125 0.3958333328125 0.02890625 0.38333333281250004 0.0296875 0.3583333328125 0.00390625 0.3541666671875 0 0.35555555625 0 0.35972222187499997 0.00703125 0.36805555624999997 0.01171875 0.365277778125 0.01484375 0.3763888890625 0.01328125 0.39305555625 0.0109375 0.3958333328125 0.01171875 0.40694444374999994 0.00859375 0.40555555625000006 0.0125 0.40833333281249995 0.01484375 0.4166666671875 0.0125 0.440277778125 0 0.4513888890625 0 0.5041666671875
7 0.1828125 0.5 0.1828125 0.49305555625 0.18671875 0.46805555625000006 0.1921875 0.45694444375 0.18984375 0.43194444374999996 0.19609375 0.41944444374999995 0.20546875 0.42083333281249996 0.209375 0.4291666671875 0.209375 0.4388888890625 0.2125 0.44444444375 0.2203125 0.447222221875 0.2203125 0.46666666718750005 0.22734375 0.5069444437499999 0.225 0.5486111109375 0.24140625 0.5625 0.27734375 0.5583333328125 0.28125 0.56805555625 0.28671875 0.5722222218749999 0.2875 0.58055555625 0.29453125 0.5916666671875 0.31796875 0.5930555562500001 0.325 0.5875 0.33671875 0.5583333328125 0.34453125 0.5555555562500001 0.3546875 0.54305555625 0.3640625 0.515277778125 0.36640625 0.5013888890625 0.36484375 0.47222222187499996 0.36171875 0.447222221875 0.35625 0.43194444374999996 0.3421875 0.41111111093749997 0.31953125 0.39305555625 0.29375 0.3625 0.2921875 0.35694444375 0.2828125 0.3513888890625 0.2734375 0.3333333328125 0.2609375 0.3291666671875 0.25546875 0.3138888890625 0.2515625 0.3166666671875 0.246875 0.3291666671875 0.23125 0.33194444375 0.2234375 0.3513888890625 0.2125 0.3458333328125 0.203125 0.35555555625 0.1875 0.35555555625 0.18125 0.3513888890625 0.14375 0.365277778125 0.14296875 0.3916666671875 0.1453125 0.415277778125 0.14765625 0.41944444374999995 0.15625 0.525 0.1640625 0.5763888890625 0.19296875 0.56805555625 0.1921875 0.5236111109375 0.1828125 0.5
7 0.9640625 0.23472222187499997 0.96640625 0.23055555625 0.96953125 0.23611111093749998 0.96796875 0.23194444375 0.9734375 0.2236111109375 0.9734375 0.20972222187499998 0.96796875 0.19583333281249998 0.9390625 0.17916666718750002 0.9296875 0.16944444375 0.91875 0.16944444375 0.91796875 0.1861111109375 0.92421875 0.2 0.9265625 0.2166666671875 0.93359375 0.23611111093749998 0.93828125 0.240277778125 0.95078125 0.240277778125 0.95703125 0.23333333281250002 0.9640625 0.23472222187499997
7 0.9296875 0.13194444375 0.9265625 0.13055555624999998 0.92578125 0.1208333328125 0.92421875 0.12361111093749999 0.9234375 0.1291666671875 0.94375 0.1458333328125 0.95546875 0.1458333328125 0.96953125 0.15694444375 0.98046875 0.15972222187500001 0.978125 0.14305555625 0.9328125 0.1208333328125 0.9296875 0.13194444375
7 0.3328125 0.165277778125 0.3390625 0.16388888906250001 0.3453125 0.15555555625 0.3515625 0.15555555625 0.3578125 0.147222221875 0.3625 0.1513888890625 0.36875 0.15 0.36953125 0.115277778125 0.3734375 0.10694444375 0.3859375 0.097222221875 0.38828125 0.1166666671875 0.39453125 0.134722221875 0.39375 0.15555555625 0.4015625 0.18055555625 0.41640625 0.1875 0.4296875 0.177777778125 0.43984375 0.1541666671875 0.43984375 0.13333333281249998 0.4421875 0.1263888890625 0.45546875 0.1263888890625 0.45625 0.177777778125 0.46171875 0.17916666718750002 0.46640625 0.1763888890625 0.47265625 0.1611111109375 0.4734375 0.13888888906250002 0.478125 0.1263888890625 0.4765625 0.04444444375 0.47265625 0.019444443750000002 0.465625 0.0083333328125 0.4296875 0.00555555625 0.41640625 0.013888889062500001 0.39453125 0.019444443750000002 0.38984375 0.025 0.38828125 0.0388888890625 0.375 0.0375 0.3546875 0.055555556250000006 0.3453125 0.0513888890625 0.33359375 0.055555556250000006 0.32890625 0.04305555625 0.290625 0.047222221875 0.28359375 0.0513888890625 0.278125 0.06805555625000001 0.275 0.0986111109375 0.275 0.16805555625 0.28203125 0.18055555625 0.2875 0.17361111093749998 0.296875 0.172222221875 0.30234375 0.1916666671875 0.30625 0.19444444375 0.325 0.19305555624999998 0.3328125 0.165277778125
7 0.79765625 0.10555555624999999 0.79765625 0.097222221875 0.7875 0.09444444375 0.7875 0.12222222187500001 0.78515625 0.13333333281249998 0.78125 0.1375 0.7859375 0.15 0.78984375 0.15277777812499999 0.79296875 0.1513888890625 0.79296875 0.11805555625 0.79765625 0.10555555624999999
7 0.74921875 0.07638888906249999 0.7484375 0.08333333281250001 0.7453125 0.15972222187500001 0.765625 0.15972222187500001 0.7703125 0.13888888906250002 0.76875 0.13194444375 0.77265625 0.0888888890625 0.76875 0.08194444375 0.75234375 0.075 0.74921875 0.07638888906249999
7 0.73125 0.1583333328125 0.73671875 0.15555555625 0.73984375 0.0861111109375 0.73828125 0.06805555625000001 0.6921875 0.047222221875 0.67890625 0.0458333328125 0.6765625 0.054166667187499996 0.67734375 0.10138888906250001 0.68515625 0.10555555624999999 0.6953125 0.127777778125 0.7046875 0.134722221875 0.7078125 0.1416666671875 0.71796875 0.1458333328125 0.7203125 0.1513888890625 0.73125 0.1583333328125
4 0.95546875 0.31805555625 0.95234375 0.3458333328125 0.96015625 0.34861111093749997 0.96875 0.2833333328125 0.9671875 0.24722222187499998 0.96171875 0.24583333281250003 0.9546875 0.2916666671875 0.95546875 0.31805555625
4 0.21328125 0.597222221875 0.21875 0.6263888890625 0.2234375 0.622222221875 0.225 0.6152777781250001 0.2203125 0.565277778125 0.2203125 0.54444444375 0.22578125 0.5097222218749999 0.22421875 0.4888888890625 0.21953125 0.45555555625000005 0.20625 0.45 0.20703125 0.43194444374999996 0.20390625 0.42222222187499997 0.19375 0.42222222187499997 0.19140625 0.43055555625 0.19296875 0.45555555625000005 0.1875 0.46527777812500004 0.18515625 0.50555555625 0.19296875 0.522222221875 0.19765625 0.597222221875 0.19765625 0.6166666671875001 0.19453125 0.6291666671875 0.20546875 0.6361111109375 0.2078125 0.6 0.21328125 0.597222221875
4 0.1296875 0.69305555625 0.13671875 0.6888888890625 0.13984375 0.6972222218749999 0.14375 0.6972222218749999 0.15078125 0.6916666671875 0.15 0.6583333328125 0.1390625 0.5916666671875 0.1375 0.559722221875 0.1328125 0.5416666671875 0.13046875 0.51805555625 0.125 0.5138888890625 0.11796875 0.5208333328125 0.11796875 0.5375 0.1125 0.5458333328125 0.11328125 0.58055555625 0.11875 0.602777778125 0.13046875 0.6291666671875 0.13046875 0.6708333328125 0.12734375 0.6875 0.1296875 0.69305555625
4 0.0125 0.1208333328125 0.0125 0.10555555624999999 0.0078125 0.097222221875 0.0015625 0.10138888906250001 0 0.1861111109375 0.00390625 0.197222221875 0.00703125 0.23611111093749998 0.0125 0.24722222187499998 0.02578125 0.2388888890625 0.025 0.2166666671875 0.01875 0.1458333328125 0.0125 0.1208333328125