2 0.01328125 0.43194444374999996 0.0140625 0.47222222187499996 0.01796875 0.477777778125 0.025 0.477777778125 0.0328125 0.46666666718750005 0.0296875 0.44444444375 0.02265625 0.425 0.01328125 0.43194444374999996
1 0.371875 0.2486111109375 0.35625 0.25555555625 0.36015625 0.25555555625 0.3631990140625 0.269078946875 0.36640625 0.2708333328125 0.36875 0.2791666671875 0.375 0.28611111093749997 0.3875 0.28055555625 0.40078125 0.2888888890625 0.4015625 0.28055555625 0.38515625 0.25555555625 0.3828125 0.10555555624999999 0.38046875 0.10138888906250001 0.3734375 0.10138888906250001 0.3703125 0.10555555624999999 0.371875 0.2486111109375
1 0.44453125 0.08055555625000001 0.4421875 0.0861111109375 0.44140625 0.215277778125 0.43984375 0.22638888906250001 0.4296875 0.22638888906250001 0.434375 0.22916666718749998 0.43203125 0.240277778125 0.4375 0.24305555625 0.45234375 0.25 0.46875 0.2513888890625 0.46796875 0.2416666671875 0.45546875 0.23472222187499997 0.4515625 0.2166666671875 0.45234375 0.17916666718750002 0.4546875 0.172222221875 0.45390625 0.084722221875 0.4515625 0.08055555625000001 0.44453125 0.08055555625000001
6 0.77113970625 0.3671568625 0.7734375 0.35694444375 0.7765625 0.3583333328125 0.7796875 0.3513888890625 0.78203125 0.30555555624999997 0.77578125 0.3083333328125 0.775 0.3416666671875 0.77113970625 0.3671568625
6 0.76484375 0.39305555625 0.76875 0.39305555625 0.7734375 0.384722221875 0.7765625 0.36944444375 0.77059235 0.37077114375 0.76953125 0.377777778125 0.7625 0.384722221875 0.76484375 0.39305555625
6 0.75078125 0.3916666671875 0.75625 0.39305555625 0.7609375 0.3888888890625 0.759375 0.3611111109375 0.7625 0.29444444375 0.76015625 0.28055555625 0.75 0.25694444375000003 0.74765625 0.23333333281250002 0.7390625 0.2236111109375 0.734375 0.2125 0.73046875 0.20972222187499998 0.72734375 0.2166666671875 0.71953125 0.2208333328125 0.69375 0.21805555625 0.678125 0.24583333281250003 0.6703125 0.23611111093749998 0.65546875 0.26527777812500003 0.65390625 0.27638888906250003 0.65234375 0.3083333328125 0.65625 0.3263888890625 0.66796875 0.3333333328125 0.6859375 0.33055555625 0.690625 0.334722221875 0.70625 0.3708333328125 0.7078125 0.384722221875 0.7140625 0.3958333328125 0.7203125 0.40138888906250003 0.73046875 0.4 0.73671875 0.39305555625 0.74296875 0.377777778125 0.74765625 0.38194444375000003 0.75078125 0.3916666671875
6 0.78203125 0.27638888906250003 0.78671875 0.2666666671875 0.7875 0.23333333281250002 0.78203125 0.22638888906250001 0.7796875 0.22916666718749998 0.77890625 0.2736111109375 0.78203125 0.27638888906250003
6 0.78125 0.16388888906250001 0.7671875 0.16805555625 0.76796875 0.15277777812499999 0.7609375 0.14861111093749999 0.7578125 0.1361111109375 0.7578125 0.11805555625 0.75 0.10555555624999999 0.728125 0.0958333328125 0.71171875 0.09444444375 0.70546875 0.097222221875 0.70078125 0.10833333281249999 0.7 0.140277778125 0.71171875 0.15694444375 0.71171875 0.16388888906250001 0.721875 0.18194444375000002 0.725 0.19583333281249998 0.7359375 0.20833333281250002 0.73828125 0.21805555625 0.746875 0.22777777812500002 0.7515625 0.2388888890625 0.76484375 0.24305555625 0.76875 0.1833333328125 0.77109375 0.17916666718750002 0.78125 0.18055555625 0.78125 0.16388888906250001
7 0.98984375 0.25833333281250004 0.98125 0.27638888906250003 0.97890625 0.34027777812500004 0.99921875 0.33888888906250003 0.99921875 0.26805555625 0.98984375 0.25833333281250004
7 0.909375 0.3 0.9234375 0.3263888890625 0.94296875 0.33055555625 0.95390625 0.35555555625 0.9578125 0.35555555625 0.9703125 0.27777777812500004 0.96953125 0.24583333281250003 0.9421875 0.23194444375 0.93046875 0.23194444375 0.91796875 0.24583333281250003 0.91328125 0.25833333281250004 0.9078125 0.2888888890625 0.909375 0.3
7 0.92265625 0.20694444375 0.91953125 0.20277777812500003 0.915625 0.18194444375000002 0.9109375 0.17361111093749998 0.8921875 0.15972222187500001 0.86640625 0.1541666671875 0.85234375 0.15972222187500001 0.84453125 0.15555555625 0.81953125 0.15555555625 0.815625 0.16805555625 0.8140625 0.1916666671875 0.8203125 0.22638888906250001 0.83125 0.22777777812500002 0.8375 0.21805555625 0.846875 0.21805555625 0.85078125 0.23611111093749998 0.878125 0.25833333281250004 0.88203125 0.27638888906250003 0.88671875 0.28055555625 0.90625 0.27638888906250003 0.9109375 0.2666666671875 0.9140625 0.25 0.92578125 0.23055555625 0.92265625 0.20694444375
7 0.99296875 0.222222221875 0.98828125 0.23472222187499997 0.98828125 0.25555555625 0.99921875 0.2541666671875 0.99921875 0.22916666718749998 0.99296875 0.222222221875
7 0.99609375 0.18055555625 0.99453125 0.17361111093749998 0.99375 0.1833333328125 0.99609375 0.18055555625
7 0.93125 0.22777777812500002 0.9703125 0.2416666671875 0.9734375 0.22777777812500002 0.97421875 0.20555555625 0.96953125 0.197222221875 0.92890625 0.16944444375 0.91875 0.1708333328125 0.91875 0.190277778125 0.92421875 0.20416666718749998 0.9296875 0.20972222187499998 0.93125 0.22777777812500002
7 0.96640625 0.1583333328125 0.9703125 0.16388888906250001 0.978125 0.16388888906250001 0.97890625 0.15 0.9734375 0.14305555625 0.9375 0.12222222187500001 0.9265625 0.125 0.925 0.1291666671875 0.94765625 0.14444444375 0.94921875 0.1513888890625 0.96640625 0.1583333328125
7 0.859375 0.1513888890625 0.8796875 0.1541666671875 0.88515625 0.15 0.87265625 0.134722221875 0.8578125 0.1291666671875 0.85078125 0.1208333328125 0.8375 0.1208333328125 0.8359375 0.1375 0.83984375 0.1513888890625 0.853125 0.15555555625 0.859375 0.1513888890625
7 0.871875 0.07083333281250001 0.86015625 0.07083333281250001 0.85625 0.07638888906249999 0.85546875 0.08055555625000001 0.87109375 0.1 0.89375 0.11388888906250001 0.89765625 0.08333333281250001 0.8953125 0.0791666671875 0.871875 0.07083333281250001
4 0.62109375 0.2916666671875 0.62578125 0.30416666718749996 0.628125 0.302777778125 0.63125 0.2708333328125 0.64140625 0.23333333281250002 0.63671875 0.197222221875 0.63125 0.1916666671875 0.62578125 0.19305555624999998 0.61484375 0.22777777812500002 0.6140625 0.24305555625 0.61875 0.24583333281250003 0.62109375 0.2916666671875