2 0.41944444374999995 0.975 0.440277778125 0.9765625 0.4625 0.97421875 0.46805555625000006 0.96953125 0.46805555625000006 0.96328125 0.45694444375 0.96171875 0.42083333281249996 0.9640625 0.41944444374999995 0.975
1 0.23333333281250002 0.61484375 0.1583333328125 0.61484375 0.1541666671875 0.6125 0.109722221875 0.61484375 0.102777778125 0.6203125 0.102777778125 0.62734375 0.1111111109375 0.63125 0.10555555624999999 0.64453125 0.10833333281249999 0.64609375 0.115277778125 0.64453125 0.115277778125 0.63125 0.1583333328125 0.62734375 0.2513888890625 0.62734375 0.259722221875 0.63125 0.259722221875 0.640625 0.2638888890625 0.6421875 0.272222221875 0.63125 0.2888888890625 0.62265625 0.2833333328125 0.61328125 0.290277778125 0.60625 0.2833333328125 0.6046875 0.2638888890625 0.61328125 0.23333333281250002 0.61484375
1 0.16944444375 0.54375 0.14444444375 0.54609375 0.084722221875 0.5453125 0.08194444375 0.54921875 0.0875 0.55703125 0.2166666671875 0.5578125 0.22638888906250001 0.56171875 0.22638888906250001 0.56875 0.23055555625 0.5703125 0.2388888890625 0.5671875 0.24305555625 0.56171875 0.24305555625 0.55390625 0.2513888890625 0.53984375 0.2388888890625 0.53828125 0.240277778125 0.53359375 0.2513888890625 0.5328125 0.24444444375000002 0.53125 0.2125 0.54765625 0.16944444375 0.54375
6 0.197222221875 0.24453125 0.1875 0.26484375 0.1583333328125 0.26953125 0.15 0.29375 0.15 0.3078125 0.165277778125 0.31953125 0.16805555625 0.3390625 0.175 0.34375 0.222222221875 0.34375 0.23611111093749998 0.3390625 0.24305555625 0.33203125 0.2388888890625 0.3171875 0.24722222187499998 0.3015625 0.275 0.29765625 0.28194444375 0.29375 0.28472222187499996 0.28125 0.275 0.27109375 0.27777777812500004 0.246875 0.2736111109375 0.2375 0.23472222187499997 0.2359375 0.2166666671875 0.23828125 0.197222221875 0.24453125
6 0.1611111109375 0.42421875 0.18055555625 0.43125 0.19583333281249998 0.43359375 0.22638888906250001 0.43125 0.25694444375000003 0.4046875 0.25833333281250004 0.35 0.2513888890625 0.34296875 0.23611111093749998 0.34296875 0.22916666718749998 0.3453125 0.222222221875 0.3640625 0.2166666671875 0.3671875 0.20694444375 0.36328125 0.1916666671875 0.36328125 0.1763888890625 0.390625 0.15972222187500001 0.4015625 0.1611111109375 0.42421875
7 0.15 0.1390625 0.15555555625 0.11953125 0.15277777812499999 0.10703125 0.147222221875 0.10859375 0.134722221875 0.12578125 0.1291666671875 0.1421875 0.1208333328125 0.15234375 0.12222222187500001 0.15703125 0.1291666671875 0.16015625 0.1416666671875 0.16015625 0.1513888890625 0.15546875 0.15 0.1390625
7 0.115277778125 0.03359375 0.10555555624999999 0.03046875 0.097222221875 0.03125 0.09305555625 0.03359375 0.0958333328125 0.0359375 0.11805555625 0.0375 0.115277778125 0.03359375
7 0.127777778125 0.0765625 0.12222222187500001 0.07265625 0.12222222187500001 0.053125 0.1166666671875 0.0484375 0.10555555624999999 0.04609375 0.084722221875 0.04609375 0.072222221875 0.06171875 0.072222221875 0.0765625 0.084722221875 0.09296875 0.11944444375 0.09375 0.125 0.0875 0.127777778125 0.0765625
7 0.09305555625 0.1015625 0.08055555625000001 0.10234375 0.07083333281250001 0.1296875 0.07083333281250001 0.1375 0.077777778125 0.14296875 0.08055555625000001 0.14375 0.102777778125 0.125 0.11388888906250001 0.1109375 0.11388888906250001 0.1046875 0.09305555625 0.1015625
7 0.27777777812500004 0.075 0.26805555625 0.06953125 0.23194444375 0.06953125 0.2236111109375 0.07421875 0.1833333328125 0.08359375 0.172222221875 0.090625 0.15555555625 0.1203125 0.15555555625 0.14375 0.15972222187500001 0.146875 0.15555555625 0.1515625 0.15555555625 0.18046875 0.1708333328125 0.184375 0.1833333328125 0.1859375 0.20277777812500003 0.18203125 0.21805555625 0.18203125 0.22916666718749998 0.175 0.22916666718749998 0.16875 0.21805555625 0.1625 0.21805555625 0.1546875 0.222222221875 0.1515625 0.23611111093749998 0.14921875 0.25833333281250004 0.121875 0.275 0.11875 0.28055555625 0.11328125 0.27638888906250003 0.10390625 0.27777777812500004 0.075
7 0.23611111093749998 0.01171875 0.26805555625 0.0125 0.275 0.01015625 0.27638888906250003 0.00546875 0.2708333328125 0.00078125 0.21944444375 0.00078125 0.21805555625 0.00703125 0.23611111093749998 0.01171875
7 0.2166666671875 0.07421875 0.2388888890625 0.06484375 0.240277778125 0.0359375 0.24444444375000002 0.0296875 0.2236111109375 0.025 0.20277777812500003 0.0265625 0.16944444375 0.071875 0.16805555625 0.07734375 0.17361111093749998 0.08125 0.190277778125 0.08125 0.19583333281249998 0.07734375 0.2166666671875 0.07421875
7 0.14305555625 0.0234375 0.1263888890625 0.05390625 0.1263888890625 0.07421875 0.13055555624999998 0.075 0.14305555625 0.06328125 0.1458333328125 0.04375 0.1541666671875 0.03515625 0.15972222187500001 0.01953125 0.14305555625 0.0234375
7 0.1208333328125 0.2140625 0.13194444375 0.21484375 0.134722221875 0.21875 0.140277778125 0.21875 0.1513888890625 0.21328125 0.1513888890625 0.20703125 0.1208333328125 0.20703125 0.1208333328125 0.2140625
7 0.1 0.21171875 0.109722221875 0.20703125 0.10555555624999999 0.203125 0.0958333328125 0.203125 0.09305555625 0.2078125 0.09305555625 0.21171875 0.1 0.21171875
7 0.1611111109375 0.25 0.15972222187500001 0.23671875 0.1541666671875 0.23125 0.1416666671875 0.2296875 0.0916666671875 0.22890625 0.08055555625000001 0.23359375 0.07638888906249999 0.25078125 0.1166666671875 0.2515625 0.1541666671875 0.25546875 0.15972222187500001 0.25390625 0.1611111109375 0.25
7 0.1041666671875 0.31953125 0.10555555624999999 0.31484375 0.11805555625 0.309375 0.1291666671875 0.3109375 0.15555555625 0.27421875 0.15555555625 0.26328125 0.08333333281250001 0.2609375 0.06805555625000001 0.2625 0.04444444375 0.31796875 0.0458333328125 0.32265625 0.054166667187499996 0.3234375 0.09305555625 0.325 0.1041666671875 0.31953125
4 0.490277778125 0.88828125 0.5069444437499999 0.88359375 0.5388888890625 0.88203125 0.5722222218749999 0.86953125 0.5916666671875 0.86953125 0.597222221875 0.86015625 0.43055555625 0.87734375 0.42083333281249996 0.88203125 0.43194444374999996 0.890625 0.447222221875 0.8921875 0.45694444375 0.88828125 0.490277778125 0.88828125