2 0.575 0.0234375 0.575 0.01875 0.56805555625 0.01328125 0.5291666671875 0.0140625 0.5236111109375 0.01640625 0.522222221875 0.025 0.5333333328125 0.0328125 0.5541666671875001 0.0296875 0.575 0.0234375
1 0.8111111109375001 0.3828125 0.89444444375 0.3828125 0.8986111109375001 0.38046875 0.8986111109375001 0.3734375 0.89444444375 0.3703125 0.7458333328125 0.371875 0.7458333328125 0.35703125 0.7402777781250001 0.36171875 0.73194444375 0.36171875 0.734722221875 0.35625 0.7291666671875 0.36640625 0.7208333328125 0.36875 0.7138888890625 0.375 0.7194444437499999 0.3875 0.7111111109375 0.40078125 0.7194444437499999 0.4015625 0.7430555562500001 0.38515625 0.8083333328125001 0.3859375 0.8111111109375001 0.3828125
1 0.7833333328125 0.4515625 0.8208333328125 0.45234375 0.8291666671875 0.4546875 0.9166666671874999 0.45390625 0.91944444375 0.44453125 0.9138888890624999 0.4421875 0.784722221875 0.44140625 0.7708333328125 0.43828125 0.7736111109375 0.4265625 0.76944444375 0.42578125 0.7666666671875 0.428125 0.772222221875 0.43046875 0.7708333328125 0.434375 0.7597222218749999 0.43203125 0.7569444437499999 0.4375 0.75 0.45234375 0.7486111109375 0.46875 0.7569444437499999 0.46875 0.765277778125 0.45546875 0.7833333328125 0.4515625
6 0.8166666671874999 0.61796875 0.8263888890625 0.61015625 0.8263888890625 0.60546875 0.840277778125 0.59765625 0.840277778125 0.5765625 0.83055555625 0.5703125 0.8138888890624999 0.5671875 0.7861111109375 0.56640625 0.7736111109375 0.56953125 0.7583333328124999 0.5765625 0.7430555562500001 0.59453125 0.7402777781250001 0.640625 0.7430555562500001 0.65390625 0.75 0.65703125 0.76944444375 0.6546875 0.7763888890625 0.64765625 0.777777778125 0.6375 0.784722221875 0.6328125 0.79444444375 0.63671875 0.8055555562500001 0.63671875 0.8166666671874999 0.61796875
6 0.7708333328125 0.7796875 0.7263888890625 0.77890625 0.7236111109375 0.78203125 0.7333333328125 0.78671875 0.765277778125 0.78828125 0.7791666671875 0.7859375 0.7819444437499999 0.7828125 0.7708333328125 0.7796875
6 0.7833333328125 0.7859375 0.7861111109375 0.78828125 0.790277778125 0.7875 0.7861111109375 0.78203125 0.7833333328125 0.7859375
6 0.7236111109375 0.7375 0.722222221875 0.74296875 0.7333333328125 0.75 0.7569444437499999 0.75078125 0.7611111109375 0.76484375 0.8222222218749999 0.76953125 0.8083333328125001 0.7859375 0.8018513890625 0.78203125 0.79444444375 0.784375 0.7958333328125 0.7890625 0.815277778125 0.7890625 0.8166666671874999 0.784375 0.8208333328125 0.78515625 0.8166666671874999 0.78203125 0.8194444437499999 0.78046875 0.83055555625 0.7828125 0.8263888890625 0.77578125 0.8361111109375001 0.775 0.834722221875 0.77265625 0.8263888890625 0.77421875 0.825 0.7703125 0.8430555562500001 0.7609375 0.8819444437499999 0.75703125 0.89444444375 0.75 0.9041666671874999 0.72734375 0.9041666671874999 0.71015625 0.8958333328125001 0.70234375 0.8583333328125 0.69921875 0.8444444437499999 0.68828125 0.83055555625 0.68359375 0.8222222218749999 0.6875 0.775 0.68828125 0.7583333328124999 0.69921875 0.7597222218749999 0.71015625 0.7861111109375 0.71796875 0.8 0.71875 0.8125 0.72578125 0.8083333328125001 0.734375 0.7763888890625 0.7375 0.7361111109375 0.7328125 0.7236111109375 0.7375
7 0.8458333328125001 0.86875 0.8444444437499999 0.85546875 0.840277778125 0.853125 0.8444444437499999 0.840625 0.8430555562500001 0.81953125 0.815277778125 0.8203125 0.7958333328125 0.83359375 0.784722221875 0.84765625 0.7611111109375 0.8515625 0.7416666671875001 0.878125 0.725 0.88125 0.7208333328125 0.88515625 0.7236111109375 0.90703125 0.7513888890625 0.9140625 0.76944444375 0.9265625 0.81805555625 0.915625 0.8263888890625 0.9109375 0.8416666671874999 0.890625 0.8458333328125001 0.86875
7 0.7416666671875001 0.9890625 0.722222221875 0.98203125 0.6611111109375 0.97890625 0.6611111109375 0.99921875 0.73194444375 0.99921875 0.7416666671875001 0.9890625
7 0.70555555625 0.90703125 0.7 0.909375 0.6736111109375 0.9234375 0.66944444375 0.94296875 0.665277778125 0.946875 0.6486111109375 0.95078125 0.64444444375 0.95703125 0.69305555625 0.96640625 0.7541666671875 0.96953125 0.76805555625 0.9421875 0.76805555625 0.93046875 0.7569444437499999 0.9203125 0.7388888890625 0.9125 0.70555555625 0.90703125
7 0.7805555562500001 0.9921875 0.765277778125 0.98828125 0.74444444375 0.98828125 0.74444444375 0.99921875 0.7736111109375 0.99921875 0.7805555562500001 0.9921875
7 0.7708333328125 0.93125 0.76944444375 0.94453125 0.7569444437499999 0.96796875 0.7611111109375 0.971875 0.79444444375 0.97421875 0.8027777781250001 0.96953125 0.83055555625 0.92890625 0.83194444375 0.9203125 0.827777778125 0.91875 0.8138888890624999 0.91796875 0.7861111109375 0.92890625 0.7708333328125 0.93125
7 0.8416666671874999 0.9671875 0.8361111109375001 0.971875 0.840277778125 0.978125 0.852777778125 0.9765625 0.86944444375 0.95625 0.877777778125 0.93671875 0.875 0.92734375 0.86944444375 0.9265625 0.85694444375 0.946875 0.8444444437499999 0.95625 0.8416666671874999 0.9671875
7 0.8486111109375001 0.86015625 0.85 0.8828125 0.85694444375 0.88125 0.8652777781250001 0.87265625 0.872222221875 0.85625 0.88055555625 0.8484375 0.8763888890624999 0.8359375 0.8652777781250001 0.83359375 0.8486111109375001 0.83984375 0.8444444437499999 0.85390625 0.8486111109375001 0.86015625
7 0.9 0.87109375 0.8861111109375001 0.89375 0.91944444375 0.89609375 0.9291666671875 0.87265625 0.9263888890624999 0.85703125 0.91944444375 0.85625 0.9 0.87109375
4 0.74444444375 0.725 0.7361111109375 0.72265625 0.73194444375 0.71796875 0.7194444437499999 0.71875 0.715277778125 0.73125 0.73055555625 0.73046875 0.7763888890625 0.73671875 0.8027777781250001 0.73515625 0.809722221875 0.73046875 0.809722221875 0.72578125 0.7875 0.7203125 0.7791666671875 0.7234375 0.74444444375 0.725
4 0.86944444375 0.6078125 0.8666666671875 0.61640625 0.9138888890624999 0.62265625 0.9291666671875 0.615625 0.9166666671874999 0.61015625 0.8791666671874999 0.61015625 0.86944444375 0.6078125