1 0.7791666671875 0.45546875 0.9055555562500001 0.45625 0.91805555625 0.44921875 0.9138888890624999 0.44296875 0.85 0.4421875 0.8444444437499999 0.43984375 0.79305555625 0.4421875 0.784722221875 0.44140625 0.7791666671875 0.43828125 0.777777778125 0.43125 0.76944444375 0.4296875 0.7611111109375 0.4328125 0.7569444437499999 0.43828125 0.7486111109375 0.45625 0.7486111109375 0.46796875 0.7569444437499999 0.46875 0.765277778125 0.45859375 0.7791666671875 0.45546875
7 0.7236111109375 0.92265625 0.7333333328125 0.93046875 0.7666666671875 0.93046875 0.7805555562500001 0.925 0.8 0.921875 0.8263888890625 0.9109375 0.840277778125 0.89140625 0.8458333328125001 0.86875 0.8430555562500001 0.8515625 0.847222221875 0.8328125 0.834722221875 0.8171875 0.8263888890625 0.8140625 0.815277778125 0.8140625 0.7819444437499999 0.81875 0.777777778125 0.821875 0.7736111109375 0.83125 0.7819444437499999 0.8375 0.7833333328125 0.84609375 0.7638888890625 0.85078125 0.74444444375 0.87109375 0.7416666671875001 0.87890625 0.7291666671875 0.88125 0.7208333328125 0.88671875 0.725 0.8953125 0.7236111109375 0.92265625
7 0.85694444375 0.88125 0.86944444375 0.8671875 0.8708333328125001 0.8546875 0.8791666671874999 0.8484375 0.8763888890624999 0.8421875 0.8625 0.83984375 0.8486111109375001 0.84375 0.8458333328125001 0.88125 0.85 0.8828125 0.85694444375 0.88125
7 0.9236111109375 0.859375 0.91944444375 0.85703125 0.89444444375 0.87421875 0.8847222218749999 0.88828125 0.8861111109375001 0.89921875 0.91805555625 0.896875 0.9291666671875 0.8703125 0.9236111109375 0.859375
7 0.35694444375 0.065625 0.38055555625 0.06328125 0.3541666671875 0.06328125 0.35694444375 0.065625
7 0.44305555625000004 0.075 0.4486111109375 0.09296875 0.45416666718750004 0.0984375 0.45 0.1046875 0.44305555625000004 0.10703125 0.40833333281249995 0.10625 0.3986111109375 0.10859375 0.38333333281250004 0.11875 0.3791666671875 0.12578125 0.3791666671875 0.13671875 0.38333333281250004 0.14140625 0.3986111109375 0.14296875 0.45694444375 0.13515625 0.46388888906250003 0.13203125 0.48194444374999995 0.13046875 0.4861111109375 0.125 0.4986111109375 0.12578125 0.5013888890625 0.1203125 0.5069444437499999 0.1265625 0.51805555625 0.12578125 0.5291666671875 0.1125 0.54444444375 0.11796875 0.5527777781250001 0.11640625 0.5666666671875 0.10625 0.565277778125 0.1 0.5583333328125 0.090625 0.5458333328125 0.084375 0.5361111109375 0.07421875 0.5416666671875 0.06875 0.55694444375 0.0671875 0.5541666671875001 0.0625 0.522222221875 0.0625 0.4986111109375 0.065625 0.48055555625 0.05859375 0.4611111109375 0.0578125 0.4375 0.06171875 0.427777778125 0.06015625 0.4138888890625 0.065625 0.40694444374999994 0.0640625 0.397222221875 0.06640625 0.3861111109375 0.06328125 0.38333333281250004 0.0671875 0.43333333281249997 0.07109375 0.4361111109375 0.07421875 0.44305555625000004 0.075
7 0.43194444374999996 0.2125 0.44444444375 0.2203125 0.44444444375 0.2296875 0.4375 0.23671875 0.434722221875 0.27578125 0.40833333281249995 0.2953125 0.40694444374999994 0.31796875 0.42083333281249996 0.3296875 0.44444444375 0.3375 0.4458333328125 0.34296875 0.4611111109375 0.35546875 0.4791666671875 0.3625 0.527777778125 0.3640625 0.5555555562500001 0.3609375 0.5694444437499999 0.35546875 0.5888888890625 0.340625 0.6 0.32578125 0.63055555625 0.3 0.6347222218749999 0.29296875 0.6416666671875 0.290625 0.64444444375 0.28359375 0.66805555625 0.27265625 0.6708333328125 0.2609375 0.6833333328125 0.25546875 0.672222221875 0.2484375 0.66805555625 0.23203125 0.6555555562500001 0.22734375 0.6333333328124999 0.22421875 0.622222221875 0.21796875 0.6416666671875 0.21015625 0.64444444375 0.20234375 0.6583333328125 0.19140625 0.6777777781250001 0.184375 0.7138888890625 0.1375 0.66944444375 0.13828125 0.6486111109375 0.14375 0.6347222218749999 0.15078125 0.60694444375 0.17265625 0.5986111109375 0.175 0.5736111109375 0.1609375 0.56805555625 0.1515625 0.5611111109375 0.15 0.51944444375 0.1515625 0.459722221875 0.1578125 0.4263888890625 0.1640625 0.4236111109375 0.16796875 0.43194444374999996 0.1921875 0.43194444374999996 0.2125
7 0.7819444437499999 0 0.777777778125 0.003125 0.7791666671875 0.0296875 0.7597222218749999 0.04296875 0.75 0.04453125 0.74444444375 0.05546875 0.7333333328125 0.0625 0.7291666671875 0.0734375 0.7236111109375 0.07578125 0.7083333328125 0.0953125 0.68194444375 0.10078125 0.68194444375 0.11171875 0.722222221875 0.11015625 0.7458333328125 0.10546875 0.7708333328125 0.0765625 0.7819444437499999 0.06875 0.79444444375 0.0453125 0.80694444375 0.0359375 0.80694444375 0.01953125 0.8194444437499999 0.003125 0.8194444437499999 0 0.7819444437499999 0
7 0.8583333328125 0.36875 0.890277778125 0.36953125 0.8986111109375001 0.38125 0.95694444375 0.38046875 0.9625 0.378125 0.95694444375 0.36484375 0.9458333328125 0.3546875 0.9486111109375001 0.34375 0.9416666671874999 0.33515625 0.95694444375 0.328125 0.952777778125 0.29375 0.9444444437499999 0.28203125 0.9305555562500001 0.2796875 0.9166666671874999 0.28125 0.89305555625 0.275 0.8444444437499999 0.275 0.827777778125 0.28203125 0.83055555625 0.296875 0.8083333328125001 0.30234375 0.8055555562500001 0.30625 0.80694444375 0.32421875 0.834722221875 0.33359375 0.8361111109375001 0.34609375 0.8444444437499999 0.3546875 0.8458333328125001 0.3625 0.8513888890624999 0.36171875 0.8583333328125 0.36875
7 0.8361111109375001 0.46953125 0.8486111109375001 0.46953125 0.85694444375 0.47578125 0.86944444375 0.478125 0.972222221875 0.47578125 0.9861111109375 0.4703125 0.9930555562500001 0.459375 0.99444444375 0.43203125 0.98055555625 0.3953125 0.9694444437499999 0.3890625 0.9138888890624999 0.3890625 0.89444444375 0.38671875 0.8680555562500001 0.39375 0.8444444437499999 0.39375 0.83055555625 0.4 0.8222222218749999 0.40078125 0.8166666671874999 0.41328125 0.8208333328125 0.42890625 0.8333333328125001 0.4375 0.872222221875 0.4421875 0.872222221875 0.45625 0.83194444375 0.45625 0.8236111109375001 0.45859375 0.8361111109375001 0.46953125
7 0.7791666671875 0.99921875 0.7805555562500001 0.98984375 0.74444444375 0.9875 0.7402777781250001 0.99375 0.74444444375 0.99921875 0.7791666671875 0.99921875
7 0.8027777781250001 0.925 0.7736111109375 0.93125 0.7805555562500001 0.9484375 0.7736111109375 0.96015625 0.7569444437499999 0.9640625 0.7569444437499999 0.971875 0.7819444437499999 0.975 0.79444444375 0.975 0.7986111109375 0.97265625 0.8291666671875 0.92890625 0.827777778125 0.9203125 0.8111111109375001 0.9203125 0.8027777781250001 0.925
7 0.8333333328125001 0.99765625 0.840277778125 0.99921875 0.8361111109375001 0.99375 0.83194444375 0.99375 0.8333333328125001 0.99765625
7 0.85694444375 0.9328125 0.8444444437499999 0.95703125 0.8416666671874999 0.971875 0.8513888890624999 0.97578125 0.8430555562500001 0.97890625 0.85694444375 0.97421875 0.8680555562500001 0.96015625 0.877777778125 0.9375 0.877777778125 0.9265625 0.86944444375 0.92421875 0.8666666671875 0.92890625 0.85694444375 0.9328125
7 0.859722221875 0.78671875 0.8652777781250001 0.7859375 0.859722221875 0.78203125 0.859722221875 0.78671875
7 0.8861111109375001 0.79296875 0.89305555625 0.79296875 0.89444444375 0.796875 0.902777778125 0.796875 0.9055555562500001 0.7875 0.89305555625 0.7890625 0.8861111109375001 0.79296875
7 0.925 0.75 0.91944444375 0.74765625 0.89444444375 0.74609375 0.8416666671874999 0.74609375 0.8416666671874999 0.765625 0.847222221875 0.76875 0.9138888890624999 0.77109375 0.91944444375 0.76796875 0.925 0.75
7 0.952777778125 0.68671875 0.952777778125 0.67890625 0.9444444437499999 0.67578125 0.9111111109375001 0.675 0.8986111109375001 0.67734375 0.89444444375 0.68515625 0.872222221875 0.69453125 0.8486111109375001 0.7125 0.840277778125 0.72578125 0.840277778125 0.73359375 0.8444444437499999 0.73671875 0.8847222218749999 0.7375 0.9166666671874999 0.74296875 0.9277777781250001 0.74140625 0.9416666671874999 0.71640625 0.9486111109375001 0.6890625 0.952777778125 0.68671875
4 0.6180555562500001 0.35390625 0.5861111109375 0.353125 0.5541666671875001 0.36328125 0.5013888890625 0.36875 0.49444444374999996 0.37578125 0.5263888890625 0.37890625 0.5666666671875 0.37734375 0.5916666671875 0.38046875 0.5930555562500001 0.3890625 0.5986111109375 0.38984375 0.64444444375 0.37578125 0.659722221875 0.375 0.6611111109375 0.36484375 0.64444444375 0.3578125 0.6180555562500001 0.35390625