2 0.975 0.58055555625 0.975 0.5361111109375 0.9703125 0.5305555562500001 0.9578125 0.534722221875 0.953125 0.5513888890625 0.96171875 0.5625 0.96484375 0.58055555625 0.975 0.58055555625
1 0.6203125 0.897222221875 0.6265625 0.897222221875 0.6296875 0.8861111109375001 0.62734375 0.8486111109375001 0.62734375 0.747222221875 0.63125 0.7402777781250001 0.640625 0.7388888890625 0.640625 0.734722221875 0.63203125 0.727777778125 0.625 0.7138888890625 0.6203125 0.7111111109375 0.61328125 0.7166666671875 0.60546875 0.709722221875 0.6046875 0.7166666671875 0.61328125 0.7402777781250001 0.61328125 0.890277778125 0.6203125 0.897222221875
1 0.5453125 0.915277778125 0.55703125 0.9125 0.5578125 0.7833333328125 0.56171875 0.772222221875 0.56875 0.7736111109375 0.5703125 0.76944444375 0.565625 0.7597222218749999 0.54453125 0.75 0.5390625 0.7486111109375 0.5390625 0.7611111109375 0.534224759375 0.7598824796875 0.5453125 0.7708333328125 0.54609375 0.777777778125 0.54609375 0.81805555625 0.54375 0.8291666671875 0.54375 0.8444444437499999 0.54609375 0.8513888890624999 0.5453125 0.915277778125
6 0.2359375 0.7611111109375 0.2390625 0.7763888890625 0.23671875 0.784722221875 0.24921875 0.8083333328125001 0.26328125 0.809722221875 0.2671875 0.8194444437499999 0.26953125 0.8416666671874999 0.29453125 0.85 0.30859375 0.85 0.3203125 0.8333333328125001 0.33046875 0.83194444375 0.33515625 0.8222222218749999 0.3390625 0.8291666671875 0.34375 0.8194444437499999 0.34453125 0.7888888890625 0.3390625 0.7625 0.334375 0.7569444437499999 0.31484375 0.7583333328124999 0.303125 0.752777778125 0.3 0.747222221875 0.29765625 0.727777778125 0.2921875 0.7180555562500001 0.28046875 0.715277778125 0.2703125 0.727777778125 0.26171875 0.7208333328125 0.23984375 0.722222221875 0.23671875 0.727777778125 0.2359375 0.7611111109375
6 0.43125 0.8194444437499999 0.43359375 0.8027777781250001 0.4328125 0.7819444437499999 0.4234375 0.7569444437499999 0.39453125 0.7402777781250001 0.35 0.7416666671875001 0.34296875 0.7486111109375 0.3453125 0.7708333328125 0.365625 0.7805555562500001 0.36328125 0.8083333328125001 0.390625 0.8236111109375001 0.39765625 0.83055555625 0.4015625 0.840277778125 0.42265625 0.840277778125 0.43125 0.8194444437499999
7 0.1625 0.8680555562500001 0.15546875 0.8486111109375001 0.14453125 0.8458333328125001 0.1375 0.85 0.12135390625 0.8486111109375001 0.11875 0.852777778125 0.1140625 0.8458333328125001 0.1078125 0.8458333328125001 0.1109375 0.852777778125 0.125 0.85694444375 0.13359375 0.86944444375 0.15 0.8791666671874999 0.1609375 0.877777778125 0.1625 0.8680555562500001
7 0.02734375 0.8986111109375001 0.0375 0.909722221875 0.0359375 0.902777778125 0.03828125 0.8819444437499999 0.03515625 0.8819444437499999 0.02734375 0.8986111109375001
7 0.05078125 0.88055555625 0.0453125 0.8986111109375001 0.04609375 0.915277778125 0.06171875 0.9277777781250001 0.0765625 0.9277777781250001 0.0875 0.922222221875 0.09296875 0.9138888890624999 0.09375 0.8819444437499999 0.078125 0.8708333328125001 0.06953125 0.8708333328125001 0.05078125 0.88055555625
7 0.128125 0.9291666671875 0.1375 0.9291666671875 0.14296875 0.922222221875 0.14375 0.91944444375 0.12421875 0.897222221875 0.10546875 0.8861111109375001 0.10234375 0.9069444437499999 0.103125 0.91944444375 0.128125 0.9291666671875
7 0.06953125 0.73194444375 0.06953125 0.76805555625 0.07421875 0.7763888890625 0.08359375 0.8166666671874999 0.0890625 0.8263888890625 0.121875 0.8458333328125001 0.14296875 0.8444444437499999 0.14765625 0.8388888890624999 0.15703125 0.8444444437499999 0.18125 0.8430555562500001 0.184375 0.8291666671875 0.184375 0.8055555562500001 0.18125 0.7791666671875 0.17578125 0.7708333328125 0.16484375 0.772222221875 0.1625 0.7819444437499999 0.153125 0.7805555562500001 0.14921875 0.7638888890625 0.12109375 0.7416666671875001 0.11796875 0.7236111109375 0.11328125 0.7194444437499999 0.10390625 0.7236111109375 0.078125 0.7208333328125 0.06953125 0.73194444375
7 0.00703125 0.7208333328125 0.00078125 0.722222221875 0.00078125 0.7791666671875 0.00703125 0.7819444437499999 0.0109375 0.76805555625 0.0125 0.73194444375 0.00703125 0.7208333328125
7 0.08125 0.8111111109375001 0.0765625 0.8041666671875 0.075 0.7916666671875 0.0703125 0.784722221875 0.06953125 0.76944444375 0.06484375 0.7611111109375 0.0453125 0.7611111109375 0.03046875 0.75 0.025 0.772222221875 0.02578125 0.797222221875 0.04609375 0.815277778125 0.071875 0.83055555625 0.08046875 0.827777778125 0.08125 0.8111111109375001
7 0.04453125 0.86944444375 0.059375 0.875 0.07265625 0.8736111109375001 0.07421875 0.8708333328125001 0.0578125 0.85694444375 0.03046875 0.8416666671874999 0.02109375 0.8416666671874999 0.0234375 0.852777778125 0.04453125 0.86944444375
7 0.21328125 0.8888888890625 0.21484375 0.8708333328125001 0.22109375 0.8625 0.21484375 0.85694444375 0.2140625 0.8486111109375001 0.20859375 0.847222221875 0.20546875 0.85694444375 0.20546875 0.88055555625 0.2015625 0.902777778125 0.203125 0.9069444437499999 0.2125 0.9069444437499999 0.209375 0.8916666671875 0.21328125 0.8888888890625
7 0.22734375 0.8986111109375001 0.22890625 0.9069444437499999 0.23828125 0.922222221875 0.24921875 0.9277777781250001 0.25078125 0.922222221875 0.2546875 0.840277778125 0.23359375 0.8416666671874999 0.22734375 0.8625 0.2296875 0.8666666671875 0.22734375 0.8986111109375001
7 0.32109375 0.9541666671875 0.3234375 0.940277778125 0.32421875 0.9041666671874999 0.32265625 0.8986111109375001 0.31171875 0.890277778125 0.30859375 0.8833333328125 0.30859375 0.8708333328125001 0.29453125 0.85694444375 0.2828125 0.8541666671874999 0.2734375 0.8444444437499999 0.26328125 0.8444444437499999 0.2609375 0.9305555562500001 0.28203125 0.94305555625 0.3 0.9458333328125 0.31796875 0.95555555625 0.32109375 0.9541666671875
4 0.91328125 0.73055555625 0.91328125 0.7208333328125 0.91953125 0.70694444375 0.91953125 0.69305555625 0.915625 0.68194444375 0.9125 0.6486111109375 0.90625 0.622222221875 0.90625 0.609722221875 0.90078125 0.6083333328125 0.89453125 0.6166666671875001 0.9 0.6583333328125 0.9 0.70694444375 0.90703125 0.7194444437499999 0.90703125 0.7291666671875 0.91328125 0.73055555625