0 1 0.006944443749999999 0.89765625 0.0361111109375 0.87890625 0.04444444375 0.871875 0.058333332812500006 0.8671875 0.0486111109375 0.85703125 0.04444444375 0.8453125 0.03194444375 0.83046875 0.030555556249999997 0.8125 0.0361111109375 0.8 0.05694444375 0.79453125 0.084722221875 0.78359375 0.09444444375 0.76953125 0.1166666671875 0.765625 0.1375 0.765625 0.16388888906250001 0.7703125 0.1916666671875 0.77265625 0.19444444375 0.77109375 0.21111111093749999 0.78203125 0.26944444375 0.8 0.30555555624999997 0.8140625 0.31805555625 0.8984375 0.32083333281250004 0.90078125 0.3291666671875 0.9 0.334722221875 0.89453125 0.34027777812500004 0.89609375 0.34861111093749997 0.8984375 0.352777778125 0.9015625 0.3513888890625 0.90859375 0.334722221875 0.925 0.3625 0.9328125 0.38194444375000003 0.9390625 0.3916666671875 0.94140625 0.3875 0.94375 0.3916666671875 0.9421875 0.397222221875 0.94609375 0.3986111109375 0.9453125 0.40555555625000006 0.95078125 0.4138888890625 0.93671875 0.365277778125 0.93671875 0.3541666671875 0.93359375 0.34722222187499996 0.93515625 0.34305555625 0.97109375 0.3416666671875 1 0.334722221875 1 0.006944443749999999
2 0.9671875 0.58194444375 0.97421875 0.58194444375 0.97578125 0.577777778125 0.975 0.5375 0.971875 0.5319444437499999 0.9640625 0.5319444437499999 0.9609375 0.5416666671875 0.96328125 0.577777778125 0.9671875 0.58194444375
1 0.6109375 0.847222221875 0.6140625 0.8583333328125 0.615625 0.8916666671875 0.62109375 0.897222221875 0.63125 0.89305555625 0.62734375 0.8416666671874999 0.62734375 0.7541666671875 0.63125 0.7402777781250001 0.640625 0.7402777781250001 0.6421875 0.7361111109375 0.63125 0.727777778125 0.62265625 0.7111111109375 0.61328125 0.7166666671875 0.60625 0.709722221875 0.6046875 0.7166666671875 0.61328125 0.734722221875 0.615625 0.815277778125 0.61484375 0.8416666671874999 0.6109375 0.847222221875
1 0.55703125 0.9138888890624999 0.5578125 0.7833333328125 0.56171875 0.7736111109375 0.56953125 0.7736111109375 0.5703125 0.76944444375 0.5671875 0.7611111109375 0.5609375 0.7569444437499999 0.5328125 0.7486111109375 0.53125 0.7569444437499999 0.54375 0.765277778125 0.54765625 0.784722221875 0.54375 0.83055555625 0.54609375 0.8541666671874999 0.5453125 0.9166666671874999 0.55703125 0.9138888890624999
6 0.26484375 0.8125 0.26953125 0.8416666671874999 0.29453125 0.85 0.30859375 0.85 0.31875 0.834722221875 0.334375 0.8291666671875 0.3390625 0.83194444375 0.34375 0.8236111109375001 0.34375 0.7819444437499999 0.340625 0.777777778125 0.33671875 0.7597222218749999 0.3171875 0.7611111109375 0.30234375 0.7541666671875 0.3 0.75 0.29765625 0.725 0.29296875 0.7180555562500001 0.28125 0.715277778125 0.2734375 0.725 0.2375 0.725 0.2375 0.7833333328125 0.2453125 0.8041666671875 0.26484375 0.8125
6 0.425 0.8388888890624999 0.43125 0.8194444437499999 0.43359375 0.8013888890624999 0.4328125 0.7805555562500001 0.4234375 0.7597222218749999 0.4046875 0.7430555562500001 0.34921875 0.7416666671875001 0.34296875 0.75 0.3453125 0.7708333328125 0.3640625 0.777777778125 0.3671875 0.784722221875 0.36328125 0.79444444375 0.36328125 0.8083333328125001 0.39375 0.8263888890625 0.40234375 0.840277778125 0.425 0.8388888890624999
7 0.14921875 0.877777778125 0.15625 0.877777778125 0.16015625 0.8680555562500001 0.15625 0.8486111109375001 0.10703125 0.8458333328125001 0.10859375 0.852777778125 0.11796875 0.85555555625 0.12578125 0.8652777781250001 0.14921875 0.877777778125
7 0.07265625 0.8791666671874999 0.05625 0.877777778125 0.0484375 0.8819444437499999 0.0453125 0.897222221875 0.04609375 0.9166666671874999 0.06171875 0.9277777781250001 0.07734375 0.9277777781250001 0.0875 0.922222221875 0.09296875 0.9138888890624999 0.09375 0.88055555625 0.0796875 0.872222221875 0.07265625 0.8791666671874999
7 0.1296875 0.9291666671875 0.1375 0.9291666671875 0.1421875 0.9236111109375 0.1421875 0.91805555625 0.125 0.897222221875 0.1109375 0.8861111109375001 0.1046875 0.8861111109375001 0.10234375 0.91944444375 0.1296875 0.9291666671875
7 0.07578125 0.722222221875 0.06953125 0.73194444375 0.06953125 0.7666666671875 0.0734375 0.7736111109375 0.084375 0.8194444437499999 0.090625 0.827777778125 0.12109375 0.8444444437499999 0.14375 0.8444444437499999 0.14609375 0.840277778125 0.15546875 0.8444444437499999 0.18203125 0.8430555562500001 0.1859375 0.815277778125 0.18125 0.777777778125 0.17578125 0.7708333328125 0.16484375 0.7736111109375 0.1625 0.7819444437499999 0.1546875 0.7819444437499999 0.1515625 0.777777778125 0.14921875 0.7638888890625 0.13046875 0.7458333328125 0.12109375 0.7416666671875001 0.11796875 0.7236111109375 0.11328125 0.7194444437499999 0.10390625 0.7236111109375 0.07578125 0.722222221875
7 0.0109375 0.76805555625 0.0125 0.7291666671875 0.01015625 0.722222221875 0.00390625 0.7208333328125 0.00078125 0.7236111109375 0.00078125 0.7805555562500001 0.0078125 0.7819444437499999 0.0109375 0.76805555625
7 0.0734375 0.7819444437499999 0.06484375 0.7611111109375 0.0359375 0.7597222218749999 0.03046875 0.752777778125 0.025 0.7763888890625 0.0265625 0.797222221875 0.0640625 0.8263888890625 0.075 0.83194444375 0.08125 0.8263888890625 0.08125 0.8083333328125001 0.07734375 0.8041666671875 0.0734375 0.7819444437499999
7 0.01953125 0.840277778125 0.0203125 0.852777778125 0.0234375 0.85694444375 0.053125 0.8736111109375001 0.07421875 0.8763888890624999 0.075 0.86944444375 0.06171875 0.85694444375 0.04453125 0.8541666671874999 0.0359375 0.8458333328125001 0.01953125 0.840277778125
7 0.20703125 0.8486111109375001 0.20703125 0.8791666671874999 0.2140625 0.8791666671874999 0.21484375 0.8680555562500001 0.21953125 0.8652777781250001 0.21953125 0.8611111109375 0.215625 0.85694444375 0.2140625 0.8486111109375001 0.20703125 0.8486111109375001
7 0.203125 0.9041666671874999 0.20625 0.9055555562500001 0.21171875 0.9055555562500001 0.20703125 0.8916666671875 0.203125 0.89444444375 0.203125 0.9041666671874999
7 0.22890625 0.9069444437499999 0.2328125 0.91805555625 0.24609375 0.925 0.25078125 0.9236111109375 0.2515625 0.9125 0.2546875 0.8416666671874999 0.2375 0.840277778125 0.23125 0.847222221875 0.2296875 0.8583333328125 0.22890625 0.9069444437499999
7 0.31796875 0.95555555625 0.32265625 0.9541666671875 0.3234375 0.9458333328125 0.325 0.9069444437499999 0.31953125 0.8958333328125001 0.31328125 0.89305555625 0.309375 0.8819444437499999 0.3109375 0.872222221875 0.29453125 0.85694444375 0.28046875 0.852777778125 0.27421875 0.8444444437499999 0.26328125 0.8444444437499999 0.2609375 0.925 0.2625 0.93194444375 0.278125 0.9416666671874999 0.2984375 0.9458333328125 0.31796875 0.95555555625