0 0.9796875 0.3416666671875 0.99921875 0.33888888906250003 0.99921875 0.26805555625 0.9953125 0.259722221875 0.9875 0.25694444375000003 0.9828125 0.27777777812500004 0.98046875 0.3083333328125 0.9796875 0.3416666671875
0 0.95078125 0.3513888890625 0.95703125 0.35555555625 0.9671875 0.302777778125 0.9703125 0.24583333281250003 0.9421875 0.23194444375 0.93046875 0.23194444375 0.91875 0.24444444375000002 0.9125 0.25833333281250004 0.90703125 0.29305555625 0.909375 0.3 0.915625 0.3083333328125 0.9203125 0.322222221875 0.9265625 0.32777777812500003 0.94453125 0.33194444375 0.9453125 0.34027777812500004 0.95078125 0.3513888890625
2 0.0140625 0.47083333281249995 0.01796875 0.477777778125 0.025 0.477777778125 0.0328125 0.46666666718750005 0.0296875 0.4458333328125 0.02265625 0.425 0.01328125 0.43194444374999996 0.0140625 0.47083333281249995
1 0.375 0.28611111093749997 0.3875 0.28055555625 0.40078125 0.2888888890625 0.4015625 0.28055555625 0.38984375 0.26805555625 0.38515625 0.25694444375000003 0.38515625 0.1916666671875 0.3828125 0.1888888890625 0.38515625 0.1513888890625 0.3828125 0.1375 0.3828125 0.10555555624999999 0.3796875 0.1 0.3703125 0.10555555624999999 0.371875 0.2541666671875 0.35703125 0.2541666671875 0.36171875 0.259722221875 0.36171875 0.26805555625 0.3671875 0.2708333328125 0.36875 0.2791666671875 0.375 0.28611111093749997
1 0.4515625 0.2166666671875 0.45234375 0.17916666718750002 0.4546875 0.1708333328125 0.45390625 0.08333333281250001 0.44296875 0.08333333281250001 0.44140625 0.197222221875 0.427734375 0.22638888906250001 0.4296875 0.22638888906250001 0.43203125 0.240277778125 0.4375 0.24305555625 0.45234375 0.25 0.46875 0.2513888890625 0.46796875 0.2416666671875 0.45546875 0.23472222187499997 0.4515625 0.2166666671875
6 0.6515625 0.25833333281250004 0.65625 0.2541666671875 0.6546875 0.23055555625 0.64765625 0.2236111109375 0.6328125 0.21805555625 0.63671875 0.197222221875 0.63203125 0.197222221875 0.625 0.184722221875 0.60546875 0.1763888890625 0.59921875 0.1611111109375 0.57421875 0.1611111109375 0.5671875 0.184722221875 0.56796875 0.2236111109375 0.56953125 0.22916666718749998 0.57421875 0.23194444375 0.5765625 0.2416666671875 0.58515625 0.25 0.59765625 0.25833333281250004 0.6125 0.259722221875 0.6515625 0.25833333281250004
7 0.88671875 0.28055555625 0.90625 0.27777777812500004 0.9109375 0.26805555625 0.9140625 0.2486111109375 0.9265625 0.23055555625 0.91640625 0.1833333328125 0.9109375 0.17361111093749998 0.89296875 0.15972222187500001 0.86875 0.1541666671875 0.85546875 0.15555555625 0.85234375 0.15972222187500001 0.84375 0.15555555625 0.81953125 0.15555555625 0.81953125 0.1833333328125 0.83359375 0.20416666718749998 0.8484375 0.2166666671875 0.85 0.23472222187499997 0.8546875 0.2416666671875 0.878125 0.25833333281250004 0.88203125 0.27638888906250003 0.88671875 0.28055555625
7 0.8484375 0.23472222187499997 0.83203125 0.215277778125 0.8296875 0.1986111109375 0.81875 0.1888888890625 0.8171875 0.17361111093749998 0.8125 0.19444444375 0.81015625 0.2541666671875 0.81796875 0.2541666671875 0.8171875 0.2638888890625 0.8203125 0.26944444375 0.8359375 0.26944444375 0.84140625 0.27638888906250003 0.846875 0.2666666671875 0.8484375 0.23472222187499997
7 0.77421875 0.1833333328125 0.76875 0.15694444375 0.76015625 0.15277777812499999 0.74609375 0.165277778125 0.73671875 0.190277778125 0.73671875 0.2166666671875 0.7390625 0.222222221875 0.74921875 0.22638888906250001 0.7546875 0.2208333328125 0.765625 0.22777777812500002 0.76875 0.19583333281249998 0.77421875 0.1888888890625 0.77421875 0.1833333328125
7 0.78125 0.15555555625 0.78125 0.21944444375 0.77890625 0.24305555625 0.78046875 0.2541666671875 0.7859375 0.25694444375000003 0.790625 0.23611111093749998 0.79453125 0.1458333328125 0.7859375 0.13888888906250002 0.78125 0.15555555625
7 0.99296875 0.25694444375000003 0.99921875 0.25555555625 0.99921875 0.22777777812500002 0.9921875 0.21944444375 0.98828125 0.23333333281250002 0.9875 0.252777778125 0.99296875 0.25694444375000003
7 0.96953125 0.197222221875 0.928125 0.16944444375 0.91953125 0.16944444375 0.91953125 0.1916666671875 0.92890625 0.20972222187499998 0.93125 0.22916666718749998 0.94453125 0.23055555625 0.96796875 0.24305555625 0.971875 0.240277778125 0.97421875 0.20555555625 0.96953125 0.197222221875
7 0.96328125 0.13888888906250002 0.96015625 0.13333333281249998 0.93515625 0.12222222187500001 0.9265625 0.125 0.925 0.1291666671875 0.9484375 0.14305555625 0.95625 0.1541666671875 0.971875 0.1611111109375 0.97890625 0.15972222187500001 0.97890625 0.15 0.9765625 0.1458333328125 0.96328125 0.13888888906250002
7 0.79296875 0.097222221875 0.7890625 0.097222221875 0.7921875 0.10555555624999999 0.7953125 0.10138888906250001 0.79296875 0.097222221875
7 0.7453125 0.07638888906249999 0.74765625 0.0888888890625 0.7453125 0.1041666671875 0.74453125 0.15555555625 0.76796875 0.1513888890625 0.7703125 0.1263888890625 0.76875 0.08333333281250001 0.75078125 0.072222221875 0.7453125 0.07638888906249999
7 0.7375 0.14444444375 0.7375 0.1041666671875 0.74140625 0.072222221875 0.72265625 0.058333332812500006 0.70234375 0.055555556250000006 0.6828125 0.04444444375 0.678125 0.0458333328125 0.6765625 0.055555556250000006 0.6765625 0.0986111109375 0.69140625 0.1111111109375 0.69296875 0.1291666671875 0.7 0.14305555625 0.71875 0.1583333328125 0.7421875 0.16805555625 0.73515625 0.1611111109375 0.7375 0.14444444375
7 0.8578125 0.1291666671875 0.853125 0.12222222187500001 0.8375 0.12222222187500001 0.83671875 0.1375 0.83984375 0.1513888890625 0.853125 0.15555555625 0.8578125 0.1513888890625 0.88203125 0.15 0.88125 0.14444444375 0.86640625 0.13055555624999998 0.8578125 0.1291666671875
7 0.85546875 0.08055555625000001 0.875 0.1041666671875 0.89375 0.11388888906250001 0.89609375 0.08055555625000001 0.8734375 0.07083333281250001 0.86015625 0.07083333281250001 0.85625 0.07638888906249999 0.85546875 0.08055555625000001
4 0.1359375 0.1041666671875 0.140625 0.10833333281249999 0.14296875 0.10694444375 0.14140625 0.06944444375 0.1453125 0.0458333328125 0.14296875 0.040277778125000004 0.1421875 0.022222221875 0.13828125 0.022222221875 0.13125 0.0375 0.13125 0.04444444375 0.13359375 0.075 0.13984375 0.08194444375 0.1359375 0.0884263890625 0.13984375 0.090277778125 0.1359375 0.09629583281250001 0.1359375 0.1041666671875
4 0.5890625 0.0791666671875 0.58359375 0.0958333328125 0.5859375 0.127777778125 0.58203125 0.14444444375 0.5890625 0.1458333328125 0.59375 0.14305555625 0.59375 0.1111111109375 0.596875 0.10555555624999999 0.59375 0.08055555625000001 0.5890625 0.0791666671875