7 0.81805555625 0.91640625 0.83194444375 0.9046875 0.8444444437499999 0.88359375 0.8444444437499999 0.85703125 0.83055555625 0.8515625 0.8388888890624999 0.84765625 0.8416666671874999 0.8203125 0.83194444375 0.81640625 0.8125 0.815625 0.7791666671875 0.8203125 0.7763888890625 0.83203125 0.7819444437499999 0.8375 0.7819444437499999 0.846875 0.7638888890625 0.8515625 0.74444444375 0.87109375 0.7416666671875001 0.87890625 0.7236111109375 0.8828125 0.722222221875 0.9234375 0.734722221875 0.93046875 0.76805555625 0.93046875 0.7805555562500001 0.925 0.81805555625 0.91640625
7 0.3958333328125 0.06328125 0.36666666718749996 0.06328125 0.3861111109375 0.0671875 0.427777778125 0.06875 0.4388888890625 0.06640625 0.44444444375 0.071875 0.45277777812500003 0.09765625 0.4458333328125 0.10625 0.3986111109375 0.10859375 0.38194444375000003 0.121875 0.38194444375000003 0.14140625 0.41111111093749997 0.14140625 0.41805555625 0.13828125 0.48194444374999995 0.13046875 0.490277778125 0.12578125 0.51805555625 0.1234375 0.5333333328125 0.1171875 0.5527777781250001 0.11875 0.5694444437499999 0.115625 0.5666666671875 0.09453125 0.5319444437499999 0.07421875 0.5333333328125 0.06875 0.55694444375 0.06796875 0.5513888890625 0.0625 0.55 0.0671875 0.54444444375 0.06796875 0.5416666671875 0.0625 0.5166666671875 0.06328125 0.5041666671875 0.06640625 0.48333333281249996 0.0625 0.475 0.0578125 0.45555555625000005 0.05859375 0.44444444375 0.06171875 0.4263888890625 0.0609375 0.4138888890625 0.065625 0.40416666718750005 0.06328125 0.4009263890625 0.0671875 0.3958333328125 0.06328125
7 0.4236111109375 0.16484375 0.43194444374999996 0.1890625 0.43194444374999996 0.2125 0.44444444375 0.21875 0.44444444375 0.23046875 0.4375 0.23671875 0.434722221875 0.27734375 0.427777778125 0.28515625 0.40972222187499996 0.2953125 0.40694444374999994 0.31796875 0.41111111093749997 0.32421875 0.42222222187499997 0.33046875 0.43055555625 0.33125 0.44444444375 0.33828125 0.44444444375 0.34296875 0.45694444375 0.353125 0.4791666671875 0.3625 0.497222221875 0.36484375 0.5319444437499999 0.3640625 0.55694444375 0.3609375 0.56805555625 0.35625 0.5888888890625 0.3421875 0.6083333328125 0.31875 0.6138888890625 0.3171875 0.6208333328125 0.3078125 0.64305555625 0.290625 0.647222221875 0.28203125 0.66805555625 0.27265625 0.6708333328125 0.26171875 0.684722221875 0.2546875 0.672222221875 0.24765625 0.66944444375 0.23203125 0.6375 0.22265625 0.652777778125 0.21640625 0.659722221875 0.2 0.6833333328125 0.1875 0.6875 0.1765625 0.70555555625 0.15390625 0.709722221875 0.13828125 0.66944444375 0.1375 0.6611111109375 0.1453125 0.6611111109375 0.15 0.6486111109375 0.15 0.64444444375 0.1546875 0.6041666671875 0.175 0.590277778125 0.1734375 0.577777778125 0.16484375 0.5513888890625 0.1609375 0.51944444375 0.1625 0.5 0.16640625 0.46388888906250003 0.1609375 0.4388888890625 0.16171875 0.4236111109375 0.16484375
7 0.7486111109375 0.08125 0.76805555625 0.059375 0.7736111109375 0.03828125 0.7819444437499999 0.03046875 0.784722221875 0.0140625 0.7805555562500001 0.00546875 0.7708333328125 0.003125 0.7583333328124999 0.0046875 0.752777778125 0.01796875 0.73194444375 0.034375 0.727777778125 0.0453125 0.7166666671875 0.05546875 0.715277778125 0.06484375 0.6958333328124999 0.09609375 0.6777777781250001 0.1015625 0.6736111109375 0.11171875 0.7208333328125 0.109375 0.73194444375 0.10625 0.7402777781250001 0.09921875 0.7486111109375 0.08125
7 0.9055555562500001 0.38203125 0.9611111109375001 0.3796875 0.9625 0.375 0.95555555625 0.36484375 0.9444444437499999 0.35546875 0.9486111109375001 0.3484375 0.9472222218749999 0.33359375 0.95694444375 0.32890625 0.95 0.28828125 0.9444444437499999 0.28203125 0.9208333328125 0.28125 0.9069444437499999 0.2765625 0.8458333328125001 0.275 0.8361111109375001 0.28046875 0.8263888890625 0.28203125 0.83055555625 0.296875 0.809722221875 0.303125 0.80694444375 0.32265625 0.834722221875 0.33203125 0.8430555562500001 0.34375 0.8444444437499999 0.3609375 0.85 0.36875 0.890277778125 0.36953125 0.8986111109375001 0.375 0.9 0.38046875 0.9055555562500001 0.38203125
7 0.8986111109375001 0.44140625 0.9166666671874999 0.4453125 0.915277778125 0.45390625 0.9069444437499999 0.45625 0.859722221875 0.45546875 0.83194444375 0.4578125 0.83055555625 0.4609375 0.8388888890624999 0.46328125 0.840277778125 0.46875 0.847222221875 0.4734375 0.8680555562500001 0.478125 0.9069444437499999 0.478125 0.9611111109375001 0.47421875 0.9916666671875 0.46640625 0.9930555562500001 0.4265625 0.9861111109375 0.41640625 0.98055555625 0.3953125 0.975 0.38984375 0.9680555562500001 0.38828125 0.9291666671875 0.38984375 0.9 0.38671875 0.8819444437499999 0.3890625 0.86944444375 0.39375 0.85 0.39296875 0.8444444437499999 0.3953125 0.8430555562500001 0.40390625 0.83194444375 0.4046875 0.8194444437499999 0.4109375 0.8194444437499999 0.425 0.8361111109375001 0.43671875 0.8416666671874999 0.43671875 0.85 0.44140625 0.8986111109375001 0.44140625
7 0.777777778125 0.98984375 0.74444444375 0.9875 0.734722221875 0.99375 0.7388888890625 0.99375 0.74444444375 0.99921875 0.7791666671875 0.99921875 0.7819444437499999 0.9921875 0.777777778125 0.98984375
7 0.8291666671875 0.92265625 0.7888888890625 0.92578125 0.7708333328125 0.93125 0.765277778125 0.93984375 0.7763888890625 0.946875 0.777777778125 0.9515625 0.76944444375 0.9609375 0.7583333328124999 0.96328125 0.7541666671875 0.96796875 0.7569444437499999 0.971875 0.79444444375 0.97578125 0.8055555562500001 0.9671875 0.8083333328125001 0.95703125 0.8291666671875 0.92890625 0.8291666671875 0.92265625
7 0.8680555562500001 0.96015625 0.875 0.94453125 0.8736111109375001 0.9265625 0.8708333328125001 0.92578125 0.85694444375 0.9390625 0.8541666671874999 0.95546875 0.840277778125 0.98046875 0.85694444375 0.975 0.8680555562500001 0.96015625
7 0.859722221875 0.79296875 0.8708333328125001 0.79296875 0.8708333328125001 0.78828125 0.859722221875 0.7875 0.859722221875 0.79296875
7 0.9041666671874999 0.79296875 0.8986111109375001 0.790625 0.9041666671874999 0.7890625 0.9041666671874999 0.78515625 0.89444444375 0.79296875 0.89444444375 0.796875 0.9 0.796875 0.9041666671874999 0.79296875
7 0.922222221875 0.7484375 0.8444444437499999 0.7453125 0.840277778125 0.74765625 0.840277778125 0.76171875 0.85 0.76875 0.9138888890624999 0.77109375 0.922222221875 0.7609375 0.922222221875 0.7484375
7 0.8986111109375001 0.6765625 0.89444444375 0.6859375 0.8708333328125001 0.6953125 0.8444444437499999 0.71640625 0.840277778125 0.728125 0.840277778125 0.734375 0.8444444437499999 0.73671875 0.8875 0.7375 0.9166666671874999 0.74140625 0.93194444375 0.7375 0.952777778125 0.6859375 0.952777778125 0.68125 0.94305555625 0.6765625 0.8986111109375001 0.6765625
4 0.7958333328125 0.39609375 0.7819444437499999 0.39375 0.777777778125 0.4 0.7708333328125 0.4015625 0.76944444375 0.40625 0.8 0.41015625 0.8194444437499999 0.41015625 0.8263888890625 0.40703125 0.8430555562500001 0.40625 0.8444444437499999 0.39921875 0.83055555625 0.39453125 0.8111111109375001 0.39375 0.7958333328125 0.39609375
4 0.659722221875 0.1390625 0.652777778125 0.14140625 0.51944444375 0.1515625 0.47222222187499996 0.15703125 0.46805555625000006 0.16171875 0.5083333328124999 0.16328125 0.58055555625 0.1609375 0.6208333328125 0.16484375 0.6319444437499999 0.16171875 0.6486111109375 0.15 0.672222221875 0.14921875 0.6777777781250001 0.14296875 0.672222221875 0.13984375 0.659722221875 0.1390625
4 0.840277778125 0.65390625 0.83194444375 0.65234375 0.834722221875 0.6578125 0.8263888890625 0.6625 0.8263888890625 0.66640625 0.8291666671875 0.6671875 0.8361111109375001 0.66171875 0.8430555562500001 0.66796875 0.89444444375 0.66796875 0.897222221875 0.66328125 0.877777778125 0.6578125 0.8486111109375001 0.66015625 0.840277778125 0.65390625