2 0.5625 0.03828125 0.5791666671875 0.0359375 0.58055555625 0.025 0.5625 0.0234375 0.5333333328125 0.0265625 0.5305555562500001 0.03203125 0.5361111109375 0.04296875 0.5527777781250001 0.04296875 0.5625 0.03828125
1 0.827777778125 0.45625 0.8541666671874999 0.45390625 0.915277778125 0.4546875 0.9125 0.44296875 0.7833333328125 0.4421875 0.772222221875 0.4375 0.7736111109375 0.43125 0.76944444375 0.4296875 0.7611111109375 0.4328125 0.75 0.45546875 0.7486111109375 0.4609375 0.7611111109375 0.4609375 0.7597222218749999 0.46640625 0.7486111109375 0.46796875 0.75555555625 0.46953125 0.7893513890625 0.45390625 0.81805555625 0.45390625 0.827777778125 0.45625
1 0.897222221875 0.3796875 0.897222221875 0.3734375 0.8833333328125 0.3703125 0.852777778125 0.37265625 0.747222221875 0.37265625 0.7402777781250001 0.36875 0.7402777781250001 0.36015625 0.734722221875 0.359375 0.7236111109375 0.37109375 0.7111111109375 0.37578125 0.715277778125 0.3875 0.709722221875 0.39453125 0.7166666671875 0.3953125 0.7361111109375 0.3875 0.75555555625 0.3859375 0.890277778125 0.38671875 0.897222221875 0.3796875
6 0.8027777781250001 0.75546875 0.8083333328125001 0.75 0.809722221875 0.73671875 0.8430555562500001 0.72890625 0.85 0.69140625 0.8333333328125001 0.68046875 0.8333333328125001 0.67265625 0.8222222218749999 0.665625 0.8263888890625 0.66015625 0.8208333328125 0.65625 0.7888888890625 0.65546875 0.7597222218749999 0.6625 0.752777778125 0.69765625 0.7291666671875 0.70234375 0.7180555562500001 0.7078125 0.715277778125 0.71953125 0.727777778125 0.72890625 0.7208333328125 0.73828125 0.722222221875 0.76015625 0.727777778125 0.76328125 0.7611111109375 0.7640625 0.777777778125 0.76015625 0.7833333328125 0.7625 0.8027777781250001 0.75546875
6 0.8388888890624999 0.57578125 0.8194444437499999 0.56875 0.8027777781250001 0.56640625 0.7819444437499999 0.5671875 0.7569444437499999 0.57734375 0.7402777781250001 0.60546875 0.7416666671875001 0.65 0.7486111109375 0.65703125 0.7638888890625 0.65703125 0.7708333328125 0.6546875 0.7819444437499999 0.634375 0.797222221875 0.6375 0.8111111109375001 0.63671875 0.8263888890625 0.60546875 0.840277778125 0.5984375 0.8388888890624999 0.57578125
7 0.7208333328125 0.921875 0.7333333328125 0.93046875 0.7666666671875 0.93046875 0.7763888890625 0.92578125 0.8166666671874999 0.91640625 0.827777778125 0.909375 0.8444444437499999 0.88515625 0.8458333328125001 0.86484375 0.840277778125 0.85390625 0.8444444437499999 0.84375 0.8430555562500001 0.81875 0.8083333328125001 0.8140625 0.7958333328125 0.81796875 0.7791666671875 0.81875 0.7708333328125 0.82421875 0.76944444375 0.83125 0.7819444437499999 0.8375 0.7805555562500001 0.846875 0.7638888890625 0.85078125 0.7416666671875001 0.87890625 0.7236111109375 0.88203125 0.7194444437499999 0.88671875 0.7194444437499999 0.89375 0.7236111109375 0.89609375 0.7208333328125 0.921875
7 0.725 0.99453125 0.727777778125 0.99921875 0.7736111109375 0.99921875 0.7833333328125 0.9953125 0.7819444437499999 0.98984375 0.73194444375 0.98828125 0.725 0.99453125
7 0.7611111109375 0.93515625 0.7597222218749999 0.96015625 0.75 0.96953125 0.7861111109375 0.978125 0.7986111109375 0.9734375 0.83055555625 0.928125 0.827777778125 0.91953125 0.8111111109375001 0.91875 0.7875 0.9296875 0.76944444375 0.93046875 0.7611111109375 0.93515625
7 0.8541666671874999 0.978125 0.8611111109375 0.96328125 0.86944444375 0.95546875 0.877777778125 0.93125 0.8736111109375001 0.9265625 0.8708333328125001 0.92578125 0.85694444375 0.9421875 0.840277778125 0.97421875 0.8416666671874999 0.98046875 0.8541666671874999 0.978125
7 0.872222221875 0.78515625 0.8625 0.77890625 0.85694444375 0.784375 0.8458333328125001 0.7859375 0.8458333328125001 0.7921875 0.86944444375 0.796875 0.8833333328125 0.7953125 0.9041666671874999 0.7984375 0.9055555562500001 0.7875 0.89305555625 0.7890625 0.8861111109375001 0.7859375 0.872222221875 0.78515625
7 0.8416666671874999 0.7671875 0.8611111109375 0.77109375 0.9069444437499999 0.77109375 0.91944444375 0.76640625 0.9277777781250001 0.75 0.8416666671874999 0.7453125 0.8416666671874999 0.7671875
7 0.9069444437499999 0.675 0.8958333328125001 0.68046875 0.890277778125 0.6890625 0.86944444375 0.6921875 0.85694444375 0.70546875 0.852777778125 0.71875 0.8444444437499999 0.72578125 0.8444444437499999 0.73671875 0.9305555562500001 0.73984375 0.94305555625 0.7171875 0.9458333328125 0.7 0.95555555625 0.68046875 0.9291666671875 0.67578125 0.9069444437499999 0.675
4 0.8444444437499999 0.08046875 0.8430555562500001 0.0875 0.8583333328125 0.0890625 0.852777778125 0.09453125 0.8444444437499999 0.09453125 0.8486111109375001 0.096875 0.859722221875 0.09375 0.8986111109375001 0.09375 0.9277777781250001 0.08984375 0.9486111109375001 0.09140625 0.95 0.08671875 0.9375 0.084375 0.93194444375 0.08046875 0.8444444437499999 0.08046875