2 0.58055555625 0.025 0.540277778125 0.025 0.5319444437499999 0.0296875 0.5319444437499999 0.0359375 0.5375 0.03828125 0.577777778125 0.03671875 0.58194444375 0.03359375 0.58055555625 0.025
1 0.8458333328125001 0.38828125 0.859722221875 0.3859375 0.8888888890625 0.3859375 0.897222221875 0.37578125 0.89305555625 0.3703125 0.8875 0.36953125 0.8416666671874999 0.37265625 0.752777778125 0.37265625 0.7402777781250001 0.36875 0.7402777781250001 0.359375 0.7361111109375 0.3578125 0.727777778125 0.36875 0.7111111109375 0.3765625 0.7166666671875 0.384375 0.7111111109375 0.39453125 0.722222221875 0.39375 0.734722221875 0.38671875 0.7611111109375 0.38515625 0.8375 0.38515625 0.8458333328125001 0.38828125
1 0.915277778125 0.4546875 0.91805555625 0.44921875 0.9138888890624999 0.44296875 0.784722221875 0.4421875 0.7736111109375 0.43671875 0.7736111109375 0.43046875 0.76944444375 0.4296875 0.7611111109375 0.4328125 0.7569444437499999 0.43828125 0.7486111109375 0.46796875 0.7569444437499999 0.46875 0.7638888890625 0.4625 0.7638888890625 0.4578125 0.784722221875 0.45234375 0.83055555625 0.45625 0.8513888890624999 0.45390625 0.915277778125 0.4546875
6 0.7875 0.7578125 0.8027777781250001 0.75546875 0.8125 0.73515625 0.8416666671874999 0.73046875 0.85 0.70625 0.85 0.690625 0.83194444375 0.67890625 0.83194444375 0.6609375 0.827777778125 0.65703125 0.7819444437499999 0.65625 0.7583333328124999 0.66328125 0.7597222218749999 0.684375 0.7541666671875 0.69609375 0.74444444375 0.70078125 0.725 0.70234375 0.715277778125 0.71171875 0.7166666671875 0.7203125 0.7291666671875 0.72890625 0.722222221875 0.7375 0.725 0.7625 0.7583333328124999 0.7640625 0.7833333328125 0.76171875 0.7875 0.7578125
6 0.840277778125 0.5984375 0.8388888890624999 0.57578125 0.8236111109375001 0.56953125 0.8083333328125001 0.5671875 0.7805555562500001 0.5671875 0.76805555625 0.57421875 0.7583333328124999 0.57578125 0.752777778125 0.58828125 0.7402777781250001 0.5984375 0.7416666671875001 0.65078125 0.7486111109375 0.65703125 0.7708333328125 0.6546875 0.7763888890625 0.63671875 0.7819444437499999 0.6328125 0.79444444375 0.63671875 0.8083333328125001 0.63671875 0.8263888890625 0.60703125 0.840277778125 0.5984375
7 0.853670634375 0.8862723203125 0.8652777781250001 0.87421875 0.875 0.85078125 0.8791666671874999 0.8484375 0.875 0.8390625 0.86944444375 0.83671875 0.8486111109375001 0.84375 0.85 0.865625 0.8444444437499999 0.884375 0.8541666671874999 0.88515625 0.853670634375 0.8862723203125
7 0.8819444437499999 0.9625 0.89444444375 0.96953125 0.9055555562500001 0.96796875 0.9138888890624999 0.9625 0.8819444437499999 0.9625
7 0.8736111109375001 0.92421875 0.8791666671874999 0.92734375 0.877777778125 0.94453125 0.8833333328125 0.95234375 0.8986111109375001 0.9546875 0.9166666671874999 0.9546875 0.91944444375 0.95234375 0.9277777781250001 0.9390625 0.9291666671875 0.92734375 0.922222221875 0.9125 0.9138888890624999 0.90703125 0.8791666671874999 0.90703125 0.8736111109375001 0.92421875
7 0.9083333328125001 0.8984375 0.91944444375 0.896875 0.9291666671875 0.8703125 0.9291666671875 0.8625 0.922222221875 0.85703125 0.91944444375 0.85625 0.897222221875 0.875 0.8861111109375001 0.88984375 0.8861111109375001 0.8953125 0.9083333328125001 0.8984375
7 0.7333333328125 0.93046875 0.7666666671875 0.93046875 0.7763888890625 0.92578125 0.8194444437499999 0.915625 0.8263888890625 0.9109375 0.8444444437499999 0.88046875 0.8444444437499999 0.85625 0.840277778125 0.85234375 0.8444444437499999 0.84609375 0.8444444437499999 0.81953125 0.8375 0.8171875 0.80694444375 0.815625 0.7819444437499999 0.81796875 0.7736111109375 0.821875 0.7708333328125 0.83125 0.7819444437499999 0.83671875 0.7819444437499999 0.846875 0.7611111109375 0.853125 0.7416666671875001 0.878125 0.725 0.88125 0.7194444437499999 0.8859375 0.7194444437499999 0.89296875 0.7236111109375 0.89609375 0.722222221875 0.925 0.7333333328125 0.93046875
7 0.7666666671875 0.98828125 0.73194444375 0.9875 0.7236111109375 0.98984375 0.7208333328125 0.99375 0.727777778125 0.99921875 0.7805555562500001 0.99921875 0.7819444437499999 0.99296875 0.7666666671875 0.98828125
7 0.8125 0.91796875 0.8027777781250001 0.9234375 0.784722221875 0.92578125 0.7638888890625 0.9328125 0.7597222218749999 0.9421875 0.765277778125 0.95625 0.752777778125 0.96953125 0.7569444437499999 0.971875 0.7861111109375 0.975 0.797222221875 0.9734375 0.83055555625 0.92890625 0.83194444375 0.921875 0.8263888890625 0.91875 0.8125 0.91796875
7 0.852777778125 0.94453125 0.8541666671874999 0.9546875 0.8458333328125001 0.9640625 0.840277778125 0.98046875 0.8486111109375001 0.9796875 0.85694444375 0.975 0.877777778125 0.93359375 0.8666666671875 0.92890625 0.8763888890624999 0.92578125 0.86944444375 0.925 0.85694444375 0.93515625 0.852777778125 0.94453125
7 0.8611111109375 0.78046875 0.8486111109375001 0.78671875 0.8486111109375001 0.79296875 0.8791666671874999 0.79296875 0.8791666671874999 0.7859375 0.8680555562500001 0.78515625 0.8611111109375 0.78046875
7 0.902777778125 0.79765625 0.9069444437499999 0.790625 0.9069444437499999 0.78828125 0.9 0.78828125 0.8847222218749999 0.79296875 0.902777778125 0.79765625
7 0.925 0.753125 0.9236111109375 0.74921875 0.9138888890624999 0.7484375 0.8416666671874999 0.7453125 0.840277778125 0.7625 0.847222221875 0.76875 0.9083333328125001 0.77109375 0.91944444375 0.76640625 0.925 0.753125
7 0.9513888890625 0.6765625 0.9069444437499999 0.675 0.8986111109375001 0.67734375 0.89305555625 0.6859375 0.8708333328125001 0.6875 0.85694444375 0.70390625 0.852777778125 0.71796875 0.8444444437499999 0.72578125 0.8430555562500001 0.7359375 0.9305555562500001 0.73828125 0.940277778125 0.72421875 0.9458333328125 0.7015625 0.952777778125 0.690625 0.95555555625 0.67890625 0.9513888890625 0.6765625
4 0.3916666671875 0.24765625 0.40972222187499996 0.2375 0.41944444374999995 0.23671875 0.4486111109375 0.22734375 0.459722221875 0.23125 0.475 0.22109375 0.54444444375 0.215625 0.55694444375 0.209375 0.55694444375 0.2015625 0.547222221875 0.19921875 0.5208333328125 0.2 0.5125 0.19609375 0.49305555625 0.19609375 0.4361111109375 0.2015625 0.36805555624999997 0.2 0.3638888890625 0.20703125 0.36805555624999997 0.215625 0.38333333281250004 0.2078125 0.4263888890625 0.215625 0.3916666671875 0.23515625 0.375 0.240625 0.375 0.24921875 0.3875 0.25390625 0.3916666671875 0.24765625