2 0.5319444437499999 0.02890625 0.5319444437499999 0.0359375 0.5375 0.0390625 0.5791666671875 0.0359375 0.58055555625 0.025 0.540277778125 0.025 0.5319444437499999 0.02890625
1 0.8416666671874999 0.38515625 0.8458333328125001 0.38828125 0.872222221875 0.38515625 0.8888888890625 0.3859375 0.89444444375 0.38203125 0.89444444375 0.3734375 0.8875 0.36953125 0.8416666671874999 0.37265625 0.7486111109375 0.37265625 0.7402777781250001 0.36875 0.7402777781250001 0.359375 0.734722221875 0.3578125 0.727777778125 0.36875 0.7138888890625 0.375 0.7111111109375 0.3796875 0.7166666671875 0.3859375 0.709722221875 0.39375 0.715277778125 0.3953125 0.7361111109375 0.38671875 0.7597222218749999 0.38515625 0.8416666671874999 0.38515625
1 0.784722221875 0.4421875 0.7736111109375 0.43828125 0.7736111109375 0.43125 0.76944444375 0.4296875 0.7611111109375 0.4328125 0.7486111109375 0.46015625 0.7611111109375 0.4609375 0.7611111109375 0.46171875 0.7638888890625 0.45703125 0.784722221875 0.45234375 0.83194444375 0.45625 0.8541666671874999 0.45390625 0.9138888890624999 0.4546875 0.91805555625 0.453125 0.9138888890624999 0.44296875 0.784722221875 0.4421875
6 0.8055555562500001 0.75234375 0.8125 0.73515625 0.8416666671874999 0.73046875 0.85 0.70625 0.85 0.69140625 0.834722221875 0.68046875 0.8291666671875 0.66484375 0.83194444375 0.6609375 0.8236111109375001 0.65625 0.7819444437499999 0.65625 0.7611111109375 0.66328125 0.7611111109375 0.68203125 0.752777778125 0.69765625 0.74444444375 0.70078125 0.725 0.70234375 0.7180555562500001 0.70703125 0.715277778125 0.71796875 0.7291666671875 0.7296875 0.722222221875 0.7375 0.725 0.7625 0.7611111109375 0.7640625 0.7819444437499999 0.76171875 0.8055555562500001 0.75234375
6 0.815277778125 0.6265625 0.827777778125 0.6046875 0.840277778125 0.5984375 0.8388888890624999 0.575 0.8194444437499999 0.56875 0.797222221875 0.56640625 0.7708333328125 0.56953125 0.76944444375 0.5734375 0.7569444437499999 0.57890625 0.7541666671875 0.5859375 0.7430555562500001 0.5953125 0.7416666671875001 0.65078125 0.7486111109375 0.65703125 0.7638888890625 0.65703125 0.7708333328125 0.65390625 0.777777778125 0.6359375 0.7833333328125 0.6328125 0.8041666671875 0.63671875 0.815277778125 0.6265625
7 0.8444444437499999 0.88671875 0.847222221875 0.89296875 0.852777778125 0.89140625 0.86944444375 0.86796875 0.8708333328125001 0.8578125 0.8791666671874999 0.8484375 0.8763888890624999 0.8421875 0.8625 0.8390625 0.8486111109375001 0.84453125 0.85 0.865625 0.8444444437499999 0.88671875
7 0.8958333328125001 0.96171875 0.8890951593749999 0.9670250625 0.89305555625 0.96953125 0.902777778125 0.96953125 0.909722221875 0.9625 0.8958333328125001 0.96171875
7 0.8819444437499999 0.9625 0.8884578546874999 0.9666217671874999 0.8847222218749999 0.96171875 0.8819444437499999 0.9625
7 0.877777778125 0.9265625 0.877777778125 0.94921875 0.8888888890625 0.95390625 0.91805555625 0.95390625 0.9277777781250001 0.9390625 0.9277777781250001 0.9234375 0.915277778125 0.90703125 0.88055555625 0.90625 0.875 0.9125 0.872222221875 0.9234375 0.877777778125 0.9265625
7 0.9236111109375 0.8578125 0.91805555625 0.8578125 0.897222221875 0.87578125 0.8861111109375001 0.8890625 0.8861111109375001 0.8953125 0.91944444375 0.896875 0.9291666671875 0.86796875 0.9236111109375 0.8578125
7 0.7333333328125 0.93046875 0.76805555625 0.93046875 0.7791666671875 0.925 0.8194444437499999 0.915625 0.83055555625 0.90625 0.8444444437499999 0.88046875 0.8444444437499999 0.85625 0.840277778125 0.85390625 0.8444444437499999 0.84453125 0.8444444437499999 0.81875 0.83194444375 0.81640625 0.8055555562500001 0.815625 0.7819444437499999 0.81796875 0.7708333328125 0.825 0.772222221875 0.8328125 0.7819444437499999 0.83671875 0.7819444437499999 0.84609375 0.7638888890625 0.85078125 0.74444444375 0.87109375 0.7416666671875001 0.87890625 0.7236111109375 0.88203125 0.7194444437499999 0.88671875 0.7236111109375 0.8953125 0.722222221875 0.9234375 0.7333333328125 0.93046875
7 0.7291666671875 0.9921875 0.73055555625 0.99921875 0.7791666671875 0.99921875 0.7819444437499999 0.99375 0.7666666671875 0.98828125 0.7333333328125 0.9875 0.7291666671875 0.9921875
7 0.8083333328125001 0.91875 0.7986111109375 0.92421875 0.7833333328125 0.92578125 0.7611111109375 0.93515625 0.7638888890625 0.95234375 0.752777778125 0.96953125 0.7569444437499999 0.971875 0.7791666671875 0.975 0.797222221875 0.9734375 0.8055555562500001 0.96640625 0.83055555625 0.92890625 0.83194444375 0.921875 0.8263888890625 0.91875 0.8083333328125001 0.91875
7 0.8666666671875 0.9296875 0.85694444375 0.93515625 0.852777778125 0.94375 0.8541666671874999 0.95546875 0.8444444437499999 0.96640625 0.840277778125 0.98046875 0.852777778125 0.97890625 0.859722221875 0.9734375 0.875 0.9421875 0.877777778125 0.92890625 0.8736111109375001 0.92578125 0.8680555562500001 0.925 0.8666666671875 0.9296875
7 0.8680555562500001 0.784375 0.8611111109375 0.7796875 0.847222221875 0.78984375 0.8486111109375001 0.79296875 0.8786111109375 0.79296875 0.8847222218749999 0.790625 0.890277778125 0.7953125 0.902777778125 0.79765625 0.9055555562500001 0.7875 0.8888888890625 0.7921875 0.8819444437499999 0.7859375 0.8680555562500001 0.784375
7 0.9236111109375 0.74921875 0.872222221875 0.74765625 0.8652777781250001 0.7453125 0.840277778125 0.74609375 0.840277778125 0.76171875 0.8486111109375001 0.76875 0.9083333328125001 0.77109375 0.91805555625 0.76796875 0.9236111109375 0.74921875
7 0.9458333328125 0.6765625 0.9069444437499999 0.675 0.8958333328125001 0.68046875 0.8916666671875 0.6875 0.8819444437499999 0.690625 0.8708333328125001 0.6890625 0.85694444375 0.70546875 0.8541666671874999 0.71796875 0.8444444437499999 0.7265625 0.8444444437499999 0.73671875 0.9277777781250001 0.7390625 0.93194444375 0.7375 0.95555555625 0.68203125 0.9541666671875 0.67734375 0.9458333328125 0.6765625