2 0.58055555625 0.025 0.5375 0.025 0.5305555562500001 0.03046875 0.534722221875 0.040625 0.5555555562500001 0.040625 0.575 0.03671875 0.58194444375 0.0328125 0.58055555625 0.025
1 0.8055555562500001 0.3890625 0.8125 0.38671875 0.89444444375 0.38515625 0.897222221875 0.375 0.89305555625 0.371875 0.8819444437499999 0.3703125 0.8430555562500001 0.37265625 0.747222221875 0.37265625 0.7402777781250001 0.36875 0.7402777781250001 0.36015625 0.734722221875 0.359375 0.7236111109375 0.37109375 0.7111111109375 0.37578125 0.7166666671875 0.38671875 0.709722221875 0.39375 0.7166666671875 0.3953125 0.7402777781250001 0.38671875 0.772222221875 0.38515625 0.79444444375 0.3859375 0.8055555562500001 0.3890625
1 0.9138888890624999 0.4546875 0.9166666671874999 0.44921875 0.9125 0.44296875 0.7833333328125 0.4421875 0.772222221875 0.43828125 0.7736111109375 0.43125 0.76944444375 0.4296875 0.7611111109375 0.4328125 0.7569444437499999 0.43828125 0.7486111109375 0.46640625 0.75 0.46875 0.7569444437499999 0.46875 0.7638888890625 0.45703125 0.784722221875 0.45234375 0.827777778125 0.45625 0.85555555625 0.45390625 0.9138888890624999 0.4546875
6 0.7638888890625 0.7640625 0.7805555562500001 0.7609375 0.784722221875 0.7640625 0.8083333328125001 0.75 0.809722221875 0.73671875 0.8208333328125 0.7328125 0.8416666671874999 0.73046875 0.85 0.70546875 0.85 0.69140625 0.8361111109375001 0.68125 0.8333333328125001 0.66875 0.8236111109375001 0.6640625 0.83194444375 0.6609375 0.8222222218749999 0.65625 0.7875 0.65546875 0.7611111109375 0.66171875 0.7569444437499999 0.66640625 0.7597222218749999 0.68125 0.752777778125 0.69765625 0.74444444375 0.70078125 0.73055555625 0.7015625 0.7194444437499999 0.70625 0.715277778125 0.71953125 0.7180555562500001 0.72421875 0.727777778125 0.72890625 0.7208333328125 0.74375 0.725 0.7625 0.7638888890625 0.7640625
6 0.840277778125 0.5984375 0.8388888890624999 0.575 0.8194444437499999 0.56875 0.8041666671875 0.56640625 0.7763888890625 0.56875 0.7597222218749999 0.5765625 0.74444444375 0.59375 0.7402777781250001 0.60546875 0.7416666671875001 0.65 0.7486111109375 0.65703125 0.7638888890625 0.65703125 0.7708333328125 0.6546875 0.7805555562500001 0.634375 0.7986111109375 0.6375 0.8111111109375001 0.63515625 0.8263888890625 0.60625 0.840277778125 0.5984375
7 0.8458333328125001 0.85 0.85 0.86015625 0.847222221875 0.8921875 0.852777778125 0.8890625 0.85694444375 0.87578125 0.8652777781250001 0.87265625 0.86944444375 0.8671875 0.8791666671874999 0.85 0.875 0.8375 0.8652777781250001 0.83671875 0.8486111109375001 0.84453125 0.8458333328125001 0.85
7 0.91805555625 0.953125 0.9277777781250001 0.93828125 0.9277777781250001 0.9234375 0.915277778125 0.90703125 0.88055555625 0.90625 0.8708333328125001 0.921875 0.875 0.94140625 0.8819444437499999 0.9515625 0.8916666671875 0.95234375 0.9041666671874999 0.9578125 0.9 0.9625 0.8819444437499999 0.96171875 0.8833333328125 0.9671875 0.8986111109375001 0.97265625 0.9138888890624999 0.9625 0.9069444437499999 0.9609375 0.9069444437499999 0.95703125 0.91805555625 0.953125
7 0.91944444375 0.89609375 0.9277777781250001 0.87578125 0.9277777781250001 0.8609375 0.91944444375 0.85703125 0.9111111109375001 0.8625 0.8861111109375001 0.88828125 0.8861111109375001 0.89453125 0.9069444437499999 0.89765625 0.91944444375 0.89609375
7 0.73194444375 0.93046875 0.7666666671875 0.93046875 0.7736111109375 0.9265625 0.8194444437499999 0.915625 0.83055555625 0.90625 0.8444444437499999 0.8859375 0.8458333328125001 0.86875 0.8444444437499999 0.85703125 0.8361111109375001 0.8515625 0.8416666671874999 0.84921875 0.8444444437499999 0.84296875 0.8444444437499999 0.81953125 0.83194444375 0.81640625 0.80694444375 0.8140625 0.8027777781250001 0.8171875 0.7819444437499999 0.81796875 0.7708333328125 0.825 0.772222221875 0.834375 0.7819444437499999 0.83671875 0.7819444437499999 0.84609375 0.7638888890625 0.85078125 0.7416666671875001 0.87890625 0.725 0.88125 0.7194444437499999 0.88671875 0.7236111109375 0.89609375 0.7208333328125 0.92265625 0.73194444375 0.93046875
7 0.722222221875 0.98984375 0.7208333328125 0.996875 0.722222221875 0.99921875 0.7763888890625 0.99921875 0.7819444437499999 0.98984375 0.73055555625 0.9875 0.722222221875 0.98984375
7 0.8263888890625 0.91875 0.8138888890624999 0.91796875 0.8055555562500001 0.92265625 0.7888888890625 0.925 0.784722221875 0.92890625 0.76944444375 0.93046875 0.7611111109375 0.93515625 0.7597222218749999 0.9609375 0.75 0.96875 0.7569444437499999 0.97265625 0.7805555562500001 0.97578125 0.7986111109375 0.9734375 0.83055555625 0.928125 0.83194444375 0.92265625 0.8263888890625 0.91875
7 0.8736111109375001 0.946875 0.877777778125 0.93515625 0.875 0.92734375 0.8708333328125001 0.925 0.8486111109375001 0.9515625 0.840277778125 0.98046875 0.8486111109375001 0.98046875 0.85694444375 0.975 0.8736111109375001 0.946875
7 0.8708333328125001 0.7953125 0.8875 0.79140625 0.8875 0.78671875 0.8708333328125001 0.78515625 0.8625 0.7796875 0.85694444375 0.78515625 0.8458333328125001 0.7859375 0.8458333328125001 0.7921875 0.8708333328125001 0.7953125
7 0.89444444375 0.79765625 0.902777778125 0.7984375 0.9069444437499999 0.79375 0.9069444437499999 0.78828125 0.9 0.78828125 0.8833333328125 0.7953125 0.8861111109375001 0.796875 0.890277778125 0.79375 0.89444444375 0.79765625
7 0.925 0.75 0.840277778125 0.7453125 0.840277778125 0.7640625 0.8444444437499999 0.76875 0.8583333328125 0.7703125 0.9055555562500001 0.77109375 0.91944444375 0.76640625 0.925 0.75
7 0.9083333328125001 0.675 0.8958333328125001 0.68046875 0.89444444375 0.6859375 0.8847222218749999 0.690625 0.8708333328125001 0.690625 0.8444444437499999 0.72578125 0.8444444437499999 0.7359375 0.9305555562500001 0.7390625 0.94305555625 0.7171875 0.9458333328125 0.7 0.95555555625 0.68203125 0.952777778125 0.67890625 0.9416666671874999 0.6765625 0.9083333328125001 0.675
7 0.9305555562500001 0.84375 0.9444444437499999 0.84296875 0.95 0.8375 0.93194444375 0.83671875 0.9305555562500001 0.84375