2 0.46666666718750005 0.9671875 0.44444444375 0.9703125 0.4263888890625 0.97578125 0.425 0.98125 0.4291666671875 0.98515625 0.43333333281249997 0.9875 0.47083333281249995 0.9859375 0.4763888890625 0.98359375 0.477777778125 0.975 0.46666666718750005 0.9671875
1 0.0916666671875 0.55859375 0.215277778125 0.55859375 0.22638888906250001 0.56171875 0.22638888906250001 0.5703125 0.22916666718749998 0.5625 0.240277778125 0.56796875 0.25 0.54765625 0.2513888890625 0.53125 0.24583333281250003 0.53046875 0.2416666671875 0.5328125 0.23472222187499997 0.54453125 0.2166666671875 0.5484375 0.18055555625 0.54765625 0.172222221875 0.5453125 0.08333333281250001 0.54609375 0.08055555625000001 0.55546875 0.0916666671875 0.55859375
1 0.1986111109375 0.6171875 0.1513888890625 0.61484375 0.140277778125 0.6171875 0.10555555624999999 0.6171875 0.10138888906250001 0.61953125 0.10138888906250001 0.6265625 0.11388888906250001 0.6296875 0.2541666671875 0.628125 0.2541666671875 0.64296875 0.259722221875 0.63828125 0.26805555625 0.63828125 0.26527777812500003 0.64375 0.2708333328125 0.63359375 0.2791666671875 0.63125 0.28611111093749997 0.625 0.28055555625 0.61171875 0.2888888890625 0.6 0.28055555625 0.5984375 0.2666666671875 0.61171875 0.25694444375000003 0.61484375 0.1986111109375 0.6171875
7 0.18194444375000002 0.084375 0.17361111093749998 0.0890625 0.15972222187500001 0.10703125 0.1541666671875 0.13125 0.1583333328125 0.15 0.15694444375 0.18125 0.18194444375000002 0.18046875 0.20416666718749998 0.16640625 0.215277778125 0.15234375 0.23333333281250002 0.15 0.240277778125 0.14609375 0.25833333281250004 0.121875 0.27777777812500004 0.1171875 0.28055555625 0.1078125 0.27638888906250003 0.10390625 0.27638888906250003 0.09375 0.2666666671875 0.0890625 0.2486111109375 0.0859375 0.23055555625 0.0734375 0.18194444375000002 0.084375
7 0.30555555624999997 0.01953125 0.3416666671875 0.0203125 0.33888888906250003 0.00078125 0.26805555625 0.00078125 0.259722221875 0.00625 0.259722221875 0.01328125 0.275 0.0171875 0.30555555624999997 0.01953125
7 0.2611111109375 0.0875 0.2888888890625 0.0921875 0.3 0.090625 0.32777777812500003 0.075 0.33055555625 0.05703125 0.334722221875 0.053125 0.3416666671875 0.0546875 0.35555555625 0.04609375 0.35555555625 0.04296875 0.3013888890625 0.0328125 0.24583333281250003 0.03046875 0.23194444375 0.0578125 0.23194444375 0.06953125 0.24305555625 0.08046875 0.2611111109375 0.0875
7 0.09444444375 0.03828125 0.1263888890625 0.03828125 0.127777778125 0.03359375 0.10138888906250001 0.025 0.09305555625 0.02734375 0.0888888890625 0.03359375 0.0888888890625 0.0375 0.09444444375 0.03828125
7 0.097222221875 0.0984375 0.10138888906250001 0.09375 0.11805555625 0.09453125 0.1208333328125 0.0921875 0.1291666671875 0.07265625 0.12222222187500001 0.06875 0.1208333328125 0.05078125 0.11388888906250001 0.04765625 0.0888888890625 0.04609375 0.08055555625000001 0.0484375 0.072222221875 0.06171875 0.07083333281250001 0.0734375 0.08194444375 0.09375 0.097222221875 0.0984375
7 0.222222221875 0.00703125 0.23333333281250002 0.01171875 0.252777778125 0.0125 0.25555555625 0.00078125 0.22777777812500002 0.00078125 0.222222221875 0.00703125
7 0.22777777812500002 0.06953125 0.23055555625 0.05390625 0.24305555625 0.03203125 0.240277778125 0.028125 0.20694444375 0.02578125 0.197222221875 0.03046875 0.16944444375 0.07109375 0.16805555625 0.078125 0.172222221875 0.08125 0.190277778125 0.08125 0.215277778125 0.07109375 0.22777777812500002 0.06953125
7 0.14305555625 0.05234375 0.1541666671875 0.04375 0.1611111109375 0.028125 0.1611111109375 0.021875 0.15694444375 0.0203125 0.1458333328125 0.0234375 0.13055555624999998 0.04453125 0.12222222187500001 0.0671875 0.1263888890625 0.07421875 0.1291666671875 0.075 0.14305555625 0.0578125 0.14305555625 0.05234375
7 0.1833333328125 0.1828125 0.177777778125 0.1828125 0.1875 0.18359375 0.19444444375 0.1875 0.2541666671875 0.18984375 0.25555555625 0.18359375 0.26805555625 0.1828125 0.275 0.1765625 0.2708333328125 0.1640625 0.27777777812500004 0.15859375 0.26805555625 0.153125 0.25833333281250004 0.1515625 0.23611111093749998 0.15078125 0.21944444375 0.15546875 0.2166666671875 0.165625 0.197222221875 0.1703125 0.19444444375 0.17578125 0.1833333328125 0.1828125
7 0.22638888906250001 0.25625 0.222222221875 0.24296875 0.22916666718749998 0.23359375 0.19583333281249998 0.23125 0.184722221875 0.22421875 0.15694444375 0.23125 0.15277777812499999 0.240625 0.16388888906250001 0.25390625 0.1888888890625 0.26328125 0.20555555625 0.2640625 0.222222221875 0.2609375 0.22638888906250001 0.25625
7 0.2541666671875 0.21953125 0.25694444375000003 0.2140625 0.23472222187499997 0.209375 0.15555555625 0.2046875 0.1458333328125 0.20546875 0.140277778125 0.209375 0.13888888906250002 0.2140625 0.147222221875 0.2171875 0.1861111109375 0.2203125 0.2125 0.21875 0.24305555625 0.22109375 0.2541666671875 0.21953125
7 0.1671875 0.26015625 0.0015625 0.003125
7 0.15555555625 0.24453125 0.15 0.23984375 0.15 0.23125 0.102777778125 0.2296875 0.084722221875 0.23203125 0.072222221875 0.2484375 0.0736111109375 0.25234375 0.0916666671875 0.25234375 0.10138888906250001 0.25703125 0.1541666671875 0.2546875 0.15555555625 0.24453125
7 0.1291666671875 0.3125 0.15555555625 0.28515625 0.1666666671875 0.26484375 0.06944444375 0.2625 0.058333332812500006 0.27734375 0.055555556250000006 0.29765625 0.04444444375 0.3171875 0.0458333328125 0.32109375 0.058333332812500006 0.3234375 0.0986111109375 0.3234375 0.10833333281249999 0.31328125 0.1291666671875 0.3125
7 0.14305555625 0.1203125 0.13055555624999998 0.1328125 0.127777778125 0.14296875 0.11944444375 0.1515625 0.12222222187500001 0.1609375 0.15 0.1609375 0.15555555625 0.15078125 0.1513888890625 0.1421875 0.1513888890625 0.11875 0.14305555625 0.1203125
7 0.1 0.12890625 0.11388888906250001 0.10625 0.08055555625000001 0.10390625 0.07083333281250001 0.1265625 0.0736111109375 0.14296875 0.08055555625000001 0.14375 0.1 0.12890625
4 0.0458333328125 0.8546875 0.0208333328125 0.85859375 0.022222221875 0.8625 0.027777778125000003 0.8625 0.034722221875 0.86796875 0.0458333328125 0.86875 0.0666666671875 0.86484375 0.109722221875 0.8625 0.10555555624999999 0.85546875 0.0458333328125 0.8546875