2 0.5625 0.0390625 0.58055555625 0.03515625 0.58055555625 0.025 0.5375 0.025 0.5305555562500001 0.0296875 0.5333333328125 0.0421875 0.54444444375 0.04765625 0.5555555562500001 0.046875 0.5625 0.0390625
1 0.8861111109375001 0.38671875 0.897222221875 0.3796875 0.897222221875 0.375 0.8819444437499999 0.3703125 0.8458333328125001 0.37265625 0.7486111109375 0.37265625 0.7416666671875001 0.3703125 0.7402777781250001 0.3609375 0.734722221875 0.359375 0.727777778125 0.36796875 0.7138888890625 0.375 0.7111111109375 0.3796875 0.7166666671875 0.3859375 0.709722221875 0.39453125 0.7166666671875 0.3953125 0.7416666671875001 0.38671875 0.7708333328125 0.38515625 0.8861111109375001 0.38671875
1 0.8541666671874999 0.45390625 0.9138888890624999 0.4546875 0.9166666671874999 0.45078125 0.9111111109375001 0.44296875 0.7833333328125 0.4421875 0.7736111109375 0.43828125 0.7736111109375 0.43125 0.765277778125 0.43046875 0.7569444437499999 0.43828125 0.7486111109375 0.46015625 0.7611111109375 0.4609375 0.7597222218749999 0.46640625 0.7486111109375 0.4671875 0.75555555625 0.46875 0.7824069437500001 0.45390625 0.8194444437499999 0.45390625 0.8291666671875 0.45625 0.8541666671874999 0.45390625
6 0.7611111109375 0.7640625 0.7763888890625 0.7609375 0.784722221875 0.76328125 0.7888888890625 0.759375 0.8041666671875 0.7546875 0.809722221875 0.73671875 0.8208333328125 0.7328125 0.8416666671874999 0.73046875 0.8486111109375001 0.71171875 0.85 0.69140625 0.8361111109375001 0.68203125 0.8333333328125001 0.66953125 0.8222222218749999 0.66484375 0.8291666671875 0.6609375 0.8208333328125 0.65625 0.7861111109375 0.65546875 0.7611111109375 0.66171875 0.7569444437499999 0.6671875 0.7583333328124999 0.6859375 0.752777778125 0.69765625 0.727777778125 0.70234375 0.7166666671875 0.70859375 0.715277778125 0.71953125 0.727777778125 0.72890625 0.7208333328125 0.7390625 0.7208333328125 0.75625 0.722222221875 0.7609375 0.727777778125 0.76328125 0.7611111109375 0.7640625
6 0.8236111109375001 0.6078125 0.840277778125 0.5984375 0.8388888890624999 0.57578125 0.8194444437499999 0.56875 0.8027777781250001 0.56640625 0.7819444437499999 0.5671875 0.7736111109375 0.56875 0.7569444437499999 0.57890625 0.7416666671875001 0.5984375 0.7402777781250001 0.60546875 0.7416666671875001 0.65078125 0.7486111109375 0.65703125 0.7638888890625 0.65703125 0.7708333328125 0.6546875 0.7805555562500001 0.634375 0.797222221875 0.6375 0.8111111109375001 0.63515625 0.8236111109375001 0.6078125
7 0.85 0.84375 0.8458333328125001 0.84921875 0.85 0.8625 0.8444444437499999 0.8890625 0.847222221875 0.89296875 0.8541666671874999 0.88671875 0.8486111109375001 0.88203125 0.8652777781250001 0.8734375 0.877777778125 0.853125 0.8791666671874999 0.84296875 0.8708333328125001 0.83984375 0.8652777781250001 0.8390625 0.85 0.84375
7 0.902777778125 0.971875 0.9111111109375001 0.9625 0.8819444437499999 0.96171875 0.8819444437499999 0.9640625 0.89444444375 0.971875 0.902777778125 0.971875
7 0.877777778125 0.93125 0.875 0.9421875 0.8819444437499999 0.9515625 0.8986111109375001 0.95390625 0.9041666671874999 0.9578125 0.91944444375 0.9515625 0.9277777781250001 0.93828125 0.9277777781250001 0.92421875 0.915277778125 0.90703125 0.8819444437499999 0.90625 0.8708333328125001 0.92421875 0.877777778125 0.93125
7 0.9277777781250001 0.8609375 0.91944444375 0.85703125 0.9111111109375001 0.8625 0.8861111109375001 0.8890625 0.8861111109375001 0.8953125 0.91944444375 0.896875 0.9277777781250001 0.878125 0.9277777781250001 0.8609375
7 0.7236111109375 0.89765625 0.7208333328125 0.9234375 0.7333333328125 0.93046875 0.7666666671875 0.93046875 0.7736111109375 0.9265625 0.8166666671874999 0.91640625 0.827777778125 0.909375 0.8458333328125001 0.87890625 0.8444444437499999 0.85703125 0.8333333328125001 0.85078125 0.840277778125 0.84921875 0.8444444437499999 0.8390625 0.8444444437499999 0.81875 0.8291666671875 0.815625 0.80694444375 0.8140625 0.797222221875 0.81796875 0.7791666671875 0.81875 0.7708333328125 0.825 0.76944444375 0.83125 0.7819444437499999 0.8375 0.7819444437499999 0.84609375 0.777777778125 0.84921875 0.7638888890625 0.85078125 0.747222221875 0.86796875 0.7416666671875001 0.87890625 0.7236111109375 0.88203125 0.7194444437499999 0.88671875 0.7236111109375 0.89765625
7 0.777777778125 0.99921875 0.7819444437499999 0.98984375 0.73194444375 0.98828125 0.722222221875 0.9953125 0.725 0.99921875 0.777777778125 0.99921875
7 0.8055555562500001 0.92265625 0.7819444437499999 0.9296875 0.76944444375 0.93046875 0.7611111109375 0.93515625 0.7597222218749999 0.96015625 0.75 0.96953125 0.7833333328125 0.9765625 0.7986111109375 0.9734375 0.83055555625 0.92890625 0.83194444375 0.92265625 0.8263888890625 0.91875 0.8138888890624999 0.91796875 0.8055555562500001 0.92265625
7 0.85 0.95 0.840277778125 0.96953125 0.840277778125 0.98046875 0.85 0.9796875 0.85694444375 0.975 0.875 0.94375 0.8736111109375001 0.92734375 0.8708333328125001 0.92578125 0.8625 0.93359375 0.85555555625 0.946875 0.85 0.95
7 0.9069444437499999 0.7875 0.8916666671875 0.790625 0.8888888890625 0.7859375 0.86944444375 0.784375 0.8625 0.77734375 0.85694444375 0.784375 0.8458333328125001 0.7859375 0.8458333328125001 0.790625 0.847222221875 0.79296875 0.85694444375 0.79453125 0.8708333328125001 0.7953125 0.88055555625 0.79296875 0.8847222218749999 0.796875 0.9041666671874999 0.7984375 0.9069444437499999 0.7875
7 0.9277777781250001 0.75 0.840277778125 0.7453125 0.8416666671874999 0.76640625 0.8625 0.77265625 0.8666666671875 0.7703125 0.9055555562500001 0.77109375 0.91805555625 0.7671875 0.9277777781250001 0.75
7 0.89444444375 0.68515625 0.8875 0.68828125 0.8708333328125001 0.6890625 0.8444444437499999 0.72578125 0.8444444437499999 0.73671875 0.9305555562500001 0.7390625 0.95555555625 0.6828125 0.9486111109375001 0.67734375 0.9305555562500001 0.67578125 0.9069444437499999 0.675 0.8986111109375001 0.67734375 0.89444444375 0.68515625
4 0.64444444375 0.14453125 0.625 0.14296875 0.60694444375 0.1515625 0.5694444437499999 0.1609375 0.5291666671875 0.16171875 0.5236111109375 0.16484375 0.5333333328125 0.17421875 0.55 0.16953125 0.64444444375 0.16953125 0.659722221875 0.16484375 0.6736111109375 0.16796875 0.68194444375 0.1625 0.6805555562500001 0.1578125 0.6611111109375 0.1546875 0.64444444375 0.14453125