2 0.575 0.0234375 0.575 0.01875 0.56805555625 0.01328125 0.5291666671875 0.0140625 0.522222221875 0.01796875 0.522222221875 0.025 0.5333333328125 0.0328125 0.5541666671875001 0.0296875 0.575 0.0234375
1 0.7458333328125 0.371875 0.7458333328125 0.35703125 0.74444444375 0.36015625 0.730921053125 0.3631990140625 0.7291666671875 0.36640625 0.7208333328125 0.36875 0.7138888890625 0.37578125 0.7194444437499999 0.3875 0.7111111109375 0.40078125 0.7194444437499999 0.4015625 0.734722221875 0.3875 0.7430555562500001 0.38515625 0.89444444375 0.3828125 0.9 0.3796875 0.89444444375 0.3703125 0.7458333328125 0.371875
1 0.7638888890625 0.46015625 0.7611111109375 0.45859375 0.7486111109375 0.45859375 0.75 0.46953125 0.7569444437499999 0.46953125 0.7638888890625 0.46015625
1 0.7736111109375 0.4265625 0.7666666671875 0.42734375 0.7708333328125 0.43203125 0.7597222218749999 0.43203125 0.7597222218749999 0.44140625 0.7763888890625 0.4390625 0.7708333328125 0.43515625 0.7736111109375 0.4265625
1 0.827777778125 0.4546875 0.909722221875 0.4546875 0.91944444375 0.4515625 0.91944444375 0.44453125 0.9138888890624999 0.4421875 0.7819444437499999 0.44296875 0.784722221875 0.44921875 0.79444444375 0.45234375 0.81805555625 0.45234375 0.827777778125 0.4546875
7 0.85694444375 0.87890625 0.86944444375 0.8671875 0.872222221875 0.85625 0.88055555625 0.8484375 0.877777778125 0.8375 0.8666666671875 0.83671875 0.8486111109375001 0.83984375 0.8444444437499999 0.8484375 0.8486111109375001 0.88125 0.85694444375 0.87890625
7 0.9236111109375 0.85625 0.91944444375 0.85546875 0.89444444375 0.87578125 0.8861111109375001 0.89375 0.91944444375 0.89609375 0.9291666671875 0.87265625 0.9291666671875 0.8609375 0.9236111109375 0.85625
7 0.8444444437499999 0.88515625 0.8444444437499999 0.81875 0.8138888890624999 0.81953125 0.784722221875 0.84375 0.7833333328125 0.8484375 0.765277778125 0.85 0.7597222218749999 0.853125 0.7416666671875001 0.878125 0.7236111109375 0.88203125 0.7194444437499999 0.88671875 0.7236111109375 0.90703125 0.7513888890625 0.91484375 0.76944444375 0.9265625 0.8166666671874999 0.91640625 0.83194444375 0.90546875 0.8444444437499999 0.88515625
7 0.6958333328124999 0.98046875 0.659722221875 0.97890625 0.6611111109375 0.99921875 0.73194444375 0.99921875 0.7402777781250001 0.99375 0.7402777781250001 0.98671875 0.725 0.9828125 0.6958333328124999 0.98046875
7 0.6791666671875001 0.91953125 0.6708333328125 0.92734375 0.66944444375 0.9421875 0.6486111109375 0.95 0.64444444375 0.9578125 0.6958333328124999 0.9671875 0.7541666671875 0.96953125 0.76805555625 0.94296875 0.76805555625 0.93046875 0.7569444437499999 0.91953125 0.7375 0.9125 0.7041666671875 0.9078125 0.6791666671875001 0.91953125
7 0.872222221875 0.9671875 0.89444444375 0.975 0.9041666671874999 0.97421875 0.909722221875 0.96640625 0.9069444437499999 0.96171875 0.872222221875 0.96171875 0.872222221875 0.9671875
7 0.897222221875 0.90625 0.8819444437499999 0.90546875 0.872222221875 0.91953125 0.8708333328125001 0.9296875 0.875 0.93046875 0.8791666671874999 0.9484375 0.89444444375 0.95390625 0.91805555625 0.95234375 0.9277777781250001 0.93828125 0.9291666671875 0.92578125 0.9166666671874999 0.90625 0.9069444437499999 0.90234375 0.897222221875 0.90625
7 0.8138888890624999 0.81796875 0.8041666671875 0.8125 0.790277778125 0.81171875 0.7361111109375 0.8109375 0.7402777781250001 0.81328125 0.7291666671875 0.8203125 0.7291666671875 0.83671875 0.722222221875 0.84140625 0.73194444375 0.846875 0.7416666671875001 0.8484375 0.7638888890625 0.84921875 0.7805555562500001 0.84453125 0.7819444437499999 0.83359375 0.8013888890624999 0.83046875 0.809722221875 0.81875 0.8263888890625 0.8171875 0.8138888890624999 0.81796875
7 0.7736111109375 0.74453125 0.777777778125 0.753125 0.7736111109375 0.7671875 0.8041666671875 0.76875 0.8125 0.7734375 0.8430555562500001 0.76875 0.8458333328125001 0.759375 0.8388888890624999 0.74921875 0.8138888890624999 0.7375 0.7833333328125 0.73671875 0.777777778125 0.7390625 0.7736111109375 0.74453125
7 0.85694444375 0.79375 0.859722221875 0.78515625 0.8222222218749999 0.78046875 0.7486111109375 0.7796875 0.7430555562500001 0.7859375 0.7638888890625 0.790625 0.8333333328125001 0.79296875 0.8458333328125001 0.7953125 0.85694444375 0.79375
7 0.7819444437499999 0.99140625 0.765277778125 0.98828125 0.7458333328125 0.98828125 0.7430555562500001 0.996875 0.74444444375 0.99921875 0.7736111109375 0.99921875 0.7819444437499999 0.99453125 0.7819444437499999 0.99140625
7 0.772222221875 0.93046875 0.76805555625 0.9484375 0.7569444437499999 0.96796875 0.7597222218749999 0.971875 0.79444444375 0.97421875 0.8027777781250001 0.96953125 0.83055555625 0.92890625 0.83194444375 0.9203125 0.827777778125 0.91875 0.8111111109375001 0.91875 0.7875 0.92890625 0.772222221875 0.93046875
7 0.8708333328125001 0.925 0.85694444375 0.94609375 0.8444444437499999 0.95625 0.8388888890624999 0.96875 0.8416666671874999 0.9796875 0.8486111109375001 0.9796875 0.8541666671874999 0.9765625 0.8611111109375 0.96328125 0.8666666671875 0.96015625 0.875 0.94375 0.875 0.9314453125 0.8680555562500001 0.93125 0.875 0.92734375 0.8708333328125001 0.925
7 0.83194444375 0.7421875 0.834722221875 0.7390625 0.83194444375 0.7375 0.83194444375 0.7421875
7 0.902777778125 0.7953125 0.9055555562500001 0.7890625 0.897222221875 0.78828125 0.89444444375 0.7921875 0.8888888890625 0.79296875 0.902777778125 0.7953125
7 0.91805555625 0.76796875 0.9277777781250001 0.75078125 0.9236111109375 0.7453125 0.9111111109375001 0.74765625 0.8986111109375001 0.7453125 0.8444444437499999 0.74453125 0.8486111109375001 0.76875 0.89444444375 0.77109375 0.91805555625 0.76796875
7 0.890277778125 0.6890625 0.8708333328125001 0.6921875 0.85694444375 0.7 0.83194444375 0.7359375 0.89444444375 0.7375 0.9277777781250001 0.74140625 0.9416666671874999 0.72265625 0.9444444437499999 0.7015625 0.95555555625 0.68203125 0.952777778125 0.67734375 0.94305555625 0.6765625 0.9 0.6765625 0.890277778125 0.6890625
4 0.76805555625 0.16796875 0.772222221875 0.16953125 0.76944444375 0.178125 0.777777778125 0.178125 0.7861111109375 0.17421875 0.83055555625 0.17421875 0.8444444437499999 0.16875 0.8444444437499999 0.16328125 0.840277778125 0.1625 0.8166666671874999 0.16171875 0.7916666671875 0.16875 0.76805555625 0.16796875
4 0.9277777781250001 0.075 0.9083333328125001 0.0703125 0.902777778125 0.07265625 0.872222221875 0.075 0.8236111109375001 0.075 0.8208333328125 0.08125 0.8263888890625 0.08671875 0.8375 0.08203125 0.85694444375 0.08515625 0.915277778125 0.0875 0.94305555625 0.0796875 0.94305555625 0.07578125 0.9361111109375001 0.0734375 0.9277777781250001 0.075
4 0.79444444375 0.16640625 0.81805555625 0.15703125 0.8166666671874999 0.153125 0.797222221875 0.15546875 0.7569444437499999 0.1546875 0.7361111109375 0.153125 0.7194444437499999 0.14765625 0.7194444437499999 0.15625 0.7388888890625 0.1578125 0.7458333328125 0.1609375 0.734722221875 0.16796875 0.722222221875 0.16796875 0.7291666671875 0.16875 0.722222221875 0.1734375 0.7388888890625 0.17265625 0.7583333328124999 0.16640625 0.79444444375 0.16640625
4 0.772222221875 0.45625 0.7861111109375 0.45859375 0.79305555625 0.45625 0.79305555625 0.45234375 0.7819444437499999 0.44765625 0.7819444437499999 0.4421875 0.75555555625 0.44140625 0.7180555562500001 0.4453125 0.6972222218749999 0.43515625 0.6916666671875 0.43515625 0.68194444375 0.43828125 0.6944444437499999 0.44375 0.6958333328124999 0.4484375 0.690277778125 0.45078125 0.66944444375 0.45078125 0.66805555625 0.46171875 0.6833333328125 0.45703125 0.7375 0.45625 0.7597222218749999 0.45859375 0.772222221875 0.45625