2 0.41944444374999995 0.975 0.4625 0.975 0.46944444374999994 0.96875 0.46805555625000006 0.9625 0.4583333328125 0.95703125 0.427777778125 0.9625 0.41805555625 0.9671875 0.41944444374999995 0.975
1 0.10694444375 0.615625 0.102777778125 0.621875 0.102777778125 0.6265625 0.1111111109375 0.6296875 0.15694444375 0.62734375 0.252777778125 0.62734375 0.259722221875 0.63125 0.259722221875 0.63984375 0.26527777812500003 0.640625 0.2708333328125 0.6328125 0.2888888890625 0.6234375 0.28472222187499996 0.61171875 0.290277778125 0.60625 0.2833333328125 0.6046875 0.2638888890625 0.6125 0.24305555625 0.6140625 0.11388888906250001 0.6140625 0.10694444375 0.615625
1 0.084722221875 0.5453125 0.0875 0.55703125 0.21805555625 0.5578125 0.22777777812500002 0.56171875 0.22638888906250001 0.56875 0.23055555625 0.5703125 0.2388888890625 0.5671875 0.24305555625 0.56171875 0.2513888890625 0.5328125 0.24305555625 0.53125 0.23611111093749998 0.54296875 0.225 0.54609375 0.18194444375000002 0.54609375 0.16944444375 0.54375 0.14861111093749999 0.54609375 0.084722221875 0.5453125
6 0.2388888890625 0.2359375 0.2236111109375 0.23984375 0.2166666671875 0.23671875 0.1916666671875 0.25 0.190277778125 0.26328125 0.18055555625 0.2671875 0.1583333328125 0.26953125 0.1513888890625 0.28828125 0.15 0.30859375 0.165277778125 0.31875 0.1666666671875 0.3296875 0.1763888890625 0.33359375 0.1763888890625 0.33671875 0.16944444375 0.3390625 0.17361111093749998 0.33828125 0.17916666718750002 0.34375 0.2125 0.3453125 0.22638888906250001 0.34375 0.2375 0.3390625 0.24305555625 0.33359375 0.2416666671875 0.31328125 0.24722222187499998 0.30234375 0.272222221875 0.29765625 0.28194444375 0.2921875 0.28472222187499996 0.28046875 0.275 0.271875 0.2791666671875 0.24375 0.27777777812500004 0.2390625 0.272222221875 0.23671875 0.2388888890625 0.2359375
6 0.1888888890625 0.3640625 0.17361111093749998 0.39375 0.15972222187500001 0.4015625 0.1611111109375 0.42421875 0.18055555625 0.43125 0.197222221875 0.43359375 0.22638888906250001 0.43125 0.22916666718749998 0.42734375 0.240277778125 0.4234375 0.25555555625 0.40625 0.259722221875 0.38203125 0.25833333281250004 0.353125 0.2541666671875 0.34375 0.2375 0.34296875 0.22916666718749998 0.3453125 0.2208333328125 0.36484375 0.2125 0.365625 0.20416666718749998 0.3625 0.1888888890625 0.3640625
7 0.134722221875 0.12734375 0.1208333328125 0.15 0.1208333328125 0.1625 0.134722221875 0.1625 0.1513888890625 0.15625 0.15277777812499999 0.1078125 0.147222221875 0.11328125 0.1513888890625 0.11640625 0.134722221875 0.12734375
7 0.097222221875 0.0296875 0.09444444375 0.03515625 0.11805555625 0.0375 0.1166666671875 0.03359375 0.10555555624999999 0.0296875 0.097222221875 0.0296875
7 0.1291666671875 0.07109375 0.12222222187500001 0.06875 0.125 0.0578125 0.1208333328125 0.0515625 0.1041666671875 0.04609375 0.0861111109375 0.04609375 0.072222221875 0.06171875 0.072222221875 0.0765625 0.08333333281250001 0.09296875 0.11944444375 0.09375 0.127777778125 0.08125 0.1291666671875 0.07109375
7 0.11388888906250001 0.10546875 0.09305555625 0.10234375 0.08333333281250001 0.10234375 0.0791666671875 0.1046875 0.07083333281250001 0.1296875 0.07083333281250001 0.1375 0.077777778125 0.14296875 0.08055555625000001 0.14375 0.102777778125 0.125 0.11388888906250001 0.1109375 0.11388888906250001 0.10546875
7 0.2791666671875 0.07734375 0.26805555625 0.06953125 0.23333333281250002 0.06953125 0.22638888906250001 0.0734375 0.18194444375000002 0.084375 0.172222221875 0.090625 0.1541666671875 0.1203125 0.15555555625 0.14296875 0.15972222187500001 0.146875 0.15555555625 0.153125 0.15555555625 0.18125 0.1625 0.1828125 0.19444444375 0.1859375 0.20694444375 0.18203125 0.2208333328125 0.18125 0.22916666718749998 0.17578125 0.22777777812500002 0.165625 0.21805555625 0.16328125 0.21805555625 0.1546875 0.222222221875 0.1515625 0.23611111093749998 0.14921875 0.25833333281250004 0.121875 0.27638888906250003 0.11796875 0.28055555625 0.11328125 0.27638888906250003 0.10390625 0.2791666671875 0.07734375
7 0.21805555625 0.01015625 0.2708333328125 0.0125 0.27777777812500004 0.01015625 0.28055555625 0.00546875 0.27777777812500004 0.00078125 0.22638888906250001 0.00078125 0.215277778125 0.00546875 0.21805555625 0.01015625
7 0.17361111093749998 0.08125 0.1861111109375 0.08203125 0.19444444375 0.07734375 0.2125 0.0734375 0.2166666671875 0.0703125 0.23055555625 0.06953125 0.2388888890625 0.06484375 0.240277778125 0.03984375 0.2513888890625 0.03046875 0.215277778125 0.0234375 0.20555555625 0.02421875 0.197222221875 0.028125 0.16944444375 0.071875 0.16805555625 0.0765625 0.17361111093749998 0.08125
7 0.127777778125 0.0734375 0.15 0.04765625 0.15972222187500001 0.01953125 0.15277777812499999 0.01953125 0.14444444375 0.0234375 0.13055555624999998 0.04453125 0.12222222187500001 0.06484375 0.127777778125 0.0734375
7 0.1125 0.2140625 0.127777778125 0.21484375 0.1375 0.22109375 0.14305555625 0.215625 0.1541666671875 0.2140625 0.1541666671875 0.20859375 0.140277778125 0.2046875 0.11805555625 0.20703125 0.115277778125 0.203125 0.0958333328125 0.2015625 0.09444444375 0.2125 0.10833333281249999 0.209375 0.1125 0.2140625
7 0.15972222187500001 0.2546875 0.1611111109375 0.25 0.15972222187500001 0.2375 0.1541666671875 0.23125 0.13888888906250002 0.22890625 0.09305555625 0.2296875 0.08055555625000001 0.23359375 0.072222221875 0.24921875 0.077777778125 0.25078125 0.13055555624999998 0.25234375 0.15555555625 0.25546875 0.15972222187500001 0.2546875
7 0.1 0.3234375 0.1111111109375 0.3109375 0.1291666671875 0.30859375 0.14305555625 0.29453125 0.147222221875 0.28203125 0.15555555625 0.27421875 0.15555555625 0.26328125 0.06944444375 0.2609375 0.059722221875 0.2765625 0.054166667187499996 0.3 0.04444444375 0.31796875 0.0513888890625 0.32265625 0.06944444375 0.32421875 0.1 0.3234375