2 0.96171875 0.5611111109375 0.9640625 0.5791666671875 0.975 0.58055555625 0.975 0.5361111109375 0.9703125 0.5305555562500001 0.959375 0.5333333328125 0.95703125 0.5361111109375 0.95703125 0.5513888890625 0.96171875 0.5611111109375
1 0.625 0.897222221875 0.6296875 0.89305555625 0.63046875 0.8833333328125 0.62734375 0.8416666671874999 0.62734375 0.7458333328125 0.63125 0.7388888890625 0.6390625 0.7402777781250001 0.6421875 0.7361111109375 0.63125 0.727777778125 0.625 0.7138888890625 0.6140625 0.7180555562500001 0.60546875 0.709722221875 0.60625 0.722222221875 0.61328125 0.7361111109375 0.61328125 0.8486111109375001 0.615625 0.8916666671875 0.625 0.897222221875
1 0.5453125 0.9138888890624999 0.55078125 0.9166666671874999 0.55703125 0.9125 0.5578125 0.7819444437499999 0.56171875 0.772222221875 0.56875 0.7736111109375 0.5703125 0.76944444375 0.5671875 0.7611111109375 0.5609375 0.7569444437499999 0.53359375 0.7486111109375 0.53125 0.75 0.53125 0.7569444437499999 0.54296875 0.7638888890625 0.54765625 0.7833333328125 0.54375 0.8291666671875 0.54609375 0.859722221875 0.5453125 0.9138888890624999
6 0.2421875 0.7916666671875 0.24453125 0.8027777781250001 0.25 0.8083333328125001 0.26328125 0.809722221875 0.2671875 0.8194444437499999 0.26953125 0.8416666671874999 0.2953125 0.85 0.30859375 0.85 0.32109375 0.83194444375 0.33046875 0.83194444375 0.33515625 0.8222222218749999 0.3390625 0.83194444375 0.34375 0.8222222218749999 0.34375 0.7736111109375 0.3375 0.7597222218749999 0.3140625 0.7583333328124999 0.30234375 0.752777778125 0.29765625 0.727777778125 0.29140625 0.7166666671875 0.28046875 0.715277778125 0.27109375 0.727777778125 0.2609375 0.7208333328125 0.2375 0.725 0.2359375 0.7597222218749999 0.2390625 0.7819444437499999 0.23671875 0.784722221875 0.2421875 0.7916666671875
6 0.42421875 0.8388888890624999 0.43125 0.8194444437499999 0.43359375 0.8041666671875 0.43125 0.7736111109375 0.4265625 0.76944444375 0.4234375 0.7597222218749999 0.40546875 0.74444444375 0.39453125 0.7402777781250001 0.35 0.7416666671875001 0.34296875 0.75 0.34453125 0.76944444375 0.36484375 0.7791666671875 0.36328125 0.809722221875 0.39453125 0.8263888890625 0.4015625 0.840277778125 0.42421875 0.8388888890624999
7 0.1578125 0.877777778125 0.16015625 0.8625 0.15546875 0.8486111109375001 0.11515625 0.8486111109375001 0.11640625 0.8541666671874999 0.1234375 0.85694444375 0.12734375 0.8652777781250001 0.15 0.8791666671874999 0.1578125 0.877777778125
7 0.03359375 0.9069444437499999 0.0375 0.897222221875 0.0375 0.8819444437499999 0.03125 0.890277778125 0.03046875 0.902777778125 0.03359375 0.9069444437499999
7 0.06171875 0.9277777781250001 0.0765625 0.9277777781250001 0.09296875 0.915277778125 0.09375 0.88055555625 0.0765625 0.8708333328125001 0.05078125 0.88055555625 0.0453125 0.8986111109375001 0.04609375 0.915277778125 0.06171875 0.9277777781250001
7 0.13046875 0.9291666671875 0.1375 0.9291666671875 0.14296875 0.922222221875 0.14375 0.91944444375 0.125 0.897222221875 0.1109375 0.8861111109375001 0.1046875 0.8861111109375001 0.103125 0.91944444375 0.13046875 0.9291666671875
7 0.06953125 0.73194444375 0.06953125 0.7666666671875 0.07421875 0.7763888890625 0.084375 0.81805555625 0.09609375 0.83194444375 0.11484375 0.8444444437499999 0.14375 0.8444444437499999 0.14765625 0.8388888890624999 0.1578125 0.8444444437499999 0.18125 0.8444444437499999 0.184375 0.8291666671875 0.1859375 0.80694444375 0.18203125 0.79444444375 0.18125 0.7791666671875 0.175 0.7708333328125 0.165625 0.772222221875 0.16328125 0.7819444437499999 0.15234375 0.7805555562500001 0.14921875 0.7638888890625 0.121875 0.7416666671875001 0.11796875 0.7236111109375 0.11328125 0.7194444437499999 0.10390625 0.7236111109375 0.078125 0.7208333328125 0.06953125 0.73194444375
7 0.7328125 0.7194444437499999 0.7296875 0.73194444375 0.73125 0.76805555625 0.7640625 0.8263888890625 0.78125 0.834722221875 0.8109375 0.8263888890625 0.81875 0.8111111109375001 0.8296875 0.8083333328125001 0.825 0.797222221875 0.828125 0.7513888890625 0.8234375 0.73194444375 0.8109375 0.7333333328125 0.80234375 0.7291666671875 0.7875 0.6958333328124999 0.7828125 0.6972222218749999 0.77890625 0.709722221875 0.77265625 0.7138888890625 0.7453125 0.7194444437499999 0.73828125 0.7111111109375 0.7328125 0.7194444437499999
7 0.01015625 0.7819444437499999 0.0125 0.73194444375 0.01015625 0.7236111109375 0.00390625 0.7208333328125 0.00078125 0.7236111109375 0.00078125 0.7763888890625 0.00546875 0.784722221875 0.01015625 0.7819444437499999
7 0.08125 0.8263888890625 0.08125 0.8083333328125001 0.0765625 0.8027777781250001 0.075 0.7875 0.07109375 0.784722221875 0.06953125 0.76944444375 0.06484375 0.7611111109375 0.0375 0.7583333328124999 0.03046875 0.75 0.025 0.7736111109375 0.025 0.79444444375 0.02734375 0.8 0.07109375 0.83055555625 0.07734375 0.83194444375 0.08125 0.8263888890625
7 0.01953125 0.840277778125 0.0234375 0.85555555625 0.04453125 0.86944444375 0.05703125 0.875 0.07265625 0.8736111109375001 0.07421875 0.8708333328125001 0.06640625 0.8625 0.04921875 0.85 0.0296875 0.840277778125 0.01953125 0.840277778125
7 0.20859375 0.8458333328125001 0.20625 0.85 0.2046875 0.8708333328125001 0.20859375 0.8847222218749999 0.2140625 0.8847222218749999 0.215625 0.86944444375 0.22265625 0.8625 0.215625 0.85694444375 0.2140625 0.8458333328125001 0.20859375 0.8458333328125001
7 0.2015625 0.902777778125 0.203125 0.9055555562500001 0.21171875 0.9055555562500001 0.21171875 0.9 0.2046875 0.8861111109375001 0.2015625 0.902777778125
7 0.2375 0.840277778125 0.23125 0.8458333328125001 0.22890625 0.8625 0.22890625 0.902777778125 0.23671875 0.9208333328125 0.24921875 0.9277777781250001 0.25078125 0.9236111109375 0.2515625 0.8819444437499999 0.25546875 0.8444444437499999 0.25 0.8388888890624999 0.2375 0.840277778125
7 0.32265625 0.952777778125 0.3234375 0.9444444437499999 0.325 0.9069444437499999 0.32265625 0.8986111109375001 0.31484375 0.8916666671875 0.31171875 0.872222221875 0.29453125 0.85694444375 0.28046875 0.852777778125 0.27421875 0.8444444437499999 0.26328125 0.8444444437499999 0.26015625 0.9236111109375 0.2625 0.93194444375 0.2828125 0.9444444437499999 0.3 0.9458333328125 0.31796875 0.95555555625 0.32265625 0.952777778125