1 0.847222221875 0.3875 0.8916666671875 0.384375 0.897222221875 0.38046875 0.897222221875 0.37421875 0.8875 0.36953125 0.8416666671874999 0.37265625 0.7541666671875 0.37265625 0.7402777781250001 0.36875 0.7402777781250001 0.36015625 0.734722221875 0.359375 0.7291666671875 0.3671875 0.7138888890625 0.375 0.7166666671875 0.38671875 0.709722221875 0.39375 0.722222221875 0.39375 0.7375 0.38671875 0.8166666671874999 0.384375 0.8430555562500001 0.38515625 0.847222221875 0.3875
1 0.915277778125 0.4546875 0.91805555625 0.4515625 0.9138888890624999 0.44296875 0.7833333328125 0.4421875 0.7736111109375 0.43828125 0.7736111109375 0.43125 0.76944444375 0.4296875 0.7611111109375 0.4328125 0.7569444437499999 0.43828125 0.7486111109375 0.46640625 0.7569444437499999 0.46875 0.7638888890625 0.45703125 0.775 0.45390625 0.797222221875 0.45234375 0.83055555625 0.45625 0.86944444375 0.45390625 0.915277778125 0.4546875
6 0.809722221875 0.73671875 0.8208333328125 0.7328125 0.8361111109375001 0.73203125 0.8444444437499999 0.72734375 0.85 0.69140625 0.834722221875 0.68125 0.8333333328125001 0.671875 0.8263888890625 0.66484375 0.83055555625 0.66015625 0.8222222218749999 0.65625 0.7833333328125 0.65625 0.7611111109375 0.6625 0.7611111109375 0.6828125 0.752777778125 0.6984375 0.725 0.70234375 0.7166666671875 0.70859375 0.715277778125 0.71875 0.7291666671875 0.7296875 0.722222221875 0.73671875 0.7236111109375 0.7609375 0.7291666671875 0.76328125 0.765277778125 0.7640625 0.8027777781250001 0.7546875 0.809722221875 0.73671875
6 0.840277778125 0.59765625 0.8388888890624999 0.57578125 0.8194444437499999 0.56875 0.8041666671875 0.56640625 0.7819444437499999 0.5671875 0.7569444437499999 0.57734375 0.752777778125 0.58828125 0.7402777781250001 0.59921875 0.7416666671875001 0.6515625 0.7486111109375 0.65703125 0.7708333328125 0.6546875 0.7763888890625 0.63671875 0.784722221875 0.6328125 0.79305555625 0.63671875 0.809722221875 0.6359375 0.8236111109375001 0.6078125 0.840277778125 0.59765625
7 0.85555555625 0.88203125 0.8652777781250001 0.87421875 0.8708333328125001 0.8546875 0.8791666671874999 0.8484375 0.8763888890624999 0.8421875 0.8625 0.83984375 0.85 0.84375 0.8458333328125001 0.8921875 0.852777778125 0.88984375 0.85555555625 0.88203125
7 0.902777778125 0.95625 0.91805555625 0.953125 0.9277777781250001 0.93828125 0.9277777781250001 0.92421875 0.915277778125 0.90703125 0.88055555625 0.90625 0.872222221875 0.91796875 0.872222221875 0.928125 0.877777778125 0.93125 0.877777778125 0.94609375 0.88055555625 0.9515625 0.890277778125 0.95390625 0.8819444437499999 0.9625 0.8847222218749999 0.96640625 0.89444444375 0.96953125 0.902777778125 0.96953125 0.9138888890624999 0.9625 0.9041666671874999 0.9609375 0.902777778125 0.95625
7 0.9236111109375 0.8578125 0.91805555625 0.8578125 0.897222221875 0.875 0.8861111109375001 0.8890625 0.8861111109375001 0.89609375 0.91944444375 0.89609375 0.9291666671875 0.86875 0.9236111109375 0.8578125
7 0.7208333328125 0.92109375 0.722222221875 0.925 0.7333333328125 0.93046875 0.76805555625 0.93046875 0.7763888890625 0.92578125 0.8166666671874999 0.91640625 0.827777778125 0.909375 0.8444444437499999 0.8796875 0.8444444437499999 0.85625 0.840277778125 0.85390625 0.8458333328125001 0.8421875 0.8444444437499999 0.81953125 0.83194444375 0.81640625 0.8055555562500001 0.815625 0.7791666671875 0.81875 0.7708333328125 0.825 0.7736111109375 0.83515625 0.7819444437499999 0.8375 0.7819444437499999 0.84609375 0.7638888890625 0.85078125 0.7458333328125 0.86953125 0.7416666671875001 0.87890625 0.7236111109375 0.88203125 0.7194444437499999 0.88671875 0.7194444437499999 0.89375 0.7236111109375 0.89609375 0.7208333328125 0.92109375
7 0.722222221875 0.98984375 0.722222221875 0.99921875 0.7819444437499999 0.99921875 0.7819444437499999 0.99296875 0.7638888890625 0.98828125 0.73055555625 0.9875 0.722222221875 0.98984375
7 0.8027777781250001 0.9234375 0.784722221875 0.925 0.7638888890625 0.9328125 0.7597222218749999 0.93671875 0.7611111109375 0.96015625 0.7541666671875 0.9703125 0.7736111109375 0.975 0.797222221875 0.9734375 0.83055555625 0.928125 0.83194444375 0.921875 0.8263888890625 0.91875 0.8125 0.91796875 0.8027777781250001 0.9234375
7 0.840277778125 0.98046875 0.85694444375 0.975 0.8652777781250001 0.9625 0.877777778125 0.9359375 0.875 0.92734375 0.8708333328125001 0.925 0.85694444375 0.9390625 0.8541666671874999 0.953125 0.8486111109375001 0.95703125 0.840277778125 0.98046875
7 0.8611111109375 0.78046875 0.8486111109375001 0.78671875 0.8486111109375001 0.7921875 0.877777778125 0.79296875 0.8791666671874999 0.7875 0.86944444375 0.7859375 0.8611111109375 0.78046875
7 0.8916666671875 0.7921875 0.8833333328125 0.7890625 0.8819444437499999 0.79296875 0.902777778125 0.79765625 0.9069444437499999 0.78828125 0.902777778125 0.7875 0.8916666671875 0.7921875
7 0.9236111109375 0.74921875 0.8416666671874999 0.7453125 0.840277778125 0.76328125 0.847222221875 0.76875 0.8625 0.77109375 0.9083333328125001 0.77109375 0.91944444375 0.76640625 0.9236111109375 0.74921875
7 0.9083333328125001 0.675 0.8958333328125001 0.68046875 0.89444444375 0.68515625 0.8833333328125 0.690625 0.86944444375 0.69140625 0.8444444437499999 0.72578125 0.8444444437499999 0.73671875 0.9305555562500001 0.7390625 0.9416666671874999 0.72265625 0.9444444437499999 0.70625 0.95555555625 0.6828125 0.9541666671875 0.678125 0.9444444437499999 0.6765625 0.9083333328125001 0.675