2 0.96953125 0.5319444437499999 0.9625 0.5319444437499999 0.9609375 0.540277778125 0.9640625 0.5791666671875 0.975 0.58055555625 0.975 0.5416666671875 0.96953125 0.5319444437499999
1 0.61640625 0.89444444375 0.6265625 0.897222221875 0.6296875 0.89305555625 0.63125 0.8819444437499999 0.62734375 0.8416666671874999 0.62734375 0.752777778125 0.63125 0.7402777781250001 0.640625 0.7402777781250001 0.6421875 0.7361111109375 0.63203125 0.727777778125 0.62421875 0.7111111109375 0.61328125 0.7166666671875 0.60625 0.709722221875 0.60625 0.722222221875 0.61328125 0.7361111109375 0.61484375 0.7611111109375 0.61328125 0.8888888890625 0.61640625 0.89444444375
1 0.5578125 0.784722221875 0.56171875 0.7736111109375 0.56875 0.7736111109375 0.5703125 0.76944444375 0.56328125 0.7583333328124999 0.53984375 0.7486111109375 0.5390625 0.7611111109375 0.533871821875 0.75979284375 0.5453125 0.772222221875 0.54765625 0.784722221875 0.54375 0.83055555625 0.54609375 0.8541666671874999 0.5453125 0.915277778125 0.54921875 0.91805555625 0.55703125 0.9138888890624999 0.5578125 0.784722221875
6 0.24609375 0.8041666671875 0.26484375 0.8125 0.26953125 0.8416666671874999 0.29453125 0.85 0.30859375 0.85 0.31875 0.8361111109375001 0.3296875 0.8333333328125001 0.334375 0.827777778125 0.33984375 0.83055555625 0.34375 0.8236111109375001 0.34375 0.7819444437499999 0.33828125 0.7625 0.3359375 0.7583333328124999 0.315625 0.7611111109375 0.3015625 0.752777778125 0.29765625 0.725 0.29375 0.7166666671875 0.27890625 0.7166666671875 0.27109375 0.7291666671875 0.26328125 0.722222221875 0.2375 0.725 0.2359375 0.7638888890625 0.23828125 0.7819444437499999 0.24609375 0.8041666671875
6 0.40234375 0.840277778125 0.425 0.8388888890624999 0.4328125 0.80694444375 0.4328125 0.7819444437499999 0.4296875 0.772222221875 0.42109375 0.7569444437499999 0.4125 0.7541666671875 0.4046875 0.7430555562500001 0.34921875 0.7416666671875001 0.34296875 0.7486111109375 0.3453125 0.7708333328125 0.365625 0.7805555562500001 0.365625 0.790277778125 0.36328125 0.79305555625 0.3640625 0.809722221875 0.39375 0.8263888890625 0.40234375 0.840277778125
7 0.16015625 0.86944444375 0.1609375 0.8638888890624999 0.1546875 0.8486111109375001 0.10703125 0.8458333328125001 0.10859375 0.852777778125 0.1515625 0.8791666671874999 0.15703125 0.877777778125 0.16015625 0.86944444375
7 0.0484375 0.91944444375 0.06171875 0.9277777781250001 0.07578125 0.9277777781250001 0.09296875 0.9166666671874999 0.09375 0.88055555625 0.08203125 0.872222221875 0.0765625 0.872222221875 0.0734375 0.877777778125 0.0484375 0.88055555625 0.0421875 0.902777778125 0.03828125 0.8986111109375001 0.03828125 0.8819444437499999 0.03359375 0.8847222218749999 0.0296875 0.89444444375 0.03046875 0.902777778125 0.0375 0.9138888890624999 0.04140625 0.9083333328125001 0.0484375 0.91944444375
7 0.10390625 0.91944444375 0.1234375 0.9277777781250001 0.13984375 0.9277777781250001 0.14375 0.91944444375 0.13671875 0.909722221875 0.1234375 0.8958333328125001 0.1046875 0.8861111109375001 0.10234375 0.9069444437499999 0.10390625 0.91944444375
7 0.06953125 0.7333333328125 0.06953125 0.7666666671875 0.0734375 0.7736111109375 0.08359375 0.8166666671874999 0.090625 0.827777778125 0.12109375 0.8444444437499999 0.14375 0.8444444437499999 0.14609375 0.840277778125 0.1515625 0.8444444437499999 0.18046875 0.8444444437499999 0.18359375 0.83194444375 0.184375 0.80694444375 0.18125 0.7791666671875 0.1765625 0.772222221875 0.16875 0.7708333328125 0.16328125 0.7819444437499999 0.153125 0.7819444437499999 0.14921875 0.7638888890625 0.13046875 0.7458333328125 0.12109375 0.7416666671875001 0.11875 0.725 0.1140625 0.7194444437499999 0.1046875 0.7236111109375 0.0765625 0.722222221875 0.06953125 0.7333333328125
7 0.0046875 0.7291666671875 0.00078125 0.7333333328125 0.00078125 0.7791666671875 0.00703125 0.7819444437499999 0.01171875 0.765277778125 0.0125 0.7333333328125 0.0046875 0.7291666671875
7 0.0765625 0.8 0.0671875 0.7638888890625 0.0625 0.7597222218749999 0.0375 0.7597222218749999 0.03125 0.7541666671875 0.028125 0.7583333328124999 0.025 0.7819444437499999 0.0265625 0.797222221875 0.071875 0.83055555625 0.07734375 0.83194444375 0.08125 0.8263888890625 0.08203125 0.8111111109375001 0.0765625 0.8
7 0.025 0.85694444375 0.05703125 0.875 0.07265625 0.877777778125 0.075 0.86944444375 0.06484375 0.85694444375 0.04375 0.8541666671874999 0.03515625 0.8458333328125001 0.01953125 0.840277778125 0.025 0.85694444375
7 0.22265625 0.8625 0.2140625 0.85 0.20859375 0.8486111109375001 0.20703125 0.8791666671874999 0.2140625 0.8833333328125 0.215625 0.86944444375 0.22265625 0.8625
7 0.203125 0.9041666671874999 0.21171875 0.9069444437499999 0.2109375 0.89444444375 0.20703125 0.890277778125 0.203125 0.89444444375 0.203125 0.9041666671874999
7 0.22890625 0.9083333328125001 0.23125 0.9166666671874999 0.246875 0.925 0.25078125 0.9236111109375 0.2515625 0.9125 0.2546875 0.8416666671874999 0.2375 0.840277778125 0.23125 0.847222221875 0.22890625 0.8625 0.22890625 0.9083333328125001
7 0.3234375 0.9458333328125 0.325 0.9069444437499999 0.31953125 0.8958333328125001 0.31328125 0.89305555625 0.30859375 0.88055555625 0.30859375 0.8708333328125001 0.29453125 0.85694444375 0.28046875 0.852777778125 0.27421875 0.8444444437499999 0.26328125 0.8444444437499999 0.2609375 0.9166666671874999 0.2625 0.93194444375 0.31875 0.95555555625 0.32265625 0.952777778125 0.3234375 0.9458333328125