1 0.90625 0.5666666671875 0.9125 0.5611111109375 0.9265625 0.5319444437499999 0.93125 0.5333333328125 0.93203125 0.5583333328125 0.93359375 0.565277778125 0.93671875 0.5666666671875 0.93984375 0.5486111109375 0.9359375 0.4986111109375 0.94296875 0.47222222187499996 0.93984375 0.44166666718750003 0.94375 0.4166666671875 0.93828125 0.40416666718750005 0.93671875 0.3458333328125 0.93359375 0.34861111093749997 0.9328125 0.35555555625 0.9296875 0.44305555625000004 0.90703125 0.45 0.903125 0.4583333328125 0.9 0.48055555625 0.884375 0.5361111109375 0.88203125 0.5486111109375 0.8828125 0.5666666671875 0.90625 0.5666666671875
1 0.78125 0.6236111109375 0.78203125 0.64305555625 0.81015625 0.6569444437499999 0.81875 0.66805555625 0.85859375 0.66944444375 0.86015625 0.6569444437499999 0.85546875 0.6111111109375 0.8328125 0.602777778125 0.8265625 0.5958333328125 0.82734375 0.5888888890625 0.8359375 0.5722222218749999 0.85 0.5694444437499999 0.85078125 0.565277778125 0.84375 0.49444444374999996 0.81875 0.4986111109375 0.81796875 0.5138888890625 0.81328125 0.5236111109375 0.81171875 0.5416666671875 0.78125 0.6236111109375
1 0.60859375 0.85694444375 0.61328125 0.875 0.6140625 0.89444444375 0.625 0.89444444375 0.6296875 0.8847222218749999 0.628125 0.7458333328125 0.63125 0.7402777781250001 0.63984375 0.7388888890625 0.640625 0.7333333328125 0.6328125 0.7291666671875 0.6296875 0.7194444437499999 0.62421875 0.7138888890625 0.61328125 0.7166666671875 0.60625 0.7111111109375 0.60625 0.7236111109375 0.61328125 0.7402777781250001 0.61328125 0.7875 0.6109375 0.79305555625 0.60859375 0.85694444375
1 0.54375 0.8194444437499999 0.5453125 0.877777778125 0.54296875 0.9069444437499999 0.55078125 0.9166666671874999 0.55625 0.9138888890624999 0.55703125 0.909722221875 0.5578125 0.85694444375 0.56015625 0.8444444437499999 0.55859375 0.7861111109375 0.5625 0.7736111109375 0.56875 0.7763888890625 0.5703125 0.76944444375 0.5671875 0.7611111109375 0.56171875 0.7569444437499999 0.54296875 0.7486111109375 0.53203125 0.7486111109375 0.53125 0.7569444437499999 0.5421875 0.76805555625 0.54609375 0.7833333328125 0.54375 0.8194444437499999
7 0.0703125 0.7333333328125 0.06953125 0.7638888890625 0.078125 0.7986111109375 0.084375 0.8166666671874999 0.09609375 0.83194444375 0.11953125 0.8444444437499999 0.14453125 0.8444444437499999 0.146875 0.840277778125 0.1609375 0.8444444437499999 0.17578125 0.840277778125 0.18359375 0.83055555625 0.18359375 0.79444444375 0.18046875 0.7791666671875 0.17578125 0.7736111109375 0.16796875 0.7736111109375 0.1625 0.7819444437499999 0.15390625 0.7833333328125 0.15078125 0.777777778125 0.14921875 0.7638888890625 0.121875 0.7416666671875001 0.11875 0.727777778125 0.11171875 0.7194444437499999 0.1046875 0.7236111109375 0.07734375 0.7236111109375 0.0703125 0.7333333328125
7 0.93203125 0.40277777812500004 0.93203125 0.415277778125 0.934375 0.4138888890625 0.9328125 0.40694444374999994 0.93671875 0.3958333328125 0.93671875 0.372222221875 0.9328125 0.384722221875 0.934375 0.397222221875 0.93203125 0.40277777812500004
7 0.89375 0.44166666718750003 0.89453125 0.4166666671875 0.89140625 0.3958333328125 0.875 0.3791666671875 0.85859375 0.38194444375000003 0.85859375 0.4166666671875 0.8625 0.4291666671875 0.86953125 0.48333333281249996 0.87265625 0.490277778125 0.8765625 0.5319444437499999 0.88046875 0.5319444437499999 0.88359375 0.540277778125 0.88359375 0.5666666671875 0.90625 0.5666666671875 0.92578125 0.5319444437499999 0.9328125 0.5319444437499999 0.9328125 0.5527777781250001 0.9375 0.5541666671875001 0.93359375 0.5513888890625 0.934375 0.5458333328125 0.9375 0.546759721875 0.9375 0.5393513890625 0.93359375 0.5333333328125 0.9375 0.5319444437499999 0.934375 0.4986111109375 0.9421875 0.475 0.94140625 0.45277777812500003 0.9375 0.44444444375 0.9375 0.4375 0.9234375 0.447222221875 0.89921875 0.45 0.89375 0.44166666718750003
7 0.9890625 0.66944444375 0.9984375 0.6569444437499999 1 0.6416666671875 0.99609375 0.6347222218749999 0.95546875 0.6291666671875 0.95 0.6236111109375 0.94375 0.6236111109375 0.9359375 0.63055555625 0.9109375 0.63055555625 0.8984375 0.6138888890625 0.88828125 0.6166666671875001 0.884375 0.6375 0.88671875 0.64305555625 0.88828125 0.66944444375 0.965625 0.672222221875 0.9890625 0.66944444375
7 0.76328125 0.4361111109375 0.7203125 0.4361111109375 0.71875 0.45416666718750004 0.6921875 0.46527777812500004 0.69375 0.4236111109375 0.6859375 0.41111111093749997 0.68046875 0.41111111093749997 0.6625 0.440277778125 0.6515625 0.4458333328125 0.63671875 0.48194444374999995 0.6359375 0.5319444437499999 0.6390625 0.5555555562500001 0.64296875 0.565277778125 0.65859375 0.5888888890625 0.68125 0.60694444375 0.69609375 0.627777778125 0.70703125 0.6361111109375 0.709375 0.64305555625 0.71796875 0.6458333328125 0.72578125 0.6666666671875 0.7390625 0.6708333328125 0.74453125 0.684722221875 0.753125 0.672222221875 0.76796875 0.66944444375 0.77265625 0.6569444437499999 0.77578125 0.6333333328124999 0.77890625 0.63055555625 0.7828125 0.64444444375 0.81015625 0.6569444437499999 0.81796875 0.6666666671875 0.859375 0.66805555625 0.8546875 0.6083333328125 0.85 0.602777778125 0.8390625 0.602777778125 0.8296875 0.5916666671875 0.83125 0.58194444375 0.83984375 0.5708333328124999 0.85 0.56805555625 0.84375 0.475 0.83515625 0.42222222187499997 0.81015625 0.43055555625 0.78671875 0.43194444374999996 0.77734375 0.44444444375 0.76953125 0.44305555625000004 0.76328125 0.4361111109375
7 0.00078125 0.7194444437499999 0.00390625 0.722222221875 0.00546875 0.7402777781250001 0.0140625 0.7388888890625 0.01953125 0.6958333328124999 0.0203125 0.6625 0.0140625 0.6583333328125 0.0109375 0.6486111109375 0.00078125 0.647222221875 0.00078125 0.7194444437499999
7 0.1578125 0.85694444375 0.153125 0.85 0.1328125 0.85 0.12578125 0.8458333328125001 0.11953125 0.8458333328125001 0.1171875 0.85 0.1203125 0.8583333328125 0.13359375 0.86944444375 0.14375 0.8708333328125001 0.1515625 0.8791666671874999 0.1578125 0.877777778125 0.16015625 0.8680555562500001 0.1578125 0.85694444375
7 0.09375 0.9138888890624999 0.09453125 0.9055555562500001 0.09453125 0.88055555625 0.07421875 0.86944444375 0.0578125 0.875 0.0515625 0.88055555625 0.046875 0.89305555625 0.04296875 0.89444444375 0.0390625 0.8819444437499999 0.03515625 0.8819444437499999 0.028125 0.89444444375 0.03359375 0.9138888890624999 0.0375 0.91805555625 0.06171875 0.9277777781250001 0.0859375 0.9236111109375 0.09375 0.9138888890624999
7 0.1421875 0.9236111109375 0.14375 0.91944444375 0.12734375 0.8958333328125001 0.1125 0.8861111109375001 0.10078125 0.8847222218749999 0.103125 0.9208333328125 0.134375 0.9305555562500001 0.1421875 0.9236111109375
7 0.6453125 0.9458333328125 0.65546875 0.9486111109375001 0.6640625 0.9416666671874999 0.66640625 0.9416666671874999 0.6734375 0.95694444375 0.71171875 0.95 0.71875 0.94305555625 0.71875 0.9166666671874999 0.72421875 0.9013888890624999 0.725 0.8430555562500001 0.71875 0.825 0.703125 0.8291666671875 0.69609375 0.80694444375 0.67578125 0.80694444375 0.66640625 0.8361111109375001 0.64296875 0.83194444375 0.63125 0.840277778125 0.63125 0.8888888890625 0.62109375 0.897222221875 0.61953125 0.902777778125 0.6203125 0.9583333328125001 0.625 0.9625 0.6453125 0.9458333328125
7 0.54453125 0.877777778125 0.5421875 0.8236111109375001 0.53359375 0.83055555625 0.521875 0.86944444375 0.5234375 0.9736111109375001 0.5265625 0.9902777781250001 0.56875 0.99444444375 0.6046875 0.98055555625 0.6109375 0.9708333328125001 0.61171875 0.8847222218749999 0.60859375 0.877777778125 0.60625 0.8416666671874999 0.60078125 0.8291666671875 0.6 0.8194444437499999 0.58046875 0.815277778125 0.57109375 0.8208333328125 0.5671875 0.83055555625 0.56328125 0.83194444375 0.55859375 0.85694444375 0.5578125 0.9069444437499999 0.5515625 0.9166666671874999 0.54140625 0.9069444437499999 0.54453125 0.877777778125
7 0.01015625 0.76944444375 0.01171875 0.7458333328125 0.00625 0.74444444375 0.0046875 0.7569444437499999 0.00078125 0.7597222218749999 0.00078125 0.7708333328125 0.00703125 0.777777778125 0.01015625 0.76944444375
7 0.01484375 0.8263888890625 0.015625 0.83055555625 0.0171875 0.827777778125 0.01484375 0.8263888890625
7 0.0625 0.7611111109375 0.03125 0.7597222218749999 0.028125 0.7638888890625 0.025 0.79444444375 0.03203125 0.8041666671875 0.07109375 0.8291666671875 0.0796875 0.8291666671875 0.08046875 0.809722221875 0.0765625 0.8041666671875 0.06953125 0.7708333328125 0.0625 0.7611111109375
7 0.01953125 0.8444444437499999 0.0234375 0.852777778125 0.040625 0.8680555562500001 0.0640625 0.8791666671874999 0.07578125 0.8763888890624999 0.0765625 0.8708333328125001 0.06953125 0.8666666671875 0.06484375 0.85694444375 0.01953125 0.8361111109375001 0.01953125 0.8444444437499999
7 0.20703125 0.8708333328125001 0.2125 0.8708333328125001 0.21328125 0.8583333328125 0.2109375 0.852777778125 0.20703125 0.85694444375 0.20703125 0.8708333328125001
7 0.20859375 0.9055555562500001 0.2140625 0.902777778125 0.2109375 0.8847222218749999 0.20703125 0.8833333328125 0.20703125 0.890277778125 0.203125 0.89444444375 0.203125 0.902777778125 0.20859375 0.9055555562500001
7 0.25390625 0.88055555625 0.25390625 0.8430555562500001 0.24140625 0.840277778125 0.2328125 0.8444444437499999 0.22734375 0.9138888890624999 0.23203125 0.91944444375 0.24921875 0.925 0.25390625 0.88055555625
7 0.3140625 0.89305555625 0.3046875 0.8708333328125001 0.28125 0.8444444437499999 0.26953125 0.840277778125 0.26328125 0.8444444437499999 0.2609375 0.9305555562500001 0.28203125 0.9416666671874999 0.31171875 0.9486111109375001 0.31484375 0.952777778125 0.31953125 0.952777778125 0.3234375 0.9472222218749999 0.32265625 0.897222221875 0.3140625 0.89305555625
4 1 0.44444444375 0.99375 0.4236111109375 0.9890625 0.42222222187499997 0.98671875 0.447222221875 0.9796875 0.4375 0.975 0.44444444375 0.98125 0.47222222187499996 0.98125 0.5375 0.996875 0.55694444375 1 0.55694444375 1 0.44444444375
4 0.68046875 0.40694444374999994 0.68828125 0.40694444374999994 0.69375 0.41805555625 0.6921875 0.46944444374999994 0.69609375 0.50555555625 0.69921875 0.5097222218749999 0.703125 0.5305555562500001 0.7 0.5361111109375 0.7 0.5555555562500001 0.70703125 0.5666666671875 0.7125 0.5666666671875 0.71875 0.55694444375 0.71875 0.5361111109375 0.725 0.5291666671875 0.7265625 0.51805555625 0.72734375 0.48333333281249996 0.725 0.47083333281249995 0.71875 0.4583333328125 0.7171875 0.44444444375 0.71484375 0.44444444375 0.71171875 0.434722221875 0.70703125 0.40555555625000006 0.70625 0.3625 0.70234375 0.35694444375 0.690625 0.36944444375 0.69375 0.3861111109375 0.68671875 0.38333333281250004 0.6796875 0.3986111109375 0.68046875 0.40694444374999994
4 0.44609375 0.915277778125 0.44921875 0.915277778125 0.45078125 0.9069444437499999 0.4546875 0.902777778125 0.45703125 0.86944444375 0.45703125 0.847222221875 0.446875 0.847222221875 0.44453125 0.877777778125 0.43984375 0.8888888890625 0.44609375 0.915277778125
4 0.46796875 0.847222221875 0.4640625 0.85694444375 0.46171875 0.89444444375 0.46875 0.9166666671874999 0.47578125 0.9055555562500001 0.4765625 0.8486111109375001 0.46796875 0.847222221875