2 0.025 0.4625 0.0296875 0.46944444374999994 0.040625 0.46527777812500004 0.0421875 0.4583333328125 0.03671875 0.42222222187499997 0.03359375 0.41805555625 0.025 0.41944444374999995 0.025 0.4625
1 0.38828125 0.28472222187499996 0.39453125 0.290277778125 0.3953125 0.2833333328125 0.38671875 0.259722221875 0.38515625 0.225 0.38671875 0.10833333281249999 0.375 0.102777778125 0.371875 0.10555555624999999 0.3703125 0.115277778125 0.37265625 0.15 0.37265625 0.252777778125 0.36875 0.259722221875 0.36015625 0.259722221875 0.359375 0.26527777812500003 0.3671875 0.2708333328125 0.3765625 0.2888888890625 0.38828125 0.28472222187499996
1 0.45546875 0.23333333281250002 0.45234375 0.215277778125 0.45625 0.1708333328125 0.45625 0.15555555625 0.45390625 0.14861111093749999 0.4546875 0.084722221875 0.44296875 0.0875 0.4421875 0.2166666671875 0.43828125 0.22777777812500002 0.43125 0.22638888906250001 0.43046875 0.23472222187499997 0.43828125 0.24305555625 0.46875 0.2513888890625 0.46875 0.24305555625 0.45546875 0.23333333281250002
6 0.721875 0.2833333328125 0.7296875 0.272222221875 0.7390625 0.2791666671875 0.7625 0.275 0.7640625 0.23472222187499997 0.7609375 0.21944444375 0.7640625 0.215277778125 0.75078125 0.1916666671875 0.73671875 0.190277778125 0.7328125 0.17916666718750002 0.73046875 0.1583333328125 0.71171875 0.1513888890625 0.6921875 0.15 0.68125 0.165277778125 0.6703125 0.1666666671875 0.665625 0.1763888890625 0.6609375 0.16944444375 0.65625 0.177777778125 0.65625 0.21805555625 0.66328125 0.2416666671875 0.675 0.24305555625 0.68125 0.2388888890625 0.69765625 0.24722222187499998 0.70234375 0.272222221875 0.71171875 0.28472222187499996 0.721875 0.2833333328125
6 0.6546875 0.22916666718749998 0.634375 0.21805555625 0.6375 0.20138888906250002 0.63671875 0.190277778125 0.62109375 0.184722221875 0.60625 0.17361111093749998 0.5984375 0.15972222187500001 0.57578125 0.1611111109375 0.56875 0.18055555625 0.56640625 0.197222221875 0.5671875 0.21805555625 0.57734375 0.24305555625 0.60546875 0.259722221875 0.65078125 0.25833333281250004 0.65703125 0.2513888890625 0.65703125 0.23611111093749998 0.6546875 0.22916666718749998
7 0.87890625 0.25833333281250004 0.88203125 0.27638888906250003 0.88671875 0.28055555625 0.89765625 0.27638888906250003 0.921875 0.2791666671875 0.93046875 0.26805555625 0.93046875 0.23333333281250002 0.9265625 0.22638888906250001 0.91640625 0.1833333328125 0.90390625 0.16805555625 0.87890625 0.1541666671875 0.85625 0.15555555625 0.8515625 0.16388888906250001 0.8484375 0.1583333328125 0.8390625 0.15555555625 0.81953125 0.15555555625 0.815625 0.17361111093749998 0.8140625 0.1916666671875 0.81875 0.2208333328125 0.82421875 0.22916666718749998 0.83125 0.23055555625 0.8375 0.21805555625 0.846875 0.21944444375 0.85078125 0.23611111093749998 0.87890625 0.25833333281250004
7 0.85 0.1208333328125 0.84140625 0.12222222187500001 0.8390625 0.134722221875 0.84453125 0.1513888890625 0.89296875 0.1541666671875 0.88671875 0.1458333328125 0.88359375 0.1513888890625 0.88046875 0.14305555625 0.8671875 0.13055555624999998 0.85 0.1208333328125
7 0.97265625 0.10138888906250001 0.96640625 0.09444444375 0.9625 0.102777778125 0.96171875 0.1166666671875 0.9640625 0.11805555625 0.97265625 0.10138888906250001
7 0.9390625 0.072222221875 0.9234375 0.072222221875 0.90703125 0.084722221875 0.90625 0.11805555625 0.91796875 0.127777778125 0.93125 0.1291666671875 0.94296875 0.125 0.95 0.11805555625 0.95390625 0.1041666671875 0.95390625 0.084722221875 0.9390625 0.072222221875
7 0.8578125 0.07638888906249999 0.8578125 0.08194444375 0.875 0.102777778125 0.89453125 0.11388888906250001 0.89765625 0.09305555625 0.896875 0.08055555625000001 0.86953125 0.07083333281250001 0.86328125 0.07083333281250001 0.8578125 0.07638888906249999
7 0.99453125 0.275 0.99921875 0.272222221875 0.99921875 0.2236111109375 0.9921875 0.21944444375 0.9890625 0.23194444375 0.98828125 0.26527777812500003 0.99453125 0.275
7 0.95390625 0.23611111093749998 0.96875 0.24722222187499998 0.971875 0.24444444375000002 0.97578125 0.2166666671875 0.97421875 0.20277777812500003 0.9359375 0.17361111093749998 0.925 0.16805555625 0.91953125 0.172222221875 0.91953125 0.1916666671875 0.9234375 0.19583333281249998 0.925 0.20555555625 0.92890625 0.20833333281250002 0.93046875 0.23055555625 0.93515625 0.2388888890625 0.946875 0.240277778125 0.95390625 0.23611111093749998
7 0.92734375 0.13055555624999998 0.95234375 0.15 0.978125 0.15972222187500001 0.975 0.1458333328125 0.95546875 0.13055555624999998 0.93984375 0.125 0.928125 0.127777778125 0.92734375 0.13055555624999998
7 0.79453125 0.14305555625 0.79375 0.11944444375 0.796875 0.115277778125 0.7984375 0.0958333328125 0.7875 0.09444444375 0.79140625 0.1111111109375 0.78671875 0.1125 0.784375 0.13194444375 0.77890625 0.1375 0.78515625 0.14305555625 0.78671875 0.15277777812499999 0.79140625 0.15277777812499999 0.79453125 0.14305555625
7 0.76640625 0.15972222187500001 0.77109375 0.13888888906250002 0.77109375 0.09305555625 0.76640625 0.08055555625000001 0.75 0.072222221875 0.7453125 0.1583333328125 0.76640625 0.15972222187500001
7 0.7265625 0.15555555625 0.7359375 0.15555555625 0.7390625 0.06944444375 0.71796875 0.05694444375 0.69921875 0.054166667187499996 0.68203125 0.04444444375 0.67890625 0.047222221875 0.6765625 0.059722221875 0.675 0.0916666671875 0.68046875 0.1041666671875 0.6859375 0.10555555624999999 0.69140625 0.1166666671875 0.6921875 0.13055555624999998 0.70546875 0.14305555625 0.71953125 0.1458333328125 0.7265625 0.15555555625