1 0.10833333281249999 0.61484375 0.102777778125 0.6171875 0.1041666671875 0.625 0.11805555625 0.6296875 0.25555555625 0.628125 0.259722221875 0.640625 0.2666666671875 0.6421875 0.272222221875 0.63203125 0.28611111093749997 0.62421875 0.2833333328125 0.61328125 0.2888888890625 0.60625 0.27777777812500004 0.60625 0.259722221875 0.61328125 0.21805555625 0.6140625 0.19444444375 0.61015625 0.1583333328125 0.61015625 0.127777778125 0.61484375 0.10833333281249999 0.61484375
1 0.08055555625000001 0.54921875 0.08055555625000001 0.553125 0.0916666671875 0.5578125 0.2138888890625 0.55859375 0.22638888906250001 0.56328125 0.2236111109375 0.56875 0.23055555625 0.5703125 0.24305555625 0.56171875 0.25 0.5484375 0.2513888890625 0.53203125 0.24305555625 0.53125 0.23333333281250002 0.54375 0.222222221875 0.54609375 0.184722221875 0.54609375 0.1666666671875 0.54375 0.09305555625 0.54453125 0.08055555625000001 0.54921875
6 0.1833333328125 0.3765625 0.18055555625 0.39296875 0.165277778125 0.4 0.1611111109375 0.41328125 0.16388888906250001 0.425 0.1763888890625 0.43046875 0.1916666671875 0.4328125 0.20833333281250002 0.43359375 0.22916666718749998 0.43046875 0.23055555625 0.42734375 0.240277778125 0.42421875 0.25833333281250004 0.4046875 0.259722221875 0.35625 0.25833333281250004 0.34609375 0.2513888890625 0.34296875 0.23194444375 0.34453125 0.222222221875 0.36328125 0.21111111093749999 0.3671875 0.20555555625 0.365625 0.1888888890625 0.371875 0.1833333328125 0.3765625
6 0.197222221875 0.24921875 0.1875 0.26484375 0.1611111109375 0.26875 0.15555555625 0.27265625 0.15 0.309375 0.16805555625 0.32109375 0.16805555625 0.3390625 0.172222221875 0.34296875 0.1888888890625 0.3453125 0.20555555625 0.34609375 0.22916666718749998 0.3421875 0.240277778125 0.3375 0.2388888890625 0.3171875 0.24722222187499998 0.30234375 0.2736111109375 0.2984375 0.28194444375 0.29375 0.2833333328125 0.28046875 0.26805555625 0.26953125 0.27777777812500004 0.26171875 0.2736111109375 0.2375 0.2416666671875 0.2359375 0.21805555625 0.23828125 0.197222221875 0.24921875
7 0.1513888890625 0.15546875 0.15 0.13359375 0.1541666671875 0.11875 0.15 0.115625 0.1416666671875 0.1203125 0.13055555624999998 0.13359375 0.1291666671875 0.1453125 0.1208333328125 0.15078125 0.12222222187500001 0.1609375 0.13055555624999998 0.1625 0.14305555625 0.16015625 0.1513888890625 0.15546875
7 0.115277778125 0.0328125 0.10555555624999999 0.0296875 0.097222221875 0.03046875 0.08333333281250001 0.03828125 0.090277778125 0.03828125 0.0916666671875 0.03515625 0.097222221875 0.03828125 0.11805555625 0.03828125 0.115277778125 0.0328125
7 0.072222221875 0.0609375 0.072222221875 0.07734375 0.08333333281250001 0.09296875 0.11944444375 0.09375 0.1291666671875 0.07578125 0.12222222187500001 0.06953125 0.11944444375 0.05078125 0.08333333281250001 0.04453125 0.072222221875 0.0609375
7 0.072222221875 0.1390625 0.08055555625000001 0.14296875 0.1041666671875 0.12421875 0.11388888906250001 0.1109375 0.11388888906250001 0.10390625 0.08055555625000001 0.103125 0.072222221875 0.121875 0.072222221875 0.1390625
7 0.1111111109375 0.8265625 0.1111111109375 0.8484375 0.127777778125 0.85859375 0.13888888906250002 0.859375 0.134722221875 0.86328125 0.147222221875 0.853125 0.15555555625 0.85234375 0.1583333328125 0.85546875 0.16805555625 0.85703125 0.1708333328125 0.86875 0.1833333328125 0.86953125 0.1916666671875 0.8671875 0.1875 0.825 0.19444444375 0.809375 0.1888888890625 0.80390625 0.1666666671875 0.79453125 0.14444444375 0.79609375 0.1375 0.80625 0.1111111109375 0.8265625
7 0.2666666671875 0.0703125 0.23472222187499997 0.06953125 0.18194444375000002 0.084375 0.172222221875 0.090625 0.15555555625 0.11875 0.15555555625 0.14375 0.16944444375 0.1484375 0.16805555625 0.15625 0.15694444375 0.1578125 0.1583333328125 0.17578125 0.1708333328125 0.184375 0.184722221875 0.1859375 0.197222221875 0.1828125 0.215277778125 0.1828125 0.2236111109375 0.1796875 0.22777777812500002 0.16953125 0.215277778125 0.16171875 0.2138888890625 0.15546875 0.21805555625 0.1515625 0.23055555625 0.15078125 0.2388888890625 0.146875 0.25833333281250004 0.121875 0.27777777812500004 0.1171875 0.27777777812500004 0.078125 0.2666666671875 0.0703125
7 0.197222221875 0.0765625 0.21805555625 0.0734375 0.2388888890625 0.06484375 0.2388888890625 0.05625 0.22916666718749998 0.04609375 0.23333333281250002 0.0375 0.22638888906250001 0.03046875 0.21805555625 0.028125 0.19583333281249998 0.03203125 0.16944444375 0.07109375 0.16805555625 0.08046875 0.1875 0.08203125 0.197222221875 0.0765625
7 0.15972222187500001 0.01953125 0.14305555625 0.02578125 0.13194444375 0.040625 0.12222222187500001 0.0625 0.12361111093749999 0.07421875 0.13055555624999998 0.075 0.14305555625 0.06171875 0.1458333328125 0.0453125 0.15694444375 0.03046875 0.15972222187500001 0.01953125
7 0.13888888906250002 0.63515625 0.134722221875 0.6359375 0.1263888890625 0.63203125 0.109722221875 0.63046875 0.0986111109375 0.61875 0.0388888890625 0.6203125 0.0375 0.62421875 0.04444444375 0.63515625 0.055555556250000006 0.64453125 0.052777778124999994 0.6578125 0.05694444375 0.66640625 0.04305555625 0.67109375 0.05 0.71328125 0.055555556250000006 0.71875 0.0791666671875 0.71953125 0.0958333328125 0.72421875 0.1583333328125 0.725 0.1625 0.7203125 0.1763888890625 0.71796875 0.17361111093749998 0.703125 0.19305555624999998 0.6953125 0.19305555624999998 0.67578125 0.165277778125 0.6671875 0.16388888906250001 0.66171875 0.1541666671875 0.65390625 0.1513888890625 0.63828125 0.140277778125 0.63515625 0.1458333328125 0.63125 0.13888888906250002 0.63125 0.13888888906250002 0.63515625
7 0.172222221875 0.54375 0.1763888890625 0.5390625 0.16944444375 0.5328125 0.1361111109375 0.52578125 0.127777778125 0.5265625 0.1208333328125 0.5234375 0.034722221875 0.52578125 0.009722221875000001 0.5328125 0.00555555625 0.56875 0.013888889062500001 0.5828125 0.019444443750000002 0.6046875 0.029166667187500002 0.6109375 0.0861111109375 0.61015625 0.09305555625 0.61328125 0.10555555624999999 0.6125 0.12222222187500001 0.61015625 0.13333333281249998 0.60546875 0.15277777812499999 0.60625 0.165277778125 0.60078125 0.177777778125 0.6 0.1833333328125 0.58671875 0.177777778125 0.57265625 0.15694444375 0.56171875 0.1291666671875 0.56015625 0.13055555624999998 0.54453125 0.172222221875 0.54375
7 0.12222222187500001 0.20703125 0.1208333328125 0.21171875 0.140277778125 0.21796875 0.1513888890625 0.21015625 0.14444444375 0.20703125 0.12222222187500001 0.20703125
7 0.0986111109375 0.20859375 0.10555555624999999 0.20859375 0.10555555624999999 0.2046875 0.097222221875 0.203125 0.0958333328125 0.20859375 0.097222221875 0.2109375 0.0986111109375 0.20859375
7 0.0861111109375 0.2515625 0.1583333328125 0.2546875 0.1583333328125 0.234375 0.15277777812499999 0.23125 0.0861111109375 0.2296875 0.08055555625000001 0.23359375 0.075 0.24921875 0.0861111109375 0.2515625
7 0.102777778125 0.32265625 0.10694444375 0.31328125 0.1291666671875 0.3046875 0.1416666671875 0.2921875 0.1458333328125 0.28125 0.15277777812499999 0.27734375 0.1583333328125 0.26796875 0.1541666671875 0.2625 0.06944444375 0.2609375 0.059722221875 0.2765625 0.0458333328125 0.31484375 0.047222221875 0.32109375 0.05694444375 0.3234375 0.102777778125 0.32265625
4 0.3333333328125 0.03828125 0.28055555625 0.03125 0.24722222187499998 0.0328125 0.24444444375000002 0.0375 0.26944444375 0.05078125 0.30555555624999997 0.0546875 0.31805555625 0.05078125 0.322222221875 0.04453125 0.3333333328125 0.04296875 0.3333333328125 0.03828125
4 0.17361111093749998 0.7625 0.1583333328125 0.76484375 0.1583333328125 0.76875 0.17916666718750002 0.77265625 0.19583333281249998 0.7703125 0.23194444375 0.77265625 0.23611111093749998 0.765625 0.23194444375 0.76171875 0.17361111093749998 0.7625