2 0.96953125 0.5305555562500001 0.96328125 0.5319444437499999 0.9625 0.5722222218749999 0.9671875 0.58194444375 0.975 0.58055555625 0.975 0.5375 0.96953125 0.5305555562500001
1 0.6296875 0.8847222218749999 0.6265625 0.8 0.62734375 0.7458333328125 0.63125 0.7388888890625 0.63984375 0.7402777781250001 0.640625 0.734722221875 0.62421875 0.7138888890625 0.6140625 0.7180555562500001 0.60546875 0.709722221875 0.60390625 0.715277778125 0.61328125 0.7375 0.6140625 0.8861111109375001 0.615625 0.89305555625 0.625 0.897222221875 0.6296875 0.8847222218749999
1 0.54609375 0.8611111109375 0.5453125 0.915277778125 0.55703125 0.9125 0.5578125 0.7833333328125 0.56171875 0.772222221875 0.56875 0.7736111109375 0.5703125 0.76944444375 0.56796875 0.7611111109375 0.54453125 0.75 0.5390625 0.7486111109375 0.5390625 0.7611111109375 0.53359375 0.7597222218749999 0.53203125 0.7486111109375 0.53125 0.75555555625 0.54765625 0.7923611109375 0.54375 0.8291666671875 0.54609375 0.8611111109375
6 0.2359375 0.7597222218749999 0.2390625 0.7805555562500001 0.2359375 0.784722221875 0.2390625 0.7861111109375 0.24453125 0.8027777781250001 0.24921875 0.8083333328125001 0.26328125 0.809722221875 0.2671875 0.8208333328125 0.26953125 0.8416666671874999 0.2953125 0.85 0.30859375 0.85 0.31953125 0.8333333328125001 0.33125 0.83194444375 0.33515625 0.8222222218749999 0.3390625 0.83055555625 0.33828125 0.8263888890625 0.34375 0.8208333328125 0.34453125 0.7833333328125 0.34375 0.7736111109375 0.3390625 0.7625 0.33359375 0.7569444437499999 0.3140625 0.7583333328124999 0.30234375 0.752777778125 0.29765625 0.727777778125 0.2921875 0.7180555562500001 0.2796875 0.715277778125 0.2703125 0.727777778125 0.26171875 0.7208333328125 0.240625 0.722222221875 0.23671875 0.727777778125 0.2359375 0.7597222218749999
6 0.390625 0.8236111109375001 0.4015625 0.840277778125 0.42421875 0.8388888890624999 0.43125 0.8194444437499999 0.43359375 0.8027777781250001 0.4328125 0.7819444437499999 0.42109375 0.7569444437499999 0.41328125 0.7541666671875 0.4015625 0.7416666671875001 0.39375 0.7402777781250001 0.35234375 0.7416666671875001 0.34375 0.7458333328125 0.3453125 0.7708333328125 0.36328125 0.7763888890625 0.365625 0.7805555562500001 0.3625 0.7958333328125 0.36484375 0.8111111109375001 0.390625 0.8236111109375001
7 0.15546875 0.8486111109375001 0.12421875 0.847222221875 0.11953125 0.85555555625 0.1171875 0.847222221875 0.1078125 0.847222221875 0.11015625 0.852777778125 0.12421875 0.8583333328125 0.13359375 0.86944444375 0.14375 0.872222221875 0.15078125 0.8791666671874999 0.15625 0.877777778125 0.1609375 0.8652777781250001 0.15546875 0.8486111109375001
7 0.0265625 0.9 0.0375 0.9111111109375001 0.03828125 0.8819444437499999 0.034375 0.8819444437499999 0.0265625 0.89444444375 0.0265625 0.9
7 0.0484375 0.88055555625 0.04609375 0.897222221875 0.0421875 0.9041666671874999 0.046875 0.9166666671874999 0.06171875 0.9277777781250001 0.0765625 0.9277777781250001 0.09296875 0.9166666671874999 0.09375 0.88055555625 0.07734375 0.8708333328125001 0.05625 0.875 0.0484375 0.88055555625
7 0.1296875 0.9291666671875 0.1375 0.9291666671875 0.14296875 0.922222221875 0.14375 0.91944444375 0.125 0.897222221875 0.1109375 0.8861111109375001 0.10546875 0.8861111109375001 0.10234375 0.91944444375 0.1296875 0.9291666671875
7 0.078125 0.7208333328125 0.06953125 0.73194444375 0.06953125 0.7666666671875 0.07421875 0.7763888890625 0.084375 0.81805555625 0.090625 0.827777778125 0.11484375 0.8444444437499999 0.14296875 0.8444444437499999 0.14609375 0.840277778125 0.15625 0.8444444437499999 0.18125 0.8444444437499999 0.1859375 0.80694444375 0.18203125 0.797222221875 0.18125 0.7805555562500001 0.1765625 0.772222221875 0.16875 0.76944444375 0.1625 0.7819444437499999 0.1546875 0.7819444437499999 0.1515625 0.777777778125 0.14921875 0.7638888890625 0.121875 0.7416666671875001 0.11875 0.725 0.11328125 0.7194444437499999 0.10234375 0.7236111109375 0.078125 0.7208333328125
7 0.77890625 0.709722221875 0.77265625 0.7138888890625 0.75546875 0.7194444437499999 0.74453125 0.7194444437499999 0.7375 0.7138888890625 0.7328125 0.7194444437499999 0.7296875 0.73194444375 0.73125 0.76944444375 0.74765625 0.79305555625 0.76484375 0.827777778125 0.7859375 0.834722221875 0.8109375 0.8263888890625 0.81875 0.8111111109375001 0.82578125 0.809722221875 0.82734375 0.8055555562500001 0.8296875 0.8083333328125001 0.825 0.7986111109375 0.82734375 0.7486111109375 0.8234375 0.73194444375 0.80859375 0.734722221875 0.80078125 0.7291666671875 0.7953125 0.7166666671875 0.7921875 0.7 0.7875 0.6958333328124999 0.7828125 0.6972222218749999 0.77890625 0.709722221875
7 0.00703125 0.727777778125 0.00078125 0.73055555625 0.00078125 0.777777778125 0.00703125 0.7819444437499999 0.01171875 0.7638888890625 0.0109375 0.73194444375 0.00703125 0.727777778125
7 0.08125 0.809722221875 0.07578125 0.8 0.07421875 0.7888888890625 0.0703125 0.7833333328125 0.06953125 0.76944444375 0.06484375 0.7611111109375 0.03984375 0.7597222218749999 0.03046875 0.75 0.025 0.7736111109375 0.0265625 0.7986111109375 0.07109375 0.83055555625 0.07734375 0.83194444375 0.08125 0.8263888890625 0.08125 0.809722221875
7 0.021875 0.85555555625 0.05625 0.875 0.07265625 0.8736111109375001 0.07421875 0.8708333328125001 0.06640625 0.8625 0.0515625 0.8541666671874999 0.0484375 0.8486111109375001 0.01953125 0.8388888890624999 0.021875 0.85555555625
7 0.20390625 0.8847222218749999 0.2015625 0.902777778125 0.21171875 0.9055555562500001 0.2109375 0.897222221875 0.20390625 0.8847222218749999
7 0.2125 0.9041666671874999 0.20703125 0.8875 0.2140625 0.8861111109375001 0.21484375 0.8708333328125001 0.2203125 0.8625 0.215625 0.85694444375 0.2140625 0.847222221875 0.21015625 0.8458333328125001 0.20703125 0.847222221875 0.2046875 0.8583333328125 0.20703125 0.88055555625 0.203125 0.8861111109375001 0.2015625 0.902777778125 0.2078125 0.9069444437499999 0.2125 0.9041666671874999
7 0.25078125 0.9236111109375 0.2546875 0.840277778125 0.23359375 0.8416666671874999 0.23125 0.8444444437499999 0.22890625 0.8652777781250001 0.22890625 0.9069444437499999 0.234375 0.91944444375 0.25078125 0.9236111109375
7 0.15703125 0.9305555562500001 0.15703125 0.9416666671874999 0.1625 0.95 0.16328125 0.9333333328125001 0.15703125 0.9305555562500001
7 0.32109375 0.9541666671875 0.3234375 0.9444444437499999 0.325 0.9069444437499999 0.32265625 0.8986111109375001 0.31640625 0.89444444375 0.309375 0.88055555625 0.3109375 0.86944444375 0.29296875 0.85555555625 0.28046875 0.852777778125 0.27421875 0.8444444437499999 0.26328125 0.8444444437499999 0.2609375 0.9305555562500001 0.2765625 0.9416666671874999 0.3 0.9458333328125 0.31796875 0.95555555625 0.32109375 0.9541666671875