2 0.4263888890625 0.97578125 0.425 0.98125 0.43194444374999996 0.98671875 0.47222222187499996 0.9859375 0.477777778125 0.98125 0.477777778125 0.975 0.46666666718750005 0.9671875 0.447222221875 0.96953125 0.4263888890625 0.97578125
1 0.08333333281250001 0.54609375 0.08055555625000001 0.55546875 0.0861111109375 0.5578125 0.2125 0.55859375 0.22777777812500002 0.56171875 0.22638888906250001 0.57265625 0.23055555625 0.57265625 0.2388888890625 0.56875 0.24305555625 0.5625 0.2513888890625 0.54296875 0.2513888890625 0.53125 0.24305555625 0.53125 0.23611111093749998 0.54375 0.2208333328125 0.54765625 0.17916666718750002 0.54765625 0.1708333328125 0.5453125 0.08333333281250001 0.54609375
1 0.2541666671875 0.628125 0.2541666671875 0.64296875 0.25555555625 0.63984375 0.269078946875 0.6368009859375 0.2708333328125 0.63359375 0.2791666671875 0.63125 0.28611111093749997 0.625 0.28055555625 0.6125 0.2888888890625 0.6 0.28055555625 0.5984375 0.26527777812500003 0.6125 0.25694444375000003 0.61484375 0.10555555624999999 0.6171875 0.1 0.6203125 0.1041666671875 0.6296875 0.2541666671875 0.628125
7 0.17361111093749998 0.0890625 0.15555555625 0.115625 0.15694444375 0.18125 0.1833333328125 0.18046875 0.20694444375 0.16328125 0.2166666671875 0.1515625 0.23472222187499997 0.15 0.2416666671875 0.1453125 0.25833333281250004 0.121875 0.27638888906250003 0.11796875 0.28055555625 0.1125 0.2791666671875 0.078125 0.26805555625 0.0703125 0.23055555625 0.0703125 0.2236111109375 0.07421875 0.1833333328125 0.08359375 0.17361111093749998 0.0890625
7 0.127777778125 0.14375 0.12222222187500001 0.146875 0.12222222187500001 0.16171875 0.13333333281249998 0.1640625 0.1513888890625 0.16015625 0.15277777812499999 0.11015625 0.14305555625 0.1171875 0.13055555624999998 0.13359375 0.127777778125 0.14375
7 0.09444444375 0.0375 0.1263888890625 0.0375 0.127777778125 0.03359375 0.11388888906250001 0.03046875 0.10694444375 0.02578125 0.0958333328125 0.02578125 0.090277778125 0.03359375 0.09444444375 0.0375
7 0.1208333328125 0.06875 0.1208333328125 0.05078125 0.11388888906250001 0.04765625 0.08333333281250001 0.04765625 0.072222221875 0.0609375 0.07083333281250001 0.0734375 0.08194444375 0.09375 0.11805555625 0.09453125 0.1208333328125 0.0921875 0.127777778125 0.075 0.1208333328125 0.06875
7 0.0736111109375 0.14296875 0.08055555625000001 0.14453125 0.1041666671875 0.125 0.11388888906250001 0.11171875 0.11388888906250001 0.10234375 0.08055555625000001 0.103125 0.07083333281250001 0.12578125 0.0736111109375 0.14296875
7 0.16640625 0.26015625 0.003125 0.0046875
7 0.1375 0.20703125 0.11805555625 0.20703125 0.12222222187500001 0.21171875 0.13333333281249998 0.2125 0.1375 0.20703125
7 0.10833333281249999 0.20703125 0.1 0.203125 0.0958333328125 0.20859375 0.10138888906250001 0.2109375 0.10833333281249999 0.20703125
7 0.06944444375 0.15703125 0.055555556250000006 0.1578125 0.0513888890625 0.16328125 0.06805555625000001 0.16328125 0.06944444375 0.15703125
7 0.04444444375 0.2125 0.040277778125000004 0.22890625 0.04305555625 0.23046875 0.04444444375 0.2125
7 0.275 0.01015625 0.275 0.00078125 0.2236111109375 0.00078125 0.21944444375 0.0078125 0.240277778125 0.0125 0.2708333328125 0.0125 0.275 0.01015625
7 0.20416666718749998 0.07578125 0.2125 0.06953125 0.23194444375 0.06953125 0.2388888890625 0.06640625 0.2388888890625 0.0453125 0.24722222187499998 0.03046875 0.21944444375 0.02578125 0.20555555625 0.02578125 0.197222221875 0.03046875 0.16805555625 0.075 0.1708333328125 0.08046875 0.1888888890625 0.08125 0.20416666718749998 0.07578125
7 0.1291666671875 0.075 0.140277778125 0.06171875 0.14305555625 0.05234375 0.15555555625 0.0421875 0.1611111109375 0.0296875 0.1611111109375 0.02265625 0.15694444375 0.02109375 0.147222221875 0.021875 0.13055555624999998 0.04375 0.125 0.05625 0.125 0.0685546875 0.13055555624999998 0.0703125 0.1263888890625 0.07421875 0.1291666671875 0.075
7 0.190277778125 0.18359375 0.19444444375 0.1875 0.25555555625 0.18984375 0.25555555625 0.184375 0.26527777812500003 0.1828125 0.272222221875 0.17578125 0.26805555625 0.1640625 0.27638888906250003 0.15859375 0.26527777812500003 0.15234375 0.23333333281250002 0.1515625 0.2208333328125 0.1578125 0.2166666671875 0.16796875 0.1986111109375 0.16953125 0.190277778125 0.18125 0.18194444375000002 0.1828125 0.190277778125 0.18359375
7 0.222222221875 0.2609375 0.22638888906250001 0.2546875 0.222222221875 0.24296875 0.22777777812500002 0.23359375 0.19583333281249998 0.23125 0.1833333328125 0.225 0.15555555625 0.23125 0.15277777812499999 0.23828125 0.1611111109375 0.2515625 0.177777778125 0.26015625 0.19305555624999998 0.26328125 0.2166666671875 0.26328125 0.222222221875 0.2609375
7 0.25555555625 0.21328125 0.23333333281250002 0.209375 0.16805555625 0.20703125 0.15555555625 0.2046875 0.1458333328125 0.20546875 0.140277778125 0.209375 0.13888888906250002 0.2140625 0.147222221875 0.2171875 0.1861111109375 0.2203125 0.2513888890625 0.2203125 0.25555555625 0.21875 0.25555555625 0.21328125
7 0.08333333281250001 0.2328125 0.072222221875 0.24921875 0.07638888906249999 0.25390625 0.090277778125 0.25234375 0.140277778125 0.25625 0.15555555625 0.2546875 0.15 0.23203125 0.10138888906250001 0.2296875 0.08333333281250001 0.2328125
7 0.047222221875 0.32265625 0.055555556250000006 0.3234375 0.090277778125 0.325 0.10138888906250001 0.32265625 0.10555555624999999 0.3140625 0.115277778125 0.3078125 0.1291666671875 0.30703125 0.14305555625 0.30078125 0.1666666671875 0.265625 0.14305555625 0.2625 0.1208333328125 0.2640625 0.075 0.25859375 0.059722221875 0.275 0.055555556250000006 0.3 0.0458333328125 0.3140625 0.047222221875 0.32265625
4 0.28472222187499996 0.91171875 0.29722222187499997 0.90625 0.34722222187499996 0.9046875 0.3513888890625 0.9 0.3458333328125 0.89453125 0.3361111109375 0.89921875 0.3166666671875 0.89375 0.29722222187499997 0.89765625 0.2833333328125 0.89453125 0.26944444375 0.9 0.23611111093749998 0.90234375 0.23194444375 0.90546875 0.23611111093749998 0.9109375 0.28472222187499996 0.91171875
4 0.47361111093749997 0.91953125 0.46805555625000006 0.915625 0.46805555625000006 0.90546875 0.4486111109375 0.9171875 0.43333333281249997 0.9203125 0.41805555625 0.91796875 0.40416666718750005 0.9203125 0.40277777812500004 0.92421875 0.40833333281249995 0.92890625 0.43194444374999996 0.93828125 0.4875 0.93828125 0.5263888890625 0.93203125 0.575 0.934375 0.58055555625 0.93125 0.58055555625 0.92109375 0.5708333328124999 0.925 0.5541666671875001 0.9234375 0.5625 0.91953125 0.5625 0.9125 0.5555555562500001 0.90625 0.547222221875 0.9140625 0.51805555625 0.915625 0.5 0.91953125 0.47361111093749997 0.91953125