1 0.3875 0.2833333328125 0.39375 0.2888888890625 0.39375 0.2791666671875 0.3875 0.2638888890625 0.3859375 0.2513888890625 0.38671875 0.21111111093749999 0.38984375 0.19444444375 0.38984375 0.147222221875 0.3890625 0.134722221875 0.38515625 0.1263888890625 0.38515625 0.10694444375 0.3828125 0.102777778125 0.371875 0.10555555624999999 0.36953125 0.11805555625 0.371875 0.1375 0.371875 0.252777778125 0.36875 0.259722221875 0.36015625 0.259722221875 0.359375 0.26527777812500003 0.36875 0.272222221875 0.375 0.28611111093749997 0.3875 0.2833333328125
1 0.46875 0.24583333281250003 0.4578125 0.23472222187499997 0.4546875 0.2208333328125 0.45625 0.1541666671875 0.45390625 0.084722221875 0.44765625 0.08055555625000001 0.4421875 0.0916666671875 0.44140625 0.2138888890625 0.4375 0.222222221875 0.43125 0.2236111109375 0.43046875 0.23333333281250002 0.4328125 0.2388888890625 0.4515625 0.25 0.46796875 0.2513888890625 0.46875 0.24583333281250003
6 0.6296875 0.20277777812500003 0.628125 0.1888888890625 0.621875 0.1833333328125 0.60625 0.18055555625 0.59921875 0.16388888906250001 0.57578125 0.1611111109375 0.5703125 0.17361111093749998 0.5671875 0.190277778125 0.56640625 0.20833333281250002 0.56953125 0.23055555625 0.5953125 0.25833333281250004 0.65078125 0.25833333281250004 0.65703125 0.2513888890625 0.65546875 0.23055555625 0.63671875 0.2208333328125 0.6296875 0.20277777812500003
6 0.7234375 0.28194444375 0.7296875 0.26944444375 0.7375 0.27777777812500004 0.74453125 0.27777777812500004 0.76171875 0.275 0.7640625 0.26805555625 0.76171875 0.2166666671875 0.7578125 0.2125 0.753125 0.197222221875 0.73671875 0.190277778125 0.73125 0.1611111109375 0.72734375 0.15555555625 0.690625 0.15 0.678125 0.16805555625 0.66015625 0.16805555625 0.6546875 0.1833333328125 0.65390625 0.21111111093749999 0.65703125 0.22916666718749998 0.66328125 0.240277778125 0.68203125 0.2388888890625 0.696875 0.24722222187499998 0.70234375 0.275 0.7078125 0.2833333328125 0.7234375 0.28194444375
7 0.83671875 0.13055555624999998 0.84375 0.1513888890625 0.865625 0.15 0.88203125 0.1541666671875 0.88671875 0.15 0.8671875 0.13055555624999998 0.8375 0.1208333328125 0.83671875 0.13055555624999998
7 0.96171875 0.090277778125 0.95625 0.097222221875 0.9609375 0.1 0.96171875 0.11805555625 0.9640625 0.11805555625 0.9703125 0.1041666671875 0.9625 0.08333333281250001 0.96171875 0.090277778125
7 0.953125 0.08333333281250001 0.940625 0.072222221875 0.92265625 0.072222221875 0.9078125 0.08194444375 0.90625 0.11944444375 0.921875 0.1291666671875 0.93203125 0.1208333328125 0.94453125 0.12222222187500001 0.95 0.11805555625 0.95078125 0.10833333281249999 0.95546875 0.097222221875 0.953125 0.08333333281250001
7 0.8625 0.07083333281250001 0.85703125 0.077777778125 0.85625 0.08055555625000001 0.87578125 0.1041666671875 0.8890625 0.11388888906250001 0.8953125 0.11388888906250001 0.89765625 0.09305555625 0.89609375 0.08055555625000001 0.8703125 0.07083333281250001 0.8625 0.07083333281250001
7 0.878125 0.25833333281250004 0.88125 0.275 0.8859375 0.28055555625 0.8953125 0.27638888906250003 0.92421875 0.27777777812500004 0.93046875 0.26527777812500003 0.93046875 0.23194444375 0.91953125 0.20138888906250002 0.915625 0.18194444375000002 0.9046875 0.16805555625 0.88125 0.15555555625 0.85546875 0.15555555625 0.85078125 0.1666666671875 0.84765625 0.165277778125 0.8484375 0.15694444375 0.846875 0.1611111109375 0.84453125 0.15555555625 0.83203125 0.15555555625 0.81953125 0.15972222187500001 0.815625 0.16944444375 0.8140625 0.1916666671875 0.81875 0.222222221875 0.8296875 0.22777777812500002 0.8375 0.215277778125 0.8484375 0.2166666671875 0.84921875 0.22916666718749998 0.853125 0.2388888890625 0.878125 0.25833333281250004
7 0.98046875 0.29722222187499997 0.97890625 0.3375 0.9859375 0.3416666671875 0.99296875 0.3541666671875 0.99921875 0.352777778125 0.99921875 0.2236111109375 0.99296875 0.2236111109375 0.9890625 0.23194444375 0.98046875 0.29722222187499997
7 0.15625 0.4888888890625 0.15703125 0.49305555625 0.1609375 0.4888888890625 0.1609375 0.48333333281249996 0.15859375 0.48333333281249996 0.159375 0.4888888890625 0.15625 0.4888888890625
7 0.15625 0.48333333281249996 0.15546875 0.48055555625 0.15390625 0.48194444374999995 0.15625 0.48333333281249996
7 0 0.5083333328124999 0.01796875 0.5138888890625 0.02578125 0.49444444374999996 0.02578125 0.4486111109375 0.028125 0.44444444375 0.053125 0.44444444375 0.0609375 0.45416666718750004 0.0640625 0.5013888890625 0.05703125 0.527777778125 0.05859375 0.5555555562500001 0.05546875 0.577777778125 0.05546875 0.584722221875 0.06171875 0.6013888890625 0.0609375 0.6513888890625 0.0640625 0.6541666671875 0.0671875 0.647222221875 0.06875 0.5958333328125 0.07265625 0.5888888890625 0.075 0.5583333328125 0.07734375 0.5555555562500001 0.09453125 0.55 0.10390625 0.5513888890625 0.10703125 0.55694444375 0.1078125 0.6041666671875 0.12578125 0.622222221875 0.14140625 0.6180555562500001 0.14140625 0.5833333328125 0.1375 0.5708333328124999 0.13046875 0.51805555625 0.1265625 0.5083333328124999 0.125 0.48333333281249996 0.12109375 0.48055555625 0.12265625 0.46805555625000006 0.11796875 0.459722221875 0.1203125 0.43333333281249997 0.11640625 0.36805555624999997 0.08984375 0.372222221875 0.08515625 0.377777778125 0.0375 0.39444444375 0.02734375 0.40277777812500004 0.02265625 0.41805555625 0.01328125 0.4236111109375 0.01171875 0.44444444375 0.00546875 0.4388888890625 0 0.440277778125 0 0.4513888890625 0.003125 0.45555555625000005 0.0046875 0.47083333281249995 0 0.48055555625 0 0.5083333328124999
7 0.17421875 0.522222221875 0.16171875 0.5236111109375 0.15859375 0.527777778125 0.1578125 0.5361111109375 0.1640625 0.5763888890625 0.19765625 0.56805555625 0.21484375 0.56805555625 0.21953125 0.5555555562500001 0.22890625 0.5555555562500001 0.23671875 0.5638888890625 0.2796875 0.56805555625 0.2984375 0.5930555562500001 0.31796875 0.5930555562500001 0.32421875 0.5888888890625 0.3390625 0.55694444375 0.35546875 0.5416666671875 0.3625 0.522222221875 0.36640625 0.502777778125 0.3640625 0.46805555625000006 0.36171875 0.447222221875 0.35390625 0.427777778125 0.3375 0.40694444374999994 0.31796875 0.3916666671875 0.2921875 0.35694444375 0.28359375 0.3513888890625 0.275 0.334722221875 0.2609375 0.3291666671875 0.25546875 0.3138888890625 0.24609375 0.3291666671875 0.23125 0.33194444375 0.22265625 0.3583333328125 0.2203125 0.3458333328125 0.21328125 0.3416666671875 0.19921875 0.3458333328125 0.17421875 0.34305555625 0.16171875 0.35 0.171875 0.39027777812500003 0.16875 0.40138888906250003 0.16875 0.4361111109375 0.1703125 0.45416666718750004 0.17421875 0.46666666718750005 0.17421875 0.4861111109375 0.178125 0.5013888890625 0.17421875 0.522222221875
7 0.3328125 0.165277778125 0.3546875 0.15 0.36875 0.15 0.3671875 0.1291666671875 0.36953125 0.10694444375 0.38125 0.0986111109375 0.37890625 0.075 0.3796875 0.0388888890625 0.375 0.0375 0.3640625 0.04444444375 0.35546875 0.055555556250000006 0.34453125 0.0513888890625 0.33515625 0.055555556250000006 0.32890625 0.04305555625 0.29140625 0.047222221875 0.28125 0.055555556250000006 0.275 0.0986111109375 0.27421875 0.1541666671875 0.275 0.1611111109375 0.28046875 0.16944444375 0.28125 0.17916666718750002 0.296875 0.1763888890625 0.30390625 0.19305555624999998 0.32421875 0.19305555624999998 0.3328125 0.165277778125
7 0.4 0.18055555625 0.41875 0.184722221875 0.43046875 0.17916666718750002 0.4375 0.1708333328125 0.44140625 0.127777778125 0.45546875 0.1291666671875 0.4578125 0.177777778125 0.4625 0.177777778125 0.46796875 0.1708333328125 0.4765625 0.1263888890625 0.4765625 0.0666666671875 0.47421875 0.0333333328125 0.465625 0.0083333328125 0.42578125 0.006944443749999999 0.41640625 0.013888889062500001 0.3953125 0.019444443750000002 0.38984375 0.026388889062499997 0.38828125 0.0361111109375 0.3890625 0.061111110937500004 0.3921875 0.072222221875 0.3890625 0.08055555625000001 0.3875 0.109722221875 0.39609375 0.134722221875 0.39375 0.15277777812499999 0.4 0.172222221875 0.4 0.18055555625
7 0.971875 0.23333333281250002 0.9734375 0.20694444375 0.96796875 0.19583333281249998 0.92890625 0.16944444375 0.91875 0.16944444375 0.91796875 0.1875 0.93359375 0.23611111093749998 0.93828125 0.240277778125 0.94921875 0.23194444375 0.95546875 0.23194444375 0.96171875 0.2388888890625 0.96875 0.240277778125 0.971875 0.23333333281250002
7 0.93125 0.1208333328125 0.92578125 0.12361111093749999 0.925 0.13055555624999998 0.9390625 0.14305555625 0.953125 0.14444444375 0.9796875 0.15972222187500001 0.978125 0.1458333328125 0.9734375 0.140277778125 0.94609375 0.125 0.93125 0.1208333328125
7 0.7859375 0.13194444375 0.78203125 0.1361111109375 0.78828125 0.15277777812499999 0.79296875 0.1513888890625 0.79375 0.140277778125 0.79296875 0.125 0.7890625 0.11944444375 0.7859375 0.13194444375
7 0.79140625 0.11388888906250001 0.78828125 0.1166666671875 0.790625 0.11805555625 0.79765625 0.10138888906250001 0.79609375 0.0958333328125 0.790625 0.10138888906250001 0.7890625 0.0958333328125 0.79140625 0.11388888906250001
7 0.7484375 0.0875 0.7453125 0.1583333328125 0.7640625 0.15972222187500001 0.76796875 0.15555555625 0.7703125 0.13888888906250002 0.7703125 0.0861111109375 0.76640625 0.08055555625000001 0.75 0.075 0.7484375 0.0875
7 0.7375 0.15555555625 0.7390625 0.06944444375 0.69140625 0.047222221875 0.68046875 0.0458333328125 0.6765625 0.055555556250000006 0.67734375 0.10138888906250001 0.68828125 0.109722221875 0.69296875 0.11805555625 0.6953125 0.13055555624999998 0.70234375 0.13888888906250002 0.71796875 0.1458333328125 0.72578125 0.15555555625 0.7375 0.15555555625
4 0.9640625 0.25 0.95703125 0.2611111109375 0.94453125 0.302777778125 0.9453125 0.3333333328125 0.95234375 0.34027777812500004 0.96015625 0.33888888906250003 0.9640625 0.3 0.9671875 0.29305555625 0.96953125 0.24305555625 0.96484375 0.24305555625 0.9640625 0.25
4 0.16875 0.5236111109375 0.17421875 0.527777778125 0.17421875 0.48194444374999995 0.16796875 0.4361111109375 0.16875 0.38055555625 0.1625 0.35694444375 0.15546875 0.34722222187499996 0.15 0.3458333328125 0.14921875 0.33055555625 0.13984375 0.32083333281250004 0.13828125 0.33888888906250003 0.14140625 0.34861111093749997 0.1453125 0.41111111093749997 0.15390625 0.4861111109375 0.15703125 0.49305555625 0.15703125 0.48194444374999995 0.1625 0.48194444374999995 0.16875 0.5236111109375
4 0.08671875 0.0625 0.0859375 0.0458333328125 0.08046875 0.047222221875 0.07890625 0.0625 0.075 0.07083333281250001 0.07734375 0.1111111109375 0.08046875 0.1166666671875 0.0828125 0.16805555625 0.08671875 0.16805555625 0.09375 0.16388888906250001 0.0953125 0.13333333281249998 0.0921875 0.0861111109375 0.08671875 0.0625