2 0.0234375 0.425 0.01875 0.425 0.01328125 0.43194444374999996 0.0140625 0.47083333281249995 0.01640625 0.4763888890625 0.025 0.477777778125 0.0328125 0.46666666718750005 0.0296875 0.4458333328125 0.0234375 0.425
1 0.3859375 0.10138888906250001 0.3828125 0.1041666671875 0.3765625 0.1 0.36953125 0.10555555624999999 0.371875 0.19305555624999998 0.3703125 0.25555555625 0.3578125 0.25694444375000003 0.35703125 0.26527777812500003 0.36640625 0.2708333328125 0.37578125 0.2888888890625 0.3796875 0.2888888890625 0.38359375 0.28055555625 0.4 0.2888888890625 0.40078125 0.27777777812500004 0.39609375 0.275 0.38515625 0.2541666671875 0.38203125 0.11296250000000001 0.3859375 0.10138888906250001
1 0.38828125 0.10138888906250001 0.3890625 0.0958333328125 0.38671875 0.097222221875 0.38828125 0.10138888906250001
1 0.40703125 0.0958333328125 0.40234375 0.09444444375 0.4 0.09444444375 0.40703125 0.0958333328125
6 0.78203125 0.27638888906250003 0.78671875 0.2666666671875 0.78828125 0.23472222187499997 0.78203125 0.21805555625 0.78046875 0.22777777812500002 0.77890625 0.2736111109375 0.78203125 0.27638888906250003
6 0.74296875 0.27777777812500004 0.75 0.26527777812500003 0.75 0.24444444375000002 0.753125 0.240277778125 0.76328125 0.24305555625 0.76640625 0.23055555625 0.76875 0.18055555625 0.76328125 0.1763888890625 0.759375 0.1666666671875 0.75703125 0.11805555625 0.75 0.10555555624999999 0.72578125 0.0958333328125 0.70625 0.097222221875 0.7015625 0.10694444375 0.6984375 0.14305555625 0.68828125 0.15555555625 0.68359375 0.16944444375 0.6875 0.177777778125 0.6890625 0.22777777812500002 0.69453125 0.2388888890625 0.70390625 0.24305555625 0.7109375 0.2388888890625 0.7171875 0.21805555625 0.72265625 0.21805555625 0.72890625 0.23194444375 0.73203125 0.26805555625 0.7375 0.27638888906250003 0.74296875 0.27777777812500004
7 0.98046875 0.30694444375 0.9796875 0.34305555625 0.99921875 0.33888888906250003 0.99921875 0.26805555625 0.99453125 0.2611111109375 0.98671875 0.259722221875 0.9828125 0.27638888906250003 0.98046875 0.30694444375
7 0.94296875 0.33055555625 0.95390625 0.35555555625 0.9578125 0.35555555625 0.9671875 0.302777778125 0.96953125 0.24583333281250003 0.9421875 0.23194444375 0.93046875 0.23194444375 0.91796875 0.24583333281250003 0.9078125 0.28611111093749997 0.90703125 0.2958333328125 0.92421875 0.32777777812500003 0.94296875 0.33055555625
7 0.90625 0.16944444375 0.8921875 0.15972222187500001 0.884375 0.15555555625 0.85625 0.15555555625 0.85078125 0.1666666671875 0.8484375 0.1611111109375 0.8390625 0.15555555625 0.8171875 0.1583333328125 0.8171875 0.18194444375000002 0.82890625 0.19444444375 0.83828125 0.2138888890625 0.84921875 0.2166666671875 0.8546875 0.2416666671875 0.878125 0.25833333281250004 0.88125 0.275 0.88671875 0.28055555625 0.90625 0.27638888906250003 0.9109375 0.2666666671875 0.9140625 0.2486111109375 0.9265625 0.23055555625 0.915625 0.18194444375000002 0.90625 0.16944444375
7 0.99296875 0.222222221875 0.98828125 0.23333333281250002 0.9875 0.2541666671875 0.99921875 0.25555555625 0.99921875 0.22777777812500002 0.99296875 0.222222221875
7 0.99453125 0.17734375 0.0015625 0.00625
7 0.96953125 0.197222221875 0.92890625 0.16944444375 0.91953125 0.16944444375 0.91875 0.1888888890625 0.9296875 0.215277778125 0.93046875 0.22777777812500002 0.9703125 0.2416666671875 0.97421875 0.20555555625 0.96953125 0.197222221875
7 0.95 0.1513888890625 0.97421875 0.16388888906250001 0.978125 0.1611111109375 0.97890625 0.1513888890625 0.975 0.14444444375 0.96328125 0.13888888906250002 0.96015625 0.13333333281249998 0.9359375 0.12222222187500001 0.9265625 0.125 0.92578125 0.13055555624999998 0.94609375 0.14305555625 0.95 0.1513888890625
7 0.87734375 0.1541666671875 0.8828125 0.15 0.8828125 0.1458333328125 0.87265625 0.134722221875 0.85625 0.127777778125 0.8484375 0.11944444375 0.8390625 0.125 0.83828125 0.1416666671875 0.83984375 0.15 0.84375 0.15277777812499999 0.87734375 0.1541666671875
7 0.85703125 0.0736111109375 0.85625 0.08055555625000001 0.87578125 0.1041666671875 0.89375 0.11388888906250001 0.89765625 0.0916666671875 0.8953125 0.0791666671875 0.87421875 0.07083333281250001 0.85703125 0.0736111109375