2 0.025 0.46388888906250003 0.0296875 0.46944444374999994 0.0421875 0.46527777812500004 0.046875 0.4486111109375 0.03828125 0.4375 0.03515625 0.41944444374999995 0.025 0.41944444374999995 0.025 0.46388888906250003
1 0.3796875 0.2888888890625 0.38671875 0.2833333328125 0.39453125 0.290277778125 0.3953125 0.2833333328125 0.38671875 0.259722221875 0.38671875 0.109722221875 0.3796875 0.102777778125 0.3734375 0.102777778125 0.3703125 0.11388888906250001 0.37265625 0.1513888890625 0.37265625 0.252777778125 0.36875 0.259722221875 0.359375 0.2611111109375 0.359375 0.26527777812500003 0.36796875 0.272222221875 0.375 0.28611111093749997 0.3796875 0.2888888890625
1 0.4546875 0.22916666718749998 0.45390625 0.222222221875 0.45390625 0.18194444375000002 0.45625 0.1708333328125 0.45625 0.15555555625 0.45390625 0.14861111093749999 0.4546875 0.084722221875 0.44296875 0.0875 0.4421875 0.2166666671875 0.43828125 0.22777777812500002 0.43125 0.22638888906250001 0.4296875 0.23055555625 0.434375 0.240277778125 0.45546875 0.25 0.4609375 0.2513888890625 0.4609375 0.2388888890625 0.46577524062500003 0.24011752031250003 0.4546875 0.22916666718749998
6 0.7078125 0.28194444375 0.71953125 0.28472222187499996 0.7296875 0.272222221875 0.73828125 0.2791666671875 0.76015625 0.27777777812500004 0.76328125 0.272222221875 0.7640625 0.2388888890625 0.7609375 0.2236111109375 0.76328125 0.215277778125 0.75078125 0.1916666671875 0.73671875 0.190277778125 0.7328125 0.18055555625 0.73046875 0.1583333328125 0.70546875 0.15 0.69140625 0.15 0.6796875 0.1666666671875 0.66953125 0.16805555625 0.66484375 0.177777778125 0.6609375 0.1708333328125 0.65625 0.18055555625 0.65546875 0.21111111093749999 0.6609375 0.2375 0.665625 0.24305555625 0.68515625 0.2416666671875 0.696875 0.24722222187499998 0.7 0.252777778125 0.70234375 0.272222221875 0.7078125 0.28194444375
6 0.634375 0.21944444375 0.63671875 0.1916666671875 0.609375 0.1763888890625 0.60234375 0.16944444375 0.5984375 0.15972222187500001 0.57734375 0.15972222187500001 0.56875 0.18055555625 0.56640625 0.197222221875 0.5671875 0.21805555625 0.5765625 0.24305555625 0.60546875 0.259722221875 0.65 0.25833333281250004 0.65703125 0.2513888890625 0.6546875 0.22916666718749998 0.634375 0.21944444375
7 0.8921875 0.1541666671875 0.8890625 0.147222221875 0.875 0.14305555625 0.86640625 0.13055555624999998 0.85 0.1208333328125 0.8390625 0.12222222187500001 0.8375 0.13194444375 0.84453125 0.1513888890625 0.85546875 0.1541666671875 0.8625 0.15 0.8786460937499999 0.1513888890625 0.88125 0.147222221875 0.8859375 0.1541666671875 0.8921875 0.1541666671875
7 0.96484375 0.11805555625 0.97265625 0.10138888906250001 0.9625 0.090277778125 0.9640625 0.097222221875 0.96171875 0.11805555625 0.96484375 0.11805555625
7 0.9234375 0.072222221875 0.9125 0.077777778125 0.90703125 0.0861111109375 0.90625 0.11805555625 0.921875 0.1291666671875 0.93046875 0.1291666671875 0.94921875 0.11944444375 0.9546875 0.10138888906250001 0.95390625 0.084722221875 0.93828125 0.072222221875 0.9234375 0.072222221875
7 0.85703125 0.077777778125 0.85625 0.08055555625000001 0.87578125 0.102777778125 0.89453125 0.11388888906250001 0.89765625 0.09305555625 0.896875 0.08055555625000001 0.871875 0.07083333281250001 0.8625 0.07083333281250001 0.85703125 0.077777778125
7 0.85078125 0.23611111093749998 0.87890625 0.25833333281250004 0.88203125 0.27638888906250003 0.88671875 0.28055555625 0.89609375 0.27638888906250003 0.921875 0.2791666671875 0.93046875 0.26805555625 0.93046875 0.23194444375 0.92578125 0.2236111109375 0.91640625 0.1833333328125 0.9109375 0.17361111093749998 0.878125 0.1541666671875 0.85703125 0.15555555625 0.85234375 0.1611111109375 0.84296875 0.15555555625 0.81875 0.15694444375 0.815625 0.1708333328125 0.815625 0.19444444375 0.81875 0.2208333328125 0.82421875 0.22916666718749998 0.83515625 0.22777777812500002 0.8375 0.21805555625 0.846875 0.21944444375 0.85078125 0.23611111093749998
7 0.99296875 0.2791666671875 0.99921875 0.27777777812500004 0.99921875 0.2208333328125 0.99296875 0.21805555625 0.9890625 0.23194444375 0.9875 0.26805555625 0.99296875 0.2791666671875
7 0.96953125 0.25 0.975 0.22777777812500002 0.97421875 0.20277777812500003 0.95390625 0.184722221875 0.928125 0.16944444375 0.91953125 0.172222221875 0.91875 0.1888888890625 0.9234375 0.19583333281249998 0.925 0.20833333281250002 0.9296875 0.215277778125 0.93046875 0.23055555625 0.93515625 0.2388888890625 0.9546875 0.2388888890625 0.96953125 0.25
7 0.92734375 0.1263888890625 0.92578125 0.1291666671875 0.9421875 0.14305555625 0.96953125 0.1583333328125 0.97890625 0.1583333328125 0.9765625 0.147222221875 0.95546875 0.13055555624999998 0.940625 0.125 0.92734375 0.1263888890625
7 0.79453125 0.14305555625 0.79453125 0.11944444375 0.7984375 0.097222221875 0.796875 0.09305555625 0.7875 0.09305555625 0.790625 0.10833333281249999 0.78671875 0.1111111109375 0.78515625 0.1291666671875 0.77890625 0.1375 0.78515625 0.14305555625 0.7859375 0.1513888890625 0.79140625 0.15277777812499999 0.79453125 0.14305555625
7 0.75078125 0.072222221875 0.74921875 0.077777778125 0.7453125 0.15972222187500001 0.76640625 0.1583333328125 0.77265625 0.1375 0.7703125 0.13333333281249998 0.77265625 0.10138888906250001 0.77109375 0.09305555625 0.76171875 0.077777778125 0.75078125 0.072222221875
7 0.7265625 0.15555555625 0.73671875 0.15555555625 0.7390625 0.06944444375 0.71796875 0.05694444375 0.7 0.054166667187499996 0.68203125 0.04444444375 0.67890625 0.0458333328125 0.6765625 0.059722221875 0.67578125 0.0958333328125 0.67734375 0.10138888906250001 0.68828125 0.109722221875 0.69140625 0.1166666671875 0.69140625 0.1291666671875 0.70546875 0.14305555625 0.7171875 0.1458333328125 0.7265625 0.15555555625
4 0.09921875 0.3916666671875 0.10546875 0.38333333281250004 0.1 0.3416666671875 0.1 0.29305555625 0.09296875 0.28055555625 0.09296875 0.2708333328125 0.08671875 0.26944444375 0.08671875 0.2791666671875 0.08046875 0.29305555625 0.08046875 0.30694444375 0.084375 0.31805555625 0.0875 0.3513888890625 0.09375 0.377777778125 0.09375 0.39027777812500003 0.09921875 0.3916666671875