2 0.58055555625 0.025 0.5375 0.025 0.5319444437499999 0.028125 0.5319444437499999 0.03671875 0.5375 0.040625 0.5722222218749999 0.0375 0.58194444375 0.0328125 0.58055555625 0.025
1 0.8958333328125001 0.3796875 0.89444444375 0.371875 0.8888888890625 0.3703125 0.7458333328125 0.37265625 0.7388888890625 0.36875 0.7402777781250001 0.359375 0.7361111109375 0.3578125 0.7291666671875 0.3671875 0.7138888890625 0.37578125 0.7180555562500001 0.3859375 0.709722221875 0.39453125 0.722222221875 0.39375 0.734722221875 0.38671875 0.8430555562500001 0.38515625 0.847222221875 0.3875 0.8888888890625 0.384375 0.8958333328125001 0.3796875
1 0.7833333328125 0.4421875 0.772222221875 0.43828125 0.7736111109375 0.43125 0.76805555625 0.43046875 0.7569444437499999 0.43828125 0.7486111109375 0.4671875 0.75555555625 0.46875 0.7638888890625 0.45703125 0.7833333328125 0.45234375 0.8291666671875 0.45625 0.859722221875 0.45390625 0.915277778125 0.4546875 0.9125 0.44296875 0.7833333328125 0.4421875
6 0.7805555562500001 0.7609375 0.784722221875 0.7640625 0.8083333328125001 0.75 0.809722221875 0.73671875 0.8208333328125 0.7328125 0.8416666671874999 0.73046875 0.85 0.69140625 0.834722221875 0.68125 0.8333333328125001 0.6703125 0.8263888890625 0.665625 0.83194444375 0.6609375 0.8222222218749999 0.65625 0.7888888890625 0.65546875 0.7611111109375 0.66171875 0.7569444437499999 0.6671875 0.7583333328124999 0.6859375 0.752777778125 0.696875 0.747222221875 0.7 0.727777778125 0.70234375 0.7166666671875 0.70859375 0.715277778125 0.71953125 0.727777778125 0.7296875 0.7208333328125 0.7375 0.725 0.7625 0.7597222218749999 0.7640625 0.7805555562500001 0.7609375
6 0.8194444437499999 0.56875 0.8027777781250001 0.56640625 0.7819444437499999 0.5671875 0.7583333328124999 0.5765625 0.7402777781250001 0.6046875 0.7416666671875001 0.65 0.7458333328125 0.65625 0.7611111109375 0.65703125 0.7708333328125 0.6546875 0.7791666671875 0.63515625 0.809722221875 0.63671875 0.8263888890625 0.60625 0.840277778125 0.5984375 0.8388888890624999 0.57578125 0.8194444437499999 0.56875
7 0.8458333328125001 0.84921875 0.8486111109375001 0.87734375 0.85555555625 0.88046875 0.847222221875 0.8828125 0.847222221875 0.89296875 0.852777778125 0.89140625 0.85694444375 0.878125 0.8652777781250001 0.8734375 0.8791666671874999 0.85 0.8791666671874999 0.84375 0.8680555562500001 0.83984375 0.8486111109375001 0.84375 0.8458333328125001 0.84921875
7 0.91805555625 0.95234375 0.9277777781250001 0.93828125 0.9277777781250001 0.9234375 0.9166666671874999 0.9078125 0.88055555625 0.90625 0.8708333328125001 0.921875 0.8708333328125001 0.93046875 0.875 0.93125 0.8819444437499999 0.95234375 0.902777778125 0.95625 0.9 0.9625 0.8819444437499999 0.96171875 0.8833333328125 0.9671875 0.89444444375 0.97265625 0.902777778125 0.97265625 0.909722221875 0.96328125 0.9069444437499999 0.95625 0.91805555625 0.95234375
7 0.9069444437499999 0.89765625 0.91944444375 0.89609375 0.9291666671875 0.8703125 0.9291666671875 0.8625 0.9236111109375 0.8578125 0.91805555625 0.85703125 0.897222221875 0.875 0.8861111109375001 0.8890625 0.8861111109375001 0.89453125 0.9069444437499999 0.89765625
7 0.7208333328125 0.921875 0.7333333328125 0.93046875 0.7666666671875 0.93046875 0.7736111109375 0.9265625 0.81805555625 0.915625 0.827777778125 0.909375 0.8458333328125001 0.8796875 0.8444444437499999 0.85703125 0.8361111109375001 0.8515625 0.8444444437499999 0.840625 0.8430555562500001 0.81796875 0.80694444375 0.8140625 0.7986111109375 0.8171875 0.7805555562500001 0.81875 0.772222221875 0.8234375 0.76944444375 0.83125 0.7736111109375 0.83515625 0.7819444437499999 0.83671875 0.7805555562500001 0.846875 0.7638888890625 0.85078125 0.7416666671875001 0.878125 0.7236111109375 0.88203125 0.7194444437499999 0.88671875 0.7236111109375 0.89765625 0.7208333328125 0.921875
7 0.7194444437499999 0.2671875 0.73194444375 0.2703125 0.76944444375 0.26875 0.827777778125 0.23515625 0.834722221875 0.215625 0.8263888890625 0.1890625 0.8111111109375001 0.18125 0.8083333328125001 0.1703125 0.8 0.17421875 0.75 0.171875 0.73194444375 0.1765625 0.734722221875 0.1890625 0.7291666671875 0.19921875 0.6958333328124999 0.2125 0.6972222218749999 0.2171875 0.70694444375 0.21953125 0.7138888890625 0.2265625 0.7194444437499999 0.2546875 0.7111111109375 0.26171875 0.7194444437499999 0.2671875
7 0.7208333328125 0.99140625 0.722222221875 0.99921875 0.7791666671875 0.99921875 0.7805555562500001 0.99296875 0.7638888890625 0.98828125 0.73055555625 0.9875 0.7208333328125 0.99140625
7 0.7875 0.9296875 0.76944444375 0.93046875 0.7638888890625 0.9328125 0.7597222218749999 0.93671875 0.7597222218749999 0.959375 0.75 0.96953125 0.777777778125 0.975 0.7986111109375 0.9734375 0.83055555625 0.928125 0.83194444375 0.9234375 0.8263888890625 0.91875 0.8125 0.91796875 0.7875 0.9296875
7 0.85694444375 0.97421875 0.86944444375 0.95546875 0.875 0.9322914062500001 0.8680555562500001 0.9296875 0.875 0.92734375 0.8708333328125001 0.925 0.85 0.95 0.8388888890624999 0.9734375 0.840277778125 0.9796875 0.85694444375 0.97421875
7 0.8916666671875 0.790625 0.8847222218749999 0.7859375 0.8680555562500001 0.784375 0.8625 0.77890625 0.85694444375 0.78515625 0.847222221875 0.7859375 0.8458333328125001 0.78984375 0.847222221875 0.79296875 0.8541666671874999 0.79453125 0.8819444437499999 0.79375 0.8861111109375001 0.796875 0.902777778125 0.7984375 0.9041666671874999 0.7875 0.8916666671875 0.790625
7 0.922222221875 0.76171875 0.9277777781250001 0.75078125 0.9236111109375 0.74921875 0.840277778125 0.7453125 0.8416666671874999 0.76640625 0.8625 0.77109375 0.9055555562500001 0.77109375 0.915277778125 0.76796875 0.922222221875 0.76171875
7 0.9069444437499999 0.675 0.8986111109375001 0.67734375 0.89305555625 0.6859375 0.8847222218749999 0.6890625 0.8708333328125001 0.6890625 0.8444444437499999 0.72578125 0.8444444437499999 0.7359375 0.9305555562500001 0.7390625 0.9444444437499999 0.71640625 0.9458333328125 0.69921875 0.95555555625 0.68203125 0.9541666671875 0.67890625 0.9444444437499999 0.6765625 0.9069444437499999 0.675
4 0.252777778125 0.98828125 0.20972222187499998 0.96953125 0.19305555624999998 0.9671875 0.1763888890625 0.97265625 0.07083333281250001 0.94375 0.0513888890625 0.9421875 0.047222221875 0.94375 0.047222221875 0.9484375 0.0986111109375 0.96484375 0.12361111093749999 0.97578125 0.11944444375 0.97890625 0.0861111109375 0.97578125 0.090277778125 0.98359375 0.1111111109375 0.99140625 0.140277778125 0.99609375 0.14444444375 0.99921875 0.2486111109375 0.99921875 0.25694444375000003 0.9953125 0.252777778125 0.98828125
4 0.8847222218749999 0.1359375 0.9208333328125 0.13359375 0.9541666671875 0.13515625 0.972222221875 0.12890625 0.972222221875 0.12421875 0.91944444375 0.125 0.9055555562500001 0.13046875 0.8833333328125 0.1296875 0.88055555625 0.13359375 0.8847222218749999 0.1359375