2 0.96953125 0.5513888890625 0.97578125 0.5736111109375 0.984375 0.5722222218749999 0.9875 0.5666666671875 0.98671875 0.5319444437499999 0.98203125 0.522222221875 0.975 0.522222221875 0.9671875 0.5319444437499999 0.96953125 0.5513888890625
1 0.6203125 0.9 0.6296875 0.89444444375 0.628125 0.7458333328125 0.64296875 0.7458333328125 0.63828125 0.7402777781250001 0.64375 0.734722221875 0.63359375 0.7291666671875 0.63125 0.7208333328125 0.625 0.7138888890625 0.6125 0.7194444437499999 0.59921875 0.7111111109375 0.5984375 0.7194444437499999 0.6078125 0.73055555625 0.61484375 0.7458333328125 0.6171875 0.89444444375 0.6203125 0.9
1 0.54609375 0.9166666671874999 0.5578125 0.9166666671874999 0.55859375 0.7875 0.56171875 0.772222221875 0.57265625 0.7736111109375 0.57265625 0.76944444375 0.56875 0.7611111109375 0.5625 0.7569444437499999 0.54765625 0.75 0.53125 0.7486111109375 0.53125 0.7569444437499999 0.54453125 0.765277778125 0.5484375 0.7833333328125 0.54765625 0.8208333328125 0.5453125 0.8291666671875 0.54609375 0.9166666671874999
7 0.0203125 0.6833333328125 0.0203125 0.6583333328125 0.00078125 0.659722221875 0.00078125 0.7333333328125 0.00546875 0.7402777781250001 0.01328125 0.7402777781250001 0.0171875 0.722222221875 0.0203125 0.6833333328125
7 0.09296875 0.70555555625 0.0796875 0.6777777781250001 0.07265625 0.672222221875 0.05703125 0.66944444375 0.05546875 0.6583333328125 0.05 0.6486111109375 0.0421875 0.64444444375 0.0328125 0.6972222218749999 0.03046875 0.7541666671875 0.0578125 0.76805555625 0.07265625 0.7666666671875 0.08671875 0.7430555562500001 0.0921875 0.7111111109375 0.09296875 0.70555555625
7 0.0890625 0.8263888890625 0.109375 0.8416666671874999 0.13125 0.8458333328125001 0.14453125 0.8444444437499999 0.146875 0.840277778125 0.15625 0.8444444437499999 0.18125 0.8430555562500001 0.18046875 0.8166666671874999 0.1578125 0.7861111109375 0.1515625 0.7833333328125 0.15 0.765277778125 0.1453125 0.7583333328124999 0.121875 0.7416666671875001 0.11875 0.725 0.1140625 0.7208333328125 0.09453125 0.7236111109375 0.090625 0.7291666671875 0.0859375 0.7513888890625 0.0734375 0.76944444375 0.084375 0.81805555625 0.0890625 0.8263888890625
7 0.0265625 0.8916666671875 0.02578125 0.9 0.0265625 0.9041666671874999 0.03359375 0.9069444437499999 0.0375 0.8986111109375001 0.03828125 0.8819444437499999 0.03671875 0.8736111109375001 0.0328125 0.8736111109375001 0.03125 0.89305555625 0.0265625 0.8916666671875
7 0.0984375 0.9069444437499999 0.09921875 0.9041666671874999 0.09375 0.897222221875 0.09453125 0.8819444437499999 0.0796875 0.872222221875 0.07265625 0.872222221875 0.0671875 0.8791666671874999 0.05078125 0.88055555625 0.04609375 0.897222221875 0.04609375 0.909722221875 0.04921875 0.91944444375 0.065625 0.9291666671875 0.078125 0.9277777781250001 0.0921875 0.91944444375 0.0984375 0.9069444437499999
7 0.0078125 0.777777778125 0.01015625 0.772222221875 0.01171875 0.7458333328125 0.00078125 0.74444444375 0.00078125 0.7736111109375 0.0078125 0.777777778125
7 0.00390625 0.8222222218749999 0.00703125 0.827777778125 0.00625 0.8166666671874999 0.00390625 0.8222222218749999
7 0.05390625 0.76944444375 0.03203125 0.7569444437499999 0.028125 0.7597222218749999 0.02578125 0.7916666671875 0.03046875 0.8027777781250001 0.07109375 0.83055555625 0.08046875 0.83055555625 0.08046875 0.809722221875 0.07109375 0.7916666671875 0.06875 0.772222221875 0.05390625 0.76944444375
7 0.04765625 0.847222221875 0.02109375 0.8361111109375001 0.021875 0.852777778125 0.03984375 0.8666666671875 0.05703125 0.875 0.06640625 0.875 0.06796875 0.8666666671875 0.07109375 0.875 0.0734375 0.8736111109375001 0.0734375 0.86944444375 0.05390625 0.85694444375 0.04765625 0.847222221875
7 0.1828125 0.8236111109375001 0.18828125 0.79444444375 0.18984375 0.7458333328125 0.18203125 0.747222221875 0.1796875 0.73194444375 0.16171875 0.73194444375 0.15859375 0.725 0.153125 0.7388888890625 0.153125 0.7458333328125 0.15625 0.7486111109375 0.15546875 0.765277778125 0.16875 0.784722221875 0.16875 0.7958333328125 0.1734375 0.8041666671875 0.18359375 0.8111111109375001 0.1828125 0.8236111109375001
7 0.2640625 0.79444444375 0.2609375 0.777777778125 0.25390625 0.7736111109375 0.24296875 0.777777778125 0.2359375 0.7708333328125 0.2328125 0.772222221875 0.23125 0.8027777781250001 0.22578125 0.8083333328125001 0.225 0.815277778125 0.23203125 0.8430555562500001 0.23984375 0.847222221875 0.25 0.840277778125 0.2625 0.8166666671874999 0.2640625 0.79444444375
7 0.20703125 0.8291666671875 0.2046875 0.8416666671874999 0.20625 0.85694444375 0.21484375 0.859722221875 0.21953125 0.8222222218749999 0.2203125 0.75 0.21875 0.74444444375 0.2140625 0.7430555562500001 0.209375 0.7638888890625 0.20703125 0.8291666671875
7 0.25859375 0.83194444375 0.26015625 0.834722221875 0.2609375 0.83194444375 0.25859375 0.83194444375
7 0.20703125 0.89444444375 0.20703125 0.902777778125 0.209375 0.902777778125 0.20703125 0.89444444375
7 0.23125 0.915277778125 0.2484375 0.9277777781250001 0.2546875 0.9236111109375 0.25234375 0.9138888890624999 0.25546875 0.8458333328125001 0.25 0.8430555562500001 0.23203125 0.85 0.22890625 0.8833333328125 0.23125 0.915277778125
7 0.3234375 0.9444444437499999 0.3234375 0.9 0.3140625 0.89444444375 0.30859375 0.8861111109375001 0.30703125 0.8708333328125001 0.3 0.85694444375 0.28046875 0.840277778125 0.2640625 0.8333333328125001 0.2625 0.897222221875 0.25859375 0.9277777781250001 0.275 0.940277778125 0.2984375 0.9444444437499999 0.31875 0.95555555625 0.32265625 0.952777778125 0.3234375 0.9444444437499999
7 0.1421875 0.8486111109375001 0.11875 0.85 0.1203125 0.85694444375 0.13359375 0.86944444375 0.14375 0.872222221875 0.14921875 0.8791666671874999 0.1609375 0.877777778125 0.1625 0.8666666671875 0.16015625 0.8486111109375001 0.14765625 0.8444444437499999 0.1421875 0.8486111109375001
7 0.125 0.8958333328125001 0.10625 0.8861111109375001 0.10390625 0.91944444375 0.1265625 0.9291666671875 0.14296875 0.9263888890624999 0.14296875 0.91805555625 0.125 0.8958333328125001
4 0.8 0.80694444375 0.80390625 0.8055555562500001 0.8046875 0.79444444375 0.8109375 0.7805555562500001 0.81171875 0.76944444375 0.80703125 0.75555555625 0.8078125 0.70694444375 0.8015625 0.70694444375 0.8 0.7194444437499999 0.79765625 0.7111111109375 0.79453125 0.709722221875 0.790625 0.715277778125 0.79296875 0.7194444437499999 0.79375 0.75555555625 0.78984375 0.7638888890625 0.78984375 0.7791666671875 0.7984375 0.79305555625 0.8 0.80694444375
4 0.86796875 0.8986111109375001 0.86328125 0.8847222218749999 0.86484375 0.890277778125 0.8625 0.89444444375 0.86015625 0.91944444375 0.8609375 0.934722221875 0.85703125 0.9416666671874999 0.85703125 0.9541666671875 0.86015625 0.9638888890624999 0.8609375 0.98194444375 0.8671875 0.9791666671874999 0.87109375 0.95694444375 0.86796875 0.8986111109375001
4 0.9453125 0.89444444375 0.9484375 0.89444444375 0.95703125 0.8791666671874999 0.9609375 0.86944444375 0.9578125 0.8375 0.9453125 0.83194444375 0.94609375 0.8138888890624999 0.94375 0.80694444375 0.93828125 0.80694444375 0.9375 0.8291666671875 0.9296875 0.840277778125 0.9296875 0.8458333328125001 0.9328125 0.8458333328125001 0.94453125 0.8611111109375 0.9421875 0.8708333328125001 0.94296875 0.890277778125 0.9453125 0.89444444375
4 0.71328125 0.8680555562500001 0.72109375 0.8847222218749999 0.72578125 0.8819444437499999 0.72890625 0.872222221875 0.725 0.8430555562500001 0.72734375 0.8111111109375001 0.7140625 0.80694444375 0.71796875 0.85555555625 0.71328125 0.8680555562500001
4 0.4109375 0.9069444437499999 0.41484375 0.9236111109375 0.41953125 0.9236111109375 0.4203125 0.9083333328125001 0.4234375 0.9013888890624999 0.4234375 0.8763888890624999 0.4203125 0.8680555562500001 0.41484375 0.8666666671875 0.4109375 0.9069444437499999