2 0.575 0.0234375 0.575 0.01875 0.56805555625 0.01328125 0.5291666671875 0.0140625 0.5236111109375 0.01640625 0.522222221875 0.025 0.5333333328125 0.0328125 0.5541666671875001 0.0296875 0.575 0.0234375
1 0.7458333328125 0.35625 0.74444444375 0.36015625 0.730921053125 0.3631990140625 0.7291666671875 0.36640625 0.715277778125 0.375 0.7208333328125 0.38359375 0.7111111109375 0.40078125 0.7194444437499999 0.4015625 0.73194444375 0.3890625 0.747222221875 0.38515625 0.89444444375 0.3828125 0.8986111109375001 0.38046875 0.8958333328125001 0.3703125 0.7458333328125 0.371875 0.7458333328125 0.35625
1 0.91944444375 0.4453125 0.909722221875 0.44140625 0.784722221875 0.44140625 0.7736111109375 0.43984375 0.7708333328125 0.43125 0.7638888890625 0.43125 0.75 0.45234375 0.7486111109375 0.46875 0.7569444437499999 0.46875 0.7638888890625 0.45703125 0.7791666671875 0.45234375 0.8208333328125 0.45234375 0.827777778125 0.4546875 0.9138888890624999 0.45390625 0.91944444375 0.45078125 0.91944444375 0.4453125
7 0.6611111109375 0.99921875 0.7333333328125 0.99921875 0.7402777781250001 0.99375 0.7416666671875001 0.9875 0.7236111109375 0.9828125 0.6583333328125 0.978125 0.6611111109375 0.99921875
7 0.7138888890625 0.9078125 0.702777778125 0.9078125 0.6916666671875 0.915625 0.6777777781250001 0.9203125 0.672222221875 0.925 0.66805555625 0.94453125 0.6583333328125 0.9453125 0.6458333328125 0.95234375 0.64444444375 0.95703125 0.6972222218749999 0.9671875 0.7541666671875 0.96953125 0.76805555625 0.94296875 0.7666666671875 0.92734375 0.74444444375 0.9140625 0.7138888890625 0.9078125
7 0.8444444437499999 0.88515625 0.8458333328125001 0.8609375 0.840277778125 0.85234375 0.8444444437499999 0.84453125 0.8444444437499999 0.8203125 0.81805555625 0.81953125 0.7958333328125 0.83359375 0.784722221875 0.84765625 0.765277778125 0.85 0.7597222218749999 0.853125 0.7416666671875001 0.878125 0.722222221875 0.8828125 0.7194444437499999 0.8921875 0.7236111109375 0.90625 0.7513888890625 0.91484375 0.76944444375 0.9265625 0.81805555625 0.915625 0.83194444375 0.9046875 0.8444444437499999 0.88515625
7 0.7791666671875 0.9921875 0.7666666671875 0.98828125 0.747222221875 0.9875 0.74444444375 0.99921875 0.7736111109375 0.99921875 0.7791666671875 0.9921875
7 0.76805555625 0.9484375 0.7569444437499999 0.96796875 0.7597222218749999 0.971875 0.79444444375 0.97421875 0.8027777781250001 0.96953125 0.83055555625 0.928125 0.83055555625 0.91953125 0.8111111109375001 0.91875 0.7833333328125 0.9296875 0.772222221875 0.93046875 0.76805555625 0.9484375
7 0.8736111109375001 0.92578125 0.8708333328125001 0.925 0.859722221875 0.9375 0.85694444375 0.946875 0.85 0.94921875 0.8444444437499999 0.95625 0.8361111109375001 0.97578125 0.8388888890624999 0.97890625 0.852777778125 0.978125 0.8666666671875 0.96015625 0.875 0.94296875 0.875 0.9375 0.8666666671875 0.9328125 0.877777778125 0.93125 0.8736111109375001 0.92578125
7 0.8013888890624999 0.8296875 0.809722221875 0.8203125 0.81805555625 0.81875 0.8055555562500001 0.8125 0.7458333328125 0.81015625 0.7458333328125 0.81875 0.73194444375 0.8203125 0.73194444375 0.8375 0.725 0.84140625 0.7402777781250001 0.846875 0.7513888890625 0.8421875 0.7569444437499999 0.84453125 0.7638888890625 0.84375 0.7638888890625 0.84140625 0.784722221875 0.83125 0.79444444375 0.83203125 0.8013888890624999 0.8296875
7 0.8111111109375001 0.73671875 0.7888888890625 0.7359375 0.777777778125 0.7390625 0.7736111109375 0.7453125 0.777777778125 0.75703125 0.7708333328125 0.765625 0.7819444437499999 0.76875 0.8027777781250001 0.76875 0.8111111109375001 0.77578125 0.8166666671874999 0.7765625 0.827777778125 0.77109375 0.8430555562500001 0.76875 0.847222221875 0.759375 0.8361111109375001 0.74609375 0.8111111109375001 0.73671875
7 0.7430555562500001 0.7859375 0.765277778125 0.790625 0.8458333328125001 0.7953125 0.859722221875 0.790625 0.8611111109375 0.7859375 0.852777778125 0.7828125 0.815277778125 0.7796875 0.790277778125 0.78125 0.7569444437499999 0.77890625 0.7458333328125 0.78046875 0.7430555562500001 0.7859375
7 0.8708333328125001 0.79296875 0.8736111109375001 0.7890625 0.8680555562500001 0.7890625 0.8708333328125001 0.79296875
7 0.902777778125 0.7953125 0.9055555562500001 0.7890625 0.897222221875 0.78828125 0.8916666671875 0.79296875 0.8861111109375001 0.79296875 0.902777778125 0.7953125
7 0.9166666671874999 0.76875 0.9277777781250001 0.74765625 0.8986111109375001 0.7453125 0.8458333328125001 0.7453125 0.8444444437499999 0.75546875 0.852777778125 0.7609375 0.852777778125 0.76875 0.8833333328125 0.77109375 0.9166666671874999 0.76875
7 0.9 0.6765625 0.89444444375 0.6859375 0.8861111109375001 0.69140625 0.86944444375 0.69296875 0.85694444375 0.7 0.8333333328125001 0.7359375 0.8958333328125001 0.7375 0.925 0.74140625 0.9416666671874999 0.7234375 0.9444444437499999 0.70078125 0.95555555625 0.6828125 0.952777778125 0.67734375 0.9444444437499999 0.6765625 0.9 0.6765625
7 0.8444444437499999 0.853125 0.8486111109375001 0.859375 0.847222221875 0.878125 0.8513888890624999 0.88125 0.85694444375 0.8796875 0.86944444375 0.8671875 0.872222221875 0.85625 0.8791666671874999 0.85 0.877777778125 0.83828125 0.8638888890624999 0.83671875 0.85 0.8390625 0.8444444437499999 0.853125
7 0.9 0.87109375 0.8861111109375001 0.89375 0.91944444375 0.89609375 0.9291666671875 0.87265625 0.9263888890624999 0.85703125 0.91944444375 0.85625 0.9 0.87109375
4 0.8222222218749999 0.40546875 0.8291666671875 0.4109375 0.827777778125 0.415625 0.8819444437499999 0.4171875 0.897222221875 0.4109375 0.89444444375 0.40703125 0.88055555625 0.403125 0.8314819437500001 0.403125 0.827777778125 0.40625 0.8236111109375001 0.403125 0.8222222218749999 0.40546875
4 0.68194444375 0.43125 0.68194444375 0.4375 0.6875 0.43828125 0.69305555625 0.43828125 0.715277778125 0.42890625 0.7388888890625 0.43125 0.76944444375 0.4296875 0.775 0.42578125 0.784722221875 0.42421875 0.7833333328125 0.41796875 0.7611111109375 0.41875 0.7513888890625 0.4109375 0.7402777781250001 0.41640625 0.727777778125 0.41796875 0.6958333328124999 0.4171875 0.6805555562500001 0.4109375 0.6763888890625 0.41171875 0.68194444375 0.41171875 0.6833333328125 0.4140625 0.6763888890625 0.41796875 0.6791666671875001 0.42109375 0.6972222218749999 0.425 0.69305555625 0.43046875 0.68194444375 0.43125