2 0.41944444374999995 0.975 0.46388888906250003 0.975 0.46944444374999994 0.97109375 0.46527777812500004 0.959375 0.45555555625000005 0.95703125 0.4388888890625 0.9625 0.42083333281249996 0.9640625 0.41944444374999995 0.975
1 0.1875 0.6140625 0.10694444375 0.615625 0.1041666671875 0.6265625 0.115277778125 0.6296875 0.15972222187500001 0.62734375 0.25 0.62734375 0.259722221875 0.63125 0.259722221875 0.63984375 0.26527777812500003 0.640625 0.275 0.62890625 0.28611111093749997 0.62421875 0.2833333328125 0.61328125 0.290277778125 0.60546875 0.2833333328125 0.6046875 0.259722221875 0.61328125 0.21805555625 0.61484375 0.19305555624999998 0.61171875 0.1875 0.6140625
1 0.084722221875 0.5453125 0.0875 0.55703125 0.2166666671875 0.5578125 0.22638888906250001 0.56171875 0.22638888906250001 0.56875 0.23055555625 0.5703125 0.2388888890625 0.5671875 0.24305555625 0.5609375 0.2513888890625 0.53359375 0.25 0.53125 0.24305555625 0.53125 0.23611111093749998 0.54296875 0.215277778125 0.54765625 0.172222221875 0.54375 0.1375 0.54609375 0.084722221875 0.5453125
6 0.21944444375 0.2390625 0.215277778125 0.2359375 0.1916666671875 0.25 0.190277778125 0.26328125 0.18055555625 0.2671875 0.1583333328125 0.26953125 0.15 0.29453125 0.15 0.30859375 0.1666666671875 0.3203125 0.16805555625 0.33046875 0.1763888890625 0.33359375 0.16805555625 0.3390625 0.175 0.3375 0.1763888890625 0.34375 0.215277778125 0.34453125 0.2416666671875 0.33671875 0.24305555625 0.31015625 0.24722222187499998 0.30390625 0.252777778125 0.3 0.2666666671875 0.29921875 0.27777777812500004 0.2953125 0.28472222187499996 0.2875 0.28194444375 0.27578125 0.272222221875 0.27109375 0.2791666671875 0.26171875 0.275 0.2375 0.252777778125 0.23515625 0.21944444375 0.2390625
6 0.17361111093749998 0.39375 0.15972222187500001 0.4015625 0.15972222187500001 0.42265625 0.175 0.43046875 0.19583333281249998 0.43359375 0.21944444375 0.4328125 0.240277778125 0.42421875 0.25 0.41328125 0.2541666671875 0.4015625 0.252777778125 0.3859375 0.25833333281250004 0.36875 0.25555555625 0.34375 0.23611111093749998 0.34296875 0.23055555625 0.3453125 0.21805555625 0.365625 0.20277777812500003 0.3625 0.190277778125 0.36328125 0.17361111093749998 0.39375
7 0.14444444375 0.121875 0.147222221875 0.11796875 0.15277777812499999 0.11796875 0.1541666671875 0.11484375 0.14794061249999998 0.11414331874999999 0.14305555625 0.12421875 0.134722221875 0.12734375 0.1208333328125 0.15 0.12222222187500001 0.16015625 0.134722221875 0.16171875 0.1513888890625 0.15625 0.1513888890625 0.12317734375 0.14444444375 0.121875
7 0.072222221875 0.0609375 0.072222221875 0.07734375 0.08333333281250001 0.09296875 0.11944444375 0.09375 0.1291666671875 0.0796875 0.1291666671875 0.06953125 0.125 0.06875 0.11944444375 0.05 0.10138888906250001 0.0453125 0.097222221875 0.03984375 0.11805555625 0.03828125 0.11805555625 0.034375 0.10138888906250001 0.0265625 0.084722221875 0.0375 0.097222221875 0.04296875 0.08194444375 0.04765625 0.072222221875 0.0609375
7 0.08055555625000001 0.103125 0.06944444375 0.13359375 0.077777778125 0.14296875 0.08055555625000001 0.14375 0.102777778125 0.125 0.11388888906250001 0.11171875 0.11388888906250001 0.10546875 0.09305555625 0.10234375 0.08055555625000001 0.103125
7 0.2791666671875 0.07734375 0.26805555625 0.06953125 0.23333333281250002 0.06953125 0.222222221875 0.075 0.18194444375000002 0.084375 0.17361111093749998 0.08984375 0.15555555625 0.11484375 0.15555555625 0.14296875 0.15972222187500001 0.1453125 0.15555555625 0.15625 0.15555555625 0.18125 0.1611111109375 0.1828125 0.19305555624999998 0.1859375 0.20138888906250002 0.1828125 0.21944444375 0.18125 0.22777777812500002 0.1765625 0.23055555625 0.16875 0.22638888906250001 0.16484375 0.21805555625 0.16328125 0.21944444375 0.153125 0.23611111093749998 0.14921875 0.25833333281250004 0.121875 0.275 0.11875 0.28055555625 0.11328125 0.27638888906250003 0.10234375 0.2791666671875 0.07734375
7 0.2791666671875 0.00546875 0.275 0.00078125 0.21805555625 0.00078125 0.21805555625 0.0078125 0.23611111093749998 0.01171875 0.26805555625 0.0125 0.2791666671875 0.00546875
7 0.190277778125 0.08125 0.20972222187499998 0.0703125 0.23055555625 0.06953125 0.23611111093749998 0.06640625 0.240277778125 0.0625 0.2388888890625 0.04609375 0.25 0.03125 0.24305555625 0.02734375 0.20555555625 0.025 0.197222221875 0.03046875 0.16944444375 0.07109375 0.16805555625 0.07734375 0.17361111093749998 0.08125 0.190277778125 0.08125
7 0.1263888890625 0.0734375 0.13055555624999998 0.07421875 0.1416666671875 0.0609375 0.1611111109375 0.01953125 0.15 0.01953125 0.14305555625 0.0234375 0.125 0.05703125 0.1263888890625 0.0734375
7 0.36666666718749996 0.2859375 0.3333333328125 0.2859375 0.315277778125 0.29453125 0.29444444375 0.321875 0.2888888890625 0.3421875 0.26805555625 0.359375 0.25555555625 0.38125 0.25694444375000003 0.43125 0.26944444375 0.4390625 0.2958333328125 0.44609375 0.3013888890625 0.490625 0.30694444375 0.49453125 0.3736111109375 0.4953125 0.40277777812500004 0.4921875 0.41111111093749997 0.4515625 0.4291666671875 0.45 0.44305555625000004 0.4421875 0.44305555625000004 0.42734375 0.4388888890625 0.42265625 0.41111111093749997 0.4125 0.40555555625000006 0.36875 0.3958333328125 0.3328125 0.3958333328125 0.3265625 0.40833333281249995 0.31875 0.40694444374999994 0.30625 0.36666666718749996 0.2859375
7 0.1541666671875 0.21328125 0.1541666671875 0.209375 0.15 0.20625 0.1291666671875 0.2046875 0.1263888890625 0.20703125 0.115277778125 0.2078125 0.1111111109375 0.21328125 0.13194444375 0.215625 0.1375 0.22109375 0.14305555625 0.215625 0.1541666671875 0.21328125
7 0.09305555625 0.20390625 0.09305555625 0.21171875 0.10555555624999999 0.2109375 0.115277778125 0.20625 0.115277778125 0.20390625 0.10833333281249999 0.20234375 0.097222221875 0.2015625 0.09305555625 0.20390625
7 0.077777778125 0.23828125 0.072222221875 0.2484375 0.077777778125 0.25078125 0.15972222187500001 0.2546875 0.1583333328125 0.23359375 0.1416666671875 0.2296875 0.09305555625 0.22890625 0.08194444375 0.2328125 0.077777778125 0.23828125
7 0.055555556250000006 0.3234375 0.09305555625 0.325 0.1041666671875 0.31953125 0.1111111109375 0.3109375 0.1291666671875 0.30859375 0.140277778125 0.2984375 0.147222221875 0.28125 0.15555555625 0.27421875 0.15555555625 0.26328125 0.06944444375 0.2609375 0.059722221875 0.2765625 0.054166667187499996 0.30078125 0.04444444375 0.31796875 0.047222221875 0.32265625 0.055555556250000006 0.3234375