0 1 0.006944443749999999 0.9828125 0.0111111109375 0.97578125 0.0166666671875 0.97109375 0.027777778125000003 0.96484375 0.0208333328125 0.9609375 0.022222221875 0.95 0.006944443749999999 0.9421875 0.002777778125 0.91171875 0.006944443749999999 0.9015625 0.0236111109375 0.8984375 0.0513888890625 0.88046875 0.07083333281250001 0.875 0.08055555625000001 0.8703125 0.0986111109375 0.87109375 0.16944444375 0.875 0.1833333328125 0.8765625 0.2166666671875 0.8796875 0.222222221875 0.88203125 0.240277778125 0.90234375 0.28194444375 0.9109375 0.2888888890625 0.98671875 0.2888888890625 0.99140625 0.29444444375 0.9875 0.30416666718749996 0.98671875 0.31944444375000003 0.98984375 0.325 0.99375 0.325 1 0.3166666671875 1 0.006944443749999999
2 0.9453125 0.5375 0.9453125 0.54305555625 0.95 0.5708333328124999 0.9546875 0.58055555625 0.95859375 0.5791666671875 0.9625 0.5694444437499999 0.9625 0.5458333328125 0.95703125 0.5319444437499999 0.9515625 0.5305555562500001 0.9453125 0.5375
1 0.61015625 0.8041666671875 0.61015625 0.859722221875 0.615625 0.872222221875 0.615625 0.8916666671875 0.61796875 0.897222221875 0.628125 0.89444444375 0.6296875 0.8819444437499999 0.62734375 0.8541666671874999 0.628125 0.7458333328125 0.63125 0.7402777781250001 0.6421875 0.7402777781250001 0.6421875 0.734722221875 0.63125 0.727777778125 0.62421875 0.7138888890625 0.6140625 0.7180555562500001 0.60625 0.709722221875 0.6046875 0.7180555562500001 0.61328125 0.7402777781250001 0.61484375 0.7569444437499999 0.6140625 0.7833333328125 0.61015625 0.8041666671875
1 0.54609375 0.8111111109375001 0.54375 0.83055555625 0.54609375 0.9138888890624999 0.5484375 0.91944444375 0.553125 0.91944444375 0.5578125 0.909722221875 0.5578125 0.8458333328125001 0.5609375 0.8375 0.5578125 0.8041666671875 0.55859375 0.7833333328125 0.5625 0.7736111109375 0.56875 0.7763888890625 0.57109375 0.76944444375 0.56796875 0.7611111109375 0.5625 0.7569444437499999 0.54375 0.7486111109375 0.53125 0.7486111109375 0.53125 0.7569444437499999 0.54609375 0.76944444375 0.54609375 0.8111111109375001
6 0.2625 0.809722221875 0.2671875 0.8222222218749999 0.26953125 0.8416666671874999 0.27265625 0.8444444437499999 0.309375 0.85 0.31953125 0.8361111109375001 0.33203125 0.8361111109375001 0.3421875 0.83055555625 0.3453125 0.8194444437499999 0.34609375 0.7875 0.3375 0.7597222218749999 0.31796875 0.7611111109375 0.303125 0.752777778125 0.3 0.747222221875 0.29765625 0.725 0.29140625 0.7166666671875 0.28125 0.715277778125 0.2703125 0.7291666671875 0.26328125 0.722222221875 0.2375 0.725 0.2375 0.7833333328125 0.24765625 0.8055555562500001 0.2625 0.809722221875
6 0.425 0.8388888890624999 0.43125 0.8208333328125 0.43359375 0.7875 0.43046875 0.76944444375 0.4046875 0.7416666671875001 0.34609375 0.7416666671875001 0.34296875 0.7486111109375 0.3453125 0.7708333328125 0.36328125 0.777777778125 0.3671875 0.784722221875 0.36328125 0.79444444375 0.36328125 0.8041666671875 0.375 0.815277778125 0.39296875 0.8236111109375001 0.40078125 0.8388888890624999 0.425 0.8388888890624999
7 0.14296875 0.8708333328125001 0.15 0.877777778125 0.15859375 0.8763888890624999 0.16015625 0.85694444375 0.15625 0.8486111109375001 0.1078125 0.847222221875 0.1140625 0.85694444375 0.1328125 0.86944444375 0.14296875 0.8708333328125001
7 0.03359375 0.8819444437499999 0.02734375 0.89444444375 0.02734375 0.902777778125 0.03515625 0.909722221875 0.0375 0.9166666671874999 0.03828125 0.8819444437499999 0.03359375 0.8819444437499999
7 0.07578125 0.8736111109375001 0.07421875 0.8791666671874999 0.053125 0.877777778125 0.05 0.8819444437499999 0.04609375 0.9 0.04609375 0.9138888890624999 0.06171875 0.9277777781250001 0.0765625 0.9277777781250001 0.09296875 0.9166666671874999 0.09375 0.8791666671874999 0.08203125 0.8736111109375001 0.07578125 0.8736111109375001
7 0.1296875 0.9291666671875 0.1375 0.9291666671875 0.14296875 0.922222221875 0.14375 0.91944444375 0.125 0.897222221875 0.1109375 0.8861111109375001 0.10390625 0.8861111109375001 0.10234375 0.91944444375 0.1296875 0.9291666671875
7 0.06953125 0.7333333328125 0.06953125 0.7666666671875 0.07421875 0.7763888890625 0.08359375 0.8166666671874999 0.09375 0.83055555625 0.1078125 0.840277778125 0.13359375 0.8458333328125001 0.14375 0.8444444437499999 0.146875 0.840277778125 0.1625 0.8458333328125001 0.18046875 0.8444444437499999 0.18359375 0.83194444375 0.18359375 0.7916666671875 0.1796875 0.7736111109375 0.16875 0.772222221875 0.16171875 0.784722221875 0.15546875 0.784722221875 0.15078125 0.7791666671875 0.14921875 0.7638888890625 0.121875 0.7416666671875001 0.11875 0.725 0.11328125 0.7194444437499999 0.10625 0.7194444437499999 0.10390625 0.7236111109375 0.075 0.722222221875 0.06953125 0.7333333328125
7 0.8546875 0.8291666671875 0.84375 0.8236111109375001 0.8390625 0.8125 0.82421875 0.8125 0.8171875 0.8041666671875 0.80859375 0.8041666671875 0.8046875 0.809722221875 0.80390625 0.859722221875 0.8203125 0.8819444437499999 0.82734375 0.8888888890625 0.84453125 0.8916666671875 0.8484375 0.890277778125 0.85703125 0.8708333328125001 0.8546875 0.8291666671875
7 0.62109375 0.9375 0.6203125 0.9611111109375001 0.62421875 0.965277778125 0.64453125 0.9444444437499999 0.65546875 0.9486111109375001 0.66640625 0.94305555625 0.67109375 0.95694444375 0.7078125 0.952777778125 0.71875 0.9444444437499999 0.72109375 0.9166666671874999 0.7234375 0.9138888890624999 0.725 0.8333333328125001 0.7203125 0.8291666671875 0.71796875 0.8194444437499999 0.70703125 0.8263888890625 0.69375 0.8055555562500001 0.67734375 0.8055555562500001 0.67265625 0.8111111109375001 0.6671875 0.834722221875 0.6375 0.83194444375 0.63671875 0.8388888890624999 0.63125 0.8388888890624999 0.63046875 0.8916666671875 0.61796875 0.902777778125 0.62109375 0.9375
7 0.54375 0.8194444437499999 0.53359375 0.8222222218749999 0.5296875 0.8388888890624999 0.5234375 0.8486111109375001 0.52109375 0.8847222218749999 0.5234375 0.952777778125 0.52734375 0.977777778125 0.53203125 0.9902777781250001 0.57421875 0.9930555562500001 0.58359375 0.9861111109375 0.60625 0.9791666671874999 0.61015625 0.9736111109375001 0.6109375 0.965277778125 0.61015625 0.9111111109375001 0.61328125 0.9069444437499999 0.61328125 0.8958333328125001 0.60546875 0.8652777781250001 0.60625 0.8458333328125001 0.60078125 0.834722221875 0.59921875 0.8208333328125 0.59140625 0.815277778125 0.57890625 0.815277778125 0.57109375 0.8222222218749999 0.56015625 0.847222221875 0.5578125 0.8791666671874999 0.54453125 0.8791666671874999 0.54375 0.8194444437499999
7 0.00625 0.722222221875 0.00078125 0.727777778125 0.00078125 0.7791666671875 0.00703125 0.7819444437499999 0.01171875 0.76805555625 0.0125 0.73055555625 0.00625 0.722222221875
7 0.07578125 0.797222221875 0.07421875 0.7833333328125 0.06484375 0.7611111109375 0.03984375 0.76944444375 0.0328125 0.7541666671875 0.028125 0.7569444437499999 0.02578125 0.7958333328125 0.034375 0.8055555562500001 0.07109375 0.83055555625 0.078125 0.83194444375 0.08046875 0.827777778125 0.08125 0.809722221875 0.07578125 0.797222221875
7 0.0234375 0.85694444375 0.0625 0.877777778125 0.07421875 0.877777778125 0.07421875 0.86944444375 0.06171875 0.8583333328125 0.04296875 0.8541666671874999 0.03203125 0.8444444437499999 0.01953125 0.840277778125 0.0234375 0.85694444375
7 0.20625 0.8736111109375001 0.21015625 0.8847222218749999 0.2140625 0.8791666671874999 0.21484375 0.86944444375 0.21875 0.8625 0.2140625 0.847222221875 0.21015625 0.8458333328125001 0.20625 0.852777778125 0.20625 0.8736111109375001
7 0.2109375 0.8958333328125001 0.20703125 0.8888888890625 0.203125 0.89444444375 0.20234375 0.902777778125 0.20546875 0.9055555562500001 0.21171875 0.9055555562500001 0.2109375 0.8958333328125001
7 0.25078125 0.9236111109375 0.25234375 0.8736111109375001 0.2546875 0.8666666671875 0.25390625 0.840277778125 0.23984375 0.8388888890624999 0.23125 0.847222221875 0.22890625 0.909722221875 0.2328125 0.91944444375 0.25078125 0.9236111109375
7 0.3234375 0.9013888890624999 0.31484375 0.89444444375 0.30625 0.8708333328125001 0.29296875 0.85694444375 0.28125 0.8541666671874999 0.27421875 0.8444444437499999 0.26484375 0.8416666671874999 0.2625 0.8458333328125001 0.26015625 0.91805555625 0.26171875 0.93194444375 0.31484375 0.95555555625 0.321875 0.9541666671875 0.3234375 0.9444444437499999 0.3234375 0.9013888890624999
4 0.95 0.45 0.95625 0.48333333281249996 0.95703125 0.5305555562500001 0.9625 0.54444444375 0.96796875 0.5458333328125 0.9734375 0.5541666671875001 0.9765625 0.5666666671875 0.98203125 0.5666666671875 0.98515625 0.559722221875 0.9859375 0.51805555625 0.9765625 0.477777778125 0.975 0.447222221875 0.96953125 0.427777778125 0.97109375 0.40833333281249995 0.96640625 0.40833333281249995 0.96171875 0.4166666671875 0.965625 0.4458333328125 0.9640625 0.46666666718750005 0.9578125 0.45277777812500003 0.9546875 0.4236111109375 0.95 0.42083333281249996 0.94921875 0.4263888890625 0.95 0.45
4 0.8015625 0.7958333328125 0.8 0.7916666671875 0.790625 0.7916666671875 0.7875 0.8 0.790625 0.8375 0.78671875 0.8486111109375001 0.79375 0.86944444375 0.79921875 0.8680555562500001 0.80234375 0.85694444375 0.80390625 0.83194444375 0.8015625 0.8263888890625 0.8015625 0.7958333328125