2 0.025 0.4583333328125 0.03046875 0.46805555625000006 0.03671875 0.46805555625000006 0.0390625 0.4583333328125 0.0359375 0.42083333281249996 0.02578125 0.41805555625 0.02421875 0.42222222187499997 0.025 0.4583333328125
1 0.38515625 0.2833333328125 0.39453125 0.2888888890625 0.39375 0.27777777812500004 0.38671875 0.26527777812500003 0.38515625 0.23333333281250002 0.3875 0.197222221875 0.38515625 0.1625 0.38828125 0.1541666671875 0.3859375 0.140277778125 0.38671875 0.109722221875 0.3796875 0.102777778125 0.3734375 0.102777778125 0.36953125 0.1125 0.37265625 0.15972222187500001 0.371875 0.2541666671875 0.3671875 0.2611111109375 0.359375 0.259722221875 0.3578125 0.2638888890625 0.36875 0.272222221875 0.37890625 0.2888888890625 0.38515625 0.2833333328125
1 0.4609375 0.2388888890625 0.46640625 0.240277778125 0.46796875 0.2513888890625 0.46875 0.24305555625 0.45390625 0.2125 0.45390625 0.18055555625 0.45625 0.16805555625 0.45390625 0.14861111093749999 0.4546875 0.084722221875 0.44921875 0.08194444375 0.44296875 0.0861111109375 0.4421875 0.2138888890625 0.43671875 0.22638888906250001 0.43046875 0.22638888906250001 0.4296875 0.23055555625 0.4328125 0.2388888890625 0.45546875 0.25 0.4609375 0.2513888890625 0.4609375 0.2388888890625
6 0.7171875 0.28472222187499996 0.72890625 0.2708333328125 0.7375 0.27777777812500004 0.7625 0.275 0.7640625 0.240277778125 0.76171875 0.2166666671875 0.75234375 0.19444444375 0.73515625 0.1875 0.73046875 0.1583333328125 0.69453125 0.147222221875 0.68828125 0.1513888890625 0.678125 0.16805555625 0.6609375 0.16805555625 0.65625 0.175 0.65625 0.21805555625 0.66328125 0.240277778125 0.671875 0.24305555625 0.6828125 0.2388888890625 0.6984375 0.24722222187499998 0.70078125 0.26805555625 0.70625 0.28194444375 0.7171875 0.28472222187499996
6 0.63671875 0.2236111109375 0.6328125 0.215277778125 0.63671875 0.20694444375 0.63671875 0.1916666671875 0.60625 0.17361111093749998 0.5984375 0.15972222187500001 0.575 0.1611111109375 0.56875 0.18055555625 0.56640625 0.197222221875 0.56796875 0.222222221875 0.57578125 0.240277778125 0.5984375 0.259722221875 0.65 0.25833333281250004 0.65703125 0.2513888890625 0.6546875 0.22916666718749998 0.63671875 0.2236111109375
7 0.8671875 0.13055555624999998 0.85703125 0.127777778125 0.853125 0.12222222187500001 0.84453125 0.1208333328125 0.83828125 0.1291666671875 0.8375 0.134722221875 0.84296875 0.14861111093749999 0.84921875 0.1541666671875 0.86171875 0.15 0.88203125 0.15555555625 0.89296875 0.15277777812499999 0.89140625 0.147222221875 0.8671875 0.13055555624999998
7 0.95234375 0.08055555625000001 0.9390625 0.072222221875 0.9234375 0.072222221875 0.90703125 0.084722221875 0.90703125 0.1208333328125 0.921875 0.127777778125 0.9265625 0.1208333328125 0.94765625 0.1208333328125 0.95234375 0.1166666671875 0.9546875 0.102777778125 0.9546875 0.08333333281250001 0.95234375 0.08055555625000001
7 0.8578125 0.075 0.85625 0.08055555625000001 0.875 0.102777778125 0.8890625 0.11388888906250001 0.8953125 0.11388888906250001 0.896875 0.08055555625000001 0.878125 0.072222221875 0.8640625 0.07083333281250001 0.8578125 0.075
7 0.87890625 0.25833333281250004 0.8828125 0.27777777812500004 0.925 0.27777777812500004 0.93046875 0.2666666671875 0.93046875 0.23194444375 0.92578125 0.222222221875 0.915625 0.18055555625 0.90625 0.16944444375 0.88046875 0.15555555625 0.85625 0.15555555625 0.85234375 0.1611111109375 0.84375 0.15555555625 0.81953125 0.15555555625 0.815625 0.17361111093749998 0.8140625 0.1916666671875 0.81953125 0.2236111109375 0.83125 0.22916666718749998 0.83671875 0.21805555625 0.846875 0.21805555625 0.85078125 0.23611111093749998 0.87109375 0.25555555625 0.87890625 0.25833333281250004
7 0.9875 0.2708333328125 0.98984375 0.27638888906250003 0.99453125 0.27777777812500004 0.99921875 0.272222221875 0.99921875 0.21944444375 0.99296875 0.21805555625 0.98828125 0.23472222187499997 0.9875 0.2708333328125
7 0.971875 0.24305555625 0.97421875 0.23055555625 0.9734375 0.20277777812500003 0.92890625 0.16944444375 0.921875 0.16805555625 0.91875 0.17361111093749998 0.91796875 0.1875 0.9234375 0.197222221875 0.925 0.2125 0.9328125 0.23611111093749998 0.9375 0.240277778125 0.9625 0.240277778125 0.96875 0.24583333281250003 0.971875 0.24305555625
7 0.9328125 0.12222222187500001 0.92578125 0.12361111093749999 0.925 0.13055555624999998 0.93515625 0.14305555625 0.95546875 0.1458333328125 0.9640625 0.1541666671875 0.98046875 0.15972222187500001 0.978125 0.1458333328125 0.9609375 0.13333333281249998 0.9328125 0.12222222187500001
7 0.78515625 0.13055555624999998 0.7796875 0.13888888906250002 0.78671875 0.1513888890625 0.79140625 0.1513888890625 0.79375 0.140277778125 0.79296875 0.1208333328125 0.7859375 0.11944444375 0.78515625 0.13055555624999998
7 0.796875 0.10555555624999999 0.79609375 0.0958333328125 0.7890625 0.09444444375 0.78828125 0.0986111109375 0.79296875 0.109722221875 0.796875 0.10555555624999999
7 0.74921875 0.07638888906249999 0.74453125 0.15555555625 0.74609375 0.15972222187500001 0.76171875 0.15972222187500001 0.76875 0.1513888890625 0.7703125 0.1416666671875 0.77109375 0.0916666671875 0.76640625 0.08055555625000001 0.74921875 0.07638888906249999
7 0.72109375 0.058333332812500006 0.7015625 0.054166667187499996 0.69140625 0.047222221875 0.67890625 0.04444444375 0.6765625 0.0486111109375 0.675 0.09305555625 0.6765625 0.1 0.6875 0.109722221875 0.68828125 0.1291666671875 0.7046875 0.14305555625 0.7359375 0.15694444375 0.73828125 0.06944444375 0.72109375 0.058333332812500006