2 0.04296875 0.45555555625000005 0.03828125 0.440277778125 0.03671875 0.42222222187499997 0.03359375 0.41805555625 0.025 0.41944444374999995 0.025 0.459722221875 0.02890625 0.46805555625000006 0.0375 0.46805555625000006 0.0421875 0.4625 0.04296875 0.45555555625000005
1 0.3859375 0.15555555625 0.38828125 0.15277777812499999 0.3859375 0.1416666671875 0.3859375 0.11388888906250001 0.384375 0.10694444375 0.38046875 0.1041666671875 0.3703125 0.10694444375 0.3734375 0.20138888906250002 0.37265625 0.2541666671875 0.36875 0.2611111109375 0.36015625 0.259722221875 0.3578125 0.26527777812500003 0.3671875 0.2708333328125 0.37578125 0.28611111093749997 0.38671875 0.2833333328125 0.39453125 0.290277778125 0.39453125 0.28055555625 0.38671875 0.2638888890625 0.38515625 0.20555555625 0.3875 0.19305555624999998 0.3859375 0.15555555625
1 0.4421875 0.2166666671875 0.4375 0.22777777812500002 0.43125 0.22638888906250001 0.4296875 0.23055555625 0.4328125 0.2388888890625 0.43828125 0.24305555625 0.46796875 0.2513888890625 0.46875 0.24305555625 0.45703125 0.23611111093749998 0.45234375 0.2166666671875 0.45625 0.1708333328125 0.4546875 0.084722221875 0.44296875 0.0875 0.4421875 0.2166666671875
6 0.57578125 0.1611111109375 0.56875 0.18055555625 0.56640625 0.197222221875 0.5671875 0.21805555625 0.5765625 0.2416666671875 0.60390625 0.259722221875 0.65 0.25833333281250004 0.65703125 0.2513888890625 0.65703125 0.23611111093749998 0.6546875 0.22916666718749998 0.634375 0.21944444375 0.6375 0.20138888906250002 0.63671875 0.190277778125 0.609375 0.1763888890625 0.59765625 0.15972222187500001 0.57578125 0.1611111109375
6 0.7640625 0.23611111093749998 0.7609375 0.21944444375 0.7640625 0.215277778125 0.753125 0.19444444375 0.73671875 0.190277778125 0.7328125 0.18055555625 0.73046875 0.1583333328125 0.70546875 0.15 0.69140625 0.15 0.68125 0.165277778125 0.6703125 0.1666666671875 0.66328125 0.17361111093749998 0.6609375 0.16805555625 0.65625 0.177777778125 0.65625 0.21805555625 0.66171875 0.2388888890625 0.6671875 0.24305555625 0.68125 0.240277778125 0.69765625 0.24722222187499998 0.70078125 0.25694444375000003 0.70078125 0.26805555625 0.70625 0.28055555625 0.71953125 0.28472222187499996 0.72890625 0.272222221875 0.73828125 0.2791666671875 0.7546875 0.2791666671875 0.7625 0.275 0.7640625 0.23611111093749998
7 0.8921875 0.15277777812499999 0.8890625 0.147222221875 0.8765625 0.14305555625 0.87265625 0.134722221875 0.84921875 0.1208333328125 0.84296875 0.12222222187500001 0.83984375 0.13055555624999998 0.84296875 0.14861111093749999 0.85 0.1541666671875 0.8609375 0.15 0.8921875 0.15277777812499999
7 0.9625 0.090277778125 0.9625 0.0958333328125 0.95625 0.097222221875 0.953125 0.08333333281250001 0.93828125 0.072222221875 0.9234375 0.072222221875 0.90703125 0.08333333281250001 0.90625 0.11944444375 0.91875 0.127777778125 0.92734375 0.1291666671875 0.93125 0.12361111093749999 0.946875 0.12222222187500001 0.95234375 0.1166666671875 0.95546875 0.0986111109375 0.96328125 0.097222221875 0.9625 0.11805555625 0.96640625 0.1166666671875 0.96953125 0.10694444375 0.96953125 0.097222221875 0.96640625 0.09305555625 0.9625 0.090277778125
7 0.89765625 0.09305555625 0.89609375 0.08055555625000001 0.86953125 0.07083333281250001 0.8625 0.07083333281250001 0.85703125 0.077777778125 0.85625 0.08055555625000001 0.875 0.102777778125 0.8890625 0.11388888906250001 0.89453125 0.11388888906250001 0.89765625 0.09305555625
7 0.93046875 0.26805555625 0.93046875 0.23333333281250002 0.92578125 0.2236111109375 0.91640625 0.1833333328125 0.90390625 0.16805555625 0.88515625 0.15555555625 0.85703125 0.15555555625 0.85078125 0.172222221875 0.83828125 0.15555555625 0.81875 0.15555555625 0.815625 0.1708333328125 0.8140625 0.19305555624999998 0.81796875 0.20555555625 0.81875 0.2208333328125 0.825 0.22916666718749998 0.834375 0.22777777812500002 0.8375 0.21805555625 0.846875 0.21805555625 0.85078125 0.23611111093749998 0.87890625 0.25833333281250004 0.88125 0.272222221875 0.88671875 0.28055555625 0.89765625 0.27638888906250003 0.921875 0.2791666671875 0.93046875 0.26805555625
7 0.2546875 0.28055555625 0.26171875 0.2888888890625 0.2671875 0.28055555625 0.27109375 0.26527777812500003 0.26875 0.23055555625 0.25234375 0.20694444375 0.23515625 0.172222221875 0.2140625 0.165277778125 0.1890625 0.17361111093749998 0.18125 0.1888888890625 0.1703125 0.1916666671875 0.175 0.20138888906250002 0.17265625 0.252777778125 0.1765625 0.26805555625 0.1890625 0.26527777812500003 0.19921875 0.2708333328125 0.20546875 0.28472222187499996 0.2078125 0.3 0.21171875 0.30416666718749996 0.2171875 0.302777778125 0.22109375 0.290277778125 0.23203125 0.28472222187499996 0.2546875 0.28055555625
7 0.99453125 0.2791666671875 0.99921875 0.27638888906250003 0.99921875 0.21944444375 0.9953125 0.215277778125 0.98984375 0.21805555625 0.9875 0.26805555625 0.99453125 0.2791666671875
7 0.92890625 0.2125 0.93046875 0.23055555625 0.93515625 0.2388888890625 0.9609375 0.240277778125 0.96875 0.24722222187499998 0.971875 0.24444444375000002 0.97578125 0.2208333328125 0.97265625 0.2 0.928125 0.16944444375 0.9234375 0.16805555625 0.91875 0.17361111093749998 0.91875 0.190277778125 0.92890625 0.2125
7 0.9515625 0.1513888890625 0.96953125 0.15972222187500001 0.98046875 0.15972222187500001 0.98046875 0.15 0.97734375 0.14444444375 0.94609375 0.1263888890625 0.92734375 0.1263888890625 0.92578125 0.1291666671875 0.93359375 0.1375 0.9484375 0.1458333328125 0.9515625 0.1513888890625
7 0.7859375 0.15277777812499999 0.79296875 0.15277777812499999 0.7953125 0.1291666671875 0.790625 0.11388888906250001 0.7859375 0.115277778125 0.78515625 0.1291666671875 0.77890625 0.134722221875 0.77890625 0.13888888906250002 0.78515625 0.14444444375 0.7859375 0.15277777812499999
7 0.79609375 0.115277778125 0.7984375 0.097222221875 0.7890625 0.09305555625 0.7890625 0.1041666671875 0.79609375 0.115277778125
7 0.76640625 0.1583333328125 0.7703125 0.1416666671875 0.77109375 0.09444444375 0.76015625 0.07638888906249999 0.74921875 0.07638888906249999 0.7453125 0.15972222187500001 0.76640625 0.1583333328125
7 0.6828125 0.04444444375 0.678125 0.0458333328125 0.6765625 0.055555556250000006 0.675 0.09305555625 0.68046875 0.1041666671875 0.68671875 0.10694444375 0.690625 0.1166666671875 0.68984375 0.1291666671875 0.70078125 0.140277778125 0.71796875 0.147222221875 0.72578125 0.15555555625 0.7359375 0.15555555625 0.73984375 0.075 0.7375 0.06805555625000001 0.71640625 0.055555556250000006 0.7 0.054166667187499996 0.6828125 0.04444444375