2 0.58055555625 0.025 0.5375 0.025 0.5305555562500001 0.0296875 0.5319444437499999 0.03671875 0.5361111109375 0.0390625 0.5458333328125 0.0390625 0.5791666671875 0.0359375 0.58055555625 0.025
1 0.8027777781250001 0.3859375 0.80694444375 0.3890625 0.8111111109375001 0.38515625 0.8861111109375001 0.3859375 0.89444444375 0.3828125 0.8958333328125001 0.3734375 0.8833333328125 0.3703125 0.8430555562500001 0.37265625 0.7486111109375 0.37265625 0.7402777781250001 0.36875 0.7402777781250001 0.3609375 0.734722221875 0.359375 0.7291666671875 0.3671875 0.7138888890625 0.375 0.7111111109375 0.3796875 0.7166666671875 0.38671875 0.709722221875 0.39375 0.715277778125 0.3953125 0.7402777781250001 0.38671875 0.7805555562500001 0.38515625 0.8027777781250001 0.3859375
1 0.915277778125 0.4546875 0.9125 0.44296875 0.7833333328125 0.4421875 0.772222221875 0.43828125 0.7736111109375 0.43125 0.76944444375 0.4296875 0.7611111109375 0.4328125 0.7569444437499999 0.43828125 0.7486111109375 0.4671875 0.7569444437499999 0.46875 0.7638888890625 0.45703125 0.775 0.45390625 0.797222221875 0.45234375 0.8291666671875 0.45625 0.8583333328125 0.45390625 0.915277778125 0.4546875
6 0.777777778125 0.76015625 0.784722221875 0.76328125 0.8027777781250001 0.75546875 0.8083333328125001 0.75 0.809722221875 0.73671875 0.8194444437499999 0.7328125 0.8416666671874999 0.73046875 0.85 0.7046875 0.85 0.69140625 0.834722221875 0.68125 0.83194444375 0.66875 0.8222222218749999 0.665625 0.8222222218749999 0.66328125 0.83055555625 0.6609375 0.8208333328125 0.65625 0.7888888890625 0.65546875 0.7625 0.6609375 0.7569444437499999 0.66640625 0.7583333328124999 0.6859375 0.752777778125 0.69765625 0.727777778125 0.70234375 0.7166666671875 0.70859375 0.715277778125 0.71953125 0.727777778125 0.72890625 0.7208333328125 0.73828125 0.7208333328125 0.75546875 0.727777778125 0.76328125 0.7597222218749999 0.7640625 0.777777778125 0.76015625
6 0.809722221875 0.63671875 0.8236111109375001 0.6078125 0.840277778125 0.59765625 0.8388888890624999 0.575 0.8194444437499999 0.56875 0.8055555562500001 0.56640625 0.7819444437499999 0.5671875 0.7736111109375 0.56875 0.76944444375 0.57421875 0.7569444437499999 0.57890625 0.752777778125 0.58828125 0.7416666671875001 0.5984375 0.7402777781250001 0.60546875 0.7416666671875001 0.65 0.7486111109375 0.65703125 0.76944444375 0.65546875 0.7819444437499999 0.634375 0.7986111109375 0.6375 0.809722221875 0.63671875
7 0.7763888890625 0.92578125 0.8166666671874999 0.91640625 0.83055555625 0.90625 0.834722221875 0.8953125 0.8444444437499999 0.88515625 0.8458333328125001 0.8734375 0.8444444437499999 0.85703125 0.8388888890624999 0.85234375 0.8444444437499999 0.84140625 0.8444444437499999 0.81875 0.83194444375 0.81640625 0.8055555562500001 0.815625 0.784722221875 0.81796875 0.7708333328125 0.825 0.76944444375 0.83125 0.7819444437499999 0.8375 0.7805555562500001 0.846875 0.7611111109375 0.8515625 0.7416666671875001 0.878125 0.7194444437499999 0.88671875 0.7236111109375 0.89609375 0.7208333328125 0.921875 0.7333333328125 0.93046875 0.7666666671875 0.93046875 0.7763888890625 0.92578125
7 0.8652777781250001 0.87265625 0.877777778125 0.853125 0.8791666671874999 0.8375 0.8680555562500001 0.8359375 0.8486111109375001 0.84453125 0.847222221875 0.8921875 0.852777778125 0.8890625 0.8486111109375001 0.88203125 0.8652777781250001 0.87265625
7 0.8833333328125 0.96640625 0.89305555625 0.96953125 0.9041666671874999 0.96953125 0.9083333328125001 0.9640625 0.8986111109375001 0.9625 0.8833333328125 0.96171875 0.8833333328125 0.96640625
7 0.875 0.93125 0.877777778125 0.94609375 0.8861111109375001 0.95234375 0.915277778125 0.95390625 0.9277777781250001 0.93828125 0.9277777781250001 0.9234375 0.915277778125 0.90703125 0.88055555625 0.90625 0.875 0.91328125 0.8708333328125001 0.9296875 0.875 0.93125
7 0.9069444437499999 0.89765625 0.91944444375 0.89609375 0.9291666671875 0.86953125 0.9291666671875 0.8625 0.922222221875 0.8578125 0.9111111109375001 0.8625 0.897222221875 0.87578125 0.8861111109375001 0.8890625 0.8861111109375001 0.89453125 0.9069444437499999 0.89765625
7 0.7208333328125 0.99296875 0.722222221875 0.99921875 0.7819444437499999 0.99921875 0.7805555562500001 0.99140625 0.76805555625 0.9890625 0.73194444375 0.9875 0.7208333328125 0.99296875
7 0.8263888890625 0.91875 0.809722221875 0.91875 0.8 0.92421875 0.790277778125 0.925 0.777777778125 0.93046875 0.76944444375 0.93046875 0.7611111109375 0.93515625 0.7611111109375 0.953125 0.752777778125 0.96875 0.7569444437499999 0.97265625 0.784722221875 0.97578125 0.7986111109375 0.9734375 0.83055555625 0.92890625 0.83194444375 0.9234375 0.8263888890625 0.91875
7 0.840277778125 0.98046875 0.8486111109375001 0.98046875 0.85555555625 0.97734375 0.875 0.9421875 0.875 0.9322914062500001 0.8666666671875 0.93203125 0.875 0.92734375 0.86944444375 0.92578125 0.85 0.9515625 0.840277778125 0.971875 0.840277778125 0.98046875
7 0.8458333328125001 0.78984375 0.847222221875 0.79296875 0.8611111109375 0.7953125 0.88055555625 0.79296875 0.8847222218749999 0.796875 0.9041666671874999 0.79765625 0.9055555562500001 0.7875 0.89305555625 0.790625 0.8847222218749999 0.78671875 0.847222221875 0.7859375 0.8458333328125001 0.78984375
7 0.925 0.75 0.8444444437499999 0.74453125 0.8388888890624999 0.74921875 0.840277778125 0.765625 0.8458333328125001 0.76875 0.9069444437499999 0.77109375 0.91944444375 0.76640625 0.925 0.75
7 0.9541666671875 0.67890625 0.9444444437499999 0.6765625 0.9083333328125001 0.675 0.8958333328125001 0.68046875 0.89305555625 0.6859375 0.88055555625 0.69140625 0.8708333328125001 0.69140625 0.85694444375 0.70546875 0.852777778125 0.71796875 0.8444444437499999 0.72578125 0.8444444437499999 0.73671875 0.9305555562500001 0.7390625 0.940277778125 0.72421875 0.9458333328125 0.7 0.95555555625 0.6828125 0.9541666671875 0.67890625