2 0.0234375 0.4375 0.02578125 0.4625 0.03125 0.46944444374999994 0.03671875 0.46805555625000006 0.0390625 0.45555555625000005 0.0359375 0.42083333281249996 0.025 0.41944444374999995 0.0234375 0.4375
1 0.46875 0.24305555625 0.45703125 0.23611111093749998 0.45390625 0.222222221875 0.45625 0.1708333328125 0.45390625 0.1458333328125 0.4546875 0.084722221875 0.44296875 0.0875 0.4421875 0.2166666671875 0.4375 0.22777777812500002 0.43125 0.22638888906250001 0.4296875 0.23055555625 0.4328125 0.2388888890625 0.43828125 0.24305555625 0.46796875 0.2513888890625 0.46875 0.24305555625
1 0.3859375 0.2833333328125 0.39375 0.290277778125 0.3953125 0.2833333328125 0.38671875 0.25833333281250004 0.3859375 0.24305555625 0.38671875 0.10833333281249999 0.3734375 0.1041666671875 0.3703125 0.115277778125 0.37265625 0.1513888890625 0.37265625 0.252777778125 0.36875 0.259722221875 0.36015625 0.259722221875 0.359375 0.26527777812500003 0.37109375 0.27638888906250003 0.37578125 0.2888888890625 0.3859375 0.2833333328125
6 0.72109375 0.28472222187499996 0.7296875 0.272222221875 0.74140625 0.2791666671875 0.75703125 0.2791666671875 0.76328125 0.275 0.7640625 0.23611111093749998 0.7609375 0.21944444375 0.7640625 0.215277778125 0.75078125 0.1916666671875 0.73671875 0.190277778125 0.72890625 0.15694444375 0.6921875 0.15 0.68125 0.165277778125 0.6703125 0.1666666671875 0.665625 0.177777778125 0.6609375 0.17361111093749998 0.65625 0.18055555625 0.6546875 0.20833333281250002 0.6625 0.240277778125 0.6828125 0.240277778125 0.69765625 0.24722222187499998 0.70078125 0.2541666671875 0.70234375 0.272222221875 0.7078125 0.28194444375 0.72109375 0.28472222187499996
6 0.634375 0.21944444375 0.6375 0.20277777812500003 0.63515625 0.1888888890625 0.60703125 0.1763888890625 0.5984375 0.15972222187500001 0.575 0.1611111109375 0.56875 0.18055555625 0.56640625 0.19583333281249998 0.5671875 0.21805555625 0.57734375 0.24305555625 0.60546875 0.259722221875 0.64921875 0.25833333281250004 0.65703125 0.2513888890625 0.6546875 0.22916666718749998 0.634375 0.21944444375
7 0.85078125 0.23611111093749998 0.87890625 0.25833333281250004 0.88125 0.272222221875 0.88671875 0.28055555625 0.89375 0.28055555625 0.89609375 0.27638888906250003 0.921875 0.2791666671875 0.93046875 0.26805555625 0.93046875 0.23333333281250002 0.92578125 0.2236111109375 0.91640625 0.1833333328125 0.90625 0.16944444375 0.8859375 0.15555555625 0.87265625 0.1541666671875 0.85703125 0.15555555625 0.85390625 0.15972222187500001 0.84375 0.15555555625 0.81875 0.15555555625 0.81640625 0.16805555625 0.815625 0.19444444375 0.81875 0.21944444375 0.825 0.22916666718749998 0.83125 0.23055555625 0.8375 0.21805555625 0.84609375 0.21805555625 0.84921875 0.222222221875 0.85078125 0.23611111093749998
7 0.8390625 0.1208333328125 0.83828125 0.134722221875 0.84453125 0.1513888890625 0.89296875 0.1541666671875 0.88984375 0.147222221875 0.88046875 0.1458333328125 0.86640625 0.13055555624999998 0.85 0.1208333328125 0.8390625 0.1208333328125
7 0.96484375 0.0958333328125 0.96171875 0.10555555624999999 0.96171875 0.11805555625 0.96484375 0.11805555625 0.9734375 0.10138888906250001 0.96640625 0.0916666671875 0.9625 0.0916666671875 0.96484375 0.0958333328125
7 0.93828125 0.072222221875 0.9234375 0.072222221875 0.90703125 0.08333333281250001 0.90625 0.11805555625 0.91796875 0.127777778125 0.93125 0.13055555624999998 0.94140625 0.125 0.94921875 0.11944444375 0.95390625 0.10555555624999999 0.95390625 0.08333333281250001 0.93828125 0.072222221875
7 0.8625 0.07083333281250001 0.8578125 0.07638888906249999 0.85703125 0.08055555625000001 0.86484375 0.0916666671875 0.8890625 0.11388888906250001 0.89453125 0.11388888906250001 0.89765625 0.09305555625 0.896875 0.08055555625000001 0.871875 0.07083333281250001 0.8625 0.07083333281250001
7 0.98984375 0.21944444375 0.9875 0.24305555625 0.98828125 0.26805555625 0.98984375 0.275 0.9953125 0.27777777812500004 0.99921875 0.275 0.99921875 0.222222221875 0.9953125 0.21805555625 0.98984375 0.21944444375
7 0.96875 0.24722222187499998 0.97265625 0.24305555625 0.97578125 0.2125 0.97421875 0.20277777812500003 0.9703125 0.197222221875 0.92890625 0.16944444375 0.92265625 0.16805555625 0.91875 0.17361111093749998 0.91875 0.1875 0.9234375 0.19583333281249998 0.92578125 0.21111111093749999 0.9296875 0.2166666671875 0.93046875 0.23055555625 0.93515625 0.2388888890625 0.95390625 0.2388888890625 0.96875 0.24722222187499998
7 0.94296875 0.14305555625 0.9734375 0.15972222187500001 0.9765625 0.15694444375 0.97421875 0.1458333328125 0.95546875 0.13055555624999998 0.9421875 0.125 0.92734375 0.127777778125 0.94296875 0.14305555625
7 0.79296875 0.15277777812499999 0.796875 0.13055555624999998 0.7953125 0.11805555625 0.7984375 0.097222221875 0.796875 0.09305555625 0.7875 0.09305555625 0.7890625 0.10694444375 0.7859375 0.115277778125 0.7859375 0.1263888890625 0.7796875 0.13888888906250002 0.78515625 0.14444444375 0.7859375 0.15277777812499999 0.78984375 0.1541666671875 0.79296875 0.15277777812499999
7 0.75 0.075 0.7453125 0.1583333328125 0.765625 0.15972222187500001 0.77265625 0.1375 0.7703125 0.13333333281249998 0.77109375 0.09444444375 0.76796875 0.084722221875 0.76171875 0.077777778125 0.75 0.075
7 0.73671875 0.1541666671875 0.7390625 0.06944444375 0.7171875 0.05694444375 0.7 0.054166667187499996 0.68046875 0.04444444375 0.67578125 0.07083333281250001 0.675 0.0916666671875 0.68046875 0.1041666671875 0.68828125 0.109722221875 0.6921875 0.13055555624999998 0.70625 0.14305555625 0.71875 0.1458333328125 0.7265625 0.15555555625 0.73671875 0.1541666671875