2 0.5486111109375 0.03828125 0.5791666671875 0.0359375 0.58055555625 0.025 0.5416666671875 0.025 0.5305555562500001 0.03046875 0.5319444437499999 0.0375 0.5375 0.040625 0.54444444375 0.040625 0.5486111109375 0.03828125
1 0.8958333328125001 0.3734375 0.8847222218749999 0.3703125 0.85 0.37265625 0.7458333328125 0.37265625 0.7402777781250001 0.36875 0.7402777781250001 0.3609375 0.734722221875 0.359375 0.7291666671875 0.3671875 0.7138888890625 0.375 0.7166666671875 0.38671875 0.709722221875 0.39453125 0.7166666671875 0.3953125 0.7402777781250001 0.38671875 0.7708333328125 0.38515625 0.8916666671875 0.38671875 0.8958333328125001 0.3734375
1 0.8513888890624999 0.45390625 0.915277778125 0.4546875 0.9138888890624999 0.44375 0.909722221875 0.44296875 0.7833333328125 0.4421875 0.772222221875 0.43828125 0.7736111109375 0.43125 0.76944444375 0.4296875 0.7611111109375 0.4328125 0.7569444437499999 0.4390625 0.7486111109375 0.46796875 0.7569444437499999 0.46875 0.7638888890625 0.45703125 0.775 0.45390625 0.8166666671874999 0.45390625 0.827777778125 0.45625 0.8444444437499999 0.45625 0.8513888890624999 0.45390625
6 0.7763888890625 0.7609375 0.784722221875 0.76328125 0.8083333328125001 0.75 0.809722221875 0.73671875 0.8430555562500001 0.72890625 0.85 0.6921875 0.834722221875 0.68125 0.8333333328125001 0.6703125 0.8236111109375001 0.665625 0.83055555625 0.6609375 0.8208333328125 0.65625 0.7875 0.6546875 0.7611111109375 0.66171875 0.7569444437499999 0.6671875 0.7583333328124999 0.68515625 0.752777778125 0.69765625 0.727777778125 0.70234375 0.7180555562500001 0.7078125 0.715277778125 0.71953125 0.727777778125 0.7296875 0.7208333328125 0.7390625 0.722222221875 0.7609375 0.727777778125 0.76328125 0.7611111109375 0.7640625 0.7763888890625 0.7609375
6 0.8388888890624999 0.57578125 0.8194444437499999 0.56875 0.8027777781250001 0.56640625 0.7819444437499999 0.5671875 0.7569444437499999 0.57734375 0.7402777781250001 0.60546875 0.7416666671875001 0.65 0.7486111109375 0.65703125 0.7638888890625 0.65703125 0.772222221875 0.65390625 0.7805555562500001 0.634375 0.797222221875 0.6375 0.809722221875 0.63671875 0.8236111109375001 0.6078125 0.840277778125 0.5984375 0.8388888890624999 0.57578125
7 0.73055555625 0.9296875 0.7666666671875 0.93046875 0.7763888890625 0.92578125 0.8166666671874999 0.91640625 0.827777778125 0.909375 0.8444444437499999 0.88515625 0.8444444437499999 0.85703125 0.827777778125 0.85078125 0.8444444437499999 0.8375 0.8430555562500001 0.81875 0.8263888890625 0.815625 0.8041666671875 0.815625 0.7805555562500001 0.81875 0.772222221875 0.8234375 0.76944444375 0.83125 0.7819444437499999 0.8375 0.7805555562500001 0.846875 0.7638888890625 0.85078125 0.7416666671875001 0.87890625 0.725 0.88125 0.7194444437499999 0.88671875 0.7236111109375 0.89765625 0.7208333328125 0.92265625 0.73055555625 0.9296875
7 0.7208333328125 0.99296875 0.722222221875 0.99921875 0.7791666671875 0.99921875 0.7819444437499999 0.9921875 0.76805555625 0.9890625 0.73194444375 0.9875 0.7208333328125 0.99296875
7 0.8125 0.91875 0.79444444375 0.925 0.7916666671875 0.92890625 0.76944444375 0.93046875 0.7611111109375 0.93515625 0.7597222218749999 0.96015625 0.75 0.96875 0.7541666671875 0.971875 0.7861111109375 0.97578125 0.7986111109375 0.97265625 0.83055555625 0.92890625 0.83194444375 0.9234375 0.827777778125 0.91953125 0.8125 0.91875
7 0.872222221875 0.92734375 0.85 0.95390625 0.840277778125 0.97265625 0.8416666671874999 0.97890625 0.85555555625 0.97421875 0.86944444375 0.95546875 0.875 0.94296875 0.872222221875 0.92734375
7 0.8847222218749999 0.7859375 0.8680555562500001 0.784375 0.8625 0.77890625 0.85694444375 0.78515625 0.847222221875 0.78671875 0.847222221875 0.79296875 0.86944444375 0.796875 0.8833333328125 0.7953125 0.902777778125 0.7984375 0.9069444437499999 0.79609375 0.9055555562500001 0.7875 0.8916666671875 0.790625 0.8847222218749999 0.7859375
7 0.85694444375 0.76953125 0.8625 0.77265625 0.8680555562500001 0.76953125 0.9055555562500001 0.77109375 0.91944444375 0.76640625 0.9277777781250001 0.7515625 0.925 0.74921875 0.840277778125 0.7453125 0.840277778125 0.76484375 0.8444444437499999 0.76875 0.85694444375 0.76953125
7 0.902777778125 0.6765625 0.8888888890625 0.6890625 0.8708333328125001 0.69140625 0.85555555625 0.7078125 0.852777778125 0.7203125 0.8444444437499999 0.7265625 0.8444444437499999 0.73671875 0.9305555562500001 0.7390625 0.94305555625 0.7171875 0.9458333328125 0.7 0.95555555625 0.68203125 0.9541666671875 0.67890625 0.940277778125 0.6765625 0.902777778125 0.6765625
7 0.877777778125 0.84140625 0.8652777781250001 0.83828125 0.847222221875 0.8453125 0.847222221875 0.89140625 0.85555555625 0.87890625 0.8666666671875 0.87265625 0.88055555625 0.8484375 0.877777778125 0.84140625
7 0.922222221875 0.85703125 0.91944444375 0.85625 0.897222221875 0.875 0.8861111109375001 0.89375 0.91944444375 0.8953125 0.9291666671875 0.8703125 0.9291666671875 0.86328125 0.922222221875 0.85703125