2 0.5625 0.0390625 0.58055555625 0.03515625 0.58055555625 0.025 0.5375 0.025 0.5305555562500001 0.0296875 0.5333333328125 0.04296875 0.54305555625 0.046875 0.5527777781250001 0.046875 0.5625 0.0390625
1 0.8916666671875 0.38671875 0.897222221875 0.37421875 0.8861111109375001 0.3703125 0.8486111109375001 0.37265625 0.747222221875 0.37265625 0.7402777781250001 0.36875 0.7402777781250001 0.36015625 0.734722221875 0.359375 0.7291666671875 0.3671875 0.7138888890625 0.375 0.7111111109375 0.3796875 0.715277778125 0.38828125 0.709722221875 0.39453125 0.7166666671875 0.3953125 0.7402777781250001 0.38671875 0.7625 0.38515625 0.8916666671875 0.38671875
1 0.915277778125 0.4546875 0.9125 0.44296875 0.7833333328125 0.4421875 0.772222221875 0.43828125 0.7736111109375 0.43125 0.76944444375 0.4296875 0.7611111109375 0.4328125 0.7569444437499999 0.43828125 0.7486111109375 0.4671875 0.7569444437499999 0.46875 0.7638888890625 0.45703125 0.775 0.45390625 0.8194444437499999 0.45390625 0.8291666671875 0.45625 0.8541666671874999 0.45390625 0.915277778125 0.4546875
6 0.7763888890625 0.7609375 0.784722221875 0.7640625 0.7833333328125 0.7625 0.8027777781250001 0.75546875 0.8083333328125001 0.75078125 0.809722221875 0.73671875 0.8430555562500001 0.72890625 0.85 0.69140625 0.834722221875 0.68125 0.83194444375 0.66796875 0.8236111109375001 0.66640625 0.8194444437499999 0.65625 0.7819444437499999 0.65625 0.7611111109375 0.66171875 0.7569444437499999 0.66640625 0.7597222218749999 0.68125 0.752777778125 0.69765625 0.727777778125 0.70234375 0.7180555562500001 0.7078125 0.715277778125 0.72109375 0.725 0.72890625 0.7208333328125 0.7546875 0.7236111109375 0.76171875 0.73055555625 0.7640625 0.7638888890625 0.7640625 0.7763888890625 0.7609375
6 0.840277778125 0.5984375 0.8388888890624999 0.575 0.8194444437499999 0.56875 0.8041666671875 0.56640625 0.7819444437499999 0.5671875 0.7569444437499999 0.57734375 0.7402777781250001 0.60546875 0.7416666671875001 0.64921875 0.7486111109375 0.65703125 0.7611111109375 0.65703125 0.772222221875 0.65390625 0.777777778125 0.63671875 0.7819444437499999 0.634375 0.797222221875 0.6375 0.8111111109375001 0.6359375 0.8236111109375001 0.6078125 0.840277778125 0.5984375
7 0.85 0.8921875 0.8541666671874999 0.8875 0.8486111109375001 0.88125 0.85555555625 0.8796875 0.86944444375 0.86640625 0.8791666671874999 0.85 0.877777778125 0.84296875 0.8625 0.83984375 0.8486111109375001 0.8453125 0.8458333328125001 0.8921875 0.85 0.8921875
7 0.9041666671874999 0.96953125 0.902777778125 0.9640625 0.8819444437499999 0.96171875 0.8833333328125 0.9671875 0.8958333328125001 0.9734375 0.9041666671874999 0.96953125
7 0.8736111109375001 0.940625 0.88055555625 0.94921875 0.89444444375 0.95390625 0.9138888890624999 0.95390625 0.9277777781250001 0.93828125 0.9277777781250001 0.9234375 0.915277778125 0.90703125 0.88055555625 0.90625 0.875 0.9125 0.86944444375 0.92734375 0.8736111109375001 0.940625
7 0.9291666671875 0.8703125 0.9291666671875 0.86328125 0.922222221875 0.85703125 0.91805555625 0.85703125 0.897222221875 0.875 0.8861111109375001 0.8890625 0.8861111109375001 0.8953125 0.91944444375 0.896875 0.9291666671875 0.8703125
7 0.7208333328125 0.921875 0.734722221875 0.93125 0.7666666671875 0.93046875 0.7736111109375 0.9265625 0.8166666671874999 0.91640625 0.827777778125 0.909375 0.8444444437499999 0.88515625 0.8458333328125001 0.8640625 0.8416666671874999 0.85078125 0.8458333328125001 0.83984375 0.8444444437499999 0.81953125 0.8263888890625 0.815625 0.80694444375 0.8140625 0.8 0.8171875 0.7763888890625 0.8203125 0.76944444375 0.83125 0.7736111109375 0.83515625 0.7819444437499999 0.83671875 0.7805555562500001 0.846875 0.7638888890625 0.85078125 0.747222221875 0.86796875 0.7416666671875001 0.87890625 0.7291666671875 0.88125 0.7194444437499999 0.88671875 0.7236111109375 0.89609375 0.7208333328125 0.921875
7 0.7819444437499999 0.99296875 0.76944444375 0.9890625 0.7333333328125 0.98828125 0.727777778125 0.99765625 0.7791666671875 0.99921875 0.7819444437499999 0.99296875
7 0.76944444375 0.93046875 0.7611111109375 0.93515625 0.7597222218749999 0.96015625 0.75 0.96875 0.7541666671875 0.971875 0.784722221875 0.97578125 0.7986111109375 0.97265625 0.83055555625 0.928125 0.827777778125 0.91953125 0.8111111109375001 0.91875 0.7875 0.9296875 0.76944444375 0.93046875
7 0.875 0.9359375 0.8667055171875001 0.9339379359375 0.85 0.95390625 0.840277778125 0.97890625 0.852777778125 0.9765625 0.86944444375 0.95546875 0.875 0.9359375
7 0.8847222218749999 0.7921875 0.890277778125 0.7890625 0.8888888890625 0.78671875 0.86944444375 0.78515625 0.8611111109375 0.78046875 0.8458333328125001 0.78984375 0.85 0.79375 0.8708333328125001 0.7953125 0.8847222218749999 0.7921875
7 0.902777778125 0.7984375 0.9069444437499999 0.79375 0.9069444437499999 0.78828125 0.9 0.78828125 0.8861111109375001 0.7953125 0.902777778125 0.7984375
7 0.9069444437499999 0.77109375 0.91805555625 0.7671875 0.9236111109375 0.76015625 0.9277777781250001 0.75 0.922222221875 0.74921875 0.8416666671874999 0.7453125 0.8416666671874999 0.76640625 0.8444444437499999 0.76875 0.8625 0.77109375 0.9069444437499999 0.77109375
7 0.952777778125 0.67890625 0.9416666671874999 0.6765625 0.9069444437499999 0.675 0.8958333328125001 0.68046875 0.8916666671875 0.68671875 0.8708333328125001 0.6890625 0.85555555625 0.70859375 0.852777778125 0.7203125 0.8444444437499999 0.72578125 0.8416666671874999 0.734375 0.8458333328125001 0.73671875 0.9305555562500001 0.7390625 0.94305555625 0.7171875 0.9458333328125 0.7 0.95555555625 0.68203125 0.952777778125 0.67890625
7 0.9486111109375001 0.84140625 0.95 0.8375 0.93194444375 0.83671875 0.9291666671875 0.8421875 0.94305555625 0.84296875 0.9486111109375001 0.84140625