2 0.975 0.58055555625 0.975 0.5375 0.971875 0.5319444437499999 0.96328125 0.5319444437499999 0.959375 0.5375 0.9625 0.5722222218749999 0.9671875 0.58194444375 0.975 0.58055555625
1 0.6203125 0.8958333328125001 0.628125 0.89444444375 0.6296875 0.8888888890625 0.62734375 0.7458333328125 0.63125 0.7388888890625 0.640625 0.7402777781250001 0.6421875 0.7361111109375 0.6328125 0.7291666671875 0.62421875 0.7138888890625 0.6140625 0.7180555562500001 0.60546875 0.709722221875 0.60625 0.722222221875 0.61328125 0.734722221875 0.61484375 0.8430555562500001 0.6125 0.847222221875 0.615625 0.8888888890625 0.6203125 0.8958333328125001
1 0.5578125 0.7833333328125 0.56171875 0.772222221875 0.56875 0.7736111109375 0.56953125 0.76805555625 0.56171875 0.7569444437499999 0.5328125 0.7486111109375 0.53125 0.75555555625 0.54296875 0.7638888890625 0.54765625 0.7833333328125 0.54375 0.8291666671875 0.54609375 0.859722221875 0.5453125 0.915277778125 0.55703125 0.9125 0.5578125 0.7833333328125
6 0.2390625 0.7805555562500001 0.2359375 0.784722221875 0.25 0.8083333328125001 0.26328125 0.809722221875 0.2671875 0.8208333328125 0.26953125 0.8416666671874999 0.30859375 0.85 0.31875 0.834722221875 0.3296875 0.8333333328125001 0.334375 0.8263888890625 0.3390625 0.83194444375 0.34375 0.8222222218749999 0.34453125 0.7888888890625 0.33828125 0.7611111109375 0.3328125 0.7569444437499999 0.3140625 0.7583333328124999 0.303125 0.752777778125 0.3 0.747222221875 0.29765625 0.727777778125 0.29140625 0.7166666671875 0.28046875 0.715277778125 0.2703125 0.727777778125 0.2625 0.7208333328125 0.2375 0.725 0.2359375 0.7597222218749999 0.2390625 0.7805555562500001
6 0.43125 0.8194444437499999 0.43359375 0.8027777781250001 0.4328125 0.7819444437499999 0.4234375 0.7583333328124999 0.3953125 0.7402777781250001 0.35 0.7416666671875001 0.34375 0.7458333328125 0.34296875 0.7611111109375 0.3453125 0.7708333328125 0.36484375 0.7791666671875 0.36328125 0.809722221875 0.39375 0.8263888890625 0.4015625 0.840277778125 0.42421875 0.8388888890624999 0.43125 0.8194444437499999
7 0.15078125 0.8458333328125001 0.12265625 0.8486111109375001 0.11953125 0.85555555625 0.1171875 0.847222221875 0.10703125 0.847222221875 0.10859375 0.852777778125 0.121875 0.85694444375 0.1265625 0.8652777781250001 0.15 0.8791666671874999 0.15625 0.8791666671874999 0.16015625 0.8680555562500001 0.15625 0.8486111109375001 0.15078125 0.8458333328125001
7 0.04765625 0.91805555625 0.06171875 0.9277777781250001 0.0765625 0.9277777781250001 0.0921875 0.9166666671874999 0.09375 0.88055555625 0.078125 0.8708333328125001 0.06953125 0.8708333328125001 0.06875 0.875 0.04765625 0.8819444437499999 0.04375 0.902777778125 0.0375 0.9 0.03828125 0.8819444437499999 0.0328125 0.8833333328125 0.02734375 0.89444444375 0.02734375 0.902777778125 0.03671875 0.909722221875 0.04375 0.9069444437499999 0.04765625 0.91805555625
7 0.10234375 0.9069444437499999 0.10390625 0.91944444375 0.1296875 0.9291666671875 0.1375 0.9291666671875 0.1421875 0.9236111109375 0.14296875 0.91805555625 0.125 0.897222221875 0.1109375 0.8861111109375001 0.10546875 0.8861111109375001 0.10234375 0.9069444437499999
7 0.078125 0.7208333328125 0.06953125 0.7333333328125 0.06953125 0.7666666671875 0.0734375 0.7736111109375 0.084375 0.81805555625 0.090625 0.827777778125 0.1203125 0.8458333328125001 0.14296875 0.8444444437499999 0.1484375 0.8361111109375001 0.159375 0.8444444437499999 0.18203125 0.8430555562500001 0.1859375 0.80694444375 0.1828125 0.7986111109375 0.18125 0.7805555562500001 0.1765625 0.772222221875 0.16875 0.76944444375 0.16484375 0.7736111109375 0.16328125 0.7819444437499999 0.153125 0.7805555562500001 0.14921875 0.7638888890625 0.121875 0.7416666671875001 0.11796875 0.7236111109375 0.11328125 0.7194444437499999 0.10234375 0.7236111109375 0.078125 0.7208333328125
7 0.7328125 0.7194444437499999 0.7296875 0.73194444375 0.73125 0.76944444375 0.76484375 0.827777778125 0.784375 0.834722221875 0.8109375 0.8263888890625 0.81875 0.8111111109375001 0.8296875 0.8083333328125001 0.82578125 0.8 0.828125 0.75 0.8234375 0.73194444375 0.8109375 0.734722221875 0.80078125 0.7291666671875 0.7875 0.6958333328124999 0.7828125 0.6972222218749999 0.78046875 0.70694444375 0.7734375 0.7138888890625 0.7453125 0.7194444437499999 0.73828125 0.7111111109375 0.7328125 0.7194444437499999
7 0.00859375 0.7208333328125 0.00078125 0.722222221875 0.00078125 0.7791666671875 0.00703125 0.7805555562500001 0.01171875 0.7638888890625 0.0125 0.73055555625 0.00859375 0.7208333328125
7 0.0703125 0.7875 0.06953125 0.76944444375 0.0671875 0.7638888890625 0.06328125 0.7597222218749999 0.040625 0.7597222218749999 0.03046875 0.75 0.025 0.777777778125 0.0265625 0.7986111109375 0.071875 0.83055555625 0.0765625 0.83194444375 0.08125 0.8263888890625 0.08203125 0.8125 0.0703125 0.7875
7 0.02578125 0.85694444375 0.04453125 0.86944444375 0.06770859375 0.875 0.0703125 0.8680555562500001 0.07265625 0.875 0.075 0.8708333328125001 0.05 0.85 0.0265625 0.8388888890624999 0.0203125 0.840277778125 0.02578125 0.85694444375
7 0.209375 0.8916666671875 0.2140625 0.8847222218749999 0.215625 0.8680555562500001 0.22109375 0.8625 0.21484375 0.85694444375 0.2140625 0.847222221875 0.21015625 0.8458333328125001 0.20703125 0.847222221875 0.20546875 0.8541666671874999 0.20625 0.8819444437499999 0.203125 0.8861111109375001 0.2015625 0.902777778125 0.2125 0.9041666671874999 0.209375 0.8916666671875
7 0.23828125 0.922222221875 0.24921875 0.9277777781250001 0.25078125 0.9236111109375 0.2546875 0.840277778125 0.23359375 0.8416666671874999 0.22890625 0.8625 0.22890625 0.9055555562500001 0.23203125 0.915277778125 0.23828125 0.922222221875
7 0.325 0.9069444437499999 0.32265625 0.8986111109375001 0.3140625 0.89305555625 0.3109375 0.8847222218749999 0.3109375 0.8708333328125001 0.27421875 0.8444444437499999 0.2640625 0.8444444437499999 0.2609375 0.9305555562500001 0.28359375 0.9444444437499999 0.30078125 0.9458333328125 0.31796875 0.95555555625 0.32109375 0.9541666671875 0.3234375 0.9444444437499999 0.325 0.9069444437499999
4 0.01171875 0.252777778125 0.03046875 0.20972222187499998 0.0328125 0.19305555624999998 0.02734375 0.1763888890625 0.05625 0.07083333281250001 0.0578125 0.0513888890625 0.05625 0.047222221875 0.0515625 0.047222221875 0.03515625 0.0986111109375 0.02421875 0.12361111093749999 0.02109375 0.11944444375 0.02421875 0.0861111109375 0.01640625 0.090277778125 0.00859375 0.1111111109375 0.00390625 0.140277778125 0.00078125 0.14444444375 0.00078125 0.2486111109375 0.0046875 0.25694444375000003 0.01171875 0.252777778125
4 0.8640625 0.8847222218749999 0.86640625 0.9208333328125 0.86484375 0.9541666671875 0.87109375 0.972222221875 0.87578125 0.972222221875 0.875 0.91944444375 0.86953125 0.9055555562500001 0.8703125 0.8833333328125 0.86640625 0.88055555625 0.8640625 0.8847222218749999