2 0.9671875 0.58194444375 0.97421875 0.58194444375 0.97578125 0.577777778125 0.975 0.54305555625 0.97109375 0.5333333328125 0.96484375 0.5319444437499999 0.9625 0.534722221875 0.96328125 0.575 0.9671875 0.58194444375
1 0.61015625 0.8041666671875 0.61015625 0.85555555625 0.615625 0.8736111109375001 0.615625 0.8916666671875 0.6203125 0.897222221875 0.628125 0.89305555625 0.6296875 0.877777778125 0.62734375 0.8125 0.628125 0.7458333328125 0.63125 0.7402777781250001 0.640625 0.7402777781250001 0.640625 0.7361111109375 0.62890625 0.7236111109375 0.625 0.7138888890625 0.61328125 0.7166666671875 0.60546875 0.7111111109375 0.6078125 0.727777778125 0.61328125 0.7375 0.61484375 0.75555555625 0.61484375 0.777777778125 0.61015625 0.8041666671875
1 0.54375 0.8361111109375001 0.54609375 0.859722221875 0.5453125 0.9069444437499999 0.55 0.91805555625 0.55546875 0.915277778125 0.5578125 0.9069444437499999 0.5578125 0.85694444375 0.56015625 0.8430555562500001 0.5578125 0.7861111109375 0.5625 0.7736111109375 0.56953125 0.7736111109375 0.5703125 0.76944444375 0.5671875 0.7611111109375 0.53984375 0.7486111109375 0.53828125 0.7611111109375 0.53359375 0.7597222218749999 0.5328125 0.7486111109375 0.53125 0.7569444437499999 0.54765625 0.79305555625 0.54375 0.8361111109375001
6 0.4328125 0.7819444437499999 0.42421875 0.7597222218749999 0.4046875 0.7430555562500001 0.34921875 0.7416666671875001 0.34296875 0.7486111109375 0.34453125 0.76944444375 0.36640625 0.7805555562500001 0.371875 0.8111111109375001 0.39296875 0.8236111109375001 0.4015625 0.8388888890624999 0.41875 0.8388888890624999 0.425 0.834722221875 0.4328125 0.80694444375 0.4328125 0.7819444437499999
6 0.26484375 0.8125 0.26953125 0.8416666671874999 0.2875 0.8486111109375001 0.309375 0.85 0.31875 0.8361111109375001 0.3390625 0.83194444375 0.34375 0.8222222218749999 0.3453125 0.7916666671875 0.33828125 0.7611111109375 0.3171875 0.7611111109375 0.3015625 0.752777778125 0.29765625 0.725 0.29296875 0.7180555562500001 0.2796875 0.7166666671875 0.27109375 0.7291666671875 0.2625 0.722222221875 0.2375 0.725 0.2359375 0.7583333328124999 0.23828125 0.7819444437499999 0.24609375 0.8027777781250001 0.26484375 0.8125
7 0.1625 0.8791666671874999 0.16328125 0.86944444375 0.1546875 0.847222221875 0.1078125 0.8486111109375001 0.1328125 0.86944444375 0.14375 0.872222221875 0.15078125 0.8791666671874999 0.1625 0.8791666671874999
7 0.03125 0.890277778125 0.0296875 0.902777778125 0.0375 0.9166666671874999 0.03671875 0.8819444437499999 0.03125 0.890277778125
7 0.08203125 0.8736111109375001 0.07734375 0.8736111109375001 0.075 0.8791666671874999 0.05546875 0.877777778125 0.04921875 0.8819444437499999 0.0453125 0.9069444437499999 0.046875 0.91805555625 0.059375 0.9277777781250001 0.06796875 0.9291666671875 0.0875 0.922222221875 0.09296875 0.9138888890624999 0.09375 0.88055555625 0.08203125 0.8736111109375001
7 0.13046875 0.9291666671875 0.1375 0.9291666671875 0.14296875 0.922222221875 0.14375 0.91944444375 0.125 0.897222221875 0.1109375 0.8861111109375001 0.1046875 0.8861111109375001 0.103125 0.91944444375 0.13046875 0.9291666671875
7 0.10703125 0.7194444437499999 0.10390625 0.7236111109375 0.075 0.722222221875 0.06953125 0.7333333328125 0.06953125 0.7666666671875 0.07421875 0.7763888890625 0.084375 0.81805555625 0.0890625 0.8263888890625 0.10390625 0.834722221875 0.10703125 0.840277778125 0.11875 0.8444444437499999 0.14375 0.8444444437499999 0.146875 0.8388888890624999 0.15625 0.8444444437499999 0.18203125 0.8430555562500001 0.1828125 0.834722221875 0.1859375 0.83055555625 0.1859375 0.8125 0.1828125 0.8027777781250001 0.18359375 0.7861111109375 0.1796875 0.7736111109375 0.16953125 0.7708333328125 0.1625 0.7833333328125 0.153125 0.7819444437499999 0.146875 0.7611111109375 0.121875 0.7416666671875001 0.11875 0.725 0.1140625 0.7194444437499999 0.10703125 0.7194444437499999
7 0.63125 0.8388888890624999 0.63125 0.89305555625 0.61953125 0.9013888890624999 0.61953125 0.9583333328125001 0.625 0.9611111109375001 0.63515625 0.95555555625 0.64375 0.9444444437499999 0.65859375 0.9458333328125 0.6625 0.9416666671874999 0.671875 0.95694444375 0.7140625 0.95 0.71796875 0.9472222218749999 0.72578125 0.9236111109375 0.725 0.8388888890624999 0.71171875 0.83055555625 0.70703125 0.85694444375 0.703125 0.8611111109375 0.7 0.847222221875 0.69921875 0.8194444437499999 0.6921875 0.8083333328125001 0.68125 0.80694444375 0.67578125 0.809722221875 0.66640625 0.8333333328125001 0.65625 0.8291666671875 0.64140625 0.83055555625 0.6359375 0.83194444375 0.63125 0.8388888890624999
7 0.55859375 0.872222221875 0.54453125 0.8708333328125001 0.54375 0.8208333328125 0.53046875 0.8333333328125001 0.521875 0.8708333328125001 0.521875 0.9861111109375 0.53515625 0.9930555562500001 0.57265625 0.9930555562500001 0.60546875 0.9791666671874999 0.6109375 0.9694444437499999 0.6109375 0.9375 0.60703125 0.9291666671875 0.61171875 0.9138888890624999 0.6109375 0.8819444437499999 0.60625 0.8680555562500001 0.60625 0.8458333328125001 0.596875 0.827777778125 0.59609375 0.8194444437499999 0.578125 0.8166666671874999 0.57109375 0.8208333328125 0.56796875 0.83055555625 0.5625 0.83194444375 0.56328125 0.840277778125 0.55859375 0.872222221875
7 0.00859375 0.727777778125 0.00078125 0.73055555625 0.00078125 0.7791666671875 0.00625 0.7819444437499999 0.01171875 0.7638888890625 0.0125 0.73194444375 0.00859375 0.727777778125
7 0.03671875 0.7597222218749999 0.03046875 0.752777778125 0.025 0.7763888890625 0.02734375 0.797222221875 0.07109375 0.83055555625 0.078125 0.83194444375 0.08125 0.8263888890625 0.08203125 0.8125 0.0671875 0.7638888890625 0.0625 0.7597222218749999 0.03671875 0.7597222218749999
7 0.04453125 0.8541666671874999 0.0359375 0.8458333328125001 0.01953125 0.840277778125 0.0203125 0.85 0.025 0.85694444375 0.0625 0.877777778125 0.07421875 0.877777778125 0.07421875 0.86944444375 0.06796875 0.8666666671875 0.0625 0.8583333328125 0.04453125 0.8541666671874999
7 0.2111019734375 0.8847222218749999 0.20703125 0.8847222218749999 0.203125 0.89305555625 0.20234375 0.902777778125 0.20703125 0.9069444437499999 0.2125 0.9055555562500001 0.209375 0.89305555625 0.2111019734375 0.8847222218749999
7 0.20625 0.8708333328125001 0.21266686875000002 0.8771709812499999 0.21484375 0.8666666671875 0.21875 0.8611111109375 0.21328125 0.8486111109375001 0.2078125 0.8486111109375001 0.20625 0.8708333328125001
7 0.25078125 0.9236111109375 0.25546875 0.8444444437499999 0.25390625 0.840277778125 0.23828125 0.840277778125 0.23125 0.8486111109375001 0.22734375 0.9083333328125001 0.2328125 0.91944444375 0.25078125 0.9236111109375
7 0.3234375 0.9513888890625 0.325 0.9069444437499999 0.32265625 0.8986111109375001 0.3140625 0.89305555625 0.3109375 0.872222221875 0.29375 0.85694444375 0.28046875 0.8541666671874999 0.2734375 0.8444444437499999 0.26328125 0.8430555562500001 0.2609375 0.9305555562500001 0.28203125 0.94305555625 0.3046875 0.9486111109375001 0.30703125 0.952777778125 0.32109375 0.95555555625 0.3234375 0.9513888890625
4 0.85703125 0.622222221875 0.85234375 0.622222221875 0.85234375 0.675 0.85 0.7041666671875 0.8453125 0.70694444375 0.8453125 0.7111111109375 0.85 0.7194444437499999 0.85078125 0.7291666671875 0.8578125 0.7402777781250001 0.85859375 0.7486111109375 0.8640625 0.75 0.8625 0.6833333328125 0.85703125 0.622222221875
4 0.69921875 0.79444444375 0.7 0.8708333328125001 0.7078125 0.8680555562500001 0.7109375 0.85 0.70859375 0.8458333328125001 0.7046875 0.8083333328125001 0.7 0.8013888890624999 0.70234375 0.79444444375 0.69921875 0.79444444375