2 0.575 0.0234375 0.575 0.01875 0.56805555625 0.01328125 0.5291666671875 0.0140625 0.5236111109375 0.01640625 0.522222221875 0.025 0.5333333328125 0.0328125 0.5541666671875001 0.0296875 0.575 0.0234375
1 0.8986111109375001 0.3859375 0.8958333328125001 0.3828125 0.9 0.3765625 0.89444444375 0.36953125 0.80694444375 0.371875 0.74444444375 0.3703125 0.7430555562500001 0.3578125 0.734722221875 0.35703125 0.7291666671875 0.36640625 0.7111111109375 0.37578125 0.7111111109375 0.3796875 0.7194444437499999 0.38359375 0.7111111109375 0.4 0.722222221875 0.40078125 0.725 0.39609375 0.7458333328125 0.38515625 0.8870374999999999 0.38203125 0.8986111109375001 0.3859375
1 0.8986111109375001 0.38828125 0.9041666671874999 0.3890625 0.902777778125 0.38671875 0.8986111109375001 0.38828125
1 0.9041666671874999 0.40703125 0.9055555562500001 0.40234375 0.9055555562500001 0.4 0.9041666671874999 0.40703125
6 0.7236111109375 0.78203125 0.7333333328125 0.78671875 0.765277778125 0.78828125 0.7819444437499999 0.78203125 0.772222221875 0.78046875 0.7263888890625 0.77890625 0.7236111109375 0.78203125
6 0.722222221875 0.74296875 0.734722221875 0.75 0.75555555625 0.75 0.7597222218749999 0.753125 0.7569444437499999 0.76328125 0.76944444375 0.76640625 0.8194444437499999 0.76875 0.8236111109375001 0.76328125 0.8333333328125001 0.759375 0.8819444437499999 0.75703125 0.89444444375 0.75 0.9041666671874999 0.72578125 0.902777778125 0.70625 0.89305555625 0.7015625 0.85694444375 0.6984375 0.8444444437499999 0.68828125 0.83055555625 0.68359375 0.8222222218749999 0.6875 0.772222221875 0.6890625 0.7611111109375 0.69453125 0.7569444437499999 0.70390625 0.7611111109375 0.7109375 0.7819444437499999 0.7171875 0.7819444437499999 0.72265625 0.76805555625 0.72890625 0.73194444375 0.73203125 0.7236111109375 0.7375 0.722222221875 0.74296875
7 0.69305555625 0.98046875 0.6569444437499999 0.9796875 0.6611111109375 0.99921875 0.73194444375 0.99921875 0.7388888890625 0.99453125 0.7402777781250001 0.98671875 0.7236111109375 0.9828125 0.69305555625 0.98046875
7 0.66944444375 0.94296875 0.64444444375 0.95390625 0.64444444375 0.9578125 0.6972222218749999 0.9671875 0.7541666671875 0.96953125 0.76805555625 0.9421875 0.76805555625 0.93046875 0.7541666671875 0.91796875 0.7138888890625 0.9078125 0.7041666671875 0.90703125 0.672222221875 0.92421875 0.66944444375 0.94296875
7 0.83055555625 0.90625 0.840277778125 0.8921875 0.8444444437499999 0.884375 0.8444444437499999 0.85625 0.8333333328125001 0.85078125 0.8388888890624999 0.8484375 0.8444444437499999 0.8390625 0.8416666671874999 0.8171875 0.81805555625 0.8171875 0.8055555562500001 0.82890625 0.7861111109375 0.83828125 0.7833333328125 0.84921875 0.7583333328124999 0.8546875 0.7416666671875001 0.878125 0.725 0.88125 0.7194444437499999 0.88671875 0.7236111109375 0.90625 0.7333333328125 0.9109375 0.7513888890625 0.9140625 0.76944444375 0.9265625 0.81805555625 0.915625 0.83055555625 0.90625
7 0.777777778125 0.99296875 0.7666666671875 0.98828125 0.7458333328125 0.9875 0.74444444375 0.99921875 0.772222221875 0.99921875 0.777777778125 0.99296875
7 0.82265625 0.99453125 0.00625 0.0015625
7 0.8027777781250001 0.96953125 0.83055555625 0.92890625 0.83055555625 0.91953125 0.8111111109375001 0.91875 0.784722221875 0.9296875 0.772222221875 0.93046875 0.7583333328124999 0.9703125 0.79444444375 0.97421875 0.8027777781250001 0.96953125
7 0.8486111109375001 0.95 0.8361111109375001 0.97421875 0.8388888890624999 0.978125 0.8486111109375001 0.97890625 0.85555555625 0.975 0.8611111109375 0.96328125 0.8666666671875 0.96015625 0.877777778125 0.9359375 0.875 0.9265625 0.86944444375 0.92578125 0.85694444375 0.94609375 0.8486111109375001 0.95
7 0.8458333328125001 0.87734375 0.85 0.8828125 0.8541666671874999 0.8828125 0.8652777781250001 0.87265625 0.872222221875 0.85625 0.88055555625 0.8484375 0.875 0.8390625 0.8583333328125 0.83828125 0.85 0.83984375 0.847222221875 0.84375 0.8458333328125001 0.87734375
7 0.9263888890624999 0.85703125 0.91944444375 0.85625 0.8958333328125001 0.87578125 0.8861111109375001 0.89375 0.9083333328125001 0.89765625 0.9208333328125 0.8953125 0.9291666671875 0.87421875 0.9263888890624999 0.85703125