1 0.39375 0.290277778125 0.3953125 0.28472222187499996 0.3921875 0.272222221875 0.38671875 0.2638888890625 0.3859375 0.25 0.38515625 0.225 0.38984375 0.190277778125 0.384375 0.1111111109375 0.38046875 0.102777778125 0.3703125 0.10833333281249999 0.371875 0.252777778125 0.36875 0.259722221875 0.359375 0.259722221875 0.359375 0.26527777812500003 0.37109375 0.27638888906250003 0.3765625 0.2888888890625 0.38671875 0.2833333328125 0.39375 0.290277778125
1 0.43203125 0.2388888890625 0.4375 0.24305555625 0.4671875 0.2513888890625 0.46875 0.24583333281250003 0.46640625 0.2416666671875 0.45625 0.23472222187499997 0.45234375 0.215277778125 0.45390625 0.175 0.45625 0.16805555625 0.45390625 0.0861111109375 0.45 0.08055555625000001 0.4453125 0.084722221875 0.4421875 0.0986111109375 0.4421875 0.1541666671875 0.43984375 0.1583333328125 0.4421875 0.18194444375000002 0.44140625 0.2166666671875 0.4359375 0.22638888906250001 0.43046875 0.22638888906250001 0.4296875 0.23194444375 0.43203125 0.2388888890625
6 0.7078125 0.2833333328125 0.71796875 0.28472222187499996 0.7296875 0.2708333328125 0.73671875 0.27777777812500004 0.76171875 0.27777777812500004 0.76328125 0.272222221875 0.7640625 0.23472222187499997 0.76171875 0.2166666671875 0.7515625 0.19444444375 0.73671875 0.190277778125 0.7328125 0.17916666718750002 0.73125 0.1611111109375 0.72734375 0.15555555625 0.69140625 0.15 0.678125 0.16388888906250001 0.67421875 0.1611111109375 0.6625 0.16805555625 0.65625 0.18194444375000002 0.6546875 0.20833333281250002 0.65703125 0.22638888906250001 0.6609375 0.23611111093749998 0.6640625 0.2416666671875 0.6828125 0.2388888890625 0.6984375 0.24722222187499998 0.70234375 0.275 0.7078125 0.2833333328125
6 0.6546875 0.23055555625 0.63671875 0.222222221875 0.6328125 0.215277778125 0.63671875 0.20555555625 0.63671875 0.19444444375 0.625 0.184722221875 0.6109375 0.18055555625 0.596875 0.1611111109375 0.5765625 0.16388888906250001 0.56875 0.18194444375000002 0.56640625 0.20833333281250002 0.56953125 0.23055555625 0.57578125 0.2416666671875 0.59140625 0.2513888890625 0.5953125 0.25833333281250004 0.6515625 0.25833333281250004 0.65703125 0.2513888890625 0.6546875 0.23055555625
7 0.83515625 0.13055555624999998 0.8453125 0.1513888890625 0.8921875 0.1513888890625 0.8671875 0.13055555624999998 0.85546875 0.1291666671875 0.84765625 0.1208333328125 0.83671875 0.1208333328125 0.83515625 0.13055555624999998
7 0.97265625 0.10555555624999999 0.97265625 0.097222221875 0.9625 0.08333333281250001 0.96171875 0.11388888906250001 0.96484375 0.11805555625 0.97265625 0.10555555624999999
7 0.95234375 0.08055555625000001 0.93828125 0.072222221875 0.9234375 0.072222221875 0.9125 0.077777778125 0.9078125 0.084722221875 0.90625 0.1208333328125 0.92265625 0.1263888890625 0.92578125 0.1208333328125 0.94765625 0.1208333328125 0.95234375 0.11388888906250001 0.9546875 0.09305555625 0.9546875 0.08333333281250001 0.95234375 0.08055555625000001
7 0.85703125 0.077777778125 0.85625 0.08055555625000001 0.875 0.102777778125 0.8890625 0.11388888906250001 0.89609375 0.11388888906250001 0.89765625 0.08055555625000001 0.86875 0.07083333281250001 0.8625 0.07083333281250001 0.85703125 0.077777778125
7 0.88125 0.275 0.8859375 0.28055555625 0.89609375 0.27638888906250003 0.92421875 0.27777777812500004 0.93046875 0.2666666671875 0.93046875 0.23333333281250002 0.92578125 0.2236111109375 0.91640625 0.1833333328125 0.909375 0.172222221875 0.88125 0.15555555625 0.81875 0.15555555625 0.81640625 0.16805555625 0.81640625 0.21111111093749999 0.8203125 0.22638888906250001 0.83125 0.22777777812500002 0.8375 0.21805555625 0.84765625 0.21805555625 0.85078125 0.23611111093749998 0.878125 0.25833333281250004 0.88125 0.275
7 0.2 0.184722221875 0.2109375 0.1763888890625 0.21328125 0.16388888906250001 0.21015625 0.147222221875 0.17265625 0.1041666671875 0.15 0.109722221875 0.1296875 0.13333333281249998 0.12734375 0.140277778125 0.12734375 0.1666666671875 0.1328125 0.20277777812500003 0.17421875 0.19583333281249998 0.1765625 0.20277777812500003 0.18125 0.20555555625 0.19140625 0.20416666718749998 0.2 0.184722221875
7 0.30703125 0.1916666671875 0.321875 0.19305555624999998 0.33359375 0.1666666671875 0.34765625 0.172222221875 0.36875 0.16805555625 0.36875 0.10833333281249999 0.38046875 0.1 0.38046875 0.04305555625 0.37578125 0.0375 0.36328125 0.0458333328125 0.35546875 0.05694444375 0.33515625 0.05694444375 0.328125 0.04305555625 0.28515625 0.05 0.27421875 0.06944444375 0.271875 0.0916666671875 0.25625 0.09305555625 0.25703125 0.125 0.26171875 0.1263888890625 0.26328125 0.1208333328125 0.2703125 0.1208333328125 0.2765625 0.127777778125 0.28359375 0.1666666671875 0.2953125 0.1708333328125 0.30703125 0.1916666671875
7 0.4015625 0.17916666718750002 0.41171875 0.184722221875 0.421875 0.1833333328125 0.43671875 0.16805555625 0.44140625 0.134722221875 0.43984375 0.1 0.44453125 0.08333333281250001 0.4484375 0.08055555625000001 0.45703125 0.09305555625 0.45625 0.17916666718750002 0.4609375 0.17916666718750002 0.47109375 0.16805555625 0.478125 0.13333333281249998 0.478125 0.015277778124999999 0.46484375 0.006944443749999999 0.42734375 0.006944443749999999 0.3953125 0.0208333328125 0.3890625 0.030555556249999997 0.3890625 0.06527777812499999 0.39140625 0.072222221875 0.3890625 0.07638888906249999 0.38828125 0.1166666671875 0.39296875 0.13194444375 0.39375 0.15555555625 0.39921875 0.165277778125 0.4015625 0.17916666718750002
7 0.9875 0.26944444375 0.98984375 0.275 0.9953125 0.27638888906250003 0.99921875 0.272222221875 0.99921875 0.21944444375 0.99296875 0.21805555625 0.98828125 0.23472222187499997 0.9875 0.26944444375
7 0.9703125 0.24583333281250003 0.97421875 0.22916666718749998 0.975 0.20555555625 0.96953125 0.197222221875 0.92578125 0.16805555625 0.9203125 0.16944444375 0.91875 0.175 0.91796875 0.1888888890625 0.9234375 0.2 0.925 0.2138888890625 0.9328125 0.23611111093749998 0.94375 0.240277778125 0.9609375 0.23472222187499997 0.9640625 0.24305555625 0.9703125 0.24583333281250003
7 0.97734375 0.14444444375 0.94375 0.125 0.9265625 0.1208333328125 0.925 0.13055555624999998 0.92890625 0.13055555624999998 0.9390625 0.14305555625 0.95390625 0.14444444375 0.9671875 0.15555555625 0.98046875 0.15972222187500001 0.98046875 0.1513888890625 0.97734375 0.14444444375
7 0.7875 0.09305555625 0.79140625 0.109722221875 0.788687253125 0.11753062031249999 0.796875 0.10694444375 0.79765625 0.097222221875 0.7875 0.09305555625
7 0.78125 0.13888888906250002 0.78984375 0.15277777812499999 0.79296875 0.1513888890625 0.79375 0.127777778125 0.7884191171875 0.11830065468749999 0.78125 0.13888888906250002
7 0.7671875 0.08055555625000001 0.74921875 0.07638888906249999 0.74453125 0.15555555625 0.75078125 0.1611111109375 0.7625 0.15972222187500001 0.76875 0.1513888890625 0.7703125 0.13888888906250002 0.76875 0.13055555624999998 0.77109375 0.0888888890625 0.7671875 0.08055555625000001
7 0.7265625 0.15555555625 0.73515625 0.1583333328125 0.7375 0.1541666671875 0.7390625 0.06944444375 0.721875 0.058333332812500006 0.70234375 0.054166667187499996 0.6921875 0.047222221875 0.6765625 0.047222221875 0.675 0.09305555625 0.67734375 0.10138888906250001 0.69375 0.109722221875 0.70078125 0.127777778125 0.70625 0.13333333281249998 0.7078125 0.14305555625 0.71953125 0.1458333328125 0.7265625 0.15555555625
4 0.27890625 0.20833333281250002 0.278125 0.184722221875 0.275 0.177777778125 0.275 0.15555555625 0.278125 0.1513888890625 0.26875 0.1263888890625 0.26484375 0.13055555624999998 0.26171875 0.15555555625 0.2640625 0.16805555625 0.2625 0.20555555625 0.26640625 0.20833333281250002 0.2671875 0.19444444375 0.271875 0.1916666671875 0.275 0.20833333281250002 0.27890625 0.20833333281250002
4 0.68125 0.1541666671875 0.68515625 0.1541666671875 0.69140625 0.14305555625 0.69296875 0.1166666671875 0.690625 0.109722221875 0.6859375 0.10833333281249999 0.68125 0.12222222187500001 0.68125 0.1541666671875