2 0.025 0.41944444374999995 0.025 0.4625 0.0296875 0.46944444374999994 0.0375 0.46805555625000006 0.04296875 0.459722221875 0.04296875 0.44444444375 0.03828125 0.4388888890625 0.03515625 0.41944444374999995 0.025 0.41944444374999995
1 0.3796875 0.2888888890625 0.38671875 0.2833333328125 0.39453125 0.290277778125 0.3953125 0.2833333328125 0.38671875 0.259722221875 0.3859375 0.115277778125 0.38203125 0.1041666671875 0.37265625 0.10555555624999999 0.3703125 0.115277778125 0.37265625 0.1583333328125 0.37265625 0.2513888890625 0.36875 0.259722221875 0.36015625 0.259722221875 0.359375 0.26527777812500003 0.3671875 0.2708333328125 0.375 0.28611111093749997 0.3796875 0.2888888890625
1 0.46875 0.24444444375000002 0.46640625 0.240277778125 0.45625 0.23472222187499997 0.45234375 0.215277778125 0.45625 0.1708333328125 0.45390625 0.140277778125 0.4546875 0.0861111109375 0.44921875 0.08333333281250001 0.44296875 0.0875 0.4421875 0.2166666671875 0.4375 0.22777777812500002 0.43125 0.22638888906250001 0.4296875 0.23055555625 0.4328125 0.2388888890625 0.43828125 0.24305555625 0.46796875 0.2513888890625 0.46875 0.24444444375000002
6 0.728125 0.275 0.73828125 0.2791666671875 0.7625 0.275 0.76484375 0.2541666671875 0.7609375 0.21944444375 0.7640625 0.215277778125 0.75 0.1916666671875 0.73671875 0.190277778125 0.7328125 0.17916666718750002 0.73046875 0.1583333328125 0.7046875 0.15 0.69140625 0.15 0.68125 0.165277778125 0.6703125 0.1666666671875 0.665625 0.1763888890625 0.6609375 0.16805555625 0.65625 0.177777778125 0.65625 0.22916666718749998 0.6625 0.2416666671875 0.68125 0.240277778125 0.69765625 0.24722222187499998 0.70234375 0.272222221875 0.71171875 0.28472222187499996 0.71953125 0.28472222187499996 0.728125 0.275
6 0.65703125 0.25 0.6546875 0.22916666718749998 0.634375 0.21944444375 0.6375 0.20277777812500003 0.63671875 0.190277778125 0.60625 0.17361111093749998 0.5984375 0.15972222187500001 0.57578125 0.1611111109375 0.56875 0.18055555625 0.56640625 0.19583333281249998 0.56875 0.22638888906250001 0.57421875 0.23055555625 0.57734375 0.2416666671875 0.58828125 0.24722222187499998 0.59765625 0.25833333281250004 0.65 0.25833333281250004 0.65703125 0.25
7 0.85 0.1208333328125 0.84296875 0.12222222187500001 0.8421875 0.13055555624999998 0.8390625 0.134722221875 0.84453125 0.1513888890625 0.89140625 0.1541666671875 0.89140625 0.15 0.8765625 0.14305555625 0.8671875 0.13055555624999998 0.85 0.1208333328125
7 0.96640625 0.1166666671875 0.9703125 0.10555555624999999 0.9703125 0.097222221875 0.96171875 0.0916666671875 0.9625 0.0861111109375 0.9609375 0.09305555625 0.95625 0.09305555625 0.95234375 0.08194444375 0.93828125 0.072222221875 0.9234375 0.072222221875 0.90703125 0.084722221875 0.90625 0.11944444375 0.92265625 0.1291666671875 0.9421875 0.125 0.95078125 0.11805555625 0.95546875 0.097222221875 0.9625 0.1 0.96171875 0.11805555625 0.96640625 0.1166666671875
7 0.8625 0.07083333281250001 0.85703125 0.077777778125 0.85625 0.08055555625000001 0.875 0.102777778125 0.8890625 0.11388888906250001 0.89453125 0.11388888906250001 0.89765625 0.09305555625 0.89609375 0.08055555625000001 0.86953125 0.07083333281250001 0.8625 0.07083333281250001
7 0.85078125 0.23611111093749998 0.878125 0.25833333281250004 0.88125 0.275 0.88671875 0.28055555625 0.89609375 0.27638888906250003 0.921875 0.2791666671875 0.93046875 0.2666666671875 0.93046875 0.23333333281250002 0.92578125 0.2236111109375 0.91640625 0.1833333328125 0.91015625 0.17361111093749998 0.88515625 0.15555555625 0.85703125 0.15555555625 0.85234375 0.1611111109375 0.8390625 0.15555555625 0.81796875 0.15694444375 0.8140625 0.19305555624999998 0.8171875 0.20138888906250002 0.81875 0.2208333328125 0.8234375 0.22777777812500002 0.83125 0.23055555625 0.8375 0.21805555625 0.846875 0.21944444375 0.85078125 0.23611111093749998
7 0.9875 0.26805555625 0.98984375 0.27638888906250003 0.996875 0.2791666671875 0.99921875 0.27777777812500004 0.99921875 0.2236111109375 0.99375 0.2166666671875 0.98984375 0.21805555625 0.9875 0.26805555625
7 0.9765625 0.2138888890625 0.97265625 0.2 0.928125 0.16944444375 0.9234375 0.16805555625 0.91875 0.17361111093749998 0.91796875 0.1875 0.92890625 0.2125 0.93046875 0.23055555625 0.9359375 0.240277778125 0.95546875 0.2388888890625 0.96875 0.24722222187499998 0.97265625 0.24305555625 0.9765625 0.2138888890625
7 0.92578125 0.1291666671875 0.93359375 0.1375 0.95078125 0.15 0.98046875 0.15972222187500001 0.97890625 0.14444444375 0.9421875 0.125 0.92734375 0.1263888890625 0.92578125 0.1291666671875
7 0.7859375 0.11388888906250001 0.784375 0.1291666671875 0.77734375 0.13888888906250002 0.784375 0.14305555625 0.7859375 0.15555555625 0.79296875 0.1541666671875 0.7953125 0.1291666671875 0.790625 0.115277778125 0.7859375 0.11388888906250001
7 0.78828125 0.09305555625 0.7875 0.097222221875 0.79609375 0.115277778125 0.7984375 0.097222221875 0.78828125 0.09305555625
7 0.7734375 0.1375 0.7703125 0.13333333281249998 0.77109375 0.09305555625 0.7671875 0.08194444375 0.76171875 0.077777778125 0.7515625 0.072222221875 0.74921875 0.077777778125 0.74765625 0.13055555624999998 0.74453125 0.15555555625 0.7453125 0.15972222187500001 0.75 0.1611111109375 0.76328125 0.15972222187500001 0.76875 0.1541666671875 0.76875 0.147222221875 0.7734375 0.1375
7 0.7390625 0.06944444375 0.72109375 0.058333332812500006 0.7 0.054166667187499996 0.68203125 0.04444444375 0.67890625 0.0458333328125 0.6765625 0.055555556250000006 0.67578125 0.0958333328125 0.67734375 0.10138888906250001 0.68671875 0.10694444375 0.690625 0.1166666671875 0.69140625 0.1291666671875 0.72578125 0.15555555625 0.73671875 0.15555555625 0.7390625 0.06944444375