2 0.0140625 0.47222222187499996 0.01796875 0.477777778125 0.025 0.477777778125 0.0328125 0.46666666718750005 0.03046875 0.447222221875 0.02265625 0.425 0.01328125 0.43194444374999996 0.0140625 0.47222222187499996
1 0.36875 0.2791666671875 0.375 0.28611111093749997 0.38828125 0.28055555625 0.4 0.2888888890625 0.4015625 0.28055555625 0.38515625 0.25833333281250004 0.3828125 0.10555555624999999 0.3796875 0.1 0.3703125 0.1041666671875 0.371875 0.2541666671875 0.36796875 0.259722221875 0.36171875 0.259722221875 0.35625 0.2541666671875 0.35546875 0.2625 0.3578125 0.26805555625 0.36640625 0.2708333328125 0.36875 0.2791666671875
1 0.46875 0.2513888890625 0.46796875 0.2416666671875 0.45546875 0.23472222187499997 0.4515625 0.21805555625 0.45234375 0.17916666718750002 0.4546875 0.172222221875 0.45390625 0.08333333281250001 0.4453125 0.08055555625000001 0.44140625 0.0916666671875 0.44140625 0.2125 0.4375 0.22916666718749998 0.42734375 0.22638888906250001 0.42734375 0.23055555625 0.43125 0.2388888890625 0.4375 0.24305555625 0.45234375 0.25 0.46875 0.2513888890625
7 0.9625 0.11805555625 0.96640625 0.1166666671875 0.9625 0.11388888906250001 0.9625 0.11805555625
7 0.95390625 0.102777778125 0.95390625 0.0888888890625 0.95078125 0.08055555625000001 0.93515625 0.07083333281250001 0.92265625 0.072222221875 0.90625 0.08194444375 0.9015625 0.09444444375 0.90625 0.10138888906250001 0.90546875 0.11805555625 0.91953125 0.127777778125 0.92578125 0.127777778125 0.93125 0.1208333328125 0.95 0.11944444375 0.95390625 0.102777778125
7 0.8828125 0.27777777812500004 0.921875 0.2791666671875 0.93046875 0.26805555625 0.9296875 0.23055555625 0.92578125 0.2236111109375 0.91640625 0.1833333328125 0.9109375 0.17361111093749998 0.884375 0.15555555625 0.86015625 0.1541666671875 0.85546875 0.15555555625 0.8515625 0.16388888906250001 0.8390625 0.15555555625 0.81875 0.15555555625 0.81953125 0.184722221875 0.82890625 0.19444444375 0.8328125 0.20416666718749998 0.8484375 0.2166666671875 0.85 0.23472222187499997 0.85390625 0.240277778125 0.878125 0.25833333281250004 0.8828125 0.27777777812500004
7 0.85546875 0.127777778125 0.8484375 0.11944444375 0.83828125 0.1208333328125 0.83671875 0.1361111109375 0.8390625 0.15 0.846875 0.1541666671875 0.8796875 0.1541666671875 0.8828125 0.15 0.88125 0.14305555625 0.86640625 0.13055555624999998 0.85546875 0.127777778125
7 0.85625 0.08055555625000001 0.86328125 0.090277778125 0.8765625 0.10555555624999999 0.89375 0.11388888906250001 0.89609375 0.08055555625000001 0.87890625 0.072222221875 0.859375 0.072222221875 0.85625 0.08055555625000001
7 0.9875 0.2708333328125 0.99296875 0.27638888906250003 0.99921875 0.275 0.99921875 0.2208333328125 0.99375 0.2138888890625 0.98984375 0.2236111109375 0.9875 0.2416666671875 0.9875 0.2708333328125
7 0.99453125 0.172222221875 0.9921875 0.172222221875 0.9921875 0.17916666718750002 0.99921875 0.18055555625 0.99453125 0.172222221875
7 0.97421875 0.21944444375 0.97421875 0.20555555625 0.96953125 0.197222221875 0.928125 0.16944444375 0.91953125 0.1708333328125 0.91875 0.1888888890625 0.92421875 0.20416666718749998 0.93046875 0.20972222187499998 0.93046875 0.23055555625 0.93359375 0.2388888890625 0.9546875 0.2388888890625 0.96953125 0.24722222187499998 0.97421875 0.21944444375
7 0.94296875 0.125 0.92734375 0.1263888890625 0.92734375 0.13055555624999998 0.946875 0.14305555625 0.95703125 0.15555555625 0.96953125 0.1611111109375 0.97890625 0.1583333328125 0.978125 0.147222221875 0.959375 0.13194444375 0.94296875 0.125
7 0.8484375 0.23472222187499997 0.8421875 0.2236111109375 0.83203125 0.2166666671875 0.83203125 0.20555555625 0.82734375 0.19583333281249998 0.82109375 0.1916666671875 0.8125 0.19583333281249998 0.81015625 0.2541666671875 0.81640625 0.25555555625 0.8171875 0.26527777812500003 0.8234375 0.2708333328125 0.8359375 0.26805555625 0.84140625 0.275 0.846875 0.2666666671875 0.8484375 0.23472222187499997
7 0.76171875 0.15277777812499999 0.7484375 0.1611111109375 0.73828125 0.18055555625 0.73671875 0.1888888890625 0.7359375 0.20694444375 0.7390625 0.222222221875 0.74453125 0.22638888906250001 0.75703125 0.222222221875 0.76640625 0.22777777812500002 0.7703125 0.19305555624999998 0.76875 0.15555555625 0.76171875 0.15277777812499999
7 0.79453125 0.147222221875 0.790625 0.140277778125 0.78671875 0.13888888906250002 0.7828125 0.147222221875 0.78046875 0.1916666671875 0.77890625 0.24583333281250003 0.78125 0.25555555625 0.78671875 0.25555555625 0.790625 0.23333333281250002 0.79296875 0.197222221875 0.79140625 0.177777778125 0.79453125 0.15555555625 0.79453125 0.147222221875
7 0.76796875 0.08333333281250001 0.75078125 0.072222221875 0.7453125 0.07638888906249999 0.74765625 0.0861111109375 0.7453125 0.09305555625 0.74453125 0.1541666671875 0.75625 0.15555555625 0.76015625 0.15 0.76796875 0.15 0.7703125 0.1208333328125 0.76796875 0.08333333281250001
7 0.7375 0.1041666671875 0.74140625 0.072222221875 0.721875 0.058333332812500006 0.70078125 0.055555556250000006 0.68203125 0.04444444375 0.67734375 0.0458333328125 0.6765625 0.055555556250000006 0.6765625 0.1 0.68671875 0.10555555624999999 0.69140625 0.11388888906250001 0.69296875 0.1291666671875 0.696875 0.13888888906250002 0.7125 0.1541666671875 0.73515625 0.1666666671875 0.7375 0.1041666671875
4 0.1296875 0.1708333328125 0.13046875 0.23055555625 0.1328125 0.25 0.1375 0.25 0.1421875 0.24583333281250003 0.14140625 0.20416666718749998 0.1375 0.18055555625 0.1328125 0.16944444375 0.1296875 0.1708333328125
4 0.18828125 0.35694444375 0.19921875 0.3638888890625 0.2 0.35694444375 0.1921875 0.35694444375 0.1953125 0.34722222187499996 0.1859375 0.32083333281250004 0.1875 0.2958333328125 0.18125 0.29305555625 0.17890625 0.30555555624999997 0.1703125 0.31944444375000003 0.16953125 0.3625 0.17890625 0.39444444375 0.1796875 0.4291666671875 0.19296875 0.43055555625 0.19453125 0.425 0.18828125 0.4138888890625 0.18671875 0.3611111109375 0.18828125 0.35694444375
4 0.54921875 0.1513888890625 0.55390625 0.1513888890625 0.55703125 0.12361111093749999 0.5609375 0.1166666671875 0.56015625 0.097222221875 0.5517851359375 0.08910477812499999 0.54765625 0.0958333328125 0.54765625 0.147222221875 0.54921875 0.1513888890625