2 0.43194444374999996 0.98671875 0.47083333281249995 0.9859375 0.4763888890625 0.98359375 0.477777778125 0.975 0.46666666718750005 0.9671875 0.4486111109375 0.96953125 0.425 0.97734375 0.43194444374999996 0.98671875
1 0.2888888890625 0.6 0.28055555625 0.5984375 0.25555555625 0.61484375 0.1888888890625 0.61796875 0.16944444375 0.61484375 0.14305555625 0.61875 0.10555555624999999 0.6171875 0.1 0.6203125 0.1041666671875 0.6296875 0.115277778125 0.628125 0.1458333328125 0.63125 0.1833333328125 0.63046875 0.1916666671875 0.628125 0.2541666671875 0.628125 0.2541666671875 0.64296875 0.259722221875 0.63828125 0.26805555625 0.63828125 0.26527777812500003 0.64375 0.2708333328125 0.63359375 0.2791666671875 0.63125 0.28611111093749997 0.625 0.28055555625 0.61171875 0.2888888890625 0.6
1 0.08055555625000001 0.55546875 0.0861111109375 0.5578125 0.2125 0.55859375 0.22916666718749998 0.5625 0.22638888906250001 0.57265625 0.23055555625 0.57265625 0.24305555625 0.5625 0.25 0.54765625 0.2513888890625 0.53125 0.24305555625 0.53125 0.23472222187499997 0.54453125 0.21805555625 0.5484375 0.17916666718750002 0.54765625 0.172222221875 0.5453125 0.08333333281250001 0.54609375 0.08055555625000001 0.55546875
6 0.1916666671875 0.36796875 0.1833333328125 0.38203125 0.17361111093749998 0.390625 0.17361111093749998 0.39453125 0.15972222187500001 0.4015625 0.1583333328125 0.40546875 0.15972222187500001 0.4234375 0.172222221875 0.43046875 0.19305555624999998 0.43359375 0.215277778125 0.43359375 0.24444444375000002 0.42109375 0.25833333281250004 0.40234375 0.25833333281250004 0.34921875 0.2541666671875 0.34375 0.23055555625 0.3453125 0.2236111109375 0.35234375 0.222222221875 0.3640625 0.21805555625 0.3671875 0.2125 0.3671875 0.20694444375 0.36328125 0.190277778125 0.36328125 0.1916666671875 0.36796875
7 0.15972222187500001 0.10703125 0.1541666671875 0.13125 0.15555555625 0.14453125 0.15972222187500001 0.146875 0.15555555625 0.159375 0.15694444375 0.18046875 0.1833333328125 0.18046875 0.20833333281250002 0.1625 0.2166666671875 0.1515625 0.2388888890625 0.1484375 0.25833333281250004 0.121875 0.275 0.11875 0.2791666671875 0.1140625 0.27638888906250003 0.09375 0.2666666671875 0.0890625 0.2486111109375 0.0859375 0.23055555625 0.0734375 0.1833333328125 0.08359375 0.17361111093749998 0.0890625 0.15972222187500001 0.10703125
7 0.33888888906250003 0.00078125 0.2666666671875 0.00078125 0.2611111109375 0.0046875 0.2611111109375 0.01328125 0.30555555624999997 0.01953125 0.3416666671875 0.02109375 0.33888888906250003 0.00078125
7 0.3 0.090625 0.32777777812500003 0.07578125 0.33055555625 0.05859375 0.3513888890625 0.05078125 0.35555555625 0.04296875 0.302777778125 0.0328125 0.24583333281250003 0.03046875 0.23194444375 0.0578125 0.23194444375 0.06953125 0.24444444375000002 0.08125 0.25694444375000003 0.08671875 0.29305555625 0.09296875 0.3 0.090625
7 0.10555555624999999 0.203125 0.0958333328125 0.203125 0.09305555625 0.21171875 0.10555555624999999 0.2125 0.109722221875 0.2078125 0.13333333281249998 0.2125 0.1375 0.20703125 0.1208333328125 0.20859375 0.10555555624999999 0.203125
7 0.06944444375 0.15703125 0.052777778124999994 0.15859375 0.0513888890625 0.16328125 0.06805555625000001 0.16328125 0.06944444375 0.15703125
7 0.052777778124999994 0.1734375 0.04305555625 0.1734375 0.04305555625 0.17578125 0.058333332812500006 0.17578125 0.052777778124999994 0.1734375
7 0.0458333328125 0.2109375 0.040277778125000004 0.2296875 0.04305555625 0.23125 0.0458333328125 0.2109375
7 0.21944444375 0.00703125 0.23472222187499997 0.01171875 0.2541666671875 0.01171875 0.25555555625 0.00078125 0.22638888906250001 0.00078125 0.21944444375 0.00703125
7 0.20833333281250002 0.07109375 0.22777777812500002 0.06875 0.23055555625 0.05390625 0.24305555625 0.03203125 0.2388888890625 0.028125 0.20555555625 0.02578125 0.197222221875 0.03046875 0.16944444375 0.071875 0.16944444375 0.08046875 0.1916666671875 0.0796875 0.20555555625 0.075 0.20833333281250002 0.07109375
7 0.14305555625 0.053125 0.15555555625 0.0421875 0.1611111109375 0.028125 0.1611111109375 0.021875 0.15694444375 0.0203125 0.1458333328125 0.0234375 0.13194444375 0.040625 0.12222222187500001 0.06484375 0.125 0.0734375 0.1291666671875 0.075 0.14305555625 0.0578125 0.14305555625 0.053125
7 0.1861111109375 0.1875 0.2541666671875 0.18984375 0.25555555625 0.18359375 0.26527777812500003 0.1828125 0.275 0.17578125 0.2708333328125 0.1625 0.27777777812500004 0.15859375 0.26527777812500003 0.15234375 0.23333333281250002 0.1515625 0.2208333328125 0.15703125 0.215277778125 0.16796875 0.1986111109375 0.1703125 0.1888888890625 0.18125 0.17361111093749998 0.1828125 0.1861111109375 0.1875
7 0.222222221875 0.24296875 0.22916666718749998 0.23359375 0.197222221875 0.23125 0.190277778125 0.22578125 0.1833333328125 0.225 0.15694444375 0.23125 0.15277777812499999 0.2390625 0.16388888906250001 0.25390625 0.1888888890625 0.26328125 0.2208333328125 0.2625 0.22638888906250001 0.25625 0.222222221875 0.24296875
7 0.240277778125 0.209375 0.19305555624999998 0.20625 0.147222221875 0.20546875 0.140277778125 0.209375 0.13888888906250002 0.2140625 0.1458333328125 0.2171875 0.18055555625 0.21953125 0.24444444375000002 0.22109375 0.2541666671875 0.21953125 0.25694444375000003 0.2140625 0.240277778125 0.209375
7 0.16805555625 0.25859375 0.165277778125 0.26015625 0.1666666671875 0.26171875 0.16805555625 0.25859375
7 0.10833333281249999 0.20703125 0.097222221875 0.2046875 0.09444444375 0.2109375 0.0986111109375 0.2125 0.10833333281249999 0.20703125
7 0.15 0.2328125 0.1291666671875 0.2296875 0.08333333281250001 0.23203125 0.072222221875 0.24921875 0.075 0.25390625 0.090277778125 0.25234375 0.1541666671875 0.25546875 0.15555555625 0.24453125 0.15 0.23984375 0.15 0.2328125
7 0.1111111109375 0.30859375 0.1291666671875 0.30703125 0.14305555625 0.3 0.1666666671875 0.2640625 0.1111111109375 0.26328125 0.072222221875 0.25859375 0.058333332812500006 0.27578125 0.055555556250000006 0.2984375 0.04444444375 0.31796875 0.047222221875 0.32265625 0.055555556250000006 0.3234375 0.1 0.3234375 0.1111111109375 0.30859375
7 0.1513888890625 0.1421875 0.15 0.11796875 0.14305555625 0.11953125 0.13055555624999998 0.13359375 0.1291666671875 0.1421875 0.1208333328125 0.15 0.12222222187500001 0.1609375 0.1458333328125 0.16171875 0.1513888890625 0.15859375 0.15555555625 0.14765625 0.1513888890625 0.1421875
7 0.1 0.12890625 0.11388888906250001 0.10625 0.08055555625000001 0.10390625 0.07083333281250001 0.1265625 0.0736111109375 0.14296875 0.08055555625000001 0.14453125 0.1 0.12890625
4 0.19305555624999998 0.35625 0.184722221875 0.35234375 0.19444444375 0.34921875 0.19583333281249998 0.34375 0.1375 0.3375 0.11944444375 0.34296875 0.11805555625 0.35078125 0.165277778125 0.35078125 0.1708333328125 0.35390625 0.18194444375000002 0.3515625 0.19305555624999998 0.35625
4 0.06805555625000001 0.91484375 0.102777778125 0.91484375 0.15694444375 0.91015625 0.16388888906250001 0.9046875 0.1583333328125 0.90078125 0.10694444375 0.9015625 0.102777778125 0.90546875 0.09305555625 0.9015625 0.0791666671875 0.9015625 0.0625 0.9046875 0.04444444375 0.9046875 0.04305555625 0.909375 0.047222221875 0.91171875 0.06805555625000001 0.91484375
4 0.21805555625 0.78359375 0.225 0.78359375 0.23055555625 0.78046875 0.2666666671875 0.77890625 0.2833333328125 0.7796875 0.2958333328125 0.784375 0.3 0.78203125 0.3 0.76953125 0.29305555625 0.7671875 0.252777778125 0.76796875 0.23472222187499997 0.765625 0.2138888890625 0.76953125 0.20277777812500003 0.76875 0.2 0.77421875 0.21805555625 0.78359375