2 0.028125 0.46805555625000006 0.03671875 0.46805555625000006 0.0390625 0.459722221875 0.0359375 0.42083333281249996 0.025 0.41944444374999995 0.025 0.4625 0.028125 0.46805555625000006
1 0.38515625 0.2833333328125 0.39453125 0.2888888890625 0.39453125 0.28055555625 0.38671875 0.2638888890625 0.38515625 0.240277778125 0.38515625 0.1625 0.3890625 0.15277777812499999 0.3859375 0.140277778125 0.38515625 0.10833333281249999 0.3828125 0.1041666671875 0.3734375 0.1041666671875 0.36875 0.11388888906250001 0.37265625 0.1583333328125 0.37265625 0.2513888890625 0.36875 0.2611111109375 0.359375 0.259722221875 0.3578125 0.2638888890625 0.36875 0.272222221875 0.37890625 0.2888888890625 0.38515625 0.2833333328125
1 0.45234375 0.215277778125 0.45625 0.16805555625 0.45390625 0.14305555625 0.4546875 0.084722221875 0.45078125 0.08194444375 0.44296875 0.0861111109375 0.4421875 0.2166666671875 0.43828125 0.22638888906250001 0.43046875 0.22638888906250001 0.4296875 0.23055555625 0.4328125 0.2388888890625 0.46015625 0.2513888890625 0.46171875 0.2388888890625 0.46573660781250004 0.24007936562499999 0.4546875 0.22916666718749998 0.45234375 0.215277778125
6 0.72109375 0.2833333328125 0.72890625 0.2708333328125 0.7375 0.27777777812500004 0.7625 0.275 0.7640625 0.23611111093749998 0.76171875 0.2166666671875 0.75234375 0.19444444375 0.73515625 0.1875 0.73046875 0.1583333328125 0.70625 0.15 0.69140625 0.15 0.6796875 0.1666666671875 0.675 0.165277778125 0.665625 0.172222221875 0.6609375 0.16805555625 0.65703125 0.17361111093749998 0.65625 0.21944444375 0.66328125 0.2416666671875 0.675 0.24305555625 0.6828125 0.2388888890625 0.6984375 0.24722222187499998 0.70234375 0.275 0.71171875 0.28472222187499996 0.72109375 0.2833333328125
6 0.65625 0.23194444375 0.6453125 0.2236111109375 0.63671875 0.222222221875 0.6328125 0.215277778125 0.63671875 0.20694444375 0.63671875 0.1916666671875 0.62890625 0.184722221875 0.62109375 0.184722221875 0.609375 0.1763888890625 0.59765625 0.15972222187500001 0.57578125 0.1611111109375 0.56875 0.18055555625 0.56640625 0.19583333281249998 0.5671875 0.21944444375 0.5765625 0.2416666671875 0.58515625 0.24444444375000002 0.6 0.259722221875 0.65078125 0.25833333281250004 0.65625 0.2541666671875 0.65625 0.23194444375
7 0.84921875 0.1208333328125 0.8375 0.12222222187500001 0.8375 0.134722221875 0.8453125 0.15277777812499999 0.865625 0.15 0.8890625 0.15555555625 0.89296875 0.1513888890625 0.8734375 0.134722221875 0.85625 0.1291666671875 0.84921875 0.1208333328125
7 0.96640625 0.10555555624999999 0.9640625 0.109722221875 0.9625 0.10555555624999999 0.9625 0.1166666671875 0.96640625 0.10555555624999999
7 0.9671875 0.1015625 0.00078125 0.003125
7 0.95078125 0.08055555625000001 0.93828125 0.072222221875 0.92421875 0.072222221875 0.90703125 0.08333333281250001 0.90625 0.11944444375 0.9203125 0.127777778125 0.92578125 0.12222222187500001 0.9515625 0.11805555625 0.9546875 0.1 0.96171875 0.09444444375 0.95625 0.09305555625 0.95078125 0.08055555625000001
7 0.8609375 0.072222221875 0.8578125 0.077777778125 0.8625 0.0888888890625 0.875 0.102777778125 0.88984375 0.11388888906250001 0.8953125 0.11388888906250001 0.89765625 0.09305555625 0.89609375 0.08055555625000001 0.86875 0.07083333281250001 0.8609375 0.072222221875
7 0.87890625 0.25833333281250004 0.88125 0.275 0.88671875 0.28055555625 0.89296875 0.28055555625 0.8953125 0.27638888906250003 0.9234375 0.27777777812500004 0.93046875 0.2666666671875 0.93046875 0.23333333281250002 0.92578125 0.2236111109375 0.915625 0.18055555625 0.909375 0.172222221875 0.8796875 0.15555555625 0.85625 0.15555555625 0.8515625 0.16805555625 0.8375 0.15555555625 0.81953125 0.15555555625 0.81640625 0.16805555625 0.81796875 0.21944444375 0.825 0.22916666718749998 0.8328125 0.22777777812500002 0.83671875 0.21805555625 0.846875 0.21805555625 0.85078125 0.23611111093749998 0.86953125 0.2541666671875 0.87890625 0.25833333281250004
7 0.98984375 0.27777777812500004 0.99921875 0.27777777812500004 0.99921875 0.21944444375 0.99296875 0.21805555625 0.98828125 0.23611111093749998 0.9875 0.26944444375 0.98984375 0.27777777812500004
7 0.975 0.2236111109375 0.97421875 0.20416666718749998 0.92890625 0.16944444375 0.921875 0.16805555625 0.91875 0.17361111093749998 0.91875 0.1916666671875 0.9234375 0.197222221875 0.925 0.2125 0.93515625 0.2388888890625 0.9640625 0.2416666671875 0.96875 0.24722222187499998 0.971875 0.24305555625 0.975 0.2236111109375
7 0.9328125 0.12222222187500001 0.92578125 0.1263888890625 0.925 0.13055555624999998 0.93515625 0.14305555625 0.95546875 0.1458333328125 0.96484375 0.1541666671875 0.98046875 0.15972222187500001 0.9734375 0.14305555625 0.95546875 0.13055555624999998 0.9328125 0.12222222187500001
7 0.78046875 0.13888888906250002 0.7859375 0.15 0.79140625 0.1513888890625 0.79296875 0.1208333328125 0.78671875 0.1208333328125 0.7859375 0.13055555624999998 0.78046875 0.13888888906250002
7 0.796875 0.10694444375 0.796875 0.0958333328125 0.790625 0.09305555625 0.78828125 0.09305555625 0.79140625 0.10555555624999999 0.79140625 0.1125 0.796875 0.10694444375
7 0.74921875 0.07638888906249999 0.7453125 0.1583333328125 0.7625 0.15972222187500001 0.76875 0.15277777812499999 0.7703125 0.1416666671875 0.76875 0.13194444375 0.77109375 0.090277778125 0.76640625 0.08055555625000001 0.74921875 0.07638888906249999
7 0.7265625 0.15555555625 0.73671875 0.15555555625 0.7390625 0.075 0.7375 0.06805555625000001 0.68203125 0.04444444375 0.67734375 0.0458333328125 0.6765625 0.0513888890625 0.675 0.090277778125 0.67734375 0.1 0.68671875 0.10694444375 0.69140625 0.1208333328125 0.690625 0.1291666671875 0.70625 0.14305555625 0.71953125 0.1458333328125 0.7265625 0.15555555625