2 0.02890625 0.46805555625000006 0.0359375 0.46805555625000006 0.03828125 0.4625 0.0359375 0.42083333281249996 0.025 0.41944444374999995 0.025 0.4583333328125 0.02890625 0.46805555625000006
1 0.3796875 0.2888888890625 0.38671875 0.2833333328125 0.39375 0.290277778125 0.39375 0.27777777812500004 0.38671875 0.26527777812500003 0.38515625 0.2416666671875 0.38515625 0.15694444375 0.38828125 0.15277777812499999 0.38515625 0.1416666671875 0.38515625 0.1111111109375 0.38125 0.1041666671875 0.37265625 0.102777778125 0.36875 0.1125 0.37265625 0.15972222187500001 0.37265625 0.25 0.36875 0.259722221875 0.359375 0.259722221875 0.3578125 0.2638888890625 0.36875 0.272222221875 0.375 0.28611111093749997 0.3796875 0.2888888890625
1 0.46875 0.24305555625 0.45703125 0.23611111093749998 0.45234375 0.215277778125 0.45625 0.16805555625 0.45390625 0.14861111093749999 0.4546875 0.084722221875 0.4515625 0.08194444375 0.44296875 0.0861111109375 0.4421875 0.2166666671875 0.4375 0.22638888906250001 0.43046875 0.22638888906250001 0.4296875 0.23055555625 0.4328125 0.2388888890625 0.4390625 0.24305555625 0.46640625 0.2513888890625 0.46875 0.24305555625
6 0.72890625 0.2708333328125 0.7375 0.27777777812500004 0.7625 0.2736111109375 0.7640625 0.23611111093749998 0.76171875 0.21805555625 0.75234375 0.19444444375 0.73515625 0.1875 0.73046875 0.1583333328125 0.70546875 0.15 0.69140625 0.15 0.68046875 0.165277778125 0.66484375 0.172222221875 0.6609375 0.16805555625 0.65703125 0.172222221875 0.65625 0.21805555625 0.6640625 0.2416666671875 0.6828125 0.2388888890625 0.6984375 0.24722222187499998 0.70234375 0.275 0.71171875 0.28472222187499996 0.72109375 0.2833333328125 0.72890625 0.2708333328125
6 0.60546875 0.259722221875 0.653125 0.25833333281250004 0.65703125 0.2513888890625 0.65703125 0.23611111093749998 0.65390625 0.22638888906250001 0.63515625 0.21805555625 0.6375 0.20138888906250002 0.63515625 0.1888888890625 0.60625 0.17361111093749998 0.5984375 0.15972222187500001 0.575 0.1611111109375 0.56875 0.18055555625 0.56640625 0.197222221875 0.5671875 0.21805555625 0.5765625 0.2416666671875 0.58515625 0.24305555625 0.58671875 0.22638888906250001 0.59765625 0.23611111093749998 0.5984375 0.25555555625 0.60546875 0.259722221875
7 0.84375 0.12222222187500001 0.83984375 0.13055555624999998 0.8390625 0.1361111109375 0.84453125 0.1513888890625 0.89296875 0.1541666671875 0.89140625 0.147222221875 0.8671875 0.13055555624999998 0.85703125 0.1291666671875 0.8484375 0.1208333328125 0.84375 0.12222222187500001
7 0.9692307703124999 0.10683760625000001 0.9703125 0.097222221875 0.9625 0.090277778125 0.96171875 0.1041666671875 0.9692307703124999 0.10683760625000001
7 0.96875 0.1111111109375 0.9691761359375001 0.10732323125000001 0.96171875 0.115277778125 0.96328125 0.11805555625 0.96875 0.1111111109375
7 0.92421875 0.072222221875 0.90703125 0.084722221875 0.90625 0.11944444375 0.9140625 0.1263888890625 0.94609375 0.12222222187500001 0.95078125 0.1166666671875 0.95390625 0.1041666671875 0.95390625 0.08333333281250001 0.93828125 0.072222221875 0.92421875 0.072222221875
7 0.8609375 0.072222221875 0.85703125 0.077777778125 0.85625 0.08055555625000001 0.875 0.102777778125 0.8890625 0.11388888906250001 0.8953125 0.11388888906250001 0.89765625 0.09305555625 0.89609375 0.08055555625000001 0.86953125 0.07083333281250001 0.8609375 0.072222221875
7 0.878125 0.25833333281250004 0.88125 0.275 0.88671875 0.28055555625 0.89609375 0.27638888906250003 0.92421875 0.27777777812500004 0.93046875 0.2666666671875 0.93046875 0.23333333281250002 0.92578125 0.2236111109375 0.915625 0.18194444375000002 0.909375 0.172222221875 0.88046875 0.15555555625 0.85625 0.15555555625 0.85234375 0.1611111109375 0.846875 0.15555555625 0.8234375 0.15555555625 0.81875 0.15694444375 0.8171875 0.1625 0.815625 0.19444444375 0.81875 0.21944444375 0.821875 0.22638888906250001 0.83125 0.22916666718749998 0.8375 0.21805555625 0.846875 0.21805555625 0.85078125 0.23611111093749998 0.878125 0.25833333281250004
7 0.99921875 0.2208333328125 0.99296875 0.21944444375 0.9890625 0.23194444375 0.98828125 0.26805555625 0.99921875 0.26805555625 0.99921875 0.2208333328125
7 0.921875 0.16805555625 0.91875 0.17361111093749998 0.91796875 0.1888888890625 0.93515625 0.2388888890625 0.95234375 0.23611111093749998 0.96953125 0.24583333281250003 0.975 0.2208333328125 0.97265625 0.20277777812500003 0.92890625 0.16944444375 0.921875 0.16805555625
7 0.94609375 0.1263888890625 0.92578125 0.12361111093749999 0.925 0.13055555624999998 0.93125 0.134722221875 0.93515625 0.14305555625 0.95859375 0.147222221875 0.96484375 0.1541666671875 0.98046875 0.15972222187500001 0.97578125 0.14305555625 0.94609375 0.1263888890625
7 0.7796875 0.1375 0.78671875 0.1513888890625 0.79140625 0.1513888890625 0.79296875 0.1208333328125 0.78515625 0.11944444375 0.784375 0.13194444375 0.7796875 0.1375
7 0.7953125 0.10833333281249999 0.79765625 0.097222221875 0.79296875 0.09305555625 0.78828125 0.09305555625 0.78828125 0.10138888906250001 0.7953125 0.10833333281249999
7 0.7453125 0.1361111109375 0.74609375 0.15972222187500001 0.7625 0.15972222187500001 0.76875 0.15277777812499999 0.77109375 0.0916666671875 0.76796875 0.08194444375 0.74921875 0.07638888906249999 0.74765625 0.1291666671875 0.7453125 0.1361111109375
7 0.7390625 0.075 0.7375 0.06805555625000001 0.68203125 0.04444444375 0.67734375 0.0458333328125 0.6765625 0.0513888890625 0.675 0.09305555625 0.68046875 0.1041666671875 0.6875 0.10833333281249999 0.69140625 0.1208333328125 0.690625 0.1291666671875 0.72578125 0.15555555625 0.73671875 0.15555555625 0.7390625 0.075
4 0.59140625 0.17916666718750002 0.58671875 0.21111111093749999 0.5859375 0.26805555625 0.5921875 0.2708333328125 0.596875 0.25555555625 0.59765625 0.23472222187499997 0.60546875 0.215277778125 0.60546875 0.19305555624999998 0.59921875 0.177777778125 0.59140625 0.17916666718750002