0 0 0.9930555562500001 0.10234375 0.9638888890624999 0.12109375 0.95555555625 0.1296875 0.9416666671874999 0.13203125 0.9486111109375001 0.1390625 0.9513888890625 0.15390625 0.9680555562500001 0.1796875 0.9680555562500001 0.19296875 0.95694444375 0.2 0.94305555625 0.20546875 0.9138888890624999 0.2265625 0.8916666671875 0.234375 0.8625 0.23125 0.81805555625 0.22734375 0.8041666671875 0.22890625 0.7888888890625 0.21875 0.734722221875 0.2109375 0.7125 0.2 0.6944444437499999 0.18671875 0.68194444375 0.10234375 0.6791666671875001 0.09921875 0.675 0.09921875 0.6666666671875 0.10546875 0.6625 0.10625 0.6555555562500001 0.10078125 0.6458333328125 0.09375 0.6541666671875 0.09375 0.6638888890625 0.090625 0.6638888890625 0.075 0.6375 0.06796875 0.6180555562500001 0.0640625 0.6138888890625 0.0609375 0.6166666671875001 0.059375 0.6041666671875 0.04921875 0.5861111109375 0.05234375 0.6 0.06015625 0.6138888890625 0.065625 0.6569444437499999 0 0.6638888890625 0 0.9930555562500001
2 0.03359375 0.41805555625 0.02578125 0.41805555625 0.02421875 0.42222222187499997 0.025 0.46388888906250003 0.0296875 0.46944444374999994 0.03671875 0.46805555625000006 0.040625 0.4625 0.03671875 0.42222222187499997 0.03359375 0.41805555625
1 0.38828125 0.1541666671875 0.38671875 0.109722221875 0.37265625 0.1041666671875 0.36875 0.1125 0.37265625 0.1583333328125 0.37265625 0.24722222187499998 0.36875 0.259722221875 0.359375 0.259722221875 0.3578125 0.2638888890625 0.36875 0.272222221875 0.37734375 0.2888888890625 0.38671875 0.2833333328125 0.39375 0.290277778125 0.3953125 0.2833333328125 0.38671875 0.2638888890625 0.38515625 0.240277778125 0.38515625 0.1611111109375 0.38828125 0.1541666671875
1 0.44921875 0.08194444375 0.44296875 0.0861111109375 0.4421875 0.2166666671875 0.4375 0.22638888906250001 0.43046875 0.22638888906250001 0.4296875 0.23055555625 0.4328125 0.2388888890625 0.4390625 0.24305555625 0.46796875 0.2513888890625 0.46875 0.24305555625 0.45625 0.23472222187499997 0.45234375 0.2166666671875 0.45625 0.16805555625 0.45390625 0.14861111093749999 0.4546875 0.084722221875 0.44921875 0.08194444375
6 0.753125 0.19444444375 0.73515625 0.1875 0.73046875 0.1583333328125 0.6953125 0.147222221875 0.68828125 0.1513888890625 0.68046875 0.165277778125 0.6609375 0.16805555625 0.65703125 0.172222221875 0.65625 0.21805555625 0.6640625 0.2416666671875 0.675 0.24305555625 0.68203125 0.2388888890625 0.69765625 0.24722222187499998 0.70078125 0.25555555625 0.70234375 0.275 0.71171875 0.28472222187499996 0.72109375 0.2833333328125 0.728125 0.275 0.7625 0.275 0.76484375 0.252777778125 0.76171875 0.2166666671875 0.753125 0.19444444375
6 0.5671875 0.19305555624999998 0.5671875 0.21944444375 0.57578125 0.240277778125 0.5953125 0.25694444375000003 0.6515625 0.25833333281250004 0.65703125 0.2513888890625 0.65546875 0.23055555625 0.63671875 0.2236111109375 0.6328125 0.2166666671875 0.6359375 0.19583333281249998 0.625 0.184722221875 0.6078125 0.1763888890625 0.5984375 0.15972222187500001 0.575 0.1611111109375 0.5671875 0.19305555624999998
7 0.87421875 0.134722221875 0.85078125 0.12222222187500001 0.84375 0.12222222187500001 0.83984375 0.1375 0.84453125 0.1513888890625 0.89296875 0.1541666671875 0.89140625 0.147222221875 0.8828125 0.14444444375 0.87421875 0.134722221875
7 0.96953125 0.097222221875 0.9625 0.0861111109375 0.96171875 0.11805555625 0.96640625 0.1166666671875 0.96953125 0.10694444375 0.96953125 0.097222221875
7 0.9265625 0.12222222187500001 0.94921875 0.12222222187500001 0.95234375 0.115277778125 0.95390625 0.08194444375 0.93828125 0.072222221875 0.92265625 0.072222221875 0.90703125 0.08333333281250001 0.90625 0.11944444375 0.9125 0.125 0.9234375 0.127777778125 0.9265625 0.12222222187500001
7 0.89765625 0.09444444375 0.89609375 0.08055555625000001 0.86875 0.07083333281250001 0.86015625 0.072222221875 0.8578125 0.07638888906249999 0.8578125 0.08194444375 0.875 0.102777778125 0.88984375 0.11388888906250001 0.8953125 0.11388888906250001 0.89765625 0.09444444375
7 0.93046875 0.2666666671875 0.93046875 0.23333333281250002 0.92578125 0.2236111109375 0.915625 0.18055555625 0.909375 0.172222221875 0.8796875 0.15555555625 0.85625 0.15555555625 0.85390625 0.15972222187500001 0.84609375 0.15555555625 0.81953125 0.15555555625 0.81640625 0.16944444375 0.815625 0.19305555624999998 0.81875 0.222222221875 0.825 0.22916666718749998 0.834375 0.22777777812500002 0.8375 0.21805555625 0.8453125 0.21805555625 0.84921875 0.222222221875 0.85078125 0.23611111093749998 0.878125 0.25833333281250004 0.88125 0.275 0.88671875 0.28055555625 0.8953125 0.27638888906250003 0.92421875 0.27777777812500004 0.93046875 0.2666666671875
7 0.9890625 0.23055555625 0.9875 0.2708333328125 0.98984375 0.27777777812500004 0.99609375 0.2791666671875 0.99921875 0.27638888906250003 0.99921875 0.21944444375 0.9921875 0.21805555625 0.9890625 0.23055555625
7 0.925 0.20277777812500003 0.93046875 0.23055555625 0.93515625 0.2388888890625 0.9609375 0.2388888890625 0.96953125 0.24722222187499998 0.971875 0.24305555625 0.975 0.22638888906250001 0.97421875 0.20277777812500003 0.92890625 0.16944444375 0.921875 0.16805555625 0.91875 0.17361111093749998 0.91875 0.1916666671875 0.925 0.20277777812500003
7 0.92734375 0.12222222187500001 0.925 0.13194444375 0.93515625 0.14305555625 0.98046875 0.15972222187500001 0.97890625 0.1458333328125 0.97265625 0.140277778125 0.94609375 0.1263888890625 0.92734375 0.12222222187500001
7 0.7796875 0.13888888906250002 0.78984375 0.1513888890625 0.79296875 0.147222221875 0.79296875 0.1208333328125 0.7859375 0.11805555625 0.78515625 0.13055555624999998 0.7796875 0.13888888906250002
7 0.79765625 0.097222221875 0.79296875 0.09305555625 0.78828125 0.09305555625 0.78828125 0.1 0.7953125 0.10833333281249999 0.79765625 0.097222221875
7 0.7703125 0.1416666671875 0.77109375 0.1041666671875 0.76875 0.08333333281250001 0.75390625 0.075 0.74921875 0.07638888906249999 0.74765625 0.127777778125 0.7453125 0.134722221875 0.74609375 0.15972222187500001 0.76171875 0.15972222187500001 0.76796875 0.15277777812499999 0.7703125 0.1416666671875
7 0.6765625 0.052777778124999994 0.675 0.0916666671875 0.68046875 0.1041666671875 0.68671875 0.10694444375 0.690625 0.11805555625 0.690625 0.1291666671875 0.70546875 0.14305555625 0.71953125 0.147222221875 0.72578125 0.15555555625 0.73671875 0.15555555625 0.7390625 0.075 0.7375 0.06805555625000001 0.68203125 0.04444444375 0.67734375 0.0458333328125 0.6765625 0.052777778124999994