2 0.015625 0.427777778125 0.0125 0.43333333281249997 0.01328125 0.46805555625000006 0.01796875 0.477777778125 0.025 0.477777778125 0.0328125 0.46805555625000006 0.03046875 0.4486111109375 0.02421875 0.4263888890625 0.015625 0.427777778125
1 0.3875 0.28055555625 0.40078125 0.2888888890625 0.4015625 0.28055555625 0.3921875 0.26944444375 0.38515625 0.2541666671875 0.3828125 0.10555555624999999 0.3796875 0.1 0.3703125 0.10555555624999999 0.371875 0.2541666671875 0.35703125 0.2541666671875 0.36171875 0.259722221875 0.35625 0.26527777812500003 0.36640625 0.2708333328125 0.36875 0.2791666671875 0.375 0.28611111093749997 0.3875 0.28055555625
1 0.46875 0.2513888890625 0.46875 0.24305555625 0.45546875 0.23472222187499997 0.4515625 0.2166666671875 0.45234375 0.17916666718750002 0.4546875 0.1708333328125 0.45390625 0.08333333281250001 0.4421875 0.08333333281250001 0.44140625 0.2125 0.43828125 0.22777777812500002 0.42734375 0.22638888906250001 0.42734375 0.23055555625 0.43125 0.2388888890625 0.4375 0.24305555625 0.45234375 0.25 0.46875 0.2513888890625
7 0.9796875 0.3416666671875 0.99921875 0.34027777812500004 0.99921875 0.2666666671875 0.99453125 0.259722221875 0.98671875 0.259722221875 0.9828125 0.27777777812500004 0.9796875 0.3166666671875 0.9796875 0.3416666671875
7 0.9671875 0.302777778125 0.96953125 0.24583333281250003 0.9421875 0.23194444375 0.92734375 0.23333333281250002 0.91328125 0.25694444375000003 0.9078125 0.2888888890625 0.90703125 0.29444444375 0.9203125 0.322222221875 0.92734375 0.32777777812500003 0.94296875 0.33055555625 0.94453125 0.3416666671875 0.95 0.3513888890625 0.9578125 0.35555555625 0.9671875 0.302777778125
7 0.8859375 0.2791666671875 0.90546875 0.27638888906250003 0.909375 0.2708333328125 0.9140625 0.2486111109375 0.9265625 0.23055555625 0.915625 0.18194444375000002 0.9109375 0.17361111093749998 0.890625 0.1583333328125 0.86875 0.1541666671875 0.85546875 0.15555555625 0.853125 0.15972222187500001 0.84375 0.15555555625 0.81875 0.15694444375 0.81953125 0.1833333328125 0.8421875 0.2138888890625 0.8484375 0.2166666671875 0.85 0.23472222187499997 0.8546875 0.2416666671875 0.878125 0.25833333281250004 0.88125 0.275 0.8859375 0.2791666671875
7 0.96640625 0.09305555625 0.9625 0.10138888906250001 0.96171875 0.11805555625 0.96328125 0.1263888890625 0.9671875 0.1263888890625 0.96875 0.10694444375 0.9734375 0.10833333281249999 0.97421875 0.1 0.9734375 0.0958333328125 0.96640625 0.09305555625
7 0.95390625 0.102777778125 0.95390625 0.090277778125 0.95078125 0.08055555625000001 0.934375 0.07083333281250001 0.921875 0.072222221875 0.9078125 0.08055555625000001 0.9015625 0.09305555625 0.90078125 0.0958333328125 0.90625 0.102777778125 0.90546875 0.11805555625 0.9203125 0.127777778125 0.92734375 0.127777778125 0.9328125 0.1208333328125 0.94921875 0.11944444375 0.95390625 0.102777778125
7 0.99921875 0.22638888906250001 0.9921875 0.222222221875 0.98984375 0.22777777812500002 0.98828125 0.2541666671875 0.99921875 0.25555555625 0.99921875 0.22638888906250001
7 0.99609375 0.177777778125 0.99296875 0.172222221875 0.99375 0.1833333328125 0.99609375 0.177777778125
7 0.96953125 0.197222221875 0.92890625 0.16944444375 0.91953125 0.16944444375 0.91953125 0.190277778125 0.92890625 0.20833333281250002 0.93125 0.22777777812500002 0.94609375 0.23055555625 0.96796875 0.24305555625 0.971875 0.240277778125 0.97421875 0.20833333281250002 0.96953125 0.197222221875
7 0.9796875 0.1671875 0.00078125 0.0015625
7 0.93359375 0.125 0.93203125 0.13333333281249998 0.92890625 0.125 0.9265625 0.1263888890625 0.9265625 0.13055555624999998 0.94609375 0.14305555625 0.95234375 0.15277777812499999 0.97890625 0.16388888906250001 0.978125 0.147222221875 0.96015625 0.13333333281249998 0.94296875 0.125 0.93359375 0.125
7 0.84375 0.2513888890625 0.84453125 0.23472222187499997 0.83125 0.215277778125 0.83125 0.20416666718749998 0.8265625 0.19583333281249998 0.81640625 0.1888888890625 0.8171875 0.1763888890625 0.81171875 0.20555555625 0.81015625 0.2541666671875 0.81796875 0.252777778125 0.8203125 0.26805555625 0.83828125 0.26805555625 0.84140625 0.275 0.846875 0.2611111109375 0.846875 0.2541666671875 0.84375 0.2513888890625
7 0.77421875 0.1916666671875 0.775 0.184722221875 0.76796875 0.15694444375 0.76015625 0.15277777812499999 0.75 0.15972222187500001 0.7375 0.1833333328125 0.7359375 0.20555555625 0.7390625 0.222222221875 0.74609375 0.22638888906250001 0.75703125 0.222222221875 0.7640625 0.22916666718749998 0.7671875 0.22777777812500002 0.76875 0.197222221875 0.77421875 0.1916666671875
7 0.78515625 0.140277778125 0.78046875 0.177777778125 0.7796875 0.25 0.78125 0.25555555625 0.7859375 0.25694444375000003 0.790625 0.23611111093749998 0.79296875 0.1708333328125 0.7953125 0.1583333328125 0.79375 0.14305555625 0.78515625 0.140277778125
7 0.74140625 0.16805555625 0.73984375 0.165277778125 0.7390625 0.16805555625 0.74140625 0.16805555625
7 0.79296875 0.10555555624999999 0.79296875 0.097222221875 0.790625 0.097222221875 0.79296875 0.10555555624999999
7 0.7453125 0.07638888906249999 0.74765625 0.0861111109375 0.74453125 0.1541666671875 0.75 0.15694444375 0.76796875 0.15 0.77109375 0.1166666671875 0.76875 0.084722221875 0.7515625 0.072222221875 0.7453125 0.07638888906249999
7 0.7375 0.102777778125 0.74140625 0.072222221875 0.725 0.059722221875 0.7015625 0.055555556250000006 0.68125 0.04444444375 0.67734375 0.047222221875 0.6765625 0.055555556250000006 0.6765625 0.1 0.6859375 0.10555555624999999 0.69140625 0.11388888906250001 0.69296875 0.1291666671875 0.7 0.14305555625 0.71953125 0.15972222187500001 0.7359375 0.1666666671875 0.7375 0.102777778125
7 0.85625 0.127777778125 0.85078125 0.1208333328125 0.8390625 0.12222222187500001 0.8375 0.13333333281249998 0.83984375 0.1513888890625 0.85234375 0.15555555625 0.8578125 0.1513888890625 0.88125 0.15 0.8796875 0.14305555625 0.86640625 0.13055555624999998 0.85625 0.127777778125
7 0.875 0.1041666671875 0.89375 0.11388888906250001 0.89609375 0.08055555625000001 0.8734375 0.07083333281250001 0.85703125 0.0736111109375 0.85703125 0.08194444375 0.875 0.1041666671875
4 0.209375 0.28472222187499996 0.20703125 0.28055555625 0.20625 0.24444444375000002 0.21015625 0.23611111093749998 0.21015625 0.2208333328125 0.2015625 0.20694444375 0.2 0.19305555624999998 0.19609375 0.19444444375 0.1953125 0.20555555625 0.1890625 0.21944444375 0.18828125 0.23055555625 0.19296875 0.24444444375000002 0.1921875 0.29305555625 0.1984375 0.29305555625 0.2 0.28055555625 0.20234375 0.2888888890625 0.20546875 0.290277778125 0.209375 0.28472222187499996
4 0.14296875 0.058333332812500006 0.14296875 0.0458333328125 0.13984375 0.0361111109375 0.1390625 0.01805555625 0.1328125 0.0208333328125 0.12890625 0.04305555625 0.13203125 0.10138888906250001 0.13671875 0.115277778125 0.13515625 0.109722221875 0.1375 0.10555555624999999 0.13984375 0.08055555625000001 0.1390625 0.06527777812499999 0.14296875 0.058333332812500006
4 0.0703125 0.15972222187500001 0.0703125 0.1541666671875 0.0671875 0.1541666671875 0.05546875 0.13888888906250002 0.0578125 0.1291666671875 0.05703125 0.109722221875 0.0546875 0.10555555624999999 0.0515625 0.10555555624999999 0.04296875 0.1208333328125 0.0390625 0.13055555624999998 0.0421875 0.1625 0.0546875 0.16805555625 0.05390625 0.1861111109375 0.05625 0.19305555624999998 0.06171875 0.19305555624999998 0.0625 0.1708333328125 0.0703125 0.15972222187500001
4 0.27421875 0.11805555625 0.27109375 0.127777778125 0.275 0.15694444375 0.27265625 0.1888888890625 0.2859375 0.19305555624999998 0.28203125 0.14444444375 0.28671875 0.13194444375 0.27890625 0.115277778125 0.27421875 0.11805555625
4 0.58046875 0.07638888906249999 0.5796875 0.0916666671875 0.5765625 0.0986111109375 0.5765625 0.12361111093749999 0.5796875 0.13194444375 0.58515625 0.13333333281249998 0.5890625 0.09305555625 0.58515625 0.07638888906249999 0.58046875 0.07638888906249999