1 0.37578125 0.28611111093749997 0.3859375 0.28194444375 0.39453125 0.2888888890625 0.39375 0.27638888906250003 0.38828125 0.26527777812500003 0.3859375 0.2513888890625 0.38984375 0.1513888890625 0.384375 0.1263888890625 0.384375 0.10555555624999999 0.37265625 0.10555555624999999 0.3703125 0.1208333328125 0.37265625 0.14444444375 0.3703125 0.16388888906250001 0.371875 0.2541666671875 0.36796875 0.259722221875 0.3578125 0.259722221875 0.3578125 0.26527777812500003 0.36875 0.272222221875 0.37578125 0.28611111093749997
1 0.43828125 0.24305555625 0.45234375 0.25 0.46796875 0.2513888890625 0.46796875 0.2416666671875 0.45390625 0.23055555625 0.45390625 0.1861111109375 0.45625 0.16805555625 0.45390625 0.0861111109375 0.44921875 0.08055555625000001 0.44296875 0.090277778125 0.4421875 0.15 0.4390625 0.1625 0.4421875 0.1888888890625 0.44140625 0.21805555625 0.43828125 0.22638888906250001 0.42890625 0.22916666718749998 0.43203125 0.2388888890625 0.43828125 0.24305555625
6 0.7078125 0.2833333328125 0.72265625 0.28194444375 0.73046875 0.26805555625 0.7375 0.27777777812500004 0.7625 0.275 0.7640625 0.24305555625 0.76171875 0.2166666671875 0.753125 0.197222221875 0.73515625 0.1875 0.73125 0.1611111109375 0.728125 0.15555555625 0.69140625 0.15 0.678125 0.16388888906250001 0.675 0.1611111109375 0.66015625 0.16805555625 0.65703125 0.1708333328125 0.65546875 0.18055555625 0.65390625 0.20833333281250002 0.65703125 0.22638888906250001 0.6625 0.240277778125 0.684375 0.2388888890625 0.69765625 0.24722222187499998 0.70078125 0.25555555625 0.70234375 0.275 0.7078125 0.2833333328125
6 0.63671875 0.222222221875 0.6328125 0.2138888890625 0.628125 0.1888888890625 0.60703125 0.1763888890625 0.59921875 0.1611111109375 0.575 0.1611111109375 0.56953125 0.175 0.5671875 0.190277778125 0.56875 0.22777777812500002 0.5765625 0.24305555625 0.5953125 0.25833333281250004 0.65390625 0.25833333281250004 0.65703125 0.2513888890625 0.65625 0.23333333281250002 0.64921875 0.22638888906250001 0.63671875 0.222222221875
7 0.87421875 0.134722221875 0.840625 0.1208333328125 0.83671875 0.1208333328125 0.83671875 0.127777778125 0.83984375 0.13055555624999998 0.8390625 0.1361111109375 0.8453125 0.1513888890625 0.884375 0.1541666671875 0.8890625 0.15 0.87421875 0.134722221875
7 0.96953125 0.10555555624999999 0.96875 0.097222221875 0.9625 0.090277778125 0.9625 0.11805555625 0.96640625 0.115277778125 0.96953125 0.10555555624999999
7 0.95390625 0.0861111109375 0.9515625 0.08194444375 0.9390625 0.072222221875 0.92265625 0.072222221875 0.909375 0.08055555625000001 0.90625 0.0861111109375 0.90703125 0.1208333328125 0.92578125 0.127777778125 0.9296875 0.12222222187500001 0.94609375 0.12222222187500001 0.95 0.1166666671875 0.95390625 0.0958333328125 0.95390625 0.0861111109375
7 0.8578125 0.07638888906249999 0.8578125 0.08194444375 0.875 0.102777778125 0.8890625 0.11388888906250001 0.89609375 0.11388888906250001 0.896875 0.08055555625000001 0.86875 0.07083333281250001 0.8625 0.07083333281250001 0.8578125 0.07638888906249999
7 0.8515625 0.23611111093749998 0.87109375 0.25555555625 0.878125 0.25833333281250004 0.88125 0.275 0.88671875 0.28055555625 0.8953125 0.27638888906250003 0.92421875 0.27777777812500004 0.93046875 0.2666666671875 0.93046875 0.23333333281250002 0.92578125 0.2236111109375 0.91640625 0.1833333328125 0.90625 0.16944444375 0.88125 0.15555555625 0.85625 0.15555555625 0.85390625 0.15972222187500001 0.84609375 0.15555555625 0.81953125 0.15555555625 0.81640625 0.16805555625 0.8140625 0.18055555625 0.8171875 0.19444444375 0.8171875 0.21805555625 0.821875 0.22638888906250001 0.8296875 0.22777777812500002 0.8375 0.2138888890625 0.8484375 0.2166666671875 0.8515625 0.23611111093749998
7 0.19609375 0.190277778125 0.1984375 0.18055555625 0.20390625 0.1763888890625 0.20390625 0.1458333328125 0.18203125 0.125 0.1796875 0.11805555625 0.16875 0.109722221875 0.15625 0.10833333281249999 0.1515625 0.1111111109375 0.146875 0.12222222187500001 0.1453125 0.13194444375 0.1484375 0.16388888906250001 0.1546875 0.16944444375 0.1609375 0.1875 0.175 0.1875 0.18125 0.19444444375 0.19140625 0.19583333281249998 0.19609375 0.190277778125
7 0.325 0.19305555624999998 0.33203125 0.165277778125 0.35546875 0.15972222187500001 0.36484375 0.15 0.36875 0.15277777812499999 0.36875 0.1111111109375 0.37109375 0.10555555624999999 0.3796875 0.10138888906250001 0.38125 0.0958333328125 0.3796875 0.0388888890625 0.375 0.0375 0.3640625 0.04444444375 0.35546875 0.055555556250000006 0.3421875 0.052777778124999994 0.3375 0.058333332812500006 0.33359375 0.058333332812500006 0.32890625 0.04305555625 0.28671875 0.05 0.28125 0.055555556250000006 0.2796875 0.0791666671875 0.27578125 0.09444444375 0.275 0.1583333328125 0.28125 0.1666666671875 0.28203125 0.177777778125 0.28671875 0.17361111093749998 0.296875 0.17361111093749998 0.3015625 0.1888888890625 0.30625 0.19444444375 0.325 0.19305555624999998
7 0.42890625 0.177777778125 0.4390625 0.1541666671875 0.44140625 0.13333333281249998 0.44140625 0.1208333328125 0.4390625 0.115277778125 0.44296875 0.084722221875 0.446875 0.08055555625000001 0.4515625 0.08194444375 0.4578125 0.09444444375 0.45546875 0.127777778125 0.45625 0.177777778125 0.4609375 0.17916666718750002 0.46640625 0.17361111093749998 0.47421875 0.1541666671875 0.478125 0.1166666671875 0.47578125 0.047222221875 0.46796875 0.009722221875000001 0.425 0.006944443749999999 0.41640625 0.013888889062500001 0.39375 0.0208333328125 0.3890625 0.0333333328125 0.38828125 0.11805555625 0.3953125 0.134722221875 0.39375 0.1541666671875 0.39921875 0.16388888906250001 0.4015625 0.17916666718750002 0.40625 0.1833333328125 0.42109375 0.1833333328125 0.42890625 0.177777778125
7 0.99453125 0.272222221875 0.99921875 0.26527777812500003 0.99921875 0.23055555625 0.99296875 0.21944444375 0.9890625 0.23333333281250002 0.9875 0.26805555625 0.99453125 0.272222221875
7 0.9734375 0.23055555625 0.97265625 0.20277777812500003 0.96640625 0.19444444375 0.93515625 0.17361111093749998 0.925 0.16805555625 0.91953125 0.1708333328125 0.91875 0.1888888890625 0.9328125 0.23611111093749998 0.9375 0.240277778125 0.94921875 0.240277778125 0.9609375 0.23055555625 0.96328125 0.240277778125 0.96953125 0.24583333281250003 0.9734375 0.23055555625
7 0.9375 0.12222222187500001 0.92890625 0.12222222187500001 0.92578125 0.1263888890625 0.92578125 0.13055555624999998 0.9390625 0.14305555625 0.9546875 0.14444444375 0.9671875 0.15555555625 0.98046875 0.1583333328125 0.97734375 0.14444444375 0.95625 0.13055555624999998 0.9375 0.12222222187500001
7 0.79375 0.1458333328125 0.7921875 0.1125 0.796875 0.10694444375 0.79765625 0.097222221875 0.78828125 0.09444444375 0.79140625 0.115277778125 0.78828125 0.115277778125 0.78125 0.140277778125 0.784375 0.14305555625 0.7859375 0.1513888890625 0.78984375 0.15277777812499999 0.79296875 0.1513888890625 0.79375 0.1458333328125
7 0.7453125 0.134722221875 0.74609375 0.15972222187500001 0.75859375 0.1611111109375 0.76796875 0.1541666671875 0.77109375 0.09444444375 0.76875 0.08194444375 0.75 0.07638888906249999 0.74765625 0.1263888890625 0.7453125 0.134722221875
7 0.73828125 0.06805555625000001 0.6921875 0.047222221875 0.68046875 0.0458333328125 0.6765625 0.055555556250000006 0.67734375 0.10138888906250001 0.6875 0.10694444375 0.69453125 0.1291666671875 0.70234375 0.1375 0.71640625 0.14444444375 0.7265625 0.15555555625 0.7375 0.15555555625 0.73828125 0.06805555625000001
7 0.96953125 0.25 0.97421875 0.23055555625 0.97421875 0.20277777812500003 0.96875 0.20277777812500003 0.96328125 0.222222221875 0.96328125 0.2416666671875 0.96953125 0.25