2 0.0140625 0.47083333281249995 0.01796875 0.477777778125 0.025 0.477777778125 0.0328125 0.46805555625000006 0.0296875 0.4458333328125 0.02265625 0.425 0.01328125 0.43194444374999996 0.0140625 0.47083333281249995
6 0.77890625 0.275 0.78203125 0.27638888906250003 0.78671875 0.2666666671875 0.78828125 0.2416666671875 0.78671875 0.21805555625 0.7828125 0.20972222187499998 0.78046875 0.22777777812500002 0.77890625 0.275
6 0.78125 0.1763888890625 0.77421875 0.17916666718750002 0.78046875 0.17916666718750002 0.7859375 0.184722221875 0.78125 0.1763888890625
6 0.78203125 0.1703125 0.0015625 0.0015625
6 0.7109375 0.2388888890625 0.7171875 0.21805555625 0.72265625 0.21805555625 0.72890625 0.23194444375 0.73125 0.2666666671875 0.7375 0.27638888906250003 0.74296875 0.27777777812500004 0.75 0.2666666671875 0.75 0.24444444375000002 0.7546875 0.240277778125 0.7625 0.24305555625 0.76640625 0.23333333281250002 0.76875 0.18055555625 0.76328125 0.1763888890625 0.76015625 0.16805555625 0.75703125 0.11805555625 0.75 0.10555555624999999 0.72734375 0.0958333328125 0.70859375 0.0958333328125 0.7015625 0.10555555624999999 0.69921875 0.140277778125 0.68828125 0.15555555625 0.68359375 0.16944444375 0.6875 0.177777778125 0.68828125 0.225 0.69453125 0.2388888890625 0.703125 0.24305555625 0.7109375 0.2388888890625
7 0.99921875 0.26805555625 0.98828125 0.25833333281250004 0.98203125 0.27777777812500004 0.97890625 0.33888888906250003 0.99921875 0.33888888906250003 0.99921875 0.26805555625
7 0.9671875 0.30416666718749996 0.96953125 0.24583333281250003 0.9421875 0.23194444375 0.93046875 0.23194444375 0.9140625 0.25555555625 0.9078125 0.28611111093749997 0.90703125 0.2958333328125 0.915625 0.3083333328125 0.9203125 0.322222221875 0.925 0.32777777812500003 0.940625 0.33055555625 0.9515625 0.3541666671875 0.9578125 0.35555555625 0.9671875 0.30416666718749996
7 0.89140625 0.28055555625 0.89609375 0.27638888906250003 0.90703125 0.27638888906250003 0.915625 0.24722222187499998 0.9265625 0.23055555625 0.915625 0.18194444375000002 0.9109375 0.17361111093749998 0.890625 0.1583333328125 0.8625 0.1541666671875 0.85546875 0.15555555625 0.85390625 0.15972222187500001 0.840625 0.15555555625 0.81875 0.15555555625 0.8171875 0.15972222187500001 0.8171875 0.18194444375000002 0.83359375 0.20277777812500003 0.83828125 0.2138888890625 0.84765625 0.215277778125 0.8546875 0.2416666671875 0.878125 0.25833333281250004 0.8828125 0.27777777812500004 0.89140625 0.28055555625
7 0.99921875 0.25555555625 0.99921875 0.22638888906250001 0.99453125 0.21805555625 0.99140625 0.21944444375 0.98828125 0.23472222187499997 0.98828125 0.2541666671875 0.99921875 0.25555555625
7 0.97421875 0.20555555625 0.96953125 0.197222221875 0.92890625 0.16944444375 0.91953125 0.16944444375 0.91875 0.1875 0.9234375 0.20138888906250002 0.9296875 0.20833333281250002 0.93203125 0.22916666718749998 0.94453125 0.23055555625 0.9671875 0.24305555625 0.971875 0.240277778125 0.97421875 0.20555555625
7 0.93515625 0.12222222187500001 0.93046875 0.13194444375 0.92734375 0.125 0.9265625 0.13055555624999998 0.946875 0.14305555625 0.95625 0.15555555625 0.9703125 0.1611111109375 0.97890625 0.15972222187500001 0.978125 0.147222221875 0.96015625 0.13333333281249998 0.93515625 0.12222222187500001
7 0.85625 0.127777778125 0.85078125 0.1208333328125 0.84140625 0.1208333328125 0.83828125 0.127777778125 0.8390625 0.147222221875 0.84375 0.15277777812499999 0.85234375 0.15555555625 0.859375 0.1513888890625 0.88125 0.15 0.88125 0.1458333328125 0.87265625 0.134722221875 0.85625 0.127777778125
7 0.85625 0.08055555625000001 0.875 0.1041666671875 0.89375 0.11388888906250001 0.89765625 0.08333333281250001 0.89609375 0.08055555625000001 0.871875 0.07083333281250001 0.85703125 0.0736111109375 0.85625 0.08055555625000001
4 0.38828125 0.3638888890625 0.3953125 0.30416666718749996 0.3953125 0.28055555625 0.39140625 0.26805555625 0.39140625 0.25 0.3890625 0.24583333281250003 0.384375 0.24722222187499998 0.38046875 0.259722221875 0.37265625 0.2708333328125 0.36875 0.28055555625 0.36875 0.3125 0.375 0.34305555625 0.3734375 0.38055555625 0.3890625 0.3861111109375 0.39375 0.38194444375000003 0.3890625 0.375 0.38828125 0.3638888890625
4 0.37265625 0.325 0.36875 0.3326388890625 0.36875 0.36944444375 0.37265625 0.3708333328125 0.375 0.352777778125 0.37265625 0.3263888890625 0.3765625 0.2625 0.3796875 0.25555555625 0.3765625 0.23611111093749998 0.37265625 0.23472222187499997 0.36875 0.24305555625 0.36875 0.252777778125 0.3640625 0.25833333281250004 0.36328125 0.2708333328125 0.3703125 0.275 0.3640625 0.2833333328125 0.36796875 0.3013888890625 0.36484375 0.31944444375000003 0.36875 0.3236111109375 0.3703125 0.31944444375000003 0.37265625 0.325