2 0.98671875 0.56805555625 0.9859375 0.527777778125 0.98203125 0.522222221875 0.975 0.522222221875 0.9671875 0.5333333328125 0.9703125 0.5541666671875001 0.97734375 0.575 0.98671875 0.56805555625
1 0.61796875 0.89305555625 0.6234375 0.9 0.63046875 0.89444444375 0.628125 0.80694444375 0.6296875 0.7458333328125 0.6421875 0.7402777781250001 0.64296875 0.734722221875 0.63359375 0.7291666671875 0.62421875 0.7111111109375 0.6203125 0.7111111109375 0.61640625 0.7194444437499999 0.6 0.7111111109375 0.5984375 0.7194444437499999 0.61484375 0.7458333328125 0.61796875 0.8857638890624999 0.6140625 0.8986111109375001 0.610632621875 0.8997402890625 0.6125 0.9041666671874999 0.615625 0.902777778125 0.61796875 0.89305555625
6 0.2125 0.7416666671875001 0.21171875 0.7638888890625 0.2140625 0.7819444437499999 0.21875 0.7819444437499999 0.2203125 0.7708333328125 0.21875 0.7597222218749999 0.22109375 0.7263888890625 0.21796875 0.7236111109375 0.2140625 0.73055555625 0.2125 0.7416666671875001
6 0.2171875 0.8194444437499999 0.21875 0.8236111109375001 0.21953125 0.8194444437499999 0.2171875 0.8194444437499999
6 0.2609375 0.722222221875 0.25703125 0.722222221875 0.25 0.7333333328125 0.25 0.75555555625 0.246875 0.7597222218749999 0.2359375 0.7583333328124999 0.23359375 0.76944444375 0.23125 0.8194444437499999 0.2390625 0.83055555625 0.24296875 0.8819444437499999 0.25 0.89444444375 0.27265625 0.9041666671874999 0.29375 0.902777778125 0.2984375 0.89305555625 0.3015625 0.85694444375 0.31171875 0.8444444437499999 0.31640625 0.83055555625 0.3125 0.8222222218749999 0.31171875 0.775 0.30546875 0.7611111109375 0.296875 0.7569444437499999 0.28828125 0.7611111109375 0.28515625 0.7763888890625 0.28046875 0.7833333328125 0.27734375 0.7819444437499999 0.27109375 0.7666666671875 0.26875 0.73194444375 0.2609375 0.722222221875
7 0.01953125 0.6944444437499999 0.0203125 0.6583333328125 0.00078125 0.6611111109375 0.00078125 0.73194444375 0.00625 0.7402777781250001 0.01328125 0.7388888890625 0.0171875 0.7236111109375 0.01953125 0.6944444437499999
7 0.0765625 0.6736111109375 0.05703125 0.66944444375 0.053125 0.6569444437499999 0.04609375 0.64444444375 0.04296875 0.64444444375 0.0328125 0.6958333328124999 0.03046875 0.7541666671875 0.0578125 0.76805555625 0.06953125 0.76805555625 0.08203125 0.7541666671875 0.0859375 0.74444444375 0.0921875 0.702777778125 0.0765625 0.6736111109375
7 0.084375 0.81805555625 0.09375 0.83055555625 0.109375 0.8416666671874999 0.13828125 0.8458333328125001 0.14453125 0.8444444437499999 0.14921875 0.8333333328125001 0.1515625 0.840277778125 0.1609375 0.8444444437499999 0.18125 0.8444444437499999 0.1828125 0.840277778125 0.1828125 0.8194444437499999 0.17109375 0.8055555562500001 0.16171875 0.7861111109375 0.15078125 0.7833333328125 0.15 0.76944444375 0.14453125 0.7569444437499999 0.121875 0.7416666671875001 0.11796875 0.7236111109375 0.11328125 0.7194444437499999 0.09453125 0.722222221875 0.0890625 0.7333333328125 0.0859375 0.752777778125 0.0734375 0.76944444375 0.084375 0.81805555625
7 0.48203125 0.75 0.48671875 0.7805555562500001 0.49296875 0.79444444375 0.4953125 0.79444444375 0.4953125 0.73194444375 0.49375 0.722222221875 0.48828125 0.722222221875 0.4828125 0.734722221875 0.48203125 0.75
7 0.55078125 0.6944444437499999 0.53984375 0.6958333328124999 0.5359375 0.70694444375 0.52421875 0.7083333328125 0.521875 0.7138888890625 0.5203125 0.8486111109375001 0.521875 0.85694444375 0.53984375 0.8888888890625 0.54609375 0.89444444375 0.57109375 0.8986111109375001 0.575 0.902777778125 0.6 0.9041666671874999 0.61171875 0.909722221875 0.6171875 0.897222221875 0.6203125 0.9 0.61953125 0.9111111109375001 0.6390625 0.9138888890624999 0.6625 0.9041666671874999 0.66640625 0.897222221875 0.66875 0.8819444437499999 0.66953125 0.7833333328125 0.6625 0.7736111109375 0.646875 0.7666666671875 0.64296875 0.74444444375 0.63125 0.74444444375 0.628125 0.75555555625 0.6296875 0.859722221875 0.61640625 0.859722221875 0.615625 0.7736111109375 0.61328125 0.7458333328125 0.5671875 0.727777778125 0.5625 0.722222221875 0.5609375 0.7083333328125 0.55078125 0.6944444437499999
7 0.00703125 0.7791666671875 0.01171875 0.7666666671875 0.01171875 0.7458333328125 0.00078125 0.74444444375 0.00078125 0.7708333328125 0.00703125 0.7791666671875
7 0.07109375 0.7916666671875 0.06796875 0.7708333328125 0.05546875 0.76944444375 0.03203125 0.7569444437499999 0.028125 0.7597222218749999 0.02578125 0.79305555625 0.03046875 0.8027777781250001 0.07109375 0.83055555625 0.0796875 0.83194444375 0.08046875 0.8083333328125001 0.07578125 0.7958333328125 0.07109375 0.7916666671875
7 0.075 0.8708333328125001 0.06171875 0.859722221875 0.0515625 0.85555555625 0.04921875 0.8486111109375001 0.04375 0.8444444437499999 0.02421875 0.8361111109375001 0.02109375 0.840277778125 0.02109375 0.8486111109375001 0.025 0.85555555625 0.03671875 0.8611111109375 0.03984375 0.8666666671875 0.06875 0.877777778125 0.07421875 0.8736111109375001 0.075 0.8708333328125001
7 0.140625 0.8486111109375001 0.11875 0.8486111109375001 0.11953125 0.85694444375 0.1328125 0.86944444375 0.14375 0.872222221875 0.1515625 0.88055555625 0.16171875 0.877777778125 0.1625 0.8583333328125 0.15703125 0.847222221875 0.14609375 0.8444444437499999 0.140625 0.8486111109375001
7 0.10625 0.922222221875 0.1265625 0.9291666671875 0.14296875 0.9263888890624999 0.14375 0.91944444375 0.12421875 0.8958333328125001 0.10625 0.8861111109375001 0.10390625 0.9041666671874999 0.10390625 0.91944444375 0.10625 0.922222221875
4 0.375 0.8333333328125001 0.38125 0.8194444437499999 0.38125 0.8125 0.375 0.8041666671875 0.375 0.7708333328125 0.371875 0.76805555625 0.37421875 0.7611111109375 0.36796875 0.7763888890625 0.36328125 0.7805555562500001 0.36171875 0.8236111109375001 0.36328125 0.8416666671874999 0.36875 0.8458333328125001 0.375 0.8444444437499999 0.375 0.8333333328125001