1 0.54375 0.8333333328125001 0.54609375 0.9166666671874999 0.5546875 0.91944444375 0.5578125 0.9111111109375001 0.5578125 0.8541666671874999 0.5609375 0.840277778125 0.55859375 0.784722221875 0.5625 0.7736111109375 0.56875 0.7763888890625 0.57109375 0.772222221875 0.5671875 0.7611111109375 0.56171875 0.7569444437499999 0.5484375 0.75 0.53203125 0.7486111109375 0.53203125 0.7569444437499999 0.54609375 0.76944444375 0.54609375 0.815277778125 0.54375 0.8333333328125001
1 0.615625 0.872222221875 0.615625 0.89444444375 0.6234375 0.897222221875 0.6296875 0.8916666671875 0.628125 0.7458333328125 0.63125 0.7402777781250001 0.640625 0.7402777781250001 0.6421875 0.734722221875 0.63046875 0.727777778125 0.62421875 0.7138888890625 0.6140625 0.7180555562500001 0.60625 0.7111111109375 0.6046875 0.7166666671875 0.6140625 0.7458333328125 0.6140625 0.7805555562500001 0.61015625 0.8083333328125001 0.6109375 0.8486111109375001 0.615625 0.872222221875
6 0.246875 0.8027777781250001 0.26484375 0.8125 0.26875 0.8388888890624999 0.27265625 0.8444444437499999 0.30859375 0.85 0.31953125 0.8361111109375001 0.33203125 0.8361111109375001 0.340625 0.83055555625 0.34375 0.8263888890625 0.3453125 0.815277778125 0.34609375 0.79444444375 0.3390625 0.7625 0.33203125 0.7569444437499999 0.3203125 0.7638888890625 0.30234375 0.752777778125 0.29765625 0.725 0.2921875 0.7166666671875 0.278125 0.7180555562500001 0.26953125 0.73194444375 0.26171875 0.722222221875 0.2375 0.725 0.2359375 0.7569444437499999 0.23828125 0.7805555562500001 0.246875 0.8027777781250001
6 0.43125 0.8208333328125 0.43359375 0.8055555562500001 0.43125 0.772222221875 0.41875 0.7541666671875 0.4046875 0.7416666671875001 0.34609375 0.7416666671875001 0.34296875 0.75 0.3453125 0.76944444375 0.3625 0.777777778125 0.3671875 0.784722221875 0.37109375 0.8111111109375001 0.38828125 0.8194444437499999 0.40078125 0.8361111109375001 0.425 0.8388888890624999 0.43125 0.8208333328125
7 0.1140625 0.85 0.1140625 0.8541666671874999 0.11953125 0.859722221875 0.13359375 0.86944444375 0.1453125 0.8708333328125001 0.15078125 0.8791666671874999 0.16328125 0.8791666671874999 0.16484375 0.86944444375 0.15625 0.8486111109375001 0.11875 0.8458333328125001 0.1140625 0.85
7 0.0296875 0.8986111109375001 0.0375 0.9138888890624999 0.03828125 0.8819444437499999 0.0359375 0.8819444437499999 0.0328125 0.8847222218749999 0.0296875 0.8986111109375001
7 0.06953125 0.877777778125 0.05234375 0.877777778125 0.04609375 0.897222221875 0.04609375 0.915277778125 0.0609375 0.9277777781250001 0.0765625 0.9277777781250001 0.09296875 0.9166666671874999 0.09375 0.88055555625 0.08125 0.872222221875 0.075 0.8708333328125001 0.06953125 0.877777778125
7 0.13046875 0.9291666671875 0.1375 0.9291666671875 0.1421875 0.922222221875 0.14296875 0.91944444375 0.125 0.897222221875 0.1109375 0.8861111109375001 0.10390625 0.8861111109375001 0.10390625 0.91944444375 0.13046875 0.9291666671875
7 0.06953125 0.7361111109375 0.06953125 0.7666666671875 0.07421875 0.775 0.084375 0.81805555625 0.09375 0.83055555625 0.11953125 0.8444444437499999 0.14375 0.8444444437499999 0.14765625 0.840277778125 0.15078125 0.8444444437499999 0.17421875 0.8444444437499999 0.1796875 0.8416666671874999 0.18359375 0.83194444375 0.1859375 0.815277778125 0.1796875 0.7763888890625 0.1703125 0.772222221875 0.1625 0.7888888890625 0.153125 0.784722221875 0.15078125 0.7819444437499999 0.14921875 0.7638888890625 0.12890625 0.74444444375 0.12109375 0.7416666671875001 0.11875 0.725 0.1140625 0.7194444437499999 0.1046875 0.7236111109375 0.075 0.722222221875 0.06953125 0.7361111109375
7 0.0375 0.6861111109375 0.0328125 0.6944444437499999 0.03046875 0.7430555562500001 0.0375 0.7333333328125 0.04140625 0.7194444437499999 0.0421875 0.6944444437499999 0.0375 0.6861111109375
7 0.00078125 0.6458333328125 0.00078125 0.777777778125 0.00703125 0.777777778125 0.0109375 0.76805555625 0.01953125 0.6986111109375 0.021875 0.6708333328125 0.0203125 0.6638888890625 0.0140625 0.659722221875 0.00859375 0.647222221875 0.00078125 0.6458333328125
7 0.83828125 0.8916666671875 0.8484375 0.8888888890625 0.8515625 0.88055555625 0.8546875 0.8708333328125001 0.85234375 0.8375 0.8421875 0.8166666671874999 0.825 0.815277778125 0.81796875 0.8055555562500001 0.8109375 0.8041666671875 0.80546875 0.80694444375 0.80234375 0.81805555625 0.79609375 0.8263888890625 0.79609375 0.8541666671874999 0.80625 0.8611111109375 0.81953125 0.88055555625 0.828125 0.8888888890625 0.83828125 0.8916666671875
7 0.0796875 0.83194444375 0.08125 0.827777778125 0.08203125 0.8125 0.07578125 0.7986111109375 0.07421875 0.7833333328125 0.06484375 0.7611111109375 0.05625 0.7611111109375 0.05 0.76944444375 0.04609375 0.76944444375 0.0453125 0.7763888890625 0.0375 0.7708333328125 0.03515625 0.784722221875 0.0296875 0.797222221875 0.034375 0.8055555562500001 0.07109375 0.83055555625 0.0796875 0.83194444375
7 0.0203125 0.8444444437499999 0.0234375 0.85694444375 0.03984375 0.8680555562500001 0.06171875 0.877777778125 0.0734375 0.875 0.07421875 0.86944444375 0.0609375 0.85694444375 0.04453125 0.8541666671874999 0.0234375 0.840277778125 0.0203125 0.8444444437499999
7 0.63125 0.8916666671875 0.61953125 0.9013888890624999 0.6203125 0.9611111109375001 0.625 0.9625 0.6359375 0.95555555625 0.64453125 0.9444444437499999 0.65703125 0.9472222218749999 0.6625 0.9416666671874999 0.66640625 0.9416666671874999 0.671875 0.95694444375 0.71328125 0.95 0.71875 0.94305555625 0.71953125 0.9208333328125 0.72421875 0.902777778125 0.725 0.834722221875 0.71953125 0.83055555625 0.71796875 0.8236111109375001 0.703125 0.8263888890625 0.6984375 0.8111111109375001 0.69375 0.8055555562500001 0.67578125 0.80694444375 0.66953125 0.83055555625 0.65625 0.8416666671874999 0.6546875 0.8486111109375001 0.64609375 0.8486111109375001 0.6375 0.85555555625 0.63125 0.852777778125 0.63125 0.8916666671875
7 0.5546875 0.91944444375 0.5484375 0.91944444375 0.5421875 0.9069444437499999 0.54453125 0.872222221875 0.54375 0.8263888890625 0.5421875 0.8222222218749999 0.5375 0.8222222218749999 0.53125 0.83194444375 0.5234375 0.8611111109375 0.521875 0.89305555625 0.52421875 0.952777778125 0.53203125 0.9902777781250001 0.56953125 0.99444444375 0.60390625 0.98055555625 0.61015625 0.9736111109375001 0.61171875 0.95555555625 0.61015625 0.91944444375 0.6125 0.89305555625 0.6046875 0.8666666671875 0.60625 0.847222221875 0.60078125 0.8361111109375001 0.6 0.8208333328125 0.58203125 0.8166666671874999 0.57109375 0.8236111109375001 0.56171875 0.8444444437499999 0.55859375 0.8680555562500001 0.56015625 0.8916666671875 0.5578125 0.897222221875 0.5578125 0.9125 0.5546875 0.91944444375
7 0.21015625 0.8486111109375001 0.20703125 0.852777778125 0.20703125 0.875 0.209375 0.8791666671874999 0.2125 0.877777778125 0.21796875 0.8611111109375 0.21015625 0.8486111109375001
7 0.203125 0.8986111109375001 0.203125 0.902777778125 0.20703125 0.902777778125 0.20703125 0.89305555625 0.203125 0.8986111109375001
7 0.2515625 0.9138888890624999 0.2546875 0.8416666671874999 0.2375 0.840277778125 0.23125 0.8486111109375001 0.22890625 0.9111111109375001 0.23125 0.91805555625 0.24921875 0.925 0.2515625 0.9138888890624999
7 0.3140625 0.89444444375 0.3046875 0.8708333328125001 0.29375 0.859722221875 0.2828125 0.85555555625 0.2734375 0.8444444437499999 0.26328125 0.8444444437499999 0.2609375 0.9305555562500001 0.30703125 0.952777778125 0.3203125 0.9541666671875 0.32265625 0.952777778125 0.3234375 0.9444444437499999 0.32265625 0.8986111109375001 0.3140625 0.89444444375