0 0.99765625 0.34027777812500004 0.99921875 0.26805555625 0.9953125 0.259722221875 0.98828125 0.25694444375000003 0.9828125 0.27777777812500004 0.97890625 0.33888888906250003 0.99765625 0.34027777812500004
0 0.95703125 0.35555555625 0.96015625 0.34861111093749997 0.9640625 0.3111111109375 0.9671875 0.3013888890625 0.9703125 0.24722222187499998 0.9421875 0.23194444375 0.93046875 0.23194444375 0.91875 0.24444444375000002 0.9125 0.259722221875 0.90703125 0.2916666671875 0.9078125 0.3 0.91484375 0.30694444375 0.925 0.3263888890625 0.94453125 0.33194444375 0.9453125 0.3416666671875 0.9515625 0.352777778125 0.95703125 0.35555555625
0 0.5046875 0.26805555625 0.50625 0.27777777812500004 0.50859375 0.2791666671875 0.51640625 0.26805555625 0.51796875 0.2541666671875 0.51328125 0.21944444375 0.50625 0.20555555625 0.5046875 0.26805555625
0 0.384375 0.147222221875 0.384375 0.222222221875 0.38671875 0.252777778125 0.4328125 0.272222221875 0.4375 0.27777777812500004 0.43984375 0.29305555625 0.45 0.30555555624999997 0.45703125 0.30555555624999997 0.46328125 0.29305555625 0.4765625 0.2888888890625 0.47890625 0.2513888890625 0.48125 0.24444444375000002 0.47890625 0.215277778125 0.4796875 0.1513888890625 0.478125 0.14305555625 0.46015625 0.1111111109375 0.425 0.097222221875 0.4015625 0.0958333328125 0.38671875 0.090277778125 0.38046875 0.10138888906250001 0.37890625 0.0888888890625 0.3609375 0.0861111109375 0.33828125 0.09444444375 0.3328125 0.10555555624999999 0.33125 0.1208333328125 0.33125 0.21944444375 0.353125 0.23333333281250002 0.3578125 0.2541666671875 0.3671875 0.25555555625 0.36953125 0.2513888890625 0.3703125 0.1263888890625 0.38203125 0.1263888890625 0.384375 0.147222221875
2 0.0140625 0.47083333281249995 0.01796875 0.477777778125 0.025 0.477777778125 0.0328125 0.46805555625000006 0.03046875 0.4486111109375 0.02265625 0.425 0.01328125 0.43194444374999996 0.0140625 0.47083333281249995
1 0.40078125 0.2888888890625 0.40078125 0.27777777812500004 0.39140625 0.26805555625 0.384375 0.25 0.384375 0.15555555625 0.38203125 0.11388888906250001 0.3921875 0.10138888906250001 0.39140625 0.097222221875 0.38671875 0.097222221875 0.38203125 0.10555555624999999 0.37890625 0.1 0.36953125 0.10555555624999999 0.371875 0.134722221875 0.3703125 0.25555555625 0.3578125 0.259722221875 0.35703125 0.2666666671875 0.36640625 0.2708333328125 0.37734375 0.2888888890625 0.3828125 0.28055555625 0.40078125 0.2888888890625
1 0.40703125 0.0958333328125 0.403125 0.09444444375 0.4 0.0958333328125 0.40703125 0.0958333328125
6 0.78203125 0.27638888906250003 0.7875 0.2638888890625 0.78671875 0.21805555625 0.78125 0.21805555625 0.78046875 0.22777777812500002 0.77890625 0.2736111109375 0.78203125 0.27638888906250003
6 0.784375 0.20972222187499998 0.78203125 0.20972222187499998 0.78203125 0.2138888890625 0.78515625 0.2138888890625 0.784375 0.20972222187499998
6 0.7828125 0.18055555625 0.78203125 0.1763888890625 0.7796875 0.18055555625 0.7828125 0.18055555625
6 0.7734375 0.16484375 0.00078125 0.0015625
6 0.78125 0.15625 0.00078125 0.0015625
6 0.71171875 0.2388888890625 0.7171875 0.21805555625 0.72265625 0.21805555625 0.72890625 0.23194444375 0.73125 0.2666666671875 0.7375 0.27638888906250003 0.74375 0.27777777812500004 0.75 0.2666666671875 0.75 0.24444444375000002 0.75390625 0.240277778125 0.7640625 0.2416666671875 0.76640625 0.23055555625 0.76875 0.18055555625 0.76015625 0.1666666671875 0.75703125 0.11805555625 0.75 0.10555555624999999 0.72578125 0.0958333328125 0.70625 0.097222221875 0.7015625 0.10694444375 0.6984375 0.14305555625 0.6953125 0.14444444375 0.68359375 0.16944444375 0.6875 0.177777778125 0.68828125 0.225 0.69453125 0.2388888890625 0.7046875 0.24305555625 0.71171875 0.2388888890625
7 0.878125 0.25833333281250004 0.88125 0.275 0.88515625 0.2791666671875 0.90546875 0.27777777812500004 0.9109375 0.2666666671875 0.9140625 0.2486111109375 0.9265625 0.23055555625 0.915625 0.18194444375000002 0.90625 0.16944444375 0.89453125 0.16388888906250001 0.89296875 0.15972222187500001 0.86796875 0.1541666671875 0.85546875 0.15555555625 0.85234375 0.165277778125 0.85 0.15972222187500001 0.840625 0.15555555625 0.81875 0.15555555625 0.8171875 0.15972222187500001 0.8171875 0.18194444375000002 0.83125 0.197222221875 0.83828125 0.2138888890625 0.84921875 0.2166666671875 0.85 0.22916666718749998 0.85546875 0.24305555625 0.86015625 0.24305555625 0.878125 0.25833333281250004
7 0.99921875 0.22777777812500002 0.9921875 0.222222221875 0.98828125 0.23472222187499997 0.9875 0.252777778125 0.99921875 0.25555555625 0.99921875 0.22777777812500002
7 0.97421875 0.20555555625 0.96953125 0.197222221875 0.92890625 0.16944444375 0.91953125 0.16944444375 0.91953125 0.190277778125 0.92421875 0.20277777812500003 0.9296875 0.20833333281250002 0.93203125 0.22916666718749998 0.94453125 0.23055555625 0.96796875 0.24305555625 0.971875 0.2388888890625 0.97421875 0.20555555625
7 0.9359375 0.12222222187500001 0.9265625 0.125 0.92578125 0.13055555624999998 0.94609375 0.14305555625 0.95625 0.15555555625 0.975 0.16388888906250001 0.97890625 0.1611111109375 0.97890625 0.15 0.96015625 0.13333333281249998 0.9359375 0.12222222187500001
7 0.8375 0.12222222187500001 0.8375 0.1416666671875 0.84375 0.15277777812499999 0.8796875 0.15277777812499999 0.8828125 0.1458333328125 0.87265625 0.134722221875 0.8578125 0.1291666671875 0.85078125 0.1208333328125 0.8375 0.12222222187500001
7 0.85625 0.08055555625000001 0.87578125 0.1041666671875 0.8890625 0.11388888906250001 0.8953125 0.1111111109375 0.89609375 0.08055555625000001 0.871875 0.07083333281250001 0.85703125 0.0736111109375 0.85625 0.08055555625000001
4 0.65078125 0.17916666718750002 0.64609375 0.1875 0.64375 0.20277777812500003 0.64375 0.2638888890625 0.64765625 0.26944444375 0.65390625 0.26805555625 0.6578125 0.225 0.66171875 0.2125 0.6609375 0.17361111093749998 0.65703125 0.172222221875 0.65078125 0.17916666718750002