2 0.025 0.41944444374999995 0.025 0.459722221875 0.03125 0.46944444374999994 0.04140625 0.46388888906250003 0.04296875 0.45555555625000005 0.0375 0.4361111109375 0.03671875 0.42222222187499997 0.03359375 0.41805555625 0.025 0.41944444374999995
1 0.3859375 0.2833333328125 0.39375 0.290277778125 0.3953125 0.2833333328125 0.3875 0.2638888890625 0.3859375 0.2416666671875 0.3859375 0.20416666718749998 0.38984375 0.19444444375 0.3859375 0.1888888890625 0.38671875 0.115277778125 0.38515625 0.10694444375 0.38046875 0.102777778125 0.3734375 0.102777778125 0.3703125 0.11388888906250001 0.37265625 0.15694444375 0.37265625 0.2513888890625 0.36875 0.259722221875 0.36015625 0.259722221875 0.359375 0.26527777812500003 0.37109375 0.27638888906250003 0.37578125 0.2888888890625 0.3859375 0.2833333328125
1 0.46875 0.24444444375000002 0.45703125 0.23611111093749998 0.45390625 0.225 0.45234375 0.20416666718749998 0.45625 0.172222221875 0.45390625 0.14305555625 0.4546875 0.0861111109375 0.44921875 0.08333333281250001 0.44296875 0.0875 0.4421875 0.2166666671875 0.43828125 0.22777777812500002 0.43125 0.22638888906250001 0.4296875 0.23055555625 0.4328125 0.2388888890625 0.43828125 0.24305555625 0.46875 0.2513888890625 0.46875 0.24444444375000002
6 0.721875 0.2833333328125 0.7296875 0.272222221875 0.7375 0.2791666671875 0.7546875 0.2791666671875 0.7625 0.275 0.7640625 0.2388888890625 0.7609375 0.21805555625 0.7640625 0.2166666671875 0.75 0.1916666671875 0.73671875 0.190277778125 0.7328125 0.18055555625 0.73046875 0.1583333328125 0.69140625 0.15 0.68125 0.165277778125 0.6703125 0.1666666671875 0.6640625 0.1763888890625 0.6609375 0.16944444375 0.65625 0.177777778125 0.65625 0.21805555625 0.66328125 0.2416666671875 0.68515625 0.2416666671875 0.6984375 0.24722222187499998 0.70234375 0.272222221875 0.70625 0.28055555625 0.7125 0.28472222187499996 0.721875 0.2833333328125
6 0.65703125 0.2513888890625 0.6546875 0.22916666718749998 0.634375 0.21944444375 0.63671875 0.20555555625 0.6359375 0.190277778125 0.60625 0.17361111093749998 0.5984375 0.15972222187500001 0.57734375 0.15972222187500001 0.56875 0.18055555625 0.56640625 0.197222221875 0.56875 0.22638888906250001 0.5734375 0.23055555625 0.5765625 0.240277778125 0.59453125 0.25555555625 0.60546875 0.259722221875 0.65 0.25833333281250004 0.65703125 0.2513888890625
7 0.87578125 0.14305555625 0.87265625 0.134722221875 0.85 0.1208333328125 0.83671875 0.12222222187500001 0.83359375 0.13194444375 0.84140625 0.1416666671875 0.84375 0.1513888890625 0.88203125 0.1513888890625 0.88828125 0.15555555625 0.89296875 0.15277777812499999 0.88984375 0.147222221875 0.87578125 0.14305555625
7 0.97421875 0.102777778125 0.97265625 0.097222221875 0.9625 0.090277778125 0.96328125 0.11805555625 0.96796875 0.115277778125 0.97421875 0.102777778125
7 0.953125 0.08194444375 0.93828125 0.072222221875 0.9234375 0.072222221875 0.9078125 0.08333333281250001 0.90625 0.11944444375 0.9125 0.125 0.9296875 0.1291666671875 0.93125 0.125 0.94296875 0.125 0.95390625 0.115277778125 0.95625 0.0958333328125 0.953125 0.08194444375
7 0.86328125 0.07083333281250001 0.8578125 0.07638888906249999 0.8578125 0.08194444375 0.875 0.102777778125 0.8890625 0.11388888906250001 0.89453125 0.11388888906250001 0.89765625 0.09305555625 0.89609375 0.08055555625000001 0.8703125 0.07083333281250001 0.86328125 0.07083333281250001
7 0.878125 0.25833333281250004 0.88203125 0.27638888906250003 0.88671875 0.28055555625 0.89609375 0.27638888906250003 0.921875 0.2791666671875 0.93046875 0.26805555625 0.93046875 0.23194444375 0.9265625 0.22638888906250001 0.91640625 0.1833333328125 0.90390625 0.16805555625 0.87734375 0.1541666671875 0.85703125 0.15555555625 0.8515625 0.16388888906250001 0.84140625 0.15555555625 0.81875 0.15555555625 0.81640625 0.16805555625 0.815625 0.19444444375 0.81875 0.2208333328125 0.825 0.22916666718749998 0.834375 0.22777777812500002 0.83671875 0.21805555625 0.84765625 0.21944444375 0.85078125 0.23611111093749998 0.878125 0.25833333281250004
7 0.9875 0.2708333328125 0.98984375 0.27777777812500004 0.99453125 0.28055555625 0.99921875 0.27777777812500004 0.99921875 0.20833333281250002 0.99453125 0.20833333281250002 0.98984375 0.21805555625 0.9875 0.2708333328125
7 0.97265625 0.24305555625 0.9765625 0.2208333328125 0.9765625 0.20972222187499998 0.97265625 0.2 0.92890625 0.16944444375 0.92265625 0.16805555625 0.91875 0.175 0.91875 0.190277778125 0.92265625 0.19444444375 0.9296875 0.21805555625 0.93046875 0.23055555625 0.93515625 0.2388888890625 0.953125 0.2388888890625 0.96875 0.24722222187499998 0.97265625 0.24305555625
7 0.9265625 0.1263888890625 0.92578125 0.13055555624999998 0.95234375 0.15 0.98046875 0.15972222187500001 0.98046875 0.15277777812499999 0.9765625 0.14444444375 0.95546875 0.13055555624999998 0.9421875 0.125 0.9265625 0.1263888890625
7 0.79296875 0.15277777812499999 0.7953125 0.13888888906250002 0.79453125 0.11805555625 0.7984375 0.097222221875 0.7875 0.09444444375 0.78828125 0.10694444375 0.7859375 0.1111111109375 0.78515625 0.1291666671875 0.77890625 0.1375 0.78515625 0.14305555625 0.78671875 0.1541666671875 0.790625 0.1541666671875 0.79296875 0.15277777812499999
7 0.7453125 0.1583333328125 0.7640625 0.15972222187500001 0.76875 0.15555555625 0.77109375 0.13888888906250002 0.77109375 0.0958333328125 0.76171875 0.077777778125 0.75 0.0736111109375 0.7453125 0.1583333328125
7 0.7390625 0.06944444375 0.725 0.059722221875 0.7 0.054166667187499996 0.68203125 0.04444444375 0.67890625 0.0458333328125 0.6765625 0.05694444375 0.675 0.0916666671875 0.68046875 0.1041666671875 0.6859375 0.10555555624999999 0.690625 0.115277778125 0.690625 0.1291666671875 0.72578125 0.15555555625 0.73671875 0.15555555625 0.7390625 0.06944444375