2 0.58055555625 0.025 0.5625 0.0234375 0.534722221875 0.0265625 0.5305555562500001 0.03125 0.534722221875 0.040625 0.54305555625 0.04296875 0.5791666671875 0.0359375 0.58055555625 0.025
1 0.827777778125 0.45625 0.8444444437499999 0.45625 0.8513888890624999 0.45390625 0.915277778125 0.4546875 0.9125 0.44296875 0.7833333328125 0.4421875 0.772222221875 0.4375 0.7736111109375 0.43046875 0.76944444375 0.4296875 0.7611111109375 0.4328125 0.7569444437499999 0.43828125 0.75 0.45546875 0.7486111109375 0.4609375 0.7611111109375 0.4609375 0.7597222218749999 0.46640625 0.7486111109375 0.46796875 0.7569444437499999 0.46875 0.7857638890625 0.45390625 0.827777778125 0.45625
1 0.890277778125 0.38671875 0.897222221875 0.375 0.8833333328125 0.3703125 0.85 0.37265625 0.747222221875 0.37265625 0.7402777781250001 0.36875 0.7402777781250001 0.359375 0.734722221875 0.359375 0.7291666671875 0.3671875 0.7138888890625 0.375 0.7111111109375 0.3796875 0.7166666671875 0.3859375 0.709722221875 0.39375 0.7166666671875 0.3953125 0.7361111109375 0.3875 0.75555555625 0.3859375 0.890277778125 0.38671875
6 0.784722221875 0.76328125 0.8027777781250001 0.75546875 0.8083333328125001 0.75 0.809722221875 0.73671875 0.8194444437499999 0.7328125 0.8416666671874999 0.73046875 0.85 0.6921875 0.8361111109375001 0.68125 0.8333333328125001 0.66953125 0.8236111109375001 0.66484375 0.83055555625 0.6609375 0.8222222218749999 0.65625 0.7888888890625 0.6546875 0.7597222218749999 0.6625 0.7583333328124999 0.68515625 0.752777778125 0.69765625 0.7486111109375 0.7 0.7333333328125 0.70078125 0.7180555562500001 0.70703125 0.715277778125 0.71953125 0.727777778125 0.7296875 0.7208333328125 0.73828125 0.725 0.76328125 0.7611111109375 0.7640625 0.7763888890625 0.7609375 0.784722221875 0.76328125
6 0.8111111109375001 0.63515625 0.8236111109375001 0.609375 0.840277778125 0.5984375 0.8388888890624999 0.57578125 0.8194444437499999 0.56875 0.8041666671875 0.56640625 0.7736111109375 0.56875 0.76805555625 0.57421875 0.7597222218749999 0.57578125 0.7541666671875 0.5859375 0.74444444375 0.59375 0.7402777781250001 0.60546875 0.7416666671875001 0.65078125 0.7486111109375 0.65703125 0.7638888890625 0.65703125 0.7708333328125 0.6546875 0.7819444437499999 0.634375 0.797222221875 0.6375 0.8111111109375001 0.63515625
7 0.7208333328125 0.921875 0.7333333328125 0.93046875 0.7666666671875 0.93046875 0.7736111109375 0.9265625 0.8166666671874999 0.91640625 0.8263888890625 0.9109375 0.8444444437499999 0.88515625 0.8444444437499999 0.85703125 0.827777778125 0.85234375 0.8444444437499999 0.83828125 0.8444444437499999 0.81875 0.8375 0.8171875 0.8041666671875 0.815625 0.7791666671875 0.81875 0.772222221875 0.8234375 0.76944444375 0.83125 0.7819444437499999 0.8375 0.7805555562500001 0.846875 0.7638888890625 0.85078125 0.7458333328125 0.86953125 0.7416666671875001 0.87890625 0.7236111109375 0.88203125 0.7194444437499999 0.88671875 0.7194444437499999 0.89375 0.7236111109375 0.89609375 0.7208333328125 0.921875
7 0.852777778125 0.8859375 0.8486111109375001 0.88359375 0.8541666671874999 0.88125 0.85694444375 0.875 0.8652777781250001 0.87265625 0.877777778125 0.85390625 0.877777778125 0.8421875 0.8638888890624999 0.8390625 0.8486111109375001 0.84375 0.847222221875 0.89140625 0.852777778125 0.8859375
7 0.9291666671875 0.86875 0.9277777781250001 0.8609375 0.922222221875 0.85703125 0.91805555625 0.85703125 0.897222221875 0.875 0.8861111109375001 0.8890625 0.8861111109375001 0.89453125 0.91944444375 0.8953125 0.9291666671875 0.86875
7 0.9055555562500001 0.96640625 0.8986111109375001 0.9625 0.88055555625 0.9625 0.8819444437499999 0.96640625 0.897222221875 0.97421875 0.9055555562500001 0.96640625
7 0.875 0.940625 0.88055555625 0.9484375 0.8958333328125001 0.95390625 0.915277778125 0.95390625 0.9277777781250001 0.93828125 0.9277777781250001 0.9234375 0.915277778125 0.90703125 0.8819444437499999 0.90625 0.872222221875 0.91796875 0.8708333328125001 0.93046875 0.875 0.940625
7 0.722222221875 0.98984375 0.7208333328125 0.99765625 0.7791666671875 0.99921875 0.7819444437499999 0.9921875 0.7638888890625 0.98828125 0.73194444375 0.9875 0.722222221875 0.98984375
7 0.784722221875 0.9296875 0.76944444375 0.93046875 0.7611111109375 0.93515625 0.7597222218749999 0.9609375 0.75 0.96875 0.7569444437499999 0.97265625 0.790277778125 0.97578125 0.8027777781250001 0.9703125 0.83055555625 0.928125 0.83055555625 0.9203125 0.8263888890625 0.91875 0.8083333328125001 0.91875 0.784722221875 0.9296875
7 0.8416666671874999 0.97890625 0.852777778125 0.9765625 0.86944444375 0.95546875 0.875 0.9421875 0.8736111109375001 0.92734375 0.86944444375 0.9265625 0.85694444375 0.9421875 0.85694444375 0.94765625 0.8416666671874999 0.96953125 0.8416666671874999 0.97890625
7 0.9069444437499999 0.78828125 0.89444444375 0.790625 0.8875 0.7859375 0.8680555562500001 0.784375 0.8638888890624999 0.7796875 0.85694444375 0.78515625 0.8458333328125001 0.78828125 0.847222221875 0.7921875 0.852777778125 0.79375 0.8708333328125001 0.7953125 0.8833333328125 0.79296875 0.8847222218749999 0.796875 0.9 0.7984375 0.9055555562500001 0.79765625 0.9069444437499999 0.78828125
7 0.9069444437499999 0.77109375 0.91805555625 0.7671875 0.922222221875 0.76171875 0.9277777781250001 0.7515625 0.922222221875 0.74921875 0.8416666671874999 0.7453125 0.840277778125 0.76484375 0.8444444437499999 0.76875 0.8625 0.77109375 0.9069444437499999 0.77109375
7 0.9055555562500001 0.67578125 0.8958333328125001 0.68046875 0.890277778125 0.68828125 0.8819444437499999 0.69140625 0.86944444375 0.69140625 0.85694444375 0.7046875 0.852777778125 0.71875 0.8444444437499999 0.72578125 0.8444444437499999 0.73671875 0.9305555562500001 0.7390625 0.95555555625 0.68203125 0.9541666671875 0.67890625 0.94305555625 0.6765625 0.9055555562500001 0.67578125