1 0.7708333328125 0.45390625 0.815277778125 0.45390625 0.83194444375 0.45625 0.915277778125 0.45390625 0.91944444375 0.4515625 0.91944444375 0.4453125 0.9111111109375001 0.4421875 0.85694444375 0.4421875 0.8444444437499999 0.44140625 0.8375 0.43828125 0.81805555625 0.44140625 0.784722221875 0.44140625 0.7736111109375 0.43671875 0.7736111109375 0.42890625 0.76944444375 0.42890625 0.7569444437499999 0.4375 0.7486111109375 0.45625 0.7486111109375 0.46875 0.7569444437499999 0.46875 0.7611111109375 0.4609375 0.7708333328125 0.45390625
1 0.8486111109375001 0.38984375 0.8736111109375001 0.384375 0.89444444375 0.384375 0.897222221875 0.37578125 0.8916666671875 0.3703125 0.747222221875 0.371875 0.7402777781250001 0.3671875 0.7402777781250001 0.3578125 0.7333333328125 0.3578125 0.7291666671875 0.36640625 0.715277778125 0.375 0.7166666671875 0.38671875 0.709722221875 0.39375 0.7166666671875 0.3953125 0.7486111109375 0.38515625 0.8 0.38671875 0.8055555562500001 0.3890625 0.825 0.3859375 0.8486111109375001 0.38984375
6 0.7583333328124999 0.7640625 0.7819444437499999 0.76171875 0.8027777781250001 0.753125 0.8125 0.7359375 0.8388888890624999 0.73125 0.8444444437499999 0.72734375 0.85 0.690625 0.834722221875 0.67890625 0.8291666671875 0.65703125 0.81805555625 0.6546875 0.790277778125 0.65390625 0.7625 0.6609375 0.7569444437499999 0.66796875 0.7611111109375 0.6828125 0.752777778125 0.696875 0.747222221875 0.7 0.7236111109375 0.70234375 0.7166666671875 0.7078125 0.715277778125 0.71796875 0.7291666671875 0.72890625 0.722222221875 0.7375 0.7208333328125 0.75859375 0.725 0.7625 0.7583333328124999 0.7640625
6 0.7763888890625 0.56796875 0.7569444437499999 0.57890625 0.7388888890625 0.5984375 0.7416666671875001 0.65390625 0.7486111109375 0.65703125 0.76944444375 0.6546875 0.777777778125 0.63671875 0.7861111109375 0.63203125 0.8111111109375001 0.62734375 0.8208333328125 0.61015625 0.8388888890624999 0.5984375 0.8388888890624999 0.57421875 0.8138888890624999 0.5671875 0.7763888890625 0.56796875
7 0.8458333328125001 0.88359375 0.85 0.8875 0.8541666671874999 0.88671875 0.86944444375 0.8671875 0.872222221875 0.85625 0.8791666671874999 0.84921875 0.877777778125 0.84140625 0.8680555562500001 0.8390625 0.85 0.84375 0.8458333328125001 0.87109375 0.8458333328125001 0.88359375
7 0.902777778125 0.9703125 0.9166666671874999 0.9625 0.88055555625 0.9625 0.8819444437499999 0.96640625 0.89444444375 0.9703125 0.902777778125 0.9703125
7 0.9166666671874999 0.95546875 0.9277777781250001 0.9390625 0.9277777781250001 0.9234375 0.922222221875 0.9125 0.9125 0.90703125 0.8791666671874999 0.90625 0.8708333328125001 0.92578125 0.877777778125 0.92890625 0.8791666671874999 0.9484375 0.9166666671874999 0.95546875
7 0.9277777781250001 0.86171875 0.91944444375 0.85703125 0.9111111109375001 0.8625 0.8861111109375001 0.88828125 0.8861111109375001 0.89609375 0.91944444375 0.89765625 0.9277777781250001 0.87578125 0.9277777781250001 0.86171875
7 0.7236111109375 0.89609375 0.722222221875 0.9234375 0.7333333328125 0.93046875 0.76805555625 0.93046875 0.7763888890625 0.92578125 0.79444444375 0.92265625 0.8263888890625 0.9109375 0.840277778125 0.89296875 0.8444444437499999 0.88125 0.8444444437499999 0.81875 0.8166666671874999 0.8140625 0.8041666671875 0.8171875 0.7833333328125 0.8171875 0.7763888890625 0.8203125 0.772222221875 0.83125 0.784722221875 0.83828125 0.784722221875 0.846875 0.7611111109375 0.853125 0.7458333328125 0.86875 0.7416666671875001 0.878125 0.725 0.88125 0.7194444437499999 0.8859375 0.7194444437499999 0.89296875 0.7236111109375 0.89609375
7 0.6861111109375 0.9625 0.6944444437499999 0.9671875 0.7430555562500001 0.96953125 0.7333333328125 0.9625 0.7194444437499999 0.95859375 0.6944444437499999 0.9578125 0.6861111109375 0.9625
7 0.647222221875 0.98984375 0.6458333328125 0.99921875 0.7763888890625 0.99921875 0.7763888890625 0.99296875 0.76805555625 0.9890625 0.73055555625 0.9859375 0.7013888890625 0.98046875 0.6708333328125 0.978125 0.6625 0.9796875 0.659722221875 0.984375 0.647222221875 0.98984375
7 0.8 0.1328125 0.8041666671875 0.13671875 0.809722221875 0.16640625 0.8041666671875 0.1921875 0.827777778125 0.20546875 0.852777778125 0.20390625 0.8888888890625 0.17265625 0.8916666671875 0.1515625 0.8708333328125001 0.1328125 0.85694444375 0.12890625 0.8083333328125001 0.13046875 0.8 0.1328125
7 0.7736111109375 0.95390625 0.7708333328125 0.9625 0.7875 0.96875 0.797222221875 0.9703125 0.8055555562500001 0.96640625 0.83055555625 0.92890625 0.83055555625 0.91875 0.8111111109375001 0.91796875 0.7611111109375 0.93515625 0.7611111109375 0.94375 0.7736111109375 0.95390625
7 0.8541666671874999 0.9546875 0.8430555562500001 0.96953125 0.840277778125 0.98046875 0.85694444375 0.9765625 0.8666666671875 0.96171875 0.8791666671874999 0.93515625 0.8763888890624999 0.925 0.86944444375 0.925 0.8680555562500001 0.9296875 0.8583333328125 0.9359375 0.8541666671874999 0.9546875
7 0.8736111109375001 0.36875 0.890277778125 0.36875 0.902777778125 0.3828125 0.9013888890624999 0.38671875 0.8833333328125 0.38828125 0.8652777781250001 0.39609375 0.8444444437499999 0.3953125 0.8361111109375001 0.39921875 0.8222222218749999 0.4 0.8194444437499999 0.403125 0.8194444437499999 0.42421875 0.8333333328125001 0.43515625 0.85694444375 0.43984375 0.9055555562500001 0.43984375 0.91944444375 0.4453125 0.91944444375 0.45078125 0.9055555562500001 0.45703125 0.85555555625 0.45546875 0.8236111109375001 0.4578125 0.8236111109375001 0.4625 0.83055555625 0.4671875 0.85 0.4734375 0.8583333328125 0.47265625 0.872222221875 0.4765625 0.9361111109375001 0.4765625 0.9666666671874999 0.47421875 0.9902777781250001 0.4671875 0.9930555562500001 0.46328125 0.99444444375 0.43046875 0.98055555625 0.3953125 0.9736111109375001 0.3890625 0.959722221875 0.38828125 0.95805555625 0.3796875 0.965277778125 0.3796875 0.965277778125 0.37578125 0.9444444437499999 0.35546875 0.9472222218749999 0.34375 0.9444444437499999 0.3390625 0.9375 0.3375 0.95694444375 0.328125 0.952777778125 0.29296875 0.9444444437499999 0.28125 0.91944444375 0.28046875 0.9069444437499999 0.27578125 0.83194444375 0.275 0.8208333328125 0.28203125 0.8263888890625 0.2875 0.8263888890625 0.296875 0.8083333328125001 0.30234375 0.8055555562500001 0.30703125 0.80694444375 0.325 0.83194444375 0.33125 0.8361111109375001 0.3375 0.85694444375 0.3453125 0.8611111109375 0.3546875 0.8736111109375001 0.3578125 0.86944444375 0.3625 0.8736111109375001 0.36875
7 0.86944444375 0.7859375 0.8611111109375 0.78125 0.8486111109375001 0.78671875 0.8486111109375001 0.79296875 0.872222221875 0.79375 0.8861111109375001 0.790625 0.89305555625 0.796875 0.902777778125 0.79765625 0.9041666671874999 0.7875 0.890277778125 0.7921875 0.8847222218749999 0.7875 0.86944444375 0.7859375
7 0.925 0.75234375 0.9236111109375 0.74921875 0.9138888890624999 0.7484375 0.8416666671874999 0.7453125 0.8416666671874999 0.76640625 0.85694444375 0.76953125 0.9111111109375001 0.77109375 0.91944444375 0.76640625 0.925 0.75234375
7 0.9513888890625 0.6765625 0.8986111109375001 0.67734375 0.890277778125 0.68828125 0.8708333328125001 0.6953125 0.859722221875 0.70625 0.8541666671874999 0.71875 0.8444444437499999 0.72578125 0.8416666671874999 0.73515625 0.8458333328125001 0.7375 0.9305555562500001 0.73984375 0.940277778125 0.7234375 0.9486111109375001 0.6953125 0.952777778125 0.69296875 0.95555555625 0.6796875 0.9513888890625 0.6765625
4 0.08194444375 0.35390625 0.09305555625 0.3609375 0.097222221875 0.3609375 0.1125 0.35 0.12222222187500001 0.35078125 0.13194444375 0.35546875 0.15694444375 0.35703125 0.21805555625 0.353125 0.25555555625 0.3421875 0.2666666671875 0.3328125 0.28194444375 0.33046875 0.28611111093749997 0.31796875 0.28055555625 0.3125 0.2708333328125 0.31015625 0.240277778125 0.3140625 0.1875 0.309375 0.18055555625 0.3125 0.14861111093749999 0.3140625 0.13333333281249998 0.31796875 0.13194444375 0.321875 0.1166666671875 0.32734375 0.11805555625 0.33515625 0.10555555624999999 0.34375 0.061111110937500004 0.34765625 0.0416666671875 0.3421875 0.040277778125000004 0.34921875 0.04444444375 0.35546875 0.08194444375 0.35390625