2 0.0140625 0.47083333281249995 0.01640625 0.4763888890625 0.025 0.477777778125 0.0328125 0.46666666718750005 0.03046875 0.4486111109375 0.02265625 0.425 0.01328125 0.43194444374999996 0.0140625 0.47083333281249995
1 0.36171875 0.26805555625 0.35625 0.26527777812500003 0.36640625 0.2708333328125 0.36875 0.2791666671875 0.375 0.28611111093749997 0.38828125 0.28055555625 0.4 0.2888888890625 0.4015625 0.28055555625 0.38515625 0.25555555625 0.38203125 0.1888888890625 0.38515625 0.16944444375 0.38125 0.14305555625 0.3828125 0.10555555624999999 0.3796875 0.1 0.3703125 0.1041666671875 0.371875 0.115277778125 0.36875 0.1458333328125 0.36953125 0.1833333328125 0.371875 0.1916666671875 0.371875 0.2541666671875 0.35703125 0.2541666671875 0.36171875 0.259722221875 0.36171875 0.26805555625
1 0.46875 0.24305555625 0.45546875 0.23472222187499997 0.4515625 0.21805555625 0.45234375 0.17916666718750002 0.4546875 0.172222221875 0.45390625 0.08333333281250001 0.44453125 0.08055555625000001 0.4421875 0.0861111109375 0.44140625 0.2125 0.4375 0.22916666718749998 0.42734375 0.22638888906250001 0.42734375 0.23055555625 0.4375 0.24305555625 0.45234375 0.25 0.46875 0.2513888890625 0.46875 0.24305555625
6 0.64765625 0.2236111109375 0.6359375 0.222222221875 0.6328125 0.21805555625 0.6328125 0.2125 0.63671875 0.20694444375 0.63671875 0.190277778125 0.63203125 0.1916666671875 0.61796875 0.1833333328125 0.609375 0.17361111093749998 0.60546875 0.17361111093749998 0.5984375 0.15972222187500001 0.59453125 0.1583333328125 0.5765625 0.15972222187500001 0.56953125 0.172222221875 0.56640625 0.19305555624999998 0.56640625 0.215277778125 0.57890625 0.24444444375000002 0.59765625 0.25833333281250004 0.65078125 0.25833333281250004 0.65625 0.2541666671875 0.6546875 0.23055555625 0.64765625 0.2236111109375
7 0.90625 0.27638888906250003 0.9109375 0.2666666671875 0.9140625 0.2486111109375 0.9265625 0.23055555625 0.91640625 0.1833333328125 0.9109375 0.17361111093749998 0.89296875 0.15972222187500001 0.86875 0.1541666671875 0.85546875 0.15555555625 0.853125 0.15972222187500001 0.840625 0.15555555625 0.81953125 0.15694444375 0.81953125 0.1833333328125 0.8375 0.20833333281250002 0.8484375 0.2166666671875 0.8515625 0.2388888890625 0.878125 0.25833333281250004 0.88125 0.275 0.8859375 0.2791666671875 0.90625 0.27638888906250003
7 0.99921875 0.33888888906250003 0.99921875 0.2666666671875 0.9953125 0.2611111109375 0.98671875 0.2611111109375 0.98046875 0.30555555624999997 0.97890625 0.3416666671875 0.99921875 0.33888888906250003
7 0.96953125 0.24583333281250003 0.9421875 0.23194444375 0.93046875 0.23194444375 0.91875 0.24444444375000002 0.91328125 0.25694444375000003 0.90703125 0.29305555625 0.909375 0.3 0.92421875 0.32777777812500003 0.94140625 0.33055555625 0.94921875 0.3513888890625 0.95703125 0.35555555625 0.9671875 0.302777778125 0.96953125 0.24583333281250003
7 0.78828125 0.09305555625 0.7875 0.10555555624999999 0.7921875 0.109722221875 0.7875 0.13333333281249998 0.79296875 0.1375 0.79140625 0.1208333328125 0.796875 0.10555555624999999 0.796875 0.0958333328125 0.78828125 0.09305555625
7 0.83671875 0.0513888890625 0.83671875 0.06805555625000001 0.84296875 0.06944444375 0.84140625 0.052777778124999994 0.83671875 0.0513888890625
7 0.82421875 0.04305555625 0.82421875 0.058333332812500006 0.8265625 0.052777778124999994 0.8265625 0.04305555625 0.82421875 0.04305555625
7 0.7890625 0.0458333328125 0.7703125 0.040277778125000004 0.76875 0.04305555625 0.7890625 0.0458333328125
7 0.99921875 0.22638888906250001 0.99296875 0.21944444375 0.98828125 0.23472222187499997 0.98828125 0.2541666671875 0.99921875 0.25555555625 0.99921875 0.22638888906250001
7 0.97421875 0.20555555625 0.96953125 0.197222221875 0.928125 0.16944444375 0.91953125 0.16944444375 0.9203125 0.1916666671875 0.925 0.20555555625 0.92890625 0.20833333281250002 0.93125 0.22777777812500002 0.94609375 0.23055555625 0.96796875 0.24305555625 0.971875 0.2388888890625 0.97421875 0.20555555625
7 0.9765625 0.1458333328125 0.959375 0.13194444375 0.93515625 0.12222222187500001 0.9265625 0.125 0.925 0.1291666671875 0.9421875 0.14305555625 0.946875 0.14305555625 0.9578125 0.15555555625 0.971875 0.1611111109375 0.978125 0.1611111109375 0.9796875 0.15694444375 0.9765625 0.1458333328125
7 0.8484375 0.23333333281250002 0.84296875 0.2208333328125 0.83203125 0.215277778125 0.8296875 0.1986111109375 0.81875 0.1888888890625 0.8171875 0.17361111093749998 0.8125 0.1861111109375 0.81015625 0.2541666671875 0.81640625 0.25555555625 0.8171875 0.26527777812500003 0.82421875 0.275 0.8375 0.2708333328125 0.84140625 0.27777777812500004 0.84765625 0.26527777812500003 0.8484375 0.23333333281250002
7 0.76875 0.15694444375 0.7609375 0.15277777812499999 0.74609375 0.16388888906250001 0.73671875 0.1888888890625 0.7375 0.2208333328125 0.74375 0.22638888906250001 0.75703125 0.222222221875 0.76640625 0.22916666718749998 0.76875 0.197222221875 0.77421875 0.190277778125 0.775 0.1833333328125 0.76875 0.15694444375
7 0.7859375 0.13888888906250002 0.7828125 0.1458333328125 0.78046875 0.18055555625 0.77890625 0.24444444375000002 0.78046875 0.2541666671875 0.7859375 0.25694444375000003 0.790625 0.240277778125 0.79375 0.19305555624999998 0.79453125 0.147222221875 0.790625 0.140277778125 0.7859375 0.13888888906250002
7 0.74140625 0.16805555625 0.73984375 0.165277778125 0.73828125 0.1666666671875 0.74140625 0.16805555625
7 0.7890625 0.09444444375 0.7875 0.0986111109375 0.79296875 0.10833333281249999 0.7953125 0.097222221875 0.7890625 0.09444444375
7 0.75078125 0.072222221875 0.74609375 0.075 0.74765625 0.090277778125 0.74453125 0.1541666671875 0.75546875 0.15555555625 0.76015625 0.15 0.7671875 0.15 0.7703125 0.1291666671875 0.76796875 0.08333333281250001 0.75078125 0.072222221875
7 0.72421875 0.058333332812500006 0.7015625 0.055555556250000006 0.68203125 0.04444444375 0.67734375 0.047222221875 0.6765625 0.055555556250000006 0.6765625 0.1 0.69140625 0.1111111109375 0.69296875 0.1291666671875 0.7 0.14305555625 0.7359375 0.1666666671875 0.73671875 0.1111111109375 0.74140625 0.072222221875 0.72421875 0.058333332812500006
7 0.8578125 0.1291666671875 0.85 0.1208333328125 0.8390625 0.12222222187500001 0.83828125 0.1458333328125 0.84140625 0.1513888890625 0.85234375 0.15555555625 0.8578125 0.1513888890625 0.88203125 0.15 0.88046875 0.14305555625 0.86640625 0.13055555624999998 0.8578125 0.1291666671875
7 0.87109375 0.1 0.89375 0.11388888906250001 0.89609375 0.08055555625000001 0.8734375 0.07083333281250001 0.85703125 0.0736111109375 0.85546875 0.08055555625000001 0.87109375 0.1
4 0.6625 0.1375 0.65703125 0.11944444375 0.64921875 0.11805555625 0.64921875 0.165277778125 0.64609375 0.1708333328125 0.6484375 0.18194444375000002 0.64375 0.19305555624999998 0.64765625 0.184722221875 0.65078125 0.19444444375 0.65625 0.19583333281249998 0.6625 0.1375
4 0.0984375 0.09305555625 0.0984375 0.0791666671875 0.0953125 0.0625 0.0953125 0.04444444375 0.090625 0.04305555625 0.08828125 0.047222221875 0.08515625 0.06805555625000001 0.08515625 0.102777778125 0.08984375 0.15694444375 0.0953125 0.16388888906250001 0.09921875 0.1583333328125 0.0984375 0.10694444375 0.09453125 0.102777778125 0.0984375 0.09305555625
4 0.2328125 0.29305555625 0.23203125 0.252777778125 0.234375 0.23472222187499997 0.23046875 0.2138888890625 0.23125 0.20277777812500003 0.22578125 0.2 0.21640625 0.21805555625 0.21640625 0.225 0.21953125 0.23055555625 0.22109375 0.2666666671875 0.2203125 0.2833333328125 0.215625 0.2958333328125 0.21796875 0.3 0.23046875 0.3 0.2328125 0.29305555625