0 0 0.9930555562500001 0.01875 0.9875 0.0234375 0.9833333328125 0.02890625 0.9694444437499999 0.040625 0.977777778125 0.05078125 0.9930555562500001 0.06015625 0.997222221875 0.090625 0.9902777781250001 0.0984375 0.975 0.1015625 0.9472222218749999 0.109375 0.9416666671874999 0.12421875 0.9208333328125 0.13046875 0.89305555625 0.12890625 0.83055555625 0.125 0.8166666671874999 0.1234375 0.784722221875 0.11953125 0.775 0.11796875 0.7597222218749999 0.09765625 0.7180555562500001 0.08828125 0.7111111109375 0.04296875 0.709722221875 0.01484375 0.7138888890625 0.00390625 0.70555555625 0 0.70555555625 0 0.9930555562500001
2 0.0390625 0.425 0.0390625 0.4625 0.04296875 0.47083333281249995 0.05 0.47083333281249995 0.0546875 0.46388888906250003 0.05 0.4263888890625 0.0453125 0.41805555625 0.0390625 0.425
1 0.38984375 0.147222221875 0.384375 0.1263888890625 0.384375 0.10555555624999999 0.371875 0.10555555624999999 0.3703125 0.11805555625 0.371875 0.2541666671875 0.36875 0.259722221875 0.359375 0.25833333281250004 0.3578125 0.26527777812500003 0.37109375 0.275 0.37578125 0.28611111093749997 0.38671875 0.2833333328125 0.39375 0.290277778125 0.3953125 0.2833333328125 0.3875 0.2638888890625 0.38515625 0.24583333281250003 0.38515625 0.222222221875 0.3890625 0.20277777812500003 0.38984375 0.147222221875
1 0.45390625 0.222222221875 0.45625 0.16805555625 0.45390625 0.0861111109375 0.446875 0.08055555625000001 0.4421875 0.090277778125 0.4421875 0.147222221875 0.4390625 0.15972222187500001 0.4421875 0.1875 0.44140625 0.2166666671875 0.4375 0.22638888906250001 0.43125 0.2236111109375 0.42890625 0.22916666718749998 0.43203125 0.2388888890625 0.43828125 0.24305555625 0.45703125 0.2513888890625 0.46875 0.2513888890625 0.46875 0.24305555625 0.45703125 0.23472222187499997 0.45390625 0.222222221875
6 0.76171875 0.2166666671875 0.7578125 0.2125 0.75234375 0.19444444375 0.7359375 0.1875 0.73046875 0.1583333328125 0.7125 0.1513888890625 0.69140625 0.15 0.68046875 0.16388888906250001 0.66796875 0.1611111109375 0.65625 0.172222221875 0.65390625 0.21111111093749999 0.6578125 0.23055555625 0.6625 0.240277778125 0.6828125 0.2388888890625 0.69765625 0.24722222187499998 0.70078125 0.25555555625 0.70234375 0.275 0.7078125 0.2833333328125 0.72265625 0.28194444375 0.72890625 0.2708333328125 0.7375 0.27777777812500004 0.76171875 0.27777777812500004 0.7640625 0.2611111109375 0.76171875 0.2166666671875
6 0.61015625 0.17916666718750002 0.59921875 0.1611111109375 0.5765625 0.15972222187500001 0.56875 0.17916666718750002 0.56640625 0.2125 0.56953125 0.22916666718749998 0.57578125 0.240277778125 0.5953125 0.25833333281250004 0.64375 0.259722221875 0.65390625 0.25833333281250004 0.65703125 0.252777778125 0.6546875 0.23055555625 0.6359375 0.222222221875 0.6328125 0.215277778125 0.634375 0.20555555625 0.63125 0.20277777812500003 0.628125 0.1888888890625 0.61015625 0.17916666718750002
7 0.8671875 0.13055555624999998 0.8484375 0.12222222187500001 0.84375 0.1263888890625 0.84140625 0.14305555625 0.8453125 0.1513888890625 0.859375 0.15 0.88515625 0.15555555625 0.8888742468749999 0.1476238296875 0.8859375 0.14305555625 0.8671875 0.13055555624999998
7 0.971875 0.097222221875 0.9625 0.08333333281250001 0.96171875 0.11805555625 0.965625 0.11805555625 0.971875 0.10555555624999999 0.971875 0.097222221875
7 0.925 0.1291666671875 0.9296875 0.12222222187500001 0.946875 0.12222222187500001 0.95 0.11805555625 0.95390625 0.1 0.95390625 0.0861111109375 0.9390625 0.072222221875 0.92265625 0.072222221875 0.9078125 0.08194444375 0.90625 0.11944444375 0.91953125 0.127777778125 0.925 0.1291666671875
7 0.871875 0.07083333281250001 0.8625 0.07083333281250001 0.8578125 0.07638888906249999 0.8578125 0.08194444375 0.875 0.102777778125 0.8890625 0.11388888906250001 0.89609375 0.11388888906250001 0.89609375 0.08055555625000001 0.871875 0.07083333281250001
7 0.93046875 0.26527777812500003 0.93046875 0.23333333281250002 0.92578125 0.2236111109375 0.915625 0.18194444375000002 0.9046875 0.16805555625 0.88046875 0.15555555625 0.85625 0.15555555625 0.85078125 0.15972222187500001 0.8421875 0.1541666671875 0.81953125 0.15555555625 0.81640625 0.16805555625 0.8140625 0.1875 0.81796875 0.20138888906250002 0.81875 0.222222221875 0.82421875 0.22777777812500002 0.83125 0.22777777812500002 0.8375 0.215277778125 0.8453125 0.215277778125 0.84921875 0.21944444375 0.85078125 0.23611111093749998 0.878125 0.25833333281250004 0.8859375 0.28055555625 0.8953125 0.27638888906250003 0.925 0.27777777812500004 0.93046875 0.26527777812500003
7 0.13671875 0.13194444375 0.13984375 0.140277778125 0.1359375 0.15277777812499999 0.13203125 0.15555555625 0.13125 0.1861111109375 0.13671875 0.19444444375 0.17578125 0.1888888890625 0.1859375 0.197222221875 0.1921875 0.19583333281249998 0.20546875 0.1708333328125 0.20546875 0.15277777812499999 0.203125 0.14444444375 0.19453125 0.13888888906250002 0.1796875 0.11805555625 0.1640625 0.10833333281249999 0.1515625 0.109722221875 0.14296875 0.1208333328125 0.13671875 0.13194444375
7 0.36640625 0.15277777812499999 0.36953125 0.147222221875 0.36953125 0.10833333281249999 0.38046875 0.10138888906250001 0.3796875 0.0388888890625 0.375 0.0375 0.3640625 0.04444444375 0.35546875 0.055555556250000006 0.34140625 0.052777778124999994 0.3359375 0.058333332812500006 0.33203125 0.055555556250000006 0.33125 0.047222221875 0.328125 0.04305555625 0.28671875 0.05 0.28125 0.055555556250000006 0.275 0.10555555624999999 0.275 0.165277778125 0.28046875 0.16805555625 0.28203125 0.17916666718750002 0.2875 0.17361111093749998 0.296875 0.17361111093749998 0.3015625 0.1888888890625 0.30625 0.19444444375 0.325 0.19305555624999998 0.3328125 0.165277778125 0.353125 0.16805555625 0.36171875 0.15972222187500001 0.36484375 0.1513888890625 0.36875 0.15555555625 0.36640625 0.15277777812499999
7 0.45625 0.18055555625 0.465625 0.177777778125 0.475 0.15 0.478125 0.1291666671875 0.478125 0.059722221875 0.47265625 0.019444443750000002 0.46953125 0.0111111109375 0.46328125 0.006944443749999999 0.43046875 0.00555555625 0.39375 0.0208333328125 0.3890625 0.034722221875 0.38828125 0.1166666671875 0.3953125 0.134722221875 0.39375 0.15277777812499999 0.39921875 0.16388888906250001 0.4015625 0.18055555625 0.40625 0.184722221875 0.42109375 0.184722221875 0.4359375 0.1611111109375 0.44140625 0.13194444375 0.4390625 0.1125 0.44453125 0.08055555625000001 0.4515625 0.08194444375 0.45703125 0.09305555625 0.45625 0.18055555625
7 0.99453125 0.2791666671875 0.99921875 0.2708333328125 0.99921875 0.222222221875 0.99296875 0.21944444375 0.9890625 0.23055555625 0.9875 0.2708333328125 0.99453125 0.2791666671875
7 0.92265625 0.16805555625 0.91953125 0.172222221875 0.91875 0.1916666671875 0.92421875 0.20277777812500003 0.925 0.215277778125 0.9328125 0.23611111093749998 0.94375 0.240277778125 0.96015625 0.23055555625 0.9625 0.240277778125 0.9703125 0.24444444375000002 0.97421875 0.22777777812500002 0.97265625 0.20277777812500003 0.96640625 0.19444444375 0.95078125 0.1875 0.928125 0.16944444375 0.92265625 0.16805555625
7 0.98046875 0.15972222187500001 0.97734375 0.14444444375 0.9640625 0.134722221875 0.9375 0.12222222187500001 0.92734375 0.12222222187500001 0.925 0.1291666671875 0.93828125 0.1416666671875 0.9578125 0.1458333328125 0.96484375 0.1541666671875 0.98046875 0.15972222187500001
7 0.79375 0.1263888890625 0.79140625 0.115277778125 0.7859375 0.11944444375 0.78515625 0.13194444375 0.78125 0.13888888906250002 0.78671875 0.15277777812499999 0.79140625 0.15277777812499999 0.79375 0.14861111093749999 0.79375 0.1263888890625
7 0.79765625 0.097222221875 0.78828125 0.09305555625 0.78828125 0.1041666671875 0.79296875 0.1111111109375 0.796875 0.10555555624999999 0.79765625 0.097222221875
7 0.76171875 0.15972222187500001 0.76875 0.1513888890625 0.77109375 0.090277778125 0.76875 0.08194444375 0.75390625 0.075 0.74921875 0.07638888906249999 0.7484375 0.0875 0.74765625 0.127777778125 0.74453125 0.1541666671875 0.74921875 0.1611111109375 0.76171875 0.15972222187500001
7 0.8421875 0.06944444375 0.8421875 0.055555556250000006 0.8375 0.05 0.83671875 0.0666666671875 0.8421875 0.06944444375
7 0.6765625 0.054166667187499996 0.6765625 0.0986111109375 0.68671875 0.10694444375 0.69375 0.1291666671875 0.7078125 0.14305555625 0.71875 0.1458333328125 0.7265625 0.15555555625 0.734375 0.1583333328125 0.7375 0.1541666671875 0.73984375 0.0861111109375 0.73828125 0.06805555625000001 0.690625 0.0458333328125 0.68046875 0.04444444375 0.67734375 0.047222221875 0.6765625 0.054166667187499996