2 0.56805555625 0.01328125 0.5291666671875 0.0140625 0.522222221875 0.01796875 0.522222221875 0.025 0.5333333328125 0.0328125 0.5555555562500001 0.0296875 0.575 0.02265625 0.56805555625 0.01328125
1 0.8986111109375001 0.3828125 0.89444444375 0.36953125 0.88055555625 0.371875 0.7597222218749999 0.371875 0.7430555562500001 0.36953125 0.7402777781250001 0.359375 0.734722221875 0.35703125 0.7291666671875 0.3671875 0.7194444437499999 0.36953125 0.7138888890625 0.375 0.7194444437499999 0.38828125 0.7111111109375 0.40078125 0.7194444437499999 0.4015625 0.73194444375 0.39140625 0.7486111109375 0.384375 0.8986111109375001 0.3828125
6 0.7791666671875 0.78671875 0.7833333328125 0.78359375 0.7875 0.7859375 0.790277778125 0.7828125 0.772222221875 0.78046875 0.725 0.77890625 0.7236111109375 0.78203125 0.7333333328125 0.78671875 0.7569444437499999 0.78828125 0.7791666671875 0.78671875
6 0.83194444375 0.76875 0.8194444437499999 0.77421875 0.83055555625 0.78046875 0.815277778125 0.78203125 0.8111111109375001 0.7859375 0.8263888890625 0.78125 0.83194444375 0.78203125 0.83194444375 0.76875
6 0.722222221875 0.74375 0.734722221875 0.75 0.75555555625 0.75 0.7597222218749999 0.7546875 0.7569444437499999 0.76328125 0.7666666671875 0.76640625 0.8194444437499999 0.76953125 0.83055555625 0.7609375 0.8819444437499999 0.75703125 0.89444444375 0.75 0.9041666671874999 0.72734375 0.902777778125 0.70625 0.89305555625 0.7015625 0.85694444375 0.6984375 0.8541666671874999 0.69375 0.83055555625 0.68359375 0.8222222218749999 0.6875 0.775 0.68828125 0.7611111109375 0.69453125 0.7569444437499999 0.703125 0.7611111109375 0.7109375 0.7819444437499999 0.7171875 0.7819444437499999 0.72265625 0.76805555625 0.72890625 0.7333333328125 0.73125 0.7236111109375 0.7375 0.722222221875 0.74375
7 0.6611111109375 0.99921875 0.73194444375 0.99921875 0.7402777781250001 0.99375 0.7416666671875001 0.9875 0.7236111109375 0.9828125 0.6583333328125 0.97890625 0.6611111109375 0.99921875
7 0.702777778125 0.9078125 0.6916666671875 0.915625 0.6777777781250001 0.9203125 0.672222221875 0.925 0.66944444375 0.94140625 0.6486111109375 0.95 0.64444444375 0.95859375 0.6972222218749999 0.9671875 0.7541666671875 0.96953125 0.76805555625 0.94296875 0.7666666671875 0.92734375 0.74444444375 0.9140625 0.7138888890625 0.9078125 0.702777778125 0.9078125
7 0.827777778125 0.909375 0.8416666671874999 0.890625 0.8458333328125001 0.8625 0.8416666671874999 0.8546875 0.83194444375 0.8515625 0.8444444437499999 0.8390625 0.8444444437499999 0.81875 0.840277778125 0.8171875 0.8166666671874999 0.81796875 0.8041666671875 0.82890625 0.7861111109375 0.8375 0.7833333328125 0.84921875 0.76944444375 0.85 0.7569444437499999 0.85546875 0.7416666671875001 0.878125 0.73194444375 0.8796875 0.7208333328125 0.8859375 0.7236111109375 0.90625 0.7513888890625 0.91484375 0.76944444375 0.9265625 0.81805555625 0.915625 0.827777778125 0.909375
7 0.7805555562500001 0.51328125 0.79305555625 0.5078125 0.79305555625 0.5046875 0.73194444375 0.5046875 0.722222221875 0.50625 0.7208333328125 0.50859375 0.7333333328125 0.5171875 0.75 0.51796875 0.7805555562500001 0.51328125
7 0.7416666671875001 0.3625 0.74444444375 0.36875 0.75555555625 0.371875 0.80694444375 0.371875 0.8055555562500001 0.38203125 0.7458333328125 0.3875 0.725 0.43515625 0.7083333328125 0.4390625 0.6944444437499999 0.44921875 0.6944444437499999 0.4578125 0.6986111109375 0.46171875 0.70694444375 0.46328125 0.70694444375 0.47578125 0.7111111109375 0.478125 0.8486111109375001 0.4796875 0.8666666671875 0.47421875 0.8888888890625 0.46015625 0.89444444375 0.45390625 0.8986111109375001 0.42890625 0.9041666671874999 0.42109375 0.9138888890624999 0.3609375 0.9055555562500001 0.33828125 0.8958333328125001 0.3328125 0.8847222218749999 0.33125 0.81805555625 0.33125 0.840277778125 0.3375 0.8388888890624999 0.34296875 0.83194444375 0.3453125 0.834722221875 0.35546875 0.8291666671875 0.3578125 0.8125 0.35625 0.80694444375 0.35 0.79305555625 0.35 0.784722221875 0.353125 0.772222221875 0.35078125 0.7638888890625 0.3546875 0.7458333328125 0.35703125 0.7416666671875001 0.3625
7 0.9013888890624999 0.9609375 0.86944444375 0.9609375 0.8680555562500001 0.9671875 0.89305555625 0.975 0.902777778125 0.975 0.9138888890624999 0.96640625 0.9138888890624999 0.9625 0.9013888890624999 0.9609375
7 0.897222221875 0.90546875 0.8833333328125 0.9046875 0.875 0.9140625 0.8708333328125001 0.92890625 0.877777778125 0.93125 0.8791666671874999 0.94921875 0.89444444375 0.95390625 0.91805555625 0.95234375 0.9277777781250001 0.9390625 0.9291666671875 0.92734375 0.91805555625 0.90625 0.902777778125 0.90078125 0.897222221875 0.90546875
7 0.777777778125 0.99296875 0.765277778125 0.98828125 0.7458333328125 0.98828125 0.7458333328125 0.99921875 0.772222221875 0.99921875 0.777777778125 0.99296875
7 0.76805555625 0.94765625 0.7569444437499999 0.96796875 0.7597222218749999 0.971875 0.7916666671875 0.97421875 0.8027777781250001 0.96953125 0.83055555625 0.92890625 0.8291666671875 0.91875 0.8111111109375001 0.91875 0.7861111109375 0.9296875 0.7708333328125 0.93125 0.76805555625 0.94765625
7 0.85694444375 0.946875 0.85 0.95 0.8444444437499999 0.9578125 0.8388888890624999 0.971875 0.8388888890624999 0.978125 0.8430555562500001 0.9796875 0.8486111109375001 0.9796875 0.85694444375 0.97421875 0.86944444375 0.95546875 0.877777778125 0.9359375 0.8736111109375001 0.92578125 0.86944444375 0.92578125 0.85694444375 0.946875
7 0.8444444437499999 0.85390625 0.8486111109375001 0.859375 0.85 0.88203125 0.85694444375 0.88125 0.8652777781250001 0.87265625 0.8708333328125001 0.8578125 0.8791666671874999 0.85078125 0.8791666671874999 0.84140625 0.872222221875 0.83828125 0.852777778125 0.8390625 0.847222221875 0.84375 0.8444444437499999 0.85390625
7 0.8888888890625 0.8953125 0.897222221875 0.89453125 0.9069444437499999 0.89765625 0.91944444375 0.89609375 0.9291666671875 0.871875 0.9291666671875 0.8609375 0.925 0.85703125 0.91805555625 0.85703125 0.8958333328125001 0.875 0.8861111109375001 0.88828125 0.8888888890625 0.8953125
4 0.8333333328125001 0.35546875 0.83055555625 0.34375 0.8388888890624999 0.3421875 0.8375 0.33671875 0.8263888890625 0.33671875 0.8166666671874999 0.33125 0.7819444437499999 0.33125 0.76805555625 0.33671875 0.7361111109375 0.33828125 0.7333333328125 0.34375 0.765277778125 0.3453125 0.784722221875 0.35 0.80694444375 0.34921875 0.8166666671874999 0.35625 0.8263888890625 0.35078125 0.83194444375 0.3515625 0.827777778125 0.35625 0.8333333328125001 0.35546875