1 0.8416666671874999 0.39140625 0.8625 0.3890625 0.8736111109375001 0.384375 0.89444444375 0.384375 0.897222221875 0.3765625 0.89305555625 0.371875 0.8819444437499999 0.3703125 0.8625 0.37265625 0.7458333328125 0.371875 0.7402777781250001 0.36796875 0.7402777781250001 0.3578125 0.734722221875 0.3578125 0.727777778125 0.36953125 0.7138888890625 0.3765625 0.7166666671875 0.38671875 0.7111111109375 0.39453125 0.7180555562500001 0.3953125 0.74444444375 0.3859375 0.7819444437499999 0.3859375 0.7958333328125 0.3890625 0.8416666671874999 0.39140625
1 0.83055555625 0.45625 0.915277778125 0.45390625 0.91944444375 0.446875 0.909722221875 0.4421875 0.8458333328125001 0.4421875 0.834722221875 0.4390625 0.8111111109375001 0.4421875 0.7805555562500001 0.44140625 0.7736111109375 0.43828125 0.7708333328125 0.42890625 0.7611111109375 0.43203125 0.7569444437499999 0.43828125 0.7486111109375 0.45703125 0.7486111109375 0.46875 0.7569444437499999 0.46875 0.7708333328125 0.45390625 0.7916666671875 0.45234375 0.83055555625 0.45625
6 0.7833333328125 0.76171875 0.8027777781250001 0.75390625 0.809722221875 0.73671875 0.8388888890624999 0.73125 0.8444444437499999 0.72734375 0.85 0.69140625 0.834722221875 0.6796875 0.8361111109375001 0.66796875 0.8291666671875 0.65703125 0.8111111109375001 0.6546875 0.790277778125 0.65390625 0.7638888890625 0.66015625 0.7583333328124999 0.66328125 0.7611111109375 0.6828125 0.752777778125 0.69765625 0.7236111109375 0.70234375 0.7166666671875 0.7078125 0.715277778125 0.71796875 0.7194444437499999 0.72421875 0.7291666671875 0.72890625 0.722222221875 0.73671875 0.725 0.7625 0.765277778125 0.7640625 0.7833333328125 0.76171875
6 0.809722221875 0.5671875 0.772222221875 0.56875 0.7597222218749999 0.57578125 0.7416666671875001 0.5953125 0.7416666671875001 0.65390625 0.75 0.65703125 0.76944444375 0.6546875 0.777777778125 0.6359375 0.7861111109375 0.63125 0.809722221875 0.62734375 0.8236111109375001 0.60703125 0.8388888890624999 0.59921875 0.8388888890624999 0.575 0.825 0.56953125 0.809722221875 0.5671875
7 0.85694444375 0.88515625 0.86944444375 0.86640625 0.8708333328125001 0.85625 0.877777778125 0.85 0.875 0.84296875 0.8625 0.84140625 0.85 0.84375 0.8458333328125001 0.87265625 0.8486111109375001 0.89140625 0.85694444375 0.88515625
7 0.9069444437499999 0.96171875 0.8819444437499999 0.96171875 0.8819444437499999 0.965625 0.8986111109375001 0.9734375 0.9166666671874999 0.9625 0.9111111109375001 0.9640625 0.9069444437499999 0.96171875
7 0.872222221875 0.925 0.877777778125 0.92734375 0.877777778125 0.946875 0.8819444437499999 0.95 0.9 0.95390625 0.915277778125 0.95390625 0.9277777781250001 0.9390625 0.9277777781250001 0.92421875 0.9166666671874999 0.90703125 0.88055555625 0.90625 0.872222221875 0.91953125 0.872222221875 0.925
7 0.91944444375 0.89765625 0.9277777781250001 0.8765625 0.9277777781250001 0.8609375 0.91944444375 0.85703125 0.909722221875 0.8640625 0.8958333328125001 0.8765625 0.8861111109375001 0.88984375 0.8861111109375001 0.89609375 0.91944444375 0.89765625
7 0.722222221875 0.9234375 0.73194444375 0.9296875 0.7666666671875 0.93046875 0.7763888890625 0.92578125 0.81805555625 0.915625 0.8263888890625 0.9109375 0.8444444437499999 0.88046875 0.8430555562500001 0.81875 0.8263888890625 0.815625 0.8083333328125001 0.815625 0.7819444437499999 0.81796875 0.7736111109375 0.821875 0.7708333328125 0.8296875 0.784722221875 0.8375 0.7833333328125 0.846875 0.7611111109375 0.853125 0.7416666671875001 0.878125 0.722222221875 0.88203125 0.7194444437499999 0.8859375 0.7194444437499999 0.89296875 0.7236111109375 0.89609375 0.722222221875 0.9234375
7 0.8611111109375 0.19453125 0.8888888890625 0.17265625 0.89305555625 0.1609375 0.890277778125 0.1484375 0.8708333328125001 0.13125 0.8611111109375 0.13515625 0.847222221875 0.13046875 0.8333333328125001 0.13125 0.8291666671875 0.13671875 0.8388888890624999 0.14296875 0.840277778125 0.15 0.8291666671875 0.15546875 0.8125 0.15703125 0.8125 0.175 0.8041666671875 0.1828125 0.8041666671875 0.1921875 0.8291666671875 0.20546875 0.8541666671874999 0.20390625 0.8611111109375 0.19453125
7 0.9013888890624999 0.38125 0.9611111109375001 0.3796875 0.9625 0.375 0.95555555625 0.3640625 0.9444444437499999 0.35546875 0.9472222218749999 0.34375 0.940277778125 0.3375 0.9416666671874999 0.33359375 0.95694444375 0.328125 0.95 0.28671875 0.9444444437499999 0.28125 0.9277777781250001 0.28046875 0.9138888890624999 0.2765625 0.8361111109375001 0.275 0.83194444375 0.28046875 0.8222222218749999 0.28203125 0.8263888890625 0.296875 0.80694444375 0.3046875 0.80694444375 0.325 0.834722221875 0.3328125 0.8361111109375001 0.3375 0.847222221875 0.34453125 0.8444444437499999 0.35390625 0.859722221875 0.3640625 0.85694444375 0.36875 0.890277778125 0.36875 0.9013888890624999 0.38125
7 0.85555555625 0.45625 0.8222222218749999 0.4578125 0.8222222218749999 0.4625 0.83194444375 0.46875 0.875 0.478125 0.9083333328125001 0.478125 0.9166666671874999 0.47578125 0.9625 0.47421875 0.9902777781250001 0.46796875 0.9930555562500001 0.42578125 0.9861111109375 0.41640625 0.9791666671874999 0.39375 0.9680555562500001 0.3890625 0.9305555562500001 0.3890625 0.91805555625 0.39140625 0.9138888890624999 0.3890625 0.8833333328125 0.38828125 0.86944444375 0.39375 0.8666666671875 0.39765625 0.8458333328125001 0.39453125 0.8430555562500001 0.39765625 0.8194444437499999 0.40390625 0.8166666671874999 0.41640625 0.8222222218749999 0.428125 0.8444444437499999 0.43828125 0.85694444375 0.43984375 0.85555555625 0.45625
7 0.725 0.99375 0.7291666671875 0.99921875 0.7791666671875 0.99921875 0.7819444437499999 0.99296875 0.765277778125 0.98828125 0.73194444375 0.9875 0.725 0.99375
7 0.809722221875 0.91875 0.8055555562500001 0.921875 0.7861111109375 0.925 0.7611111109375 0.93359375 0.7638888890625 0.96015625 0.752777778125 0.96875 0.7569444437499999 0.971875 0.7708333328125 0.97421875 0.797222221875 0.9734375 0.8055555562500001 0.96640625 0.83055555625 0.928125 0.83194444375 0.92265625 0.825 0.91875 0.809722221875 0.91875
7 0.85555555625 0.9546875 0.8458333328125001 0.96484375 0.840277778125 0.98046875 0.8541666671874999 0.9796875 0.85694444375 0.9765625 0.877777778125 0.9375 0.877777778125 0.93203125 0.86944444375 0.92890625 0.8763888890624999 0.92578125 0.86944444375 0.92578125 0.85694444375 0.9390625 0.85555555625 0.9546875
7 0.859722221875 0.78125 0.847222221875 0.78984375 0.8486111109375001 0.79296875 0.8833333328125 0.7921875 0.89305555625 0.796875 0.902777778125 0.79765625 0.9055555562500001 0.78828125 0.8958333328125001 0.7890625 0.8888888890625 0.79296875 0.8847222218749999 0.78828125 0.859722221875 0.78125
7 0.925 0.75234375 0.9236111109375 0.74921875 0.9125 0.7484375 0.8416666671874999 0.7453125 0.840277778125 0.7625 0.8486111109375001 0.76875 0.9111111109375001 0.77109375 0.91805555625 0.76875 0.925 0.75234375
7 0.8708333328125001 0.69375 0.8444444437499999 0.7265625 0.8416666671874999 0.73515625 0.8458333328125001 0.7375 0.9111111109375001 0.73984375 0.93194444375 0.73828125 0.952777778125 0.69375 0.9541666671875 0.67890625 0.9458333328125 0.6765625 0.9013888890624999 0.6765625 0.89444444375 0.6859375 0.8708333328125001 0.69375
4 0.8361111109375001 0.14296875 0.80694444375 0.1421875 0.7638888890625 0.1453125 0.7638888890625 0.15 0.76944444375 0.15546875 0.827777778125 0.1546875 0.8388888890624999 0.15 0.8361111109375001 0.14296875