2 0.01328125 0.43194444374999996 0.0140625 0.46944444374999994 0.01875 0.477777778125 0.025 0.477777778125 0.0328125 0.46805555625000006 0.03046875 0.4486111109375 0.0234375 0.425 0.01875 0.425 0.01328125 0.43194444374999996
1 0.40078125 0.27777777812500004 0.39609375 0.275 0.384375 0.2513888890625 0.384375 0.15555555625 0.38203125 0.11296250000000001 0.3859375 0.10138888906250001 0.38935546875 0.10052083281249999 0.38671875 0.0958333328125 0.384375 0.097222221875 0.38203125 0.10555555624999999 0.37578125 0.1 0.36953125 0.10555555624999999 0.371875 0.1208333328125 0.371875 0.23611111093749998 0.3703125 0.25555555625 0.3578125 0.25833333281250004 0.35703125 0.2666666671875 0.36640625 0.2708333328125 0.37578125 0.2888888890625 0.3796875 0.2888888890625 0.38671875 0.2791666671875 0.4 0.2888888890625 0.40078125 0.27777777812500004
6 0.77890625 0.275 0.78203125 0.27638888906250003 0.78671875 0.2666666671875 0.78828125 0.23611111093749998 0.7859375 0.2236111109375 0.78203125 0.21805555625 0.78046875 0.22777777812500002 0.77890625 0.275
6 0.78125 0.1796875 0.00078125 0.0015625
6 0.78125 0.1703125 0.00078125 0.0015625
6 0.7109375 0.2388888890625 0.7171875 0.21805555625 0.7234375 0.21805555625 0.72890625 0.23194444375 0.73125 0.2666666671875 0.7375 0.27638888906250003 0.74296875 0.27777777812500004 0.75 0.26527777812500003 0.75 0.24444444375000002 0.75390625 0.240277778125 0.7625 0.24305555625 0.76640625 0.23333333281250002 0.76875 0.18055555625 0.76015625 0.16805555625 0.7609375 0.1541666671875 0.7578125 0.1416666671875 0.75703125 0.11805555625 0.75 0.10555555624999999 0.72734375 0.0958333328125 0.70625 0.097222221875 0.7015625 0.10694444375 0.69921875 0.1416666671875 0.68828125 0.15555555625 0.68359375 0.16944444375 0.6875 0.17916666718750002 0.6890625 0.22777777812500002 0.69453125 0.2388888890625 0.703125 0.24305555625 0.7109375 0.2388888890625
7 0.9796875 0.3416666671875 0.99921875 0.3375 0.99921875 0.26805555625 0.99375 0.259722221875 0.98671875 0.259722221875 0.9828125 0.27638888906250003 0.98046875 0.30555555624999997 0.9796875 0.3416666671875
7 0.96015625 0.34722222187499996 0.9671875 0.30416666718749996 0.96953125 0.24583333281250003 0.9421875 0.23194444375 0.93046875 0.23194444375 0.91796875 0.24583333281250003 0.9078125 0.28611111093749997 0.9078125 0.3 0.9140625 0.30555555624999997 0.9203125 0.322222221875 0.9265625 0.3291666671875 0.9421875 0.33055555625 0.94921875 0.35 0.95625 0.35555555625 0.96015625 0.34722222187499996
7 0.8828125 0.27777777812500004 0.90625 0.27777777812500004 0.9109375 0.2666666671875 0.9140625 0.24722222187499998 0.9265625 0.23055555625 0.915625 0.18194444375000002 0.90625 0.16944444375 0.890625 0.1583333328125 0.85546875 0.15555555625 0.8515625 0.16805555625 0.84765625 0.15972222187500001 0.8390625 0.15555555625 0.81875 0.15555555625 0.8171875 0.15972222187500001 0.81640625 0.18055555625 0.834375 0.20416666718749998 0.8375 0.2138888890625 0.84921875 0.2166666671875 0.85 0.23055555625 0.85546875 0.24305555625 0.878125 0.25833333281250004 0.8828125 0.27777777812500004
7 0.5046875 0.20555555625 0.5046875 0.26805555625 0.50625 0.27777777812500004 0.5109375 0.27777777812500004 0.5171875 0.26527777812500003 0.51796875 0.25 0.51171875 0.2125 0.509375 0.20694444375 0.5046875 0.20555555625
7 0.38515625 0.25 0.3875 0.25555555625 0.39921875 0.25694444375000003 0.4359375 0.275 0.4390625 0.2916666671875 0.44921875 0.30555555624999997 0.46015625 0.30416666718749996 0.4640625 0.29305555625 0.47578125 0.2916666671875 0.478125 0.28611111093749997 0.4796875 0.1513888890625 0.47421875 0.13333333281249998 0.46015625 0.1111111109375 0.45390625 0.10555555624999999 0.41640625 0.0958333328125 0.40078125 0.097222221875 0.38828125 0.090277778125 0.38046875 0.10138888906250001 0.38046875 0.0888888890625 0.3609375 0.0861111109375 0.3375 0.0958333328125 0.33359375 0.102777778125 0.33125 0.11805555625 0.33046875 0.215277778125 0.3375 0.22638888906250001 0.353125 0.23333333281250002 0.3578125 0.25555555625 0.3703125 0.25555555625 0.371875 0.1888888890625 0.38359375 0.1888888890625 0.38515625 0.25
7 0.99921875 0.22777777812500002 0.99375 0.21805555625 0.98984375 0.2236111109375 0.98828125 0.2541666671875 0.99921875 0.25555555625 0.99921875 0.22777777812500002
7 0.99609375 0.18055555625 0.99375 0.172222221875 0.99375 0.1833333328125 0.99609375 0.18055555625
7 0.96953125 0.197222221875 0.92890625 0.16944444375 0.91953125 0.16944444375 0.91953125 0.1916666671875 0.92890625 0.20972222187499998 0.93203125 0.22916666718749998 0.9484375 0.23194444375 0.96796875 0.24305555625 0.971875 0.2388888890625 0.97421875 0.20555555625 0.96953125 0.197222221875
7 0.96015625 0.13333333281249998 0.93515625 0.12222222187500001 0.92578125 0.1263888890625 0.925 0.1291666671875 0.94609375 0.14305555625 0.95625 0.15555555625 0.9765625 0.165277778125 0.97890625 0.1611111109375 0.97890625 0.15 0.9765625 0.1458333328125 0.96015625 0.13333333281249998
7 0.8578125 0.1291666671875 0.85078125 0.1208333328125 0.8390625 0.12361111093749999 0.8375 0.1375 0.84140625 0.1513888890625 0.853125 0.15555555625 0.859375 0.1513888890625 0.88203125 0.15 0.88046875 0.14305555625 0.8671875 0.13055555624999998 0.8578125 0.1291666671875
7 0.8734375 0.07083333281250001 0.85703125 0.0736111109375 0.85625 0.08055555625000001 0.87578125 0.1041666671875 0.88828125 0.11388888906250001 0.8953125 0.1111111109375 0.89453125 0.10138888906250001 0.89765625 0.0916666671875 0.8953125 0.0791666671875 0.8734375 0.07083333281250001