2 0.04296875 0.46388888906250003 0.04296875 0.45555555625000005 0.0375 0.4375 0.0359375 0.42083333281249996 0.025 0.41944444374999995 0.0234375 0.4388888890625 0.02578125 0.46388888906250003 0.0296875 0.46944444374999994 0.040625 0.46666666718750005 0.04296875 0.46388888906250003
1 0.375 0.102777778125 0.3703125 0.115277778125 0.37265625 0.15 0.37265625 0.252777778125 0.36875 0.259722221875 0.36015625 0.259722221875 0.359375 0.26527777812500003 0.36796875 0.272222221875 0.375 0.28611111093749997 0.38671875 0.2833333328125 0.39375 0.290277778125 0.39609375 0.28472222187499996 0.3875 0.2638888890625 0.3859375 0.24305555625 0.38671875 0.10833333281249999 0.375 0.102777778125
1 0.4421875 0.2166666671875 0.43828125 0.22777777812500002 0.43125 0.22638888906250001 0.43046875 0.23472222187499997 0.43828125 0.24305555625 0.46875 0.2513888890625 0.46953125 0.24444444375000002 0.45703125 0.23611111093749998 0.45390625 0.222222221875 0.45625 0.172222221875 0.45390625 0.1458333328125 0.4546875 0.084722221875 0.44296875 0.0875 0.4421875 0.2166666671875
6 0.73671875 0.190277778125 0.7328125 0.17916666718750002 0.73046875 0.1583333328125 0.70546875 0.15 0.69140625 0.15 0.68125 0.165277778125 0.6703125 0.1666666671875 0.665625 0.177777778125 0.6609375 0.17361111093749998 0.65703125 0.177777778125 0.65625 0.2166666671875 0.66328125 0.2416666671875 0.68515625 0.2416666671875 0.69765625 0.24722222187499998 0.70234375 0.272222221875 0.71171875 0.28472222187499996 0.721875 0.2833333328125 0.7296875 0.272222221875 0.73828125 0.2791666671875 0.7546875 0.2791666671875 0.7625 0.275 0.7625 0.215277778125 0.75078125 0.19305555624999998 0.73671875 0.190277778125
6 0.60625 0.17361111093749998 0.5984375 0.15972222187500001 0.57578125 0.1611111109375 0.56875 0.18055555625 0.56640625 0.197222221875 0.56875 0.22638888906250001 0.5734375 0.23055555625 0.5765625 0.240277778125 0.59453125 0.25555555625 0.60546875 0.259722221875 0.65 0.25833333281250004 0.65703125 0.25 0.65546875 0.23055555625 0.634375 0.21944444375 0.6375 0.20555555625 0.6359375 0.1888888890625 0.61875 0.1833333328125 0.60625 0.17361111093749998
7 0.8921875 0.1541666671875 0.88984375 0.147222221875 0.8796875 0.1458333328125 0.86640625 0.13055555624999998 0.85625 0.127777778125 0.85 0.1208333328125 0.8421875 0.12222222187500001 0.8421875 0.13055555624999998 0.8390625 0.134722221875 0.84453125 0.1513888890625 0.8921875 0.1541666671875
7 0.9640625 0.097222221875 0.96171875 0.10555555624999999 0.96796875 0.1125 0.9734375 0.10555555624999999 0.971875 0.097222221875 0.9625 0.090277778125 0.9640625 0.097222221875
7 0.95390625 0.1041666671875 0.95390625 0.084722221875 0.93828125 0.072222221875 0.9234375 0.072222221875 0.90703125 0.084722221875 0.90625 0.11944444375 0.921875 0.1291666671875 0.94296875 0.125 0.95 0.11805555625 0.95390625 0.1041666671875
7 0.871875 0.07083333281250001 0.8625 0.07083333281250001 0.85703125 0.077777778125 0.85703125 0.08194444375 0.875 0.102777778125 0.8890625 0.11388888906250001 0.8953125 0.11388888906250001 0.896875 0.08055555625000001 0.871875 0.07083333281250001
7 0.921875 0.2791666671875 0.93046875 0.26805555625 0.93046875 0.23333333281250002 0.9265625 0.22638888906250001 0.915625 0.18055555625 0.909375 0.172222221875 0.88515625 0.15555555625 0.87421875 0.1541666671875 0.85625 0.15555555625 0.853125 0.15972222187500001 0.84765625 0.15555555625 0.81953125 0.15555555625 0.81640625 0.16805555625 0.8140625 0.19305555624999998 0.8171875 0.197222221875 0.81875 0.2208333328125 0.825 0.22916666718749998 0.83125 0.23055555625 0.8375 0.21805555625 0.846875 0.21944444375 0.85078125 0.23611111093749998 0.878125 0.25833333281250004 0.88203125 0.27638888906250003 0.88671875 0.28055555625 0.89375 0.28055555625 0.89609375 0.27638888906250003 0.921875 0.2791666671875
7 0.99296875 0.2791666671875 0.99921875 0.27777777812500004 0.99921875 0.222222221875 0.99296875 0.21805555625 0.9890625 0.23194444375 0.9875 0.26805555625 0.99296875 0.2791666671875
7 0.9296875 0.2138888890625 0.93046875 0.23055555625 0.93515625 0.2388888890625 0.95546875 0.2388888890625 0.96875 0.24722222187499998 0.97265625 0.24305555625 0.97578125 0.2138888890625 0.9734375 0.20138888906250002 0.92890625 0.16944444375 0.9234375 0.16805555625 0.91953125 0.172222221875 0.91953125 0.1916666671875 0.9296875 0.2138888890625
7 0.95546875 0.13055555624999998 0.94296875 0.125 0.92734375 0.1263888890625 0.92578125 0.1291666671875 0.94296875 0.14305555625 0.97421875 0.15972222187500001 0.97890625 0.1583333328125 0.97578125 0.1458333328125 0.95546875 0.13055555624999998
7 0.7875 0.09305555625 0.79140625 0.10833333281249999 0.7859375 0.11388888906250001 0.784375 0.13194444375 0.77890625 0.1375 0.784375 0.1416666671875 0.7859375 0.1513888890625 0.78984375 0.1541666671875 0.79296875 0.15277777812499999 0.79453125 0.14444444375 0.7953125 0.1291666671875 0.79296875 0.11944444375 0.796875 0.115277778125 0.7984375 0.0958333328125 0.7875 0.09305555625
7 0.765625 0.08055555625000001 0.7515625 0.072222221875 0.74921875 0.075 0.7453125 0.1583333328125 0.76640625 0.1583333328125 0.77265625 0.1375 0.7703125 0.13333333281249998 0.77109375 0.09305555625 0.765625 0.08055555625000001
7 0.6765625 0.058333332812500006 0.675 0.0916666671875 0.68046875 0.1041666671875 0.6890625 0.109722221875 0.69375 0.13194444375 0.70625 0.14305555625 0.7203125 0.147222221875 0.7265625 0.15555555625 0.73671875 0.1541666671875 0.7390625 0.06944444375 0.7171875 0.05694444375 0.7 0.054166667187499996 0.68203125 0.04444444375 0.67890625 0.047222221875 0.6765625 0.058333332812500006