0 0.6486111109375 0.8984375 0.6541666671875 0.90546875 0.6625 0.90625 0.6625 0.9 0.6569444437499999 0.89453125 0.6486111109375 0.8984375
0 0.9930555562500001 1 0.9638888890624999 0.89765625 0.9541666671875 0.8765625 0.94305555625 0.8703125 0.9486111109375001 0.86796875 0.9513888890625 0.8609375 0.9680555562500001 0.8453125 0.9694444437499999 0.83125 0.9638888890624999 0.8125 0.94305555625 0.8 0.9138888890624999 0.79453125 0.9041666671874999 0.7828125 0.8847222218749999 0.7703125 0.859722221875 0.765625 0.81805555625 0.76875 0.8055555562500001 0.77265625 0.790277778125 0.77109375 0.725 0.784375 0.6944444437499999 0.8 0.68194444375 0.8140625 0.6791666671875001 0.8984375 0.66805555625 0.9015625 0.665277778125 0.90859375 0.6555555562500001 0.91328125 0.6541666671875 0.9171875 0.6180555562500001 0.9328125 0.6125 0.93671875 0.6152777781250001 0.93984375 0.60694444375 0.940625 0.5861111109375 0.95 0.5930555562500001 0.95 0.597222221875 0.9453125 0.6013888890625 0.94609375 0.6291666671875 0.93671875 0.6569444437499999 0.934375 0.6638888890625 1 0.9930555562500001 1
2 0.4513888890625 0.959375 0.42222222187499997 0.96328125 0.41805555625 0.96640625 0.41805555625 0.97421875 0.42222222187499997 0.97578125 0.44166666718750003 0.9765625 0.46805555625000006 0.9734375 0.46805555625000006 0.9625 0.4625 0.959375 0.4513888890625 0.959375
1 0.1541666671875 0.6125 0.109722221875 0.6140625 0.102777778125 0.62109375 0.102777778125 0.62734375 0.109722221875 0.63125 0.15972222187500001 0.62734375 0.25 0.62734375 0.259722221875 0.63125 0.259722221875 0.640625 0.2638888890625 0.6421875 0.272222221875 0.63125 0.2888888890625 0.62109375 0.2833333328125 0.61484375 0.2888888890625 0.60546875 0.27777777812500004 0.60625 0.2638888890625 0.61328125 0.23333333281250002 0.61484375 0.15972222187500001 0.61484375 0.1541666671875 0.6125
1 0.0875 0.55703125 0.215277778125 0.5578125 0.22638888906250001 0.5625 0.22638888906250001 0.56875 0.23055555625 0.5703125 0.2388888890625 0.5671875 0.24305555625 0.56171875 0.2513888890625 0.53984375 0.2388888890625 0.53828125 0.24007936562499999 0.5342633921875 0.22916666718749998 0.5453125 0.2166666671875 0.54765625 0.16805555625 0.54375 0.1458333328125 0.54609375 0.08333333281250001 0.54609375 0.08194444375 0.55078125 0.0875 0.55703125
6 0.1763888890625 0.390625 0.15972222187500001 0.40234375 0.1611111109375 0.42421875 0.175 0.43046875 0.197222221875 0.43359375 0.21944444375 0.4328125 0.22916666718749998 0.43046875 0.24305555625 0.42109375 0.24722222187499998 0.41171875 0.259722221875 0.40078125 0.25833333281250004 0.3484375 0.2513888890625 0.34296875 0.22916666718749998 0.3453125 0.21805555625 0.365625 0.197222221875 0.3625 0.1916666671875 0.36328125 0.184722221875 0.3703125 0.1763888890625 0.390625
6 0.19444444375 0.24765625 0.1875 0.26484375 0.1583333328125 0.26953125 0.147222221875 0.3046875 0.1513888890625 0.31171875 0.165277778125 0.31953125 0.16805555625 0.3390625 0.17361111093749998 0.34375 0.2166666671875 0.34375 0.240277778125 0.33671875 0.2388888890625 0.3171875 0.24722222187499998 0.3015625 0.275 0.29765625 0.28472222187499996 0.28828125 0.2833333328125 0.278125 0.275 0.2734375 0.27638888906250003 0.23828125 0.26527777812500003 0.2359375 0.2166666671875 0.23828125 0.2125 0.2421875 0.1986111109375 0.24453125 0.19444444375 0.24765625
7 0.1208333328125 0.1515625 0.12222222187500001 0.15625 0.13055555624999998 0.16015625 0.14305555625 0.16015625 0.1513888890625 0.15625 0.15555555625 0.1171875 0.15277777812499999 0.10703125 0.134722221875 0.1265625 0.1208333328125 0.1515625
7 0.102777778125 0.0328125 0.0958333328125 0.03359375 0.102777778125 0.03515625 0.102777778125 0.0328125
7 0.1263888890625 0.084375 0.127777778125 0.078125 0.1208333328125 0.07265625 0.1208333328125 0.05234375 0.1166666671875 0.0484375 0.10555555624999999 0.04609375 0.0861111109375 0.04609375 0.072222221875 0.0609375 0.072222221875 0.0765625 0.077777778125 0.0875 0.0861111109375 0.09296875 0.11944444375 0.09375 0.1263888890625 0.084375
7 0.07083333281250001 0.1296875 0.07083333281250001 0.13828125 0.075 0.1421875 0.08055555625000001 0.14375 0.102777778125 0.125 0.11388888906250001 0.11015625 0.11388888906250001 0.1046875 0.08055555625000001 0.10234375 0.07083333281250001 0.1296875
7 0.2666666671875 0.06953125 0.23055555625 0.0703125 0.2236111109375 0.07421875 0.18055555625 0.084375 0.172222221875 0.090625 0.15555555625 0.12109375 0.15555555625 0.14375 0.16388888906250001 0.1484375 0.15555555625 0.159375 0.15555555625 0.1796875 0.1625 0.1828125 0.2138888890625 0.1828125 0.222222221875 0.18125 0.22916666718749998 0.17578125 0.22916666718749998 0.16875 0.21805555625 0.16328125 0.21805555625 0.15390625 0.23611111093749998 0.14921875 0.2541666671875 0.13046875 0.25833333281250004 0.12109375 0.27638888906250003 0.11796875 0.28055555625 0.11328125 0.27638888906250003 0.10390625 0.2791666671875 0.078125 0.2666666671875 0.06953125
7 0.23055555625 0.01015625 0.26805555625 0.0125 0.275 0.01015625 0.27638888906250003 0.00625 0.25555555625 0.00078125 0.2208333328125 0.00078125 0.21805555625 0.00703125 0.23055555625 0.01015625
7 0.17361111093749998 0.08125 0.1888888890625 0.08203125 0.20138888906250002 0.07578125 0.2138888890625 0.075 0.23611111093749998 0.0671875 0.240277778125 0.0625 0.240277778125 0.0375 0.24583333281250003 0.03046875 0.222222221875 0.025 0.20694444375 0.025 0.20277777812500003 0.02734375 0.19444444375 0.034375 0.16944444375 0.071875 0.16805555625 0.078125 0.17361111093749998 0.08125
7 0.12222222187500001 0.0734375 0.13055555624999998 0.075 0.14305555625 0.0640625 0.15972222187500001 0.01953125 0.14444444375 0.021875 0.140277778125 0.0265625 0.1263888890625 0.05390625 0.12222222187500001 0.0734375
7 0.12222222187500001 0.2140625 0.13055555624999998 0.21484375 0.13888888906250002 0.21953125 0.1513888890625 0.21328125 0.1513888890625 0.20859375 0.140277778125 0.20625 0.12222222187500001 0.20703125 0.12222222187500001 0.2140625
7 0.109722221875 0.2046875 0.097222221875 0.20234375 0.09305555625 0.2109375 0.10138888906250001 0.2109375 0.109722221875 0.2046875
7 0.15277777812499999 0.23203125 0.102777778125 0.22890625 0.08333333281250001 0.23125 0.075 0.24609375 0.07638888906249999 0.25078125 0.1291666671875 0.25234375 0.1361111109375 0.2546875 0.1513888890625 0.25546875 0.15972222187500001 0.25234375 0.15972222187500001 0.2390625 0.15277777812499999 0.23203125
7 0.04444444375 0.31796875 0.0458333328125 0.32265625 0.054166667187499996 0.3234375 0.09305555625 0.325 0.1041666671875 0.31953125 0.10694444375 0.31328125 0.115277778125 0.3109375 0.127777778125 0.31171875 0.14305555625 0.29453125 0.1458333328125 0.28125 0.15555555625 0.2734375 0.15555555625 0.26328125 0.075 0.2609375 0.06805555625000001 0.2625 0.055555556250000006 0.28359375 0.054166667187499996 0.2984375 0.04444444375 0.31796875