2 0.56805555625 0.01328125 0.5291666671875 0.0140625 0.522222221875 0.01875 0.522222221875 0.025 0.5333333328125 0.0328125 0.5555555562500001 0.0296875 0.575 0.02265625 0.56805555625 0.01328125
1 0.8986111109375001 0.38515625 0.9 0.37890625 0.89444444375 0.36953125 0.80694444375 0.371875 0.7458333328125 0.3703125 0.7402777781250001 0.3578125 0.734722221875 0.35703125 0.7291666671875 0.36640625 0.7111111109375 0.37578125 0.7111111109375 0.3796875 0.7194444437499999 0.3828125 0.7111111109375 0.4 0.722222221875 0.40078125 0.7361111109375 0.38828125 0.7486111109375 0.384375 0.89444444375 0.38203125 0.8986111109375001 0.38515625
6 0.7236111109375 0.78203125 0.73194444375 0.78671875 0.765277778125 0.78828125 0.7819444437499999 0.78203125 0.772222221875 0.78046875 0.7263888890625 0.77890625 0.7236111109375 0.78203125
6 0.722222221875 0.74296875 0.734722221875 0.75 0.7569444437499999 0.75078125 0.7569444437499999 0.7625 0.76944444375 0.76640625 0.8194444437499999 0.76875 0.8333333328125001 0.759375 0.8819444437499999 0.75703125 0.89444444375 0.75 0.9041666671874999 0.725 0.9041666671874999 0.70859375 0.89305555625 0.7015625 0.8583333328125 0.69921875 0.8444444437499999 0.68828125 0.83055555625 0.68359375 0.8222222218749999 0.6875 0.775 0.68828125 0.7611111109375 0.69453125 0.7569444437499999 0.703125 0.7611111109375 0.71171875 0.7819444437499999 0.7171875 0.7819444437499999 0.72265625 0.7666666671875 0.72890625 0.7333333328125 0.73125 0.7236111109375 0.7375 0.722222221875 0.74296875
7 0.6611111109375 0.99921875 0.73194444375 0.99921875 0.7402777781250001 0.99296875 0.7402777781250001 0.9875 0.7236111109375 0.98203125 0.659722221875 0.97890625 0.6611111109375 0.99921875
7 0.70694444375 0.90703125 0.6972222218749999 0.91015625 0.6944444437499999 0.9140625 0.6736111109375 0.9234375 0.66944444375 0.94296875 0.6458333328125 0.95234375 0.6458333328125 0.959375 0.6972222218749999 0.9671875 0.7541666671875 0.96953125 0.76805555625 0.9421875 0.76805555625 0.93046875 0.7541666671875 0.91796875 0.7416666671875001 0.91328125 0.70694444375 0.90703125
7 0.9041666671874999 0.9609375 0.875 0.96015625 0.86944444375 0.9625 0.8736111109375001 0.9671875 0.8916666671875 0.97421875 0.902777778125 0.975 0.9138888890624999 0.9625 0.9041666671874999 0.9609375
7 0.902777778125 0.9015625 0.897222221875 0.90625 0.8833333328125 0.9046875 0.8791666671874999 0.90703125 0.8708333328125001 0.92890625 0.877777778125 0.93125 0.877777778125 0.94921875 0.8833333328125 0.9515625 0.9111111109375001 0.95390625 0.91944444375 0.95078125 0.9277777781250001 0.9390625 0.9291666671875 0.92734375 0.91805555625 0.90625 0.902777778125 0.9015625
7 0.83055555625 0.90625 0.8416666671874999 0.890625 0.8444444437499999 0.85546875 0.83194444375 0.85234375 0.840277778125 0.846875 0.8444444437499999 0.8390625 0.8444444437499999 0.81875 0.840277778125 0.8171875 0.81805555625 0.8171875 0.8041666671875 0.83046875 0.7861111109375 0.83828125 0.7833333328125 0.84921875 0.7583333328124999 0.8546875 0.7416666671875001 0.878125 0.725 0.88125 0.7208333328125 0.88515625 0.7236111109375 0.90625 0.73194444375 0.9109375 0.75 0.91328125 0.76944444375 0.9265625 0.81805555625 0.915625 0.83055555625 0.90625
7 0.79444444375 0.5046875 0.73194444375 0.5046875 0.722222221875 0.50625 0.722222221875 0.51171875 0.7333333328125 0.5171875 0.752777778125 0.51796875 0.7916666671875 0.51015625 0.79444444375 0.5046875
7 0.6944444437499999 0.44921875 0.6944444437499999 0.45703125 0.70694444375 0.4640625 0.7083333328125 0.47578125 0.7138888890625 0.478125 0.8486111109375001 0.4796875 0.8541666671874999 0.47890625 0.89305555625 0.45546875 0.8986111109375001 0.42890625 0.902777778125 0.425 0.9041666671874999 0.40078125 0.9138888890624999 0.3609375 0.9041666671874999 0.3375 0.897222221875 0.33359375 0.8819444437499999 0.33125 0.784722221875 0.33046875 0.7736111109375 0.3375 0.7666666671875 0.353125 0.7458333328125 0.35703125 0.74444444375 0.36875 0.7541666671875 0.371875 0.8458333328125001 0.3703125 0.8458333328125001 0.3828125 0.797222221875 0.3828125 0.7458333328125 0.38671875 0.727777778125 0.4328125 0.722222221875 0.4375 0.70694444375 0.43984375 0.6944444437499999 0.44921875
7 0.7805555562500001 0.9921875 0.7666666671875 0.98828125 0.7458333328125 0.98828125 0.74444444375 0.99921875 0.772222221875 0.99921875 0.7805555562500001 0.9921875
7 0.8194444437499999 0.99609375 0.827777778125 0.99375 0.8166666671874999 0.99375 0.8194444437499999 0.99609375
7 0.790277778125 0.9296875 0.772222221875 0.93046875 0.76944444375 0.94453125 0.7569444437499999 0.96796875 0.7597222218749999 0.971875 0.79444444375 0.97421875 0.8027777781250001 0.96953125 0.83055555625 0.92890625 0.83194444375 0.9203125 0.8111111109375001 0.91875 0.7958333328125 0.92421875 0.790277778125 0.9296875
7 0.8583333328125 0.9390625 0.85694444375 0.94609375 0.8486111109375001 0.95 0.8361111109375001 0.97578125 0.8388888890624999 0.97890625 0.85 0.97890625 0.8541666671874999 0.9765625 0.8611111109375 0.96328125 0.8666666671875 0.96015625 0.875 0.94296875 0.875 0.92734375 0.8708333328125001 0.925 0.8583333328125 0.9390625
7 0.86944444375 0.8671875 0.872222221875 0.85625 0.8791666671874999 0.85078125 0.8791666671874999 0.8421875 0.8736111109375001 0.8390625 0.8541666671874999 0.8390625 0.847222221875 0.84375 0.8486111109375001 0.88125 0.85555555625 0.88125 0.86944444375 0.8671875
7 0.9263888890624999 0.85703125 0.91944444375 0.85625 0.9 0.87109375 0.8861111109375001 0.89375 0.9069444437499999 0.89765625 0.91944444375 0.896875 0.9291666671875 0.871875 0.9263888890624999 0.85703125
4 0.0791666671875 0 0.0791666671875 0.00234375 0.08194444375 0.0046875 0.1166666671875 0.00546875 0.127777778125 0.01171875 0.14444444375 0.0125 0.1708333328125 0.00078125 0.121475 0 0.115277778125 0.00390625 0.1144236109375 0 0.10737222187499999 0 0.097222221875 0.00390625 0.1003208328125 0 0.0791666671875 0
4 0.93194444375 0.07265625 0.902777778125 0.05859375 0.8958333328125001 0.06796875 0.8541666671874999 0.075 0.8361111109375001 0.075 0.83194444375 0.078125 0.8361111109375001 0.08046875 0.877777778125 0.084375 0.8888888890625 0.0828125 0.8958333328125001 0.08828125 0.9138888890624999 0.08828125 0.9416666671874999 0.07734375 0.940277778125 0.07265625 0.93194444375 0.07265625