2 0.5736111109375 0.02421875 0.575 0.01875 0.56805555625 0.01328125 0.527777778125 0.0140625 0.522222221875 0.01796875 0.522222221875 0.025 0.5319444437499999 0.0328125 0.5513888890625 0.03046875 0.5736111109375 0.02421875
1 0.9 0.3796875 0.8958333328125001 0.3703125 0.7458333328125 0.371875 0.7458333328125 0.35703125 0.74444444375 0.36015625 0.730921053125 0.3631990140625 0.7291666671875 0.36640625 0.7138888890625 0.375 0.7194444437499999 0.3875 0.7111111109375 0.40078125 0.7194444437499999 0.4015625 0.7333333328125 0.38828125 0.7430555562500001 0.38515625 0.8041666671875 0.384375 0.80694444375 0.38671875 0.809722221875 0.384375 0.89444444375 0.3828125 0.9 0.3796875
1 0.8291666671875 0.4546875 0.915277778125 0.45390625 0.91944444375 0.4515625 0.91944444375 0.4453125 0.9125 0.4421875 0.784722221875 0.44140625 0.772222221875 0.43828125 0.7736111109375 0.42734375 0.76944444375 0.42734375 0.7611111109375 0.43125 0.7569444437499999 0.4375 0.75 0.45234375 0.7486111109375 0.46875 0.7541666671875 0.46953125 0.7583333328124999 0.4671875 0.7666666671875 0.4546875 0.7833333328125 0.4515625 0.8208333328125 0.45234375 0.8291666671875 0.4546875
7 0.6611111109375 0.99921875 0.73194444375 0.99921875 0.7388888890625 0.9953125 0.7388888890625 0.98671875 0.6944444437499999 0.98046875 0.6583333328125 0.97890625 0.6611111109375 0.99921875
7 0.702777778125 0.9078125 0.6916666671875 0.915625 0.6777777781250001 0.9203125 0.672222221875 0.925 0.66944444375 0.9421875 0.647222221875 0.95078125 0.64444444375 0.95703125 0.6972222218749999 0.9671875 0.7541666671875 0.96953125 0.76805555625 0.9421875 0.76805555625 0.93046875 0.7541666671875 0.91796875 0.7138888890625 0.9078125 0.702777778125 0.9078125
7 0.8263888890625 0.9109375 0.840277778125 0.89296875 0.8458333328125001 0.86953125 0.8416666671874999 0.85390625 0.8458333328125001 0.8421875 0.8444444437499999 0.81953125 0.81805555625 0.81953125 0.7958333328125 0.83359375 0.784722221875 0.84765625 0.765277778125 0.85 0.7583333328124999 0.8546875 0.7416666671875001 0.878125 0.725 0.88125 0.7208333328125 0.88515625 0.7236111109375 0.90625 0.7333333328125 0.9109375 0.75 0.9140625 0.76944444375 0.9265625 0.81805555625 0.915625 0.8263888890625 0.9109375
7 0.897222221875 0.9625 0.8736111109375001 0.9625 0.8736111109375001 0.96640625 0.8791666671874999 0.96875 0.89305555625 0.96796875 0.89444444375 0.97421875 0.9041666671874999 0.9734375 0.897222221875 0.9625
7 0.8986111109375001 0.90625 0.8819444437499999 0.90546875 0.872222221875 0.91953125 0.8708333328125001 0.928125 0.877777778125 0.93125 0.88055555625 0.95 0.897222221875 0.95390625 0.9166666671874999 0.95234375 0.9277777781250001 0.9390625 0.9291666671875 0.9265625 0.91805555625 0.90625 0.9069444437499999 0.90234375 0.8986111109375001 0.90625
7 0.8847222218749999 0.7890625 0.8819444437499999 0.790625 0.8791666671874999 0.7875 0.86944444375 0.78671875 0.8611111109375 0.79296875 0.9041666671874999 0.796875 0.9055555562500001 0.7875 0.89444444375 0.7875 0.8916666671875 0.79140625 0.8861111109375001 0.79140625 0.8847222218749999 0.7890625
7 0.9305555562500001 0.84296875 0.9444444437499999 0.8421875 0.952777778125 0.8375 0.93194444375 0.83671875 0.9305555562500001 0.84296875
7 0.9486111109375001 0.8265625 0.95694444375 0.8265625 0.95694444375 0.82421875 0.9416666671874999 0.82421875 0.9486111109375001 0.8265625
7 0.9611111109375001 0.775 0.95694444375 0.7734375 0.959722221875 0.76953125 0.95694444375 0.76796875 0.9541666671875 0.77578125 0.9583333328125001 0.7796875 0.9541666671875 0.78072890625 0.9541666671875 0.790625 0.9611111109375001 0.775
7 0.777777778125 0.99296875 0.765277778125 0.98828125 0.7458333328125 0.98828125 0.74444444375 0.99921875 0.772222221875 0.99921875 0.777777778125 0.99296875
7 0.7916666671875 0.92890625 0.7708333328125 0.93203125 0.7638888890625 0.959375 0.7569444437499999 0.96796875 0.7611111109375 0.971875 0.79444444375 0.97421875 0.8027777781250001 0.96953125 0.83055555625 0.928125 0.83055555625 0.91953125 0.8111111109375001 0.91875 0.7958333328125 0.92421875 0.7916666671875 0.92890625
7 0.85694444375 0.94765625 0.8444444437499999 0.95859375 0.8388888890624999 0.971875 0.8388888890624999 0.97734375 0.8444444437499999 0.9796875 0.852777778125 0.978125 0.86944444375 0.95546875 0.877777778125 0.93515625 0.8736111109375001 0.92578125 0.8708333328125001 0.925 0.859722221875 0.93828125 0.85694444375 0.94765625
7 0.7916666671875 0.81171875 0.7458333328125 0.81015625 0.7458333328125 0.81640625 0.7361111109375 0.81796875 0.727777778125 0.82421875 0.73194444375 0.83515625 0.7236111109375 0.84140625 0.7361111109375 0.84765625 0.7638888890625 0.8484375 0.7763888890625 0.84140625 0.784722221875 0.83125 0.79444444375 0.83203125 0.8027777781250001 0.82890625 0.8111111109375001 0.81875 0.8192901234375001 0.8179135093750001 0.8041666671875 0.8125 0.7916666671875 0.81171875
7 0.809722221875 0.73671875 0.7833333328125 0.73671875 0.777777778125 0.7390625 0.7736111109375 0.74375 0.777777778125 0.75703125 0.7708333328125 0.76640625 0.7791666671875 0.76875 0.8041666671875 0.76875 0.8111111109375001 0.77421875 0.81805555625 0.77421875 0.8430555562500001 0.76875 0.847222221875 0.76015625 0.8388888890624999 0.7484375 0.8166666671874999 0.7375 0.809722221875 0.73671875
7 0.7458333328125 0.78046875 0.7430555562500001 0.7859375 0.7486111109375 0.78828125 0.8 0.79296875 0.852777778125 0.79453125 0.859722221875 0.790625 0.8611111109375 0.7859375 0.852777778125 0.7828125 0.8111111109375001 0.7796875 0.784722221875 0.78125 0.75555555625 0.77890625 0.7458333328125 0.78046875
7 0.8328125 0.73984375 0.0015625 0.003125
7 0.8625 0.79296875 0.872222221875 0.79296875 0.877777778125 0.7890625 0.86944444375 0.7875 0.8625 0.79296875
7 0.89305555625 0.79296875 0.902777778125 0.7953125 0.9041666671874999 0.7890625 0.897222221875 0.7890625 0.89305555625 0.79296875
7 0.85 0.76875 0.8833333328125 0.77109375 0.9166666671874999 0.76875 0.9277777781250001 0.7484375 0.8819444437499999 0.74453125 0.8444444437499999 0.7453125 0.85 0.76875
7 0.9416666671874999 0.6765625 0.9 0.6765625 0.8888888890625 0.69140625 0.8708333328125001 0.69296875 0.85694444375 0.7 0.85694444375 0.70390625 0.8444444437499999 0.7140625 0.8333333328125001 0.73515625 0.85694444375 0.7375 0.9305555562500001 0.7375 0.9416666671874999 0.72265625 0.9444444437499999 0.70078125 0.95555555625 0.68203125 0.952777778125 0.67734375 0.9416666671874999 0.6765625
7 0.8458333328125001 0.87578125 0.85 0.8828125 0.8583333328125 0.88046875 0.86944444375 0.8671875 0.872222221875 0.85625 0.88055555625 0.8484375 0.8791666671874999 0.8375 0.8611111109375 0.83671875 0.85 0.8390625 0.8458333328125001 0.8453125 0.8458333328125001 0.87578125
7 0.9277777781250001 0.859375 0.91944444375 0.85625 0.8958333328125001 0.875 0.8861111109375001 0.89375 0.9069444437499999 0.89765625 0.91944444375 0.896875 0.9291666671875 0.8734375 0.9277777781250001 0.859375
4 0.859722221875 0.47578125 0.86944444375 0.478125 0.852777778125 0.47109375 0.8361111109375001 0.46953125 0.8263888890625 0.4734375 0.7875 0.4734375 0.7861111109375 0.47734375 0.85694444375 0.4796875 0.859722221875 0.47578125
4 0.029166667187500002 0.94921875 0.03194444375 0.94765625 0.029166667187500002 0.946875 0.029166667187500002 0.94921875
4 0.08055555625000001 0.98984375 0.09444444375 0.97421875 0.09444444375 0.9625 0.06805555625000001 0.95234375 0.04444444375 0.9515625 0.04444444375 0.9671875 0.027777778125000003 0.96875 0.025 0.9625 0.029166667187500002 0.9578125 0.0208333328125 0.95546875 0.01805555625 0.94453125 0.002777778125 0.9390625 0.002777778125 0.99296875 0.0083333328125 0.99609375 0.015277778124999999 0.99609375 0.01805555625 0.99921875 0.08055555625000001 0.99921875 0.08055555625000001 0.98984375
4 0.89305555625 0.04453125 0.86944444375 0.0390625 0.859722221875 0.03828125 0.85 0.04296875 0.834722221875 0.04453125 0.834722221875 0.05390625 0.847222221875 0.06328125 0.8458333328125001 0.06640625 0.834722221875 0.0703125 0.85 0.07734375 0.8708333328125001 0.06796875 0.8638888890624999 0.05625 0.88055555625 0.05078125 0.8888888890625 0.05390625 0.89444444375 0.05078125 0.89305555625 0.04453125