2 0.025 0.41944444374999995 0.025 0.46388888906250003 0.0296875 0.46944444374999994 0.040625 0.46666666718750005 0.04296875 0.46388888906250003 0.04296875 0.4486111109375 0.03828125 0.4388888890625 0.0359375 0.42083333281249996 0.025 0.41944444374999995
1 0.3859375 0.28194444375 0.39453125 0.290277778125 0.39375 0.27777777812500004 0.38671875 0.2638888890625 0.38671875 0.1513888890625 0.384375 0.10833333281249999 0.375 0.102777778125 0.3703125 0.10694444375 0.36953125 0.1166666671875 0.37265625 0.1583333328125 0.37265625 0.2541666671875 0.36875 0.2611111109375 0.3609375 0.259722221875 0.3578125 0.2638888890625 0.36875 0.272222221875 0.375 0.28611111093749997 0.3859375 0.28194444375
1 0.46875 0.25 0.46875 0.24305555625 0.45703125 0.23611111093749998 0.45234375 0.2166666671875 0.45625 0.1708333328125 0.45390625 0.140277778125 0.4546875 0.0861111109375 0.44921875 0.08333333281250001 0.44296875 0.0875 0.4421875 0.21805555625 0.43828125 0.22777777812500002 0.43125 0.22638888906250001 0.4296875 0.23055555625 0.4328125 0.2388888890625 0.4390625 0.24305555625 0.46640625 0.2513888890625 0.46875 0.25
6 0.72890625 0.272222221875 0.7390625 0.2791666671875 0.7625 0.275 0.7640625 0.240277778125 0.7609375 0.21805555625 0.76328125 0.215277778125 0.7578125 0.20833333281250002 0.75546875 0.197222221875 0.75 0.1916666671875 0.73671875 0.190277778125 0.7328125 0.18055555625 0.73046875 0.1583333328125 0.7046875 0.15 0.69140625 0.15 0.67890625 0.16805555625 0.66953125 0.16805555625 0.66484375 0.177777778125 0.6609375 0.16805555625 0.65625 0.177777778125 0.65625 0.22638888906250001 0.6625 0.240277778125 0.6859375 0.2416666671875 0.69765625 0.24722222187499998 0.70234375 0.272222221875 0.70859375 0.2833333328125 0.71953125 0.28472222187499996 0.72890625 0.272222221875
6 0.65703125 0.25 0.65546875 0.23055555625 0.63515625 0.2208333328125 0.63671875 0.190277778125 0.60546875 0.17361111093749998 0.5984375 0.15972222187500001 0.57578125 0.1611111109375 0.56875 0.18055555625 0.56640625 0.19583333281249998 0.56875 0.22638888906250001 0.5734375 0.23055555625 0.5765625 0.240277778125 0.59453125 0.25555555625 0.60546875 0.259722221875 0.65 0.25833333281250004 0.65703125 0.25
7 0.84453125 0.1513888890625 0.8848437499999999 0.1513888890625 0.88359375 0.1458333328125 0.8765625 0.14305555625 0.87265625 0.134722221875 0.85 0.1208333328125 0.8421875 0.12222222187500001 0.83984375 0.1375 0.84453125 0.1513888890625
7 0.96953125 0.097222221875 0.96640625 0.09305555625 0.9625 0.102777778125 0.9625 0.11805555625 0.96875 0.109722221875 0.96953125 0.097222221875
7 0.90703125 0.084722221875 0.90625 0.11944444375 0.9234375 0.1291666671875 0.94921875 0.11944444375 0.9546875 0.10138888906250001 0.95390625 0.084722221875 0.93828125 0.072222221875 0.9234375 0.072222221875 0.90703125 0.084722221875
7 0.85703125 0.077777778125 0.85625 0.08055555625000001 0.875 0.102777778125 0.8890625 0.11388888906250001 0.8953125 0.11388888906250001 0.896875 0.08055555625000001 0.86953125 0.07083333281250001 0.8625 0.07083333281250001 0.85703125 0.077777778125
7 0.85078125 0.23611111093749998 0.878125 0.25833333281250004 0.88203125 0.27638888906250003 0.88671875 0.28055555625 0.89609375 0.27638888906250003 0.921875 0.2791666671875 0.93046875 0.26805555625 0.93046875 0.23333333281250002 0.92578125 0.2236111109375 0.915625 0.18194444375000002 0.90390625 0.16805555625 0.88515625 0.15555555625 0.85625 0.15555555625 0.85234375 0.1611111109375 0.8421875 0.15555555625 0.81875 0.15555555625 0.815625 0.1708333328125 0.8140625 0.19305555624999998 0.81796875 0.20555555625 0.81875 0.2208333328125 0.825 0.22916666718749998 0.834375 0.22777777812500002 0.83671875 0.21805555625 0.84765625 0.21944444375 0.85078125 0.23611111093749998
7 0.2125 0.30416666718749996 0.2171875 0.302777778125 0.22109375 0.290277778125 0.22734375 0.28611111093749997 0.2546875 0.28055555625 0.26171875 0.2888888890625 0.2671875 0.28055555625 0.2703125 0.26805555625 0.26875 0.23194444375 0.2359375 0.17361111093749998 0.21875 0.165277778125 0.1890625 0.17361111093749998 0.18125 0.1888888890625 0.1703125 0.1916666671875 0.175 0.20277777812500003 0.171875 0.2486111109375 0.1765625 0.26805555625 0.1890625 0.2666666671875 0.19765625 0.2708333328125 0.2125 0.30416666718749996
7 0.9875 0.26805555625 0.98984375 0.27638888906250003 0.99609375 0.2791666671875 0.99921875 0.27638888906250003 0.99921875 0.2236111109375 0.99453125 0.215277778125 0.98984375 0.21805555625 0.9875 0.26805555625
7 0.96953125 0.25 0.975 0.22638888906250001 0.975 0.20555555625 0.97265625 0.2 0.92890625 0.16944444375 0.92265625 0.16805555625 0.91875 0.17361111093749998 0.91875 0.1916666671875 0.9234375 0.197222221875 0.925 0.2125 0.92890625 0.215277778125 0.93046875 0.23055555625 0.93515625 0.2388888890625 0.9625 0.2416666671875 0.96953125 0.25
7 0.94296875 0.125 0.92734375 0.1263888890625 0.92578125 0.1291666671875 0.93359375 0.1375 0.95078125 0.15 0.9703125 0.15972222187500001 0.98046875 0.15972222187500001 0.9765625 0.14444444375 0.95546875 0.13055555624999998 0.94296875 0.125
7 0.79140625 0.115277778125 0.7859375 0.115277778125 0.784375 0.13055555624999998 0.77734375 0.1375 0.784375 0.14305555625 0.7859375 0.1541666671875 0.79140625 0.1541666671875 0.79375 0.15 0.7953125 0.1291666671875 0.79140625 0.115277778125
7 0.7953125 0.11388888906250001 0.7984375 0.097222221875 0.796875 0.09444444375 0.78828125 0.09444444375 0.78828125 0.1 0.7953125 0.11388888906250001
7 0.76328125 0.0791666671875 0.75078125 0.072222221875 0.74921875 0.07638888906249999 0.7484375 0.11805555625 0.74453125 0.15555555625 0.75 0.1611111109375 0.7625 0.15972222187500001 0.76875 0.1541666671875 0.77109375 0.1375 0.77109375 0.097222221875 0.76328125 0.0791666671875
7 0.73671875 0.15555555625 0.73984375 0.07638888906249999 0.7375 0.06805555625000001 0.7171875 0.055555556250000006 0.7 0.054166667187499996 0.68203125 0.04444444375 0.67734375 0.047222221875 0.6765625 0.055555556250000006 0.675 0.09305555625 0.67734375 0.10138888906250001 0.68515625 0.10833333281249999 0.68828125 0.127777778125 0.70546875 0.14305555625 0.71953125 0.147222221875 0.72578125 0.15555555625 0.73671875 0.15555555625