2 0.03046875 0.46805555625000006 0.0375 0.46805555625000006 0.0390625 0.459722221875 0.0359375 0.42083333281249996 0.025 0.41944444374999995 0.025 0.4583333328125 0.03046875 0.46805555625000006
1 0.38671875 0.2833333328125 0.39375 0.290277778125 0.39375 0.27777777812500004 0.38671875 0.2638888890625 0.38515625 0.2388888890625 0.38671875 0.1111111109375 0.38359375 0.10555555624999999 0.3734375 0.102777778125 0.3703125 0.10694444375 0.36875 0.11805555625 0.37265625 0.1583333328125 0.37265625 0.24722222187499998 0.36875 0.259722221875 0.359375 0.259722221875 0.3578125 0.2638888890625 0.36796875 0.272222221875 0.37578125 0.2888888890625 0.38671875 0.2833333328125
1 0.45234375 0.215277778125 0.45625 0.16944444375 0.45390625 0.1458333328125 0.4546875 0.084722221875 0.45078125 0.08194444375 0.44296875 0.0861111109375 0.4421875 0.215277778125 0.43828125 0.22638888906250001 0.43125 0.22638888906250001 0.4296875 0.23055555625 0.43671875 0.2416666671875 0.46015625 0.2513888890625 0.4609375 0.2388888890625 0.46612817812499996 0.24020715625000003 0.4546875 0.22777777812500002 0.45234375 0.215277778125
6 0.72109375 0.2833333328125 0.72890625 0.2708333328125 0.73671875 0.27777777812500004 0.7625 0.275 0.7640625 0.23611111093749998 0.76171875 0.21805555625 0.75390625 0.19583333281249998 0.73515625 0.1875 0.73046875 0.1583333328125 0.70546875 0.15 0.69140625 0.15 0.68125 0.16388888906250001 0.6703125 0.1666666671875 0.665625 0.172222221875 0.66015625 0.16944444375 0.65625 0.1763888890625 0.65625 0.21805555625 0.66171875 0.2375 0.6640625 0.2416666671875 0.684375 0.2388888890625 0.6984375 0.24722222187499998 0.70234375 0.275 0.70625 0.2833333328125 0.72109375 0.2833333328125
6 0.6546875 0.22916666718749998 0.634375 0.21944444375 0.634375 0.20972222187499998 0.63671875 0.20694444375 0.6359375 0.190277778125 0.60625 0.17361111093749998 0.59765625 0.15972222187500001 0.575 0.1611111109375 0.5671875 0.19305555624999998 0.5671875 0.21805555625 0.5703125 0.22777777812500002 0.57890625 0.24305555625 0.5875 0.24583333281250003 0.5953125 0.25694444375000003 0.65078125 0.25833333281250004 0.65703125 0.2513888890625 0.6546875 0.22916666718749998
7 0.8390625 0.1361111109375 0.8453125 0.1513888890625 0.89296875 0.1541666671875 0.89140625 0.147222221875 0.8484375 0.1208333328125 0.84296875 0.12222222187500001 0.83984375 0.13055555624999998 0.8390625 0.1361111109375
7 0.96171875 0.11805555625 0.96640625 0.115277778125 0.9703125 0.10555555624999999 0.96953125 0.097222221875 0.9625 0.0861111109375 0.95859375 0.0916666671875 0.9515625 0.08055555625000001 0.93828125 0.072222221875 0.92421875 0.072222221875 0.90703125 0.08333333281250001 0.90625 0.11944444375 0.91796875 0.127777778125 0.9234375 0.127777778125 0.9265625 0.12222222187500001 0.9515625 0.11944444375 0.9578125 0.097222221875 0.96171875 0.10138888906250001 0.96171875 0.11805555625
7 0.86015625 0.072222221875 0.85625 0.08055555625000001 0.86328125 0.090277778125 0.8765625 0.1041666671875 0.8953125 0.11388888906250001 0.89765625 0.09305555625 0.89609375 0.08055555625000001 0.8765625 0.072222221875 0.86015625 0.072222221875
7 0.86953125 0.2541666671875 0.87890625 0.25833333281250004 0.88125 0.275 0.8859375 0.28055555625 0.8953125 0.27638888906250003 0.9234375 0.27777777812500004 0.93046875 0.2666666671875 0.93046875 0.23333333281250002 0.9265625 0.22638888906250001 0.91640625 0.1833333328125 0.909375 0.172222221875 0.87890625 0.15555555625 0.85625 0.15555555625 0.85390625 0.15972222187500001 0.8484375 0.15555555625 0.81953125 0.15555555625 0.81640625 0.16805555625 0.815625 0.19305555624999998 0.81875 0.2208333328125 0.8234375 0.22777777812500002 0.83125 0.22916666718749998 0.83671875 0.21805555625 0.846875 0.21805555625 0.85078125 0.23611111093749998 0.86953125 0.2541666671875
7 0.9953125 0.2708333328125 0.99921875 0.2666666671875 0.99921875 0.2208333328125 0.99296875 0.21805555625 0.98828125 0.23472222187499997 0.9875 0.2666666671875 0.9953125 0.2708333328125
7 0.975 0.21805555625 0.9734375 0.20277777812500003 0.928125 0.16944444375 0.92265625 0.16805555625 0.91875 0.17361111093749998 0.91796875 0.1888888890625 0.9234375 0.2 0.9328125 0.23611111093749998 0.9375 0.240277778125 0.9625 0.240277778125 0.96875 0.24583333281250003 0.971875 0.2416666671875 0.975 0.21805555625
7 0.92734375 0.12222222187500001 0.925 0.13055555624999998 0.93515625 0.14305555625 0.95625 0.1458333328125 0.96484375 0.1541666671875 0.98046875 0.15972222187500001 0.975 0.14305555625 0.94296875 0.125 0.92734375 0.12222222187500001
7 0.77734375 0.1375 0.7859375 0.15 0.79140625 0.1513888890625 0.79296875 0.1208333328125 0.7859375 0.1166666671875 0.784375 0.13055555624999998 0.77734375 0.1375
7 0.796875 0.10555555624999999 0.796875 0.0958333328125 0.78828125 0.09305555625 0.7890625 0.10555555624999999 0.79296875 0.109722221875 0.796875 0.10555555624999999
7 0.74921875 0.07638888906249999 0.7484375 0.0875 0.7453125 0.1583333328125 0.7625 0.15972222187500001 0.76875 0.15277777812499999 0.77109375 0.1375 0.77109375 0.0916666671875 0.76875 0.08333333281250001 0.753125 0.075 0.74921875 0.07638888906249999
7 0.72578125 0.15555555625 0.73671875 0.15555555625 0.7390625 0.08333333281250001 0.7375 0.06805555625000001 0.68125 0.04444444375 0.67734375 0.047222221875 0.6765625 0.054166667187499996 0.675 0.09305555625 0.68046875 0.1041666671875 0.68671875 0.10694444375 0.69140625 0.11944444375 0.69140625 0.1291666671875 0.70546875 0.14305555625 0.71953125 0.147222221875 0.72578125 0.15555555625