1 0.44765625 0.08055555625000001 0.4421875 0.0916666671875 0.44140625 0.215277778125 0.4375 0.22638888906250001 0.43125 0.2236111109375 0.42890625 0.23055555625 0.4375 0.24305555625 0.4515625 0.25 0.46875 0.2513888890625 0.46875 0.24305555625 0.4578125 0.23611111093749998 0.45390625 0.22916666718749998 0.45390625 0.184722221875 0.45625 0.16944444375 0.45390625 0.084722221875 0.44765625 0.08055555625000001
1 0.38828125 0.2666666671875 0.3859375 0.2541666671875 0.3859375 0.2166666671875 0.38984375 0.19305555624999998 0.38984375 0.15 0.38515625 0.127777778125 0.384375 0.1041666671875 0.3765625 0.102777778125 0.371875 0.10694444375 0.3703125 0.11944444375 0.37265625 0.1416666671875 0.3703125 0.165277778125 0.3703125 0.1875 0.37265625 0.197222221875 0.371875 0.2541666671875 0.36875 0.259722221875 0.3578125 0.259722221875 0.3578125 0.26527777812500003 0.36875 0.272222221875 0.37578125 0.28611111093749997 0.38671875 0.2833333328125 0.39375 0.290277778125 0.3953125 0.28194444375 0.38828125 0.2666666671875
6 0.75703125 0.2125 0.753125 0.197222221875 0.73515625 0.1875 0.7296875 0.15694444375 0.69140625 0.15 0.67890625 0.16805555625 0.659375 0.16944444375 0.65625 0.17361111093749998 0.6546875 0.1861111109375 0.65390625 0.20833333281250002 0.65625 0.22777777812500002 0.6609375 0.2388888890625 0.6828125 0.2388888890625 0.69765625 0.24722222187499998 0.70234375 0.275 0.7078125 0.2833333328125 0.72109375 0.2833333328125 0.73046875 0.26805555625 0.73828125 0.27777777812500004 0.7625 0.2736111109375 0.7640625 0.24305555625 0.76171875 0.21805555625 0.75703125 0.2125
6 0.625 0.184722221875 0.6109375 0.18055555625 0.59921875 0.16388888906250001 0.59375 0.1611111109375 0.575 0.1611111109375 0.56875 0.17916666718750002 0.56640625 0.19583333281249998 0.56796875 0.222222221875 0.5765625 0.2416666671875 0.5953125 0.25833333281250004 0.65390625 0.25833333281250004 0.65703125 0.2513888890625 0.65625 0.23333333281250002 0.64921875 0.22638888906250001 0.63671875 0.222222221875 0.6328125 0.215277778125 0.63671875 0.20555555625 0.63671875 0.197222221875 0.6328125 0.2 0.625 0.184722221875
7 0.8484375 0.1208333328125 0.83671875 0.1208333328125 0.83984375 0.1416666671875 0.8453125 0.1513888890625 0.88984375 0.1513888890625 0.8734375 0.134722221875 0.85703125 0.1291666671875 0.8484375 0.1208333328125
7 0.96484375 0.11805555625 0.97265625 0.102777778125 0.96328125 0.08333333281250001 0.96171875 0.11805555625 0.96484375 0.11805555625
7 0.9296875 0.1208333328125 0.946875 0.12222222187500001 0.95390625 0.10138888906250001 0.95390625 0.08333333281250001 0.9390625 0.072222221875 0.9234375 0.072222221875 0.9078125 0.08194444375 0.90625 0.11944444375 0.91953125 0.127777778125 0.925 0.127777778125 0.9296875 0.1208333328125
7 0.86015625 0.072222221875 0.85703125 0.08055555625000001 0.8640625 0.090277778125 0.878125 0.10555555624999999 0.89609375 0.115277778125 0.89765625 0.08055555625000001 0.878125 0.072222221875 0.86015625 0.072222221875
7 0.89375 0.28055555625 0.89609375 0.27638888906250003 0.925 0.27777777812500004 0.93046875 0.26527777812500003 0.93046875 0.23472222187499997 0.92578125 0.225 0.915625 0.18194444375000002 0.909375 0.172222221875 0.88125 0.15555555625 0.85625 0.15555555625 0.85234375 0.16805555625 0.84765625 0.1666666671875 0.8484375 0.15972222187500001 0.8421875 0.15555555625 0.82421875 0.15555555625 0.815625 0.172222221875 0.8140625 0.1833333328125 0.81796875 0.2 0.81640625 0.21111111093749999 0.81953125 0.2236111109375 0.8296875 0.22777777812500002 0.83828125 0.20972222187499998 0.840625 0.20972222187499998 0.84921875 0.21805555625 0.84921875 0.23055555625 0.85546875 0.2416666671875 0.878125 0.25833333281250004 0.88125 0.275 0.8859375 0.28055555625 0.89375 0.28055555625
7 0.9625 0.3138888890625 0.9671875 0.30555555624999997 0.96953125 0.25694444375000003 0.96328125 0.26527777812500003 0.9578125 0.28472222187499996 0.95703125 0.30555555624999997 0.9625 0.3138888890625
7 0.99921875 0.3541666671875 0.99921875 0.222222221875 0.99296875 0.222222221875 0.9890625 0.23194444375 0.98046875 0.302777778125 0.978125 0.3291666671875 0.9796875 0.3375 0.9859375 0.34027777812500004 0.99296875 0.3541666671875 0.99921875 0.3541666671875
7 0.93046875 0.23055555625 0.93515625 0.2388888890625 0.940625 0.2388888890625 0.9453125 0.23055555625 0.9625 0.22916666718749998 0.96875 0.2125 0.9703125 0.20277777812500003 0.96640625 0.19444444375 0.9390625 0.17916666718750002 0.9296875 0.16944444375 0.91875 0.16944444375 0.91796875 0.1861111109375 0.93046875 0.23055555625
7 0.959375 0.13194444375 0.93515625 0.1208333328125 0.925 0.12222222187500001 0.925 0.13055555624999998 0.93203125 0.13333333281249998 0.9390625 0.14305555625 0.98046875 0.1583333328125 0.978125 0.1458333328125 0.959375 0.13194444375
7 0.203125 0.14444444375 0.19453125 0.13888888906250002 0.171875 0.1111111109375 0.15 0.109722221875 0.1390625 0.1208333328125 0.13671875 0.127777778125 0.14375 0.13333333281249998 0.146875 0.1583333328125 0.140625 0.16805555625 0.13203125 0.16944444375 0.13203125 0.18055555625 0.14765625 0.18055555625 0.15703125 0.1833333328125 0.1609375 0.1888888890625 0.17421875 0.1875 0.1828125 0.19583333281249998 0.19140625 0.19583333281249998 0.1953125 0.19305555624999998 0.20546875 0.16944444375 0.203125 0.14444444375
7 0.3625 0.1541666671875 0.36484375 0.14305555625 0.36796875 0.147222221875 0.36953125 0.14444444375 0.3671875 0.1291666671875 0.36875 0.109722221875 0.38046875 0.10138888906250001 0.38203125 0.0958333328125 0.378125 0.0375 0.36484375 0.04444444375 0.35546875 0.055555556250000006 0.34296875 0.052777778124999994 0.3375 0.059722221875 0.33359375 0.058333332812500006 0.328125 0.04305555625 0.29296875 0.047222221875 0.2828125 0.052777778124999994 0.2796875 0.06527777812499999 0.28046875 0.077777778125 0.275 0.102777778125 0.275 0.165277778125 0.28203125 0.177777778125 0.2890625 0.172222221875 0.296875 0.17361111093749998 0.30234375 0.1916666671875 0.30625 0.19444444375 0.325 0.19305555624999998 0.3328125 0.165277778125 0.3421875 0.15972222187500001 0.35546875 0.165277778125 0.35625 0.15972222187500001 0.3625 0.1541666671875
7 0.46640625 0.1763888890625 0.4734375 0.1541666671875 0.478125 0.12222222187500001 0.47421875 0.034722221875 0.46796875 0.0111111109375 0.4625 0.006944443749999999 0.43125 0.00555555625 0.4171875 0.013888889062500001 0.3953125 0.019444443750000002 0.3890625 0.029166667187500002 0.38984375 0.0791666671875 0.38671875 0.10138888906250001 0.38828125 0.115277778125 0.3953125 0.13333333281249998 0.39375 0.1541666671875 0.39921875 0.16388888906250001 0.4 0.17916666718750002 0.40703125 0.1833333328125 0.43125 0.17916666718750002 0.4375 0.16805555625 0.43984375 0.1416666671875 0.45546875 0.1416666671875 0.45625 0.17916666718750002 0.46640625 0.1763888890625
7 0.79296875 0.1263888890625 0.78828125 0.12222222187500001 0.78125 0.13888888906250002 0.78984375 0.1513888890625 0.79296875 0.147222221875 0.79296875 0.1263888890625
7 0.7890625 0.09444444375 0.7890625 0.10555555624999999 0.7921875 0.1111111109375 0.78828125 0.115277778125 0.7921875 0.1166666671875 0.796875 0.10833333281249999 0.79765625 0.097222221875 0.7890625 0.09444444375
7 0.7484375 0.0861111109375 0.7453125 0.1583333328125 0.765625 0.1583333328125 0.76953125 0.1416666671875 0.77109375 0.0888888890625 0.76875 0.08194444375 0.75078125 0.075 0.7484375 0.0861111109375
7 0.67890625 0.047222221875 0.6765625 0.055555556250000006 0.67734375 0.10138888906250001 0.6859375 0.10555555624999999 0.69453125 0.1291666671875 0.70859375 0.14305555625 0.71875 0.1458333328125 0.72265625 0.15277777812499999 0.7328125 0.1583333328125 0.7375 0.1541666671875 0.7375 0.1111111109375 0.73984375 0.090277778125 0.73828125 0.06805555625000001 0.71875 0.05694444375 0.6875 0.047222221875 0.67890625 0.047222221875