2 0.41944444374999995 0.975 0.4611111109375 0.975 0.46944444374999994 0.96875 0.46805555625000006 0.96328125 0.4625 0.9609375 0.425 0.96328125 0.41805555625 0.9671875 0.41944444374999995 0.975
1 0.2166666671875 0.5578125 0.22777777812500002 0.56171875 0.22638888906250001 0.56875 0.23055555625 0.5703125 0.24305555625 0.56171875 0.2513888890625 0.53203125 0.2416666671875 0.53203125 0.23472222187499997 0.54375 0.215277778125 0.546875 0.1708333328125 0.54375 0.1458333328125 0.54609375 0.084722221875 0.5453125 0.0875 0.55703125 0.2166666671875 0.5578125
1 0.102777778125 0.62578125 0.115277778125 0.6296875 0.1513888890625 0.62734375 0.252777778125 0.62734375 0.259722221875 0.63125 0.2611111109375 0.640625 0.26527777812500003 0.640625 0.2708333328125 0.6328125 0.2888888890625 0.62265625 0.28472222187499996 0.61171875 0.290277778125 0.60625 0.28194444375 0.6046875 0.2638888890625 0.6125 0.2416666671875 0.61484375 0.109722221875 0.61328125 0.102777778125 0.62578125
6 0.215277778125 0.2375 0.20833333281250002 0.2421875 0.197222221875 0.24453125 0.1916666671875 0.25 0.190277778125 0.26328125 0.15694444375 0.27109375 0.15 0.3078125 0.1666666671875 0.3203125 0.1666666671875 0.328125 0.177777778125 0.334375 0.1763888890625 0.33984375 0.18055555625 0.34375 0.20833333281250002 0.3453125 0.2388888890625 0.33828125 0.24305555625 0.3328125 0.2416666671875 0.3140625 0.24722222187499998 0.30234375 0.272222221875 0.29765625 0.28194444375 0.2921875 0.28472222187499996 0.28046875 0.272222221875 0.27109375 0.2791666671875 0.26015625 0.275 0.23671875 0.23611111093749998 0.2359375 0.2236111109375 0.2390625 0.215277778125 0.2375
6 0.1833333328125 0.38046875 0.17361111093749998 0.39375 0.15972222187500001 0.4015625 0.1611111109375 0.425 0.18055555625 0.43125 0.197222221875 0.43359375 0.22638888906250001 0.43125 0.23333333281250002 0.425 0.2416666671875 0.4234375 0.24722222187499998 0.4125 0.25555555625 0.40625 0.259722221875 0.3953125 0.25833333281250004 0.35 0.2513888890625 0.34296875 0.23611111093749998 0.34296875 0.22777777812500002 0.34609375 0.2208333328125 0.36484375 0.1888888890625 0.36328125 0.1833333328125 0.38046875
7 0.1541666671875 0.1078125 0.147222221875 0.1109375 0.1513888890625 0.11640625 0.1458333328125 0.11796875 0.13055555624999998 0.13359375 0.1208333328125 0.15 0.1208333328125 0.1625 0.134722221875 0.16328125 0.140277778125 0.15859375 0.1513888890625 0.15546875 0.1541666671875 0.1078125
7 0.10138888906250001 0.02578125 0.0888888890625 0.0375 0.0958333328125 0.0359375 0.11805555625 0.03828125 0.11805555625 0.03359375 0.10138888906250001 0.02578125
7 0.097222221875 0.04453125 0.08194444375 0.04765625 0.072222221875 0.06171875 0.072222221875 0.0765625 0.084722221875 0.09296875 0.11944444375 0.09375 0.1291666671875 0.0765625 0.1263888890625 0.06015625 0.11805555625 0.04921875 0.097222221875 0.04453125
7 0.07083333281250001 0.128125 0.07083333281250001 0.1375 0.077777778125 0.14296875 0.08055555625000001 0.14375 0.102777778125 0.125 0.11388888906250001 0.1109375 0.11388888906250001 0.1046875 0.08055555625000001 0.103125 0.07083333281250001 0.128125
7 0.2638888890625 0.06875 0.23333333281250002 0.06953125 0.22638888906250001 0.0734375 0.18055555625 0.084375 0.172222221875 0.090625 0.15555555625 0.11484375 0.1541666671875 0.13515625 0.15972222187500001 0.146875 0.15555555625 0.153125 0.15555555625 0.18046875 0.17361111093749998 0.184375 0.1916666671875 0.1859375 0.2236111109375 0.1796875 0.23055555625 0.1734375 0.23055555625 0.16875 0.21805555625 0.1625 0.21944444375 0.153125 0.23611111093749998 0.14921875 0.252777778125 0.13203125 0.25833333281250004 0.12109375 0.275 0.11875 0.28055555625 0.11328125 0.27638888906250003 0.10390625 0.2791666671875 0.07734375 0.2638888890625 0.06875
7 0.22638888906250001 0.01015625 0.24305555625 0.0125 0.26805555625 0.01171875 0.2791666671875 0.00625 0.27777777812500004 0.00078125 0.222222221875 0.00078125 0.21805555625 0.0078125 0.22638888906250001 0.01015625
7 0.16805555625 0.0765625 0.17361111093749998 0.08125 0.1916666671875 0.08046875 0.19444444375 0.07734375 0.2125 0.07421875 0.215277778125 0.07109375 0.2388888890625 0.06640625 0.2388888890625 0.04609375 0.24444444375000002 0.034375 0.25 0.03125 0.24305555625 0.02734375 0.2125 0.02421875 0.20555555625 0.025 0.197222221875 0.03046875 0.16944444375 0.071875 0.16805555625 0.0765625
7 0.15 0.021875 0.14444444375 0.02578125 0.13055555624999998 0.0453125 0.125 0.0578125 0.127777778125 0.0734375 0.14305555625 0.0578125 0.14305555625 0.05234375 0.1583333328125 0.0296875 0.1583333328125 0.02109375 0.15 0.021875
7 0.10833333281249999 0.20859375 0.1125 0.2140625 0.1291666671875 0.21484375 0.13888888906250002 0.22109375 0.1416666671875 0.21640625 0.15277777812499999 0.21328125 0.15277777812499999 0.2078125 0.140277778125 0.2046875 0.11805555625 0.20546875 0.115277778125 0.203125 0.097222221875 0.2015625 0.09305555625 0.20390625 0.0958333328125 0.2125 0.10833333281249999 0.20859375
7 0.072222221875 0.25 0.1583333328125 0.2546875 0.15972222187500001 0.23515625 0.15555555625 0.23125 0.1375 0.22890625 0.09305555625 0.22890625 0.08194444375 0.23359375 0.072222221875 0.25
7 0.047222221875 0.32109375 0.059722221875 0.3234375 0.09444444375 0.32421875 0.1041666671875 0.31953125 0.109722221875 0.31171875 0.11805555625 0.30859375 0.1291666671875 0.30859375 0.140277778125 0.2984375 0.147222221875 0.28125 0.15555555625 0.2734375 0.1541666671875 0.26328125 0.06944444375 0.2609375 0.058333332812500006 0.27890625 0.054166667187499996 0.3 0.04444444375 0.31796875 0.047222221875 0.32109375
4 0.3111111109375 0.925 0.33194444375 0.9265625 0.36805555624999997 0.9203125 0.40277777812500004 0.91953125 0.40833333281249995 0.915625 0.40138888906250003 0.9109375 0.4138888890625 0.9078125 0.39305555625 0.90546875 0.315277778125 0.90625 0.302777778125 0.9140625 0.29305555625 0.91328125 0.2888888890625 0.915625 0.290277778125 0.91953125 0.30416666718749996 0.9203125 0.3111111109375 0.925