2 0.01328125 0.43194444374999996 0.0140625 0.47083333281249995 0.01796875 0.477777778125 0.025 0.477777778125 0.0328125 0.46666666718750005 0.0296875 0.4458333328125 0.0234375 0.425 0.01875 0.425 0.01328125 0.43194444374999996
1 0.4015625 0.28055555625 0.3875 0.26527777812500003 0.38515625 0.25694444375000003 0.3828125 0.10555555624999999 0.3796875 0.1 0.3703125 0.10555555624999999 0.371875 0.2541666671875 0.35703125 0.2541666671875 0.36015625 0.25555555625 0.3631990140625 0.269078946875 0.36640625 0.2708333328125 0.36875 0.2791666671875 0.37578125 0.28611111093749997 0.3875 0.28055555625 0.40078125 0.2888888890625 0.4015625 0.28055555625
1 0.46953125 0.24305555625 0.46015625 0.23611111093749998 0.45859375 0.2388888890625 0.45859375 0.2513888890625 0.46953125 0.25 0.46953125 0.24305555625
1 0.42734375 0.23333333281250002 0.43203125 0.22916666718749998 0.43203125 0.240277778125 0.44140625 0.240277778125 0.4390625 0.2236111109375 0.43515625 0.22916666718749998 0.4265625 0.22638888906250001 0.42734375 0.23333333281250002
1 0.44453125 0.08055555625000001 0.4421875 0.0861111109375 0.44296875 0.21805555625 0.44921875 0.215277778125 0.45234375 0.20555555625 0.45234375 0.18194444375000002 0.4546875 0.172222221875 0.4546875 0.090277778125 0.4515625 0.08055555625000001 0.44453125 0.08055555625000001
7 0.8484375 0.11944444375 0.8375 0.12222222187500001 0.83671875 0.13333333281249998 0.83984375 0.1513888890625 0.8484375 0.15555555625 0.88125 0.1513888890625 0.87890625 0.14305555625 0.8671875 0.13055555624999998 0.85625 0.127777778125 0.8484375 0.11944444375
7 0.85546875 0.08055555625000001 0.87578125 0.10555555624999999 0.89375 0.11388888906250001 0.89609375 0.08055555625000001 0.87265625 0.07083333281250001 0.8609375 0.07083333281250001 0.85625 0.07638888906249999 0.85546875 0.08055555625000001
7 0.88671875 0.28055555625 0.90703125 0.27638888906250003 0.91484375 0.2486111109375 0.9265625 0.23055555625 0.91640625 0.1833333328125 0.90546875 0.16805555625 0.88515625 0.15555555625 0.81875 0.15555555625 0.81953125 0.1861111109375 0.84375 0.215277778125 0.8484375 0.2166666671875 0.85 0.23472222187499997 0.853125 0.240277778125 0.878125 0.25833333281250004 0.88203125 0.27638888906250003 0.88671875 0.28055555625
7 0.97890625 0.34027777812500004 0.99921875 0.33888888906250003 0.99921875 0.26805555625 0.99375 0.259722221875 0.98671875 0.259722221875 0.9828125 0.275 0.98046875 0.30416666718749996 0.97890625 0.34027777812500004
7 0.96953125 0.24583333281250003 0.94296875 0.23194444375 0.93046875 0.23194444375 0.91953125 0.24305555625 0.9125 0.2625 0.9078125 0.2958333328125 0.91953125 0.32083333281250004 0.92734375 0.3291666671875 0.9421875 0.33055555625 0.95 0.3513888890625 0.9578125 0.35555555625 0.9671875 0.30416666718749996 0.96953125 0.24583333281250003
7 0.9140625 0.165625 0.00078125 0.003125
7 0.9671875 0.127777778125 0.975 0.10555555624999999 0.97421875 0.0958333328125 0.96640625 0.090277778125 0.96171875 0.09305555625 0.96171875 0.127777778125 0.9671875 0.127777778125
7 0.95390625 0.10555555624999999 0.95234375 0.08194444375 0.93828125 0.072222221875 0.92578125 0.07083333281250001 0.90625 0.08333333281250001 0.90234375 0.09305555625 0.90625 0.102777778125 0.90546875 0.11805555625 0.91953125 0.127777778125 0.9296875 0.1291666671875 0.93046875 0.125 0.9484375 0.1208333328125 0.95390625 0.10555555624999999
7 0.84921875 0.23611111093749998 0.84453125 0.21944444375 0.83359375 0.21805555625 0.83046875 0.1986111109375 0.81875 0.190277778125 0.8171875 0.17361111093749998 0.81796875 0.1861111109375 0.8125 0.19583333281249998 0.81171875 0.20972222187499998 0.8109375 0.2638888890625 0.81328125 0.259722221875 0.8203125 0.2708333328125 0.83671875 0.2708333328125 0.84140625 0.27777777812500004 0.846875 0.26805555625 0.8484375 0.25833333281250004 0.84921875 0.23611111093749998
7 0.76875 0.15694444375 0.759375 0.1541666671875 0.74921875 0.1611111109375 0.7375 0.1861111109375 0.73671875 0.2166666671875 0.7390625 0.222222221875 0.74453125 0.22638888906250001 0.753125 0.222222221875 0.7671875 0.22638888906250001 0.76875 0.19583333281249998 0.7734375 0.1875 0.76875 0.15694444375
7 0.78046875 0.177777778125 0.7796875 0.2513888890625 0.7859375 0.25694444375000003 0.790625 0.23611111093749998 0.79296875 0.1666666671875 0.7953125 0.1541666671875 0.79375 0.14305555625 0.78515625 0.140277778125 0.78046875 0.177777778125
7 0.98828125 0.23472222187499997 0.98828125 0.2541666671875 0.996875 0.25694444375000003 0.99921875 0.25555555625 0.99921875 0.22638888906250001 0.99453125 0.21805555625 0.99140625 0.21805555625 0.98828125 0.23472222187499997
7 0.96953125 0.197222221875 0.92890625 0.16944444375 0.9203125 0.16805555625 0.91875 0.172222221875 0.91875 0.1888888890625 0.92890625 0.2125 0.93046875 0.22777777812500002 0.9484375 0.23194444375 0.96796875 0.24305555625 0.971875 0.240277778125 0.97421875 0.20555555625 0.96953125 0.197222221875
7 0.96328125 0.13888888906250002 0.96015625 0.13333333281249998 0.94375 0.125 0.9314453125 0.125 0.93125 0.13194444375 0.92734375 0.125 0.925 0.1291666671875 0.94609375 0.14305555625 0.95625 0.15555555625 0.96875 0.1611111109375 0.9796875 0.1583333328125 0.9796875 0.1513888890625 0.9765625 0.1458333328125 0.96328125 0.13888888906250002
7 0.7421875 0.16805555625 0.7390625 0.165277778125 0.7375 0.16805555625 0.7421875 0.16805555625
7 0.79296875 0.1111111109375 0.7953125 0.097222221875 0.7890625 0.09444444375 0.78828125 0.102777778125 0.7921875 0.10555555624999999 0.79296875 0.1111111109375
7 0.7453125 0.07638888906249999 0.74765625 0.0888888890625 0.7453125 0.10138888906250001 0.74453125 0.15555555625 0.76875 0.1513888890625 0.77109375 0.10555555624999999 0.76796875 0.08194444375 0.75078125 0.072222221875 0.7453125 0.07638888906249999
7 0.72265625 0.058333332812500006 0.7015625 0.055555556250000006 0.68203125 0.04444444375 0.67734375 0.047222221875 0.6765625 0.05694444375 0.6765625 0.1 0.6890625 0.109722221875 0.6921875 0.1291666671875 0.7 0.14305555625 0.7359375 0.16805555625 0.7375 0.10555555624999999 0.74140625 0.072222221875 0.72265625 0.058333332812500006
4 0.17421875 0.16944444375 0.16875 0.15555555625 0.16328125 0.15555555625 0.1625 0.15972222187500001 0.16171875 0.1833333328125 0.16875 0.20833333281250002 0.16796875 0.23194444375 0.16953125 0.22777777812500002 0.178125 0.23055555625 0.178125 0.222222221875 0.17421875 0.2138888890625 0.17421875 0.16944444375
4 0.08203125 0.1625 0.08515625 0.14305555625 0.0875 0.084722221875 0.0796875 0.05694444375 0.07578125 0.05694444375 0.0734375 0.0638888890625 0.075 0.072222221875 0.0703125 0.0916666671875 0.07265625 0.097222221875 0.075 0.127777778125 0.075 0.1763888890625 0.08125 0.17916666718750002 0.08671875 0.17361111093749998 0.08203125 0.1625
4 0.16796875 0.26527777812500003 0.16796875 0.27777777812500004 0.16875 0.2708333328125 0.1734375 0.27777777812500004 0.17265625 0.2611111109375 0.16640625 0.2416666671875 0.16640625 0.20555555625 0.15703125 0.18194444375000002 0.153125 0.1833333328125 0.15546875 0.20277777812500003 0.1546875 0.24305555625 0.153125 0.2638888890625 0.14765625 0.28055555625 0.15625 0.28055555625 0.1578125 0.2611111109375 0.1609375 0.2541666671875 0.16796875 0.26527777812500003
4 0.45078125 0.309722221875 0.45078125 0.33055555625 0.46171875 0.33194444375 0.45703125 0.3166666671875 0.45625 0.2625 0.45859375 0.240277778125 0.45625 0.22777777812500002 0.45859375 0.2138888890625 0.45625 0.20694444375 0.45234375 0.20694444375 0.44765625 0.21805555625 0.4421875 0.21805555625 0.44140625 0.24444444375000002 0.4453125 0.28194444375 0.43515625 0.302777778125 0.43515625 0.3083333328125 0.43828125 0.31805555625 0.44375 0.30555555624999997 0.4484375 0.30416666718749996 0.45078125 0.309722221875