0 0.5046875 0.26805555625 0.50859375 0.27777777812500004 0.51640625 0.26805555625 0.51796875 0.2541666671875 0.5140625 0.2236111109375 0.509375 0.20972222187499998 0.50546875 0.20694444375 0.5046875 0.26805555625
0 0.3796875 0.1 0.38203125 0.1041666671875 0.384375 0.14444444375 0.384375 0.222222221875 0.38671875 0.252777778125 0.4328125 0.272222221875 0.4375 0.27777777812500004 0.43984375 0.29305555625 0.45 0.30555555624999997 0.46015625 0.302777778125 0.46328125 0.29305555625 0.4765625 0.2888888890625 0.47890625 0.2513888890625 0.48203125 0.24305555625 0.47890625 0.2125 0.47890625 0.1458333328125 0.46015625 0.1111111109375 0.453125 0.10555555624999999 0.42734375 0.10138888906250001 0.425 0.097222221875 0.36171875 0.0861111109375 0.33828125 0.09444444375 0.3328125 0.10555555624999999 0.33125 0.1208333328125 0.33125 0.21944444375 0.353125 0.23333333281250002 0.35625 0.25 0.359375 0.2541666671875 0.36640625 0.25555555625 0.36953125 0.25 0.36953125 0.10555555624999999 0.3796875 0.1
2 0.015625 0.427777778125 0.0125 0.43333333281249997 0.01328125 0.46527777812500004 0.0171875 0.4763888890625 0.02421875 0.477777778125 0.03203125 0.46805555625000006 0.0296875 0.4458333328125 0.0234375 0.425 0.015625 0.427777778125
1 0.3828125 0.28055555625 0.40078125 0.2888888890625 0.4015625 0.28055555625 0.39140625 0.26805555625 0.38515625 0.2541666671875 0.3828125 0.20972222187499998 0.3828125 0.10138888906250001 0.37734375 0.1 0.36953125 0.10555555624999999 0.371875 0.19305555624999998 0.3703125 0.25555555625 0.359375 0.25833333281250004 0.35703125 0.2666666671875 0.36640625 0.2708333328125 0.37578125 0.2888888890625 0.3796875 0.2888888890625 0.3828125 0.28055555625
6 0.77890625 0.2736111109375 0.78203125 0.27638888906250003 0.7875 0.26527777812500003 0.78828125 0.23333333281250002 0.78515625 0.21805555625 0.78125 0.21805555625 0.7796875 0.22916666718749998 0.77890625 0.2736111109375
6 0.78203125 0.2138888890625 0.784375 0.2125 0.78203125 0.20972222187499998 0.78203125 0.2138888890625
6 0.78125 0.16805555625 0.7796875 0.18055555625 0.78203125 0.1833333328125 0.784375 0.18055555625 0.78125 0.16805555625
6 0.77421875 0.1708333328125 0.76875 0.16805555625 0.77109375 0.17361111093749998 0.77421875 0.1708333328125
6 0.78125 0.165625 0.00078125 0.003125
6 0.7109375 0.2388888890625 0.71796875 0.2166666671875 0.721875 0.2166666671875 0.72890625 0.23194444375 0.73125 0.2666666671875 0.7375 0.27638888906250003 0.74296875 0.27777777812500004 0.75 0.26527777812500003 0.75 0.24444444375000002 0.7546875 0.240277778125 0.7625 0.24305555625 0.76640625 0.23194444375 0.76875 0.18055555625 0.7609375 0.1708333328125 0.76171875 0.15972222187500001 0.7578125 0.1416666671875 0.75625 0.11388888906250001 0.75 0.10555555624999999 0.728125 0.0958333328125 0.70703125 0.097222221875 0.70234375 0.10555555624999999 0.6984375 0.14305555625 0.68828125 0.15555555625 0.68359375 0.16944444375 0.6875 0.17916666718750002 0.6890625 0.22638888906250001 0.69453125 0.2388888890625 0.70703125 0.2416666671875 0.7109375 0.2388888890625
7 0.90546875 0.27777777812500004 0.9109375 0.2666666671875 0.9140625 0.2486111109375 0.9265625 0.23055555625 0.915625 0.18194444375000002 0.90625 0.16944444375 0.890625 0.1583333328125 0.85546875 0.15555555625 0.85078125 0.1666666671875 0.84921875 0.15972222187500001 0.8390625 0.15555555625 0.81875 0.15555555625 0.8171875 0.15972222187500001 0.81640625 0.17916666718750002 0.83125 0.197222221875 0.83828125 0.2138888890625 0.84921875 0.2166666671875 0.8546875 0.2416666671875 0.878125 0.25833333281250004 0.8828125 0.27777777812500004 0.90546875 0.27777777812500004
7 0.99921875 0.33888888906250003 0.99921875 0.26805555625 0.99375 0.259722221875 0.9875 0.259722221875 0.98203125 0.2791666671875 0.97890625 0.34027777812500004 0.99921875 0.33888888906250003
7 0.96640625 0.30694444375 0.96953125 0.24583333281250003 0.9421875 0.23194444375 0.93046875 0.23194444375 0.91796875 0.24583333281250003 0.9078125 0.28611111093749997 0.90703125 0.29444444375 0.9203125 0.322222221875 0.925 0.32777777812500003 0.9421875 0.33055555625 0.94921875 0.35 0.95625 0.35555555625 0.96015625 0.34722222187499996 0.96640625 0.30694444375
7 0.85078125 0.1208333328125 0.8375 0.12222222187500001 0.83515625 0.1361111109375 0.84375 0.15277777812499999 0.8859375 0.15 0.884375 0.14444444375 0.87578125 0.140277778125 0.8734375 0.134722221875 0.85625 0.127777778125 0.85078125 0.1208333328125
7 0.95859375 0.13055555624999998 0.9671875 0.13194444375 0.975 0.10694444375 0.975 0.097222221875 0.96640625 0.0861111109375 0.9625 0.0861111109375 0.96015625 0.10138888906250001 0.95859375 0.13055555624999998
7 0.95234375 0.11388888906250001 0.95390625 0.0861111109375 0.9390625 0.072222221875 0.9265625 0.07083333281250001 0.90625 0.08194444375 0.90078125 0.097222221875 0.90546875 0.10138888906250001 0.9046875 0.11805555625 0.9078125 0.1208333328125 0.92734375 0.1291666671875 0.93125 0.12222222187500001 0.94921875 0.1208333328125 0.95234375 0.11388888906250001
7 0.85703125 0.0736111109375 0.85625 0.08055555625000001 0.875 0.1041666671875 0.8890625 0.11388888906250001 0.89765625 0.11388888906250001 0.89765625 0.08055555625000001 0.875 0.07083333281250001 0.86484375 0.06944444375 0.85703125 0.0736111109375
7 0.99296875 0.25694444375000003 0.99921875 0.25555555625 0.99921875 0.22777777812500002 0.9921875 0.222222221875 0.98828125 0.23472222187499997 0.9875 0.252777778125 0.99296875 0.25694444375000003
7 0.92890625 0.16944444375 0.91953125 0.16944444375 0.91875 0.1875 0.92421875 0.20416666718749998 0.92890625 0.20833333281250002 0.93046875 0.22777777812500002 0.9703125 0.2416666671875 0.97421875 0.20555555625 0.96953125 0.197222221875 0.92890625 0.16944444375
7 0.97890625 0.1513888890625 0.975 0.14444444375 0.96015625 0.13333333281249998 0.94296875 0.125 0.93125 0.125 0.9296875 0.13055555624999998 0.92734375 0.125 0.925 0.1291666671875 0.9421875 0.14305555625 0.946875 0.14305555625 0.95 0.15 0.9578125 0.15555555625 0.971875 0.1611111109375 0.97890625 0.1583333328125 0.97890625 0.1513888890625