2 0.5513888890625 0.03046875 0.575 0.0234375 0.5708333328124999 0.01484375 0.5666666671875 0.0125 0.527777778125 0.0140625 0.522222221875 0.01796875 0.522222221875 0.025 0.5319444437499999 0.0328125 0.5513888890625 0.03046875
1 0.9 0.3796875 0.89444444375 0.3703125 0.7458333328125 0.371875 0.7402777781250001 0.36796875 0.7402777781250001 0.36171875 0.7458333328125 0.35703125 0.7375 0.35546875 0.7291666671875 0.36640625 0.7208333328125 0.36875 0.7138888890625 0.375 0.7194444437499999 0.38828125 0.7111111109375 0.40078125 0.7194444437499999 0.4015625 0.7430555562500001 0.38515625 0.89444444375 0.3828125 0.9 0.3796875
1 0.827777778125 0.4546875 0.915277778125 0.45390625 0.91944444375 0.4515625 0.915277778125 0.4421875 0.7861111109375 0.44140625 0.7736111109375 0.43828125 0.7736111109375 0.42734375 0.76944444375 0.42734375 0.772222221875 0.43359375 0.7625 0.43125 0.7569444437499999 0.4375 0.75 0.45234375 0.7486111109375 0.46875 0.7583333328124999 0.46796875 0.765277778125 0.45546875 0.7805555562500001 0.45234375 0.8208333328125 0.45234375 0.827777778125 0.4546875
7 0.8444444437499999 0.884375 0.8458333328125001 0.86171875 0.840277778125 0.853125 0.8444444437499999 0.84375 0.8444444437499999 0.81953125 0.81805555625 0.81953125 0.7958333328125 0.83359375 0.7833333328125 0.8484375 0.765277778125 0.85 0.7583333328124999 0.8546875 0.7416666671875001 0.878125 0.725 0.88125 0.7208333328125 0.8859375 0.7236111109375 0.90703125 0.7513888890625 0.9140625 0.76944444375 0.9265625 0.81805555625 0.915625 0.83194444375 0.9046875 0.8444444437499999 0.884375
7 0.675 0.97890625 0.6569444437499999 0.9796875 0.6611111109375 0.99921875 0.7333333328125 0.99921875 0.7402777781250001 0.99375 0.7402777781250001 0.9875 0.722222221875 0.9828125 0.675 0.97890625
7 0.66944444375 0.94296875 0.65 0.94921875 0.64444444375 0.95703125 0.6972222218749999 0.9671875 0.7541666671875 0.96953125 0.76805555625 0.9421875 0.7666666671875 0.92734375 0.7430555562500001 0.91328125 0.7111111109375 0.9078125 0.70555555625 0.90703125 0.672222221875 0.92421875 0.66944444375 0.94296875
7 0.8680555562500001 0.7875 0.8625 0.7921875 0.875 0.79375 0.8791666671874999 0.790625 0.8958333328125001 0.796875 0.902777778125 0.796875 0.9055555562500001 0.79375 0.9055555562500001 0.7875 0.89444444375 0.7875 0.8916666671875 0.79140625 0.8680555562500001 0.7875
7 0.9305555562500001 0.84296875 0.9444444437499999 0.8421875 0.95 0.8375 0.9333333328125001 0.83671875 0.9305555562500001 0.84296875
7 0.9486111109375001 0.8265625 0.95694444375 0.8265625 0.95694444375 0.82421875 0.9444444437499999 0.82421875 0.9486111109375001 0.8265625
7 0.95555555625 0.7890625 0.959722221875 0.7703125 0.95694444375 0.76875 0.95555555625 0.7890625
7 0.777777778125 0.9921875 0.7666666671875 0.98828125 0.7458333328125 0.98828125 0.74444444375 0.99921875 0.772222221875 0.99921875 0.777777778125 0.9921875
7 0.8194444437499999 0.99609375 0.8263888890625 0.99453125 0.8166666671874999 0.99296875 0.8194444437499999 0.99609375
7 0.8027777781250001 0.96953125 0.83055555625 0.92890625 0.8291666671875 0.91875 0.809722221875 0.91875 0.784722221875 0.9296875 0.772222221875 0.93046875 0.7583333328124999 0.9703125 0.79305555625 0.97421875 0.8027777781250001 0.96953125
7 0.8708333328125001 0.925 0.8666666671875 0.934375 0.85694444375 0.9421875 0.85694444375 0.946875 0.8444444437499999 0.95703125 0.8361111109375001 0.975 0.840277778125 0.97890625 0.8486111109375001 0.97890625 0.85555555625 0.975 0.8611111109375 0.96328125 0.86944444375 0.95625 0.877777778125 0.93515625 0.8736111109375001 0.92578125 0.8708333328125001 0.925
7 0.809722221875 0.81953125 0.8263888890625 0.8171875 0.8111111109375001 0.815625 0.8055555562500001 0.8125 0.7458333328125 0.81015625 0.7458333328125 0.8171875 0.7375 0.8171875 0.73055555625 0.8203125 0.73055555625 0.83671875 0.7236111109375 0.84140625 0.7361111109375 0.84765625 0.7638888890625 0.8484375 0.7763888890625 0.84140625 0.7763888890625 0.8375 0.784722221875 0.83125 0.7958333328125 0.83125 0.8027777781250001 0.82890625 0.809722221875 0.81953125
7 0.777777778125 0.7390625 0.7736111109375 0.74921875 0.7791666671875 0.7546875 0.772222221875 0.76640625 0.8041666671875 0.76875 0.809722221875 0.7734375 0.8166666671874999 0.77421875 0.8416666671874999 0.76796875 0.847222221875 0.76015625 0.8361111109375001 0.74609375 0.809722221875 0.73671875 0.7833333328125 0.73671875 0.777777778125 0.7390625
7 0.8583333328125 0.7921875 0.8611111109375 0.7859375 0.8444444437499999 0.78125 0.7541666671875 0.77890625 0.74444444375 0.78125 0.7430555562500001 0.7859375 0.7638888890625 0.790625 0.85 0.7953125 0.8583333328125 0.7921875
7 0.89444444375 0.79296875 0.902777778125 0.79375 0.9 0.7890625 0.89444444375 0.79296875
7 0.8444444437499999 0.7546875 0.85 0.7578125 0.85 0.7671875 0.8708333328125001 0.7703125 0.9138888890624999 0.76875 0.9277777781250001 0.7515625 0.925 0.74609375 0.909722221875 0.74765625 0.85694444375 0.74375 0.847222221875 0.7453125 0.8444444437499999 0.7546875
7 0.89305555625 0.6875 0.8708333328125001 0.69296875 0.85694444375 0.7 0.834722221875 0.73515625 0.897222221875 0.7375 0.9277777781250001 0.74140625 0.9416666671874999 0.72265625 0.9444444437499999 0.70078125 0.95555555625 0.68203125 0.952777778125 0.67734375 0.9444444437499999 0.6765625 0.8986111109375001 0.6765625 0.89305555625 0.6875
7 0.8486111109375001 0.8578125 0.8458333328125001 0.87578125 0.85 0.88203125 0.8652777781250001 0.87265625 0.8708333328125001 0.8578125 0.877777778125 0.853125 0.877777778125 0.8375 0.8652777781250001 0.83671875 0.8486111109375001 0.83984375 0.8444444437499999 0.853125 0.8486111109375001 0.8578125
7 0.9291666671875 0.859375 0.91944444375 0.85625 0.9111111109375001 0.8625 0.89444444375 0.8765625 0.8861111109375001 0.89375 0.91944444375 0.89609375 0.9277777781250001 0.87890625 0.9291666671875 0.859375
4 0.8430555562500001 0.6625 0.8416666671874999 0.66796875 0.8916666671875 0.671875 0.9083333328125001 0.6671875 0.909722221875 0.6609375 0.8666666671875 0.66171875 0.8680555562500001 0.66796875 0.8583333328125 0.66796875 0.8541666671874999 0.6625 0.8430555562500001 0.6625
4 0.9069444437499999 0.3375 0.89305555625 0.33359375 0.8486111109375001 0.33359375 0.8458333328125001 0.3453125 0.875 0.34296875 0.9 0.3453125 0.9083333328125001 0.34296875 0.9069444437499999 0.3375