0 0.9930555562500001 1 0.9638888890624999 0.89765625 0.95555555625 0.87890625 0.94305555625 0.87265625 0.9513888890625 0.8671875 0.95555555625 0.85703125 0.9680555562500001 0.84609375 0.9694444437499999 0.83046875 0.9638888890624999 0.8125 0.9472222218749999 0.8015625 0.9138888890624999 0.79375 0.8888888890625 0.77109375 0.8625 0.765625 0.7888888890625 0.77109375 0.722222221875 0.784375 0.6944444437499999 0.8 0.68194444375 0.8140625 0.6791666671875001 0.89765625 0.6666666671875 0.903125 0.6625 0.90234375 0.659722221875 0.89453125 0.6458333328125 0.8984375 0.6541666671875 0.90625 0.6625 0.90859375 0.647222221875 0.91953125 0.5861111109375 0.95078125 0.5916666671875 0.95078125 0.6180555562500001 0.9375 0.6569444437499999 0.93515625 0.659722221875 0.98046875 0.665277778125 1 0.9930555562500001 1
2 0.42083333281249996 0.97578125 0.4611111109375 0.975 0.46805555625000006 0.971875 0.46805555625000006 0.96328125 0.46388888906250003 0.9609375 0.42222222187499997 0.96328125 0.41805555625 0.96640625 0.42083333281249996 0.97578125
1 0.1583333328125 0.61484375 0.1541666671875 0.61171875 0.1416666671875 0.6140625 0.1111111109375 0.6140625 0.1041666671875 0.61953125 0.1041666671875 0.628125 0.1125 0.63125 0.15972222187500001 0.62734375 0.2513888890625 0.62734375 0.259722221875 0.63125 0.259722221875 0.640625 0.2638888890625 0.6421875 0.2708333328125 0.6328125 0.2888888890625 0.62265625 0.28194444375 0.6140625 0.290277778125 0.60625 0.2833333328125 0.6046875 0.2625 0.61328125 0.2375 0.61484375 0.197222221875 0.6125 0.1583333328125 0.61484375
1 0.0861111109375 0.55703125 0.215277778125 0.5578125 0.22638888906250001 0.56171875 0.22638888906250001 0.56953125 0.23055555625 0.5703125 0.2388888890625 0.5671875 0.24305555625 0.56171875 0.2513888890625 0.53203125 0.24305555625 0.53125 0.23472222187499997 0.54375 0.2166666671875 0.54765625 0.16805555625 0.54375 0.14861111093749999 0.54609375 0.08333333281250001 0.54609375 0.0861111109375 0.55703125
6 0.19583333281249998 0.24609375 0.1875 0.26484375 0.1583333328125 0.26953125 0.147222221875 0.30546875 0.15555555625 0.31484375 0.165277778125 0.31875 0.172222221875 0.33515625 0.16805555625 0.3390625 0.172222221875 0.34296875 0.2166666671875 0.34375 0.2416666671875 0.3359375 0.24305555625 0.325 0.2388888890625 0.3171875 0.24722222187499998 0.303125 0.252777778125 0.3 0.275 0.29765625 0.28472222187499996 0.28828125 0.28472222187499996 0.28125 0.27638888906250003 0.27421875 0.27777777812500004 0.246875 0.2736111109375 0.2375 0.2166666671875 0.2375 0.19583333281249998 0.24609375
6 0.15972222187500001 0.40234375 0.1611111109375 0.42421875 0.18055555625 0.43125 0.20833333281250002 0.43359375 0.22916666718749998 0.43046875 0.240277778125 0.4234375 0.24722222187499998 0.41171875 0.25833333281250004 0.40234375 0.25833333281250004 0.34921875 0.2513888890625 0.34296875 0.22916666718749998 0.3453125 0.222222221875 0.36328125 0.215277778125 0.3671875 0.20555555625 0.36328125 0.1916666671875 0.36328125 0.17361111093749998 0.39296875 0.15972222187500001 0.40234375
7 0.1541666671875 0.10703125 0.147222221875 0.10859375 0.14305555625 0.11953125 0.134722221875 0.12578125 0.125 0.14921875 0.1208333328125 0.1515625 0.12361111093749999 0.1578125 0.13055555624999998 0.1578125 0.1361111109375 0.1609375 0.1513888890625 0.15546875 0.1541666671875 0.10703125
7 0.115277778125 0.03359375 0.10138888906250001 0.028125 0.0888888890625 0.0375 0.11805555625 0.0375 0.115277778125 0.03359375
7 0.127777778125 0.0765625 0.12222222187500001 0.0734375 0.12222222187500001 0.05234375 0.11805555625 0.0484375 0.102777778125 0.0453125 0.08333333281250001 0.04609375 0.072222221875 0.06171875 0.072222221875 0.07734375 0.084722221875 0.09296875 0.11944444375 0.09375 0.127777778125 0.08046875 0.127777778125 0.0765625
7 0.07083333281250001 0.13046875 0.07083333281250001 0.1375 0.077777778125 0.14296875 0.08055555625000001 0.14375 0.102777778125 0.125 0.11388888906250001 0.11015625 0.11388888906250001 0.1046875 0.08055555625000001 0.103125 0.07083333281250001 0.13046875
7 0.2666666671875 0.06953125 0.23333333281250002 0.06953125 0.2208333328125 0.075 0.18055555625 0.084375 0.172222221875 0.090625 0.15555555625 0.11953125 0.15555555625 0.14375 0.15972222187500001 0.146875 0.15555555625 0.1515625 0.15555555625 0.18046875 0.1625 0.1828125 0.1875 0.1859375 0.2208333328125 0.18125 0.22916666718749998 0.17578125 0.22777777812500002 0.165625 0.21805555625 0.1625 0.21805555625 0.153125 0.23611111093749998 0.14921875 0.2541666671875 0.13046875 0.25833333281250004 0.12109375 0.275 0.11875 0.28055555625 0.11328125 0.27638888906250003 0.10390625 0.27777777812500004 0.075 0.2666666671875 0.06953125
7 0.28055555625 0.00546875 0.27638888906250003 0.00078125 0.21944444375 0.00078125 0.21805555625 0.0078125 0.23194444375 0.0109375 0.2708333328125 0.0125 0.28055555625 0.00546875
7 0.20138888906250002 0.07578125 0.2125 0.075 0.23611111093749998 0.0671875 0.240277778125 0.0625 0.240277778125 0.0375 0.24583333281250003 0.0296875 0.2236111109375 0.025 0.20277777812500003 0.0265625 0.16944444375 0.07109375 0.16805555625 0.078125 0.175 0.08125 0.1916666671875 0.08125 0.20138888906250002 0.07578125
7 0.14305555625 0.0234375 0.1263888890625 0.05390625 0.12361111093749999 0.0734375 0.13055555624999998 0.075 0.14305555625 0.06328125 0.1458333328125 0.04609375 0.1541666671875 0.03671875 0.15972222187500001 0.01953125 0.14305555625 0.0234375
7 0.1208333328125 0.2140625 0.13194444375 0.21484375 0.13888888906250002 0.21953125 0.14305555625 0.215625 0.1513888890625 0.2140625 0.1513888890625 0.20703125 0.1208333328125 0.20703125 0.1208333328125 0.2140625
7 0.102777778125 0.2109375 0.10833333281249999 0.20703125 0.10694444375 0.20390625 0.097222221875 0.20234375 0.09305555625 0.20859375 0.09305555625 0.21171875 0.102777778125 0.2109375
7 0.15972222187500001 0.23828125 0.1513888890625 0.23125 0.09305555625 0.22890625 0.08055555625000001 0.23359375 0.07638888906249999 0.25078125 0.1583333328125 0.2546875 0.15972222187500001 0.23828125
7 0.0458333328125 0.32265625 0.052777778124999994 0.3234375 0.09305555625 0.325 0.1041666671875 0.31953125 0.10833333281249999 0.3125 0.1291666671875 0.3109375 0.1416666671875 0.29765625 0.1458333328125 0.28203125 0.15555555625 0.2734375 0.15555555625 0.26328125 0.075 0.2609375 0.06805555625000001 0.2625 0.055555556250000006 0.284375 0.054166667187499996 0.2984375 0.04444444375 0.3171875 0.0458333328125 0.32265625