2 0.96953125 0.5513888890625 0.97578125 0.5736111109375 0.984375 0.5722222218749999 0.9875 0.5666666671875 0.98671875 0.5319444437499999 0.98359375 0.5236111109375 0.975 0.522222221875 0.9671875 0.5333333328125 0.96953125 0.5513888890625
1 0.61328125 0.8083333328125001 0.615625 0.8111111109375001 0.6171875 0.89444444375 0.61953125 0.8986111109375001 0.6265625 0.8986111109375001 0.6296875 0.89444444375 0.628125 0.7516208328125 0.64296875 0.7458333328125 0.63828125 0.7402777781250001 0.63828125 0.73194444375 0.64375 0.734722221875 0.63359375 0.7291666671875 0.63125 0.7208333328125 0.625 0.7138888890625 0.6125 0.7194444437499999 0.59921875 0.7111111109375 0.5984375 0.7194444437499999 0.61484375 0.74444444375 0.615625 0.8027777781250001 0.61328125 0.8083333328125001
1 0.54453125 0.834722221875 0.54609375 0.8611111109375 0.54375 0.909722221875 0.55 0.91944444375 0.5578125 0.9138888890624999 0.55859375 0.784722221875 0.56171875 0.772222221875 0.57265625 0.7736111109375 0.57265625 0.76944444375 0.56875 0.7611111109375 0.5625 0.7569444437499999 0.54296875 0.7486111109375 0.53125 0.7486111109375 0.53046875 0.7541666671875 0.5328125 0.7583333328124999 0.54453125 0.765277778125 0.5484375 0.7833333328125 0.54765625 0.81805555625 0.54453125 0.834722221875
7 0.00078125 0.6611111109375 0.00078125 0.73194444375 0.0046875 0.7388888890625 0.01328125 0.7402777781250001 0.01875 0.7041666671875 0.02109375 0.6583333328125 0.00078125 0.6611111109375
7 0.09296875 0.70555555625 0.0796875 0.6777777781250001 0.075 0.672222221875 0.0578125 0.66944444375 0.05546875 0.6583333328125 0.04765625 0.6458333328125 0.040625 0.6458333328125 0.0328125 0.6958333328124999 0.03046875 0.7541666671875 0.0578125 0.76805555625 0.06953125 0.76805555625 0.0796875 0.7569444437499999 0.0875 0.7375 0.09296875 0.70555555625
7 0.084375 0.81805555625 0.0890625 0.8263888890625 0.10703125 0.840277778125 0.13125 0.8458333328125001 0.14453125 0.8444444437499999 0.146875 0.840277778125 0.1578125 0.8444444437499999 0.18125 0.8430555562500001 0.18046875 0.8166666671874999 0.17109375 0.80694444375 0.16640625 0.7958333328125 0.15234375 0.784722221875 0.15 0.765277778125 0.1453125 0.7583333328124999 0.121875 0.7416666671875001 0.11875 0.725 0.11484375 0.7208333328125 0.09296875 0.7236111109375 0.0859375 0.752777778125 0.078125 0.7597222218749999 0.0734375 0.76944444375 0.084375 0.81805555625
7 0.0796875 0.872222221875 0.05078125 0.88055555625 0.04609375 0.897222221875 0.04765625 0.9166666671874999 0.06171875 0.9277777781250001 0.078125 0.9277777781250001 0.09375 0.91805555625 0.0984375 0.9055555562500001 0.09375 0.8986111109375001 0.09453125 0.8819444437499999 0.0796875 0.872222221875
7 0.0078125 0.777777778125 0.0109375 0.76944444375 0.01171875 0.7458333328125 0.00078125 0.74444444375 0.00078125 0.772222221875 0.0078125 0.777777778125
7 0.00625 0.8166666671874999 0.00546875 0.8208333328125 0.00625 0.8263888890625 0.00625 0.8166666671874999
7 0.04140625 0.7638888890625 0.03203125 0.7569444437499999 0.028125 0.7597222218749999 0.02578125 0.79444444375 0.03046875 0.8027777781250001 0.07421875 0.83194444375 0.08046875 0.83055555625 0.08125 0.8111111109375001 0.0703125 0.784722221875 0.06953125 0.772222221875 0.04140625 0.7638888890625
7 0.02109375 0.8361111109375001 0.021875 0.8541666671874999 0.05234375 0.8736111109375001 0.06614609375 0.875 0.0671875 0.8666666671875 0.07109375 0.875 0.0734375 0.8736111109375001 0.075 0.8708333328125001 0.053125 0.85694444375 0.04296875 0.8444444437499999 0.02109375 0.8361111109375001
7 0.1828125 0.8236111109375001 0.1875 0.8055555562500001 0.18984375 0.74444444375 0.184375 0.74444444375 0.18046875 0.73055555625 0.1625 0.7291666671875 0.15859375 0.7236111109375 0.15234375 0.734722221875 0.1515625 0.765277778125 0.1578125 0.7763888890625 0.1625 0.7763888890625 0.1640625 0.7819444437499999 0.16875 0.784722221875 0.1703125 0.8013888890624999 0.1796875 0.809722221875 0.1828125 0.8236111109375001
7 0.23359375 0.7708333328125 0.23125 0.8027777781250001 0.2234375 0.8111111109375001 0.23125 0.8416666671874999 0.23828125 0.847222221875 0.25390625 0.8361111109375001 0.2625 0.8166666671874999 0.26328125 0.7833333328125 0.25625 0.7736111109375 0.24296875 0.777777778125 0.23359375 0.7708333328125
7 0.21953125 0.7458333328125 0.2140625 0.7430555562500001 0.209375 0.7638888890625 0.20546875 0.8388888890624999 0.20546875 0.852777778125 0.209375 0.859722221875 0.2140625 0.8611111109375 0.2171875 0.8541666671874999 0.2203125 0.815277778125 0.21875 0.7916666671875 0.22109375 0.7569444437499999 0.21953125 0.7458333328125
7 0.26015625 0.8328125 0.003125 0.0015625
7 0.2453125 0.8444444437499999 0.24296875 0.8486111109375001 0.23125 0.85 0.22890625 0.8847222218749999 0.23203125 0.9166666671874999 0.24921875 0.9277777781250001 0.2546875 0.9236111109375 0.25234375 0.9138888890624999 0.2546875 0.897222221875 0.2546875 0.8458333328125001 0.2453125 0.8444444437499999
7 0.2984375 0.9444444437499999 0.3171875 0.95555555625 0.32265625 0.952777778125 0.3234375 0.9444444437499999 0.3234375 0.9 0.309375 0.8888888890625 0.30625 0.8680555562500001 0.3 0.85694444375 0.2859375 0.8444444437499999 0.26796875 0.8333333328125001 0.26484375 0.8375 0.26328125 0.8333333328125001 0.26484375 0.8430555562500001 0.2625 0.859722221875 0.2625 0.897222221875 0.25859375 0.9277777781250001 0.275 0.940277778125 0.2984375 0.9444444437499999
7 0.1421875 0.8486111109375001 0.11796875 0.85 0.11953125 0.85694444375 0.13359375 0.86944444375 0.14375 0.872222221875 0.14921875 0.8791666671874999 0.1609375 0.877777778125 0.16328125 0.8666666671875 0.16015625 0.8486111109375001 0.146875 0.8444444437499999 0.1421875 0.8486111109375001
7 0.12890625 0.9 0.10625 0.8861111109375001 0.10390625 0.91944444375 0.12734375 0.9291666671875 0.14296875 0.9263888890624999 0.14375 0.91944444375 0.12890625 0.9
4 0.54375 0.9069444437499999 0.54453125 0.8486111109375001 0.534375 0.847222221875 0.5359375 0.875 0.5328125 0.8888888890625 0.53359375 0.9138888890624999 0.53828125 0.915277778125 0.54375 0.9069444437499999
4 0.94921875 0.8763888890624999 0.9484375 0.8888888890625 0.95078125 0.89305555625 0.95625 0.890277778125 0.9578125 0.875 0.96171875 0.8666666671875 0.96171875 0.85694444375 0.9578125 0.85 0.95625 0.8375 0.9453125 0.834722221875 0.93359375 0.8444444437499999 0.93125 0.834722221875 0.928125 0.834722221875 0.92109375 0.8541666671874999 0.92578125 0.85694444375 0.93125 0.872222221875 0.94375 0.8652777781250001 0.94921875 0.8763888890624999
4 0.47890625 0.89305555625 0.4796875 0.85 0.47890625 0.8416666671874999 0.475 0.8416666671874999 0.46953125 0.88055555625 0.47265625 0.8861111109375001 0.475 0.902777778125 0.47890625 0.89305555625