2 0.975 0.58055555625 0.975 0.540277778125 0.97109375 0.5319444437499999 0.96328125 0.5319444437499999 0.959375 0.5375 0.959375 0.54444444375 0.9640625 0.5791666671875 0.975 0.58055555625
1 0.6421875 0.8916666671875 0.63671875 0.8888888890625 0.64453125 0.89305555625 0.64453125 0.8861111109375001 0.6421875 0.8916666671875
1 0.6109375 0.847222221875 0.6140625 0.8611111109375 0.61484375 0.890277778125 0.6203125 0.897222221875 0.62734375 0.897222221875 0.63125 0.8888888890625 0.62734375 0.847222221875 0.62734375 0.75 0.63125 0.7402777781250001 0.640625 0.7402777781250001 0.6421875 0.7361111109375 0.6328125 0.7291666671875 0.6234375 0.7111111109375 0.61328125 0.7166666671875 0.60625 0.709722221875 0.60625 0.722222221875 0.61328125 0.734722221875 0.61484375 0.8333333328125001 0.6140625 0.8430555562500001 0.6109375 0.847222221875
1 0.5484375 0.91805555625 0.55703125 0.9138888890624999 0.5578125 0.7833333328125 0.56171875 0.7736111109375 0.56875 0.7736111109375 0.5703125 0.76944444375 0.56796875 0.7611111109375 0.56171875 0.7569444437499999 0.53203125 0.7486111109375 0.53046875 0.7541666671875 0.5421875 0.7638888890625 0.54765625 0.784722221875 0.54375 0.8291666671875 0.54609375 0.8611111109375 0.5453125 0.9138888890624999 0.5484375 0.91805555625
6 0.24453125 0.8027777781250001 0.26484375 0.8125 0.26953125 0.8416666671874999 0.2921875 0.85 0.30859375 0.85 0.32109375 0.8333333328125001 0.3296875 0.8333333328125001 0.3359375 0.8263888890625 0.33984375 0.83055555625 0.34296875 0.8263888890625 0.34375 0.7819444437499999 0.33671875 0.7597222218749999 0.3171875 0.7611111109375 0.3015625 0.752777778125 0.2984375 0.73055555625 0.29140625 0.7166666671875 0.27890625 0.7166666671875 0.2703125 0.7291666671875 0.26328125 0.722222221875 0.23828125 0.7236111109375 0.2359375 0.734722221875 0.23828125 0.7833333328125 0.2421875 0.7875 0.24453125 0.8027777781250001
6 0.4015625 0.840277778125 0.42421875 0.8388888890624999 0.43125 0.8194444437499999 0.43359375 0.79305555625 0.43046875 0.7708333328125 0.4234375 0.7583333328124999 0.41171875 0.752777778125 0.4015625 0.7402777781250001 0.3484375 0.7416666671875001 0.34296875 0.7486111109375 0.34453125 0.76944444375 0.3625 0.7763888890625 0.3671875 0.784722221875 0.36328125 0.79305555625 0.3640625 0.809722221875 0.39375 0.8263888890625 0.4015625 0.840277778125
7 0.15546875 0.8486111109375001 0.13125 0.8486111109375001 0.1203125 0.8444444437499999 0.10625 0.847222221875 0.109375 0.8541666671874999 0.1328125 0.86944444375 0.1421875 0.8708333328125001 0.1515625 0.8791666671874999 0.15859375 0.877777778125 0.1609375 0.8736111109375001 0.1609375 0.8625 0.15546875 0.8486111109375001
7 0.04609375 0.9166666671874999 0.0609375 0.9277777781250001 0.0765625 0.9277777781250001 0.0875 0.922222221875 0.09296875 0.9138888890624999 0.09375 0.8791666671874999 0.08203125 0.872222221875 0.07578125 0.872222221875 0.07265625 0.877777778125 0.0484375 0.88055555625 0.0453125 0.8986111109375001 0.03984375 0.9069444437499999 0.0375 0.9 0.0375 0.8819444437499999 0.0296875 0.89444444375 0.0296875 0.902777778125 0.0375 0.9138888890624999 0.0421875 0.9069444437499999 0.04609375 0.9166666671874999
7 0.1015625 0.9083333328125001 0.103125 0.91944444375 0.13125 0.9291666671875 0.1390625 0.9277777781250001 0.14296875 0.922222221875 0.14375 0.91944444375 0.125 0.897222221875 0.1109375 0.8861111109375001 0.1046875 0.8861111109375001 0.1015625 0.9083333328125001
7 0.06953125 0.7666666671875 0.0734375 0.7736111109375 0.08359375 0.8166666671874999 0.090625 0.827777778125 0.1203125 0.8444444437499999 0.14375 0.8444444437499999 0.14609375 0.840277778125 0.153125 0.8444444437499999 0.18046875 0.8444444437499999 0.1828125 0.8388888890624999 0.184375 0.80694444375 0.18125 0.777777778125 0.178125 0.7736111109375 0.16875 0.7708333328125 0.16328125 0.7819444437499999 0.153125 0.7819444437499999 0.14921875 0.7638888890625 0.121875 0.7416666671875001 0.11875 0.725 0.11328125 0.7194444437499999 0.10390625 0.7236111109375 0.075 0.722222221875 0.06953125 0.7333333328125 0.06953125 0.7666666671875
7 0.00625 0.7236111109375 0.00078125 0.7291666671875 0.00078125 0.777777778125 0.0078125 0.7819444437499999 0.01171875 0.7638888890625 0.0125 0.73194444375 0.00625 0.7236111109375
7 0.075 0.784722221875 0.06484375 0.7611111109375 0.0375 0.7597222218749999 0.0296875 0.7541666671875 0.025 0.777777778125 0.02734375 0.797222221875 0.07109375 0.83055555625 0.0796875 0.83194444375 0.08125 0.827777778125 0.08203125 0.8125 0.07578125 0.7986111109375 0.075 0.784722221875
7 0.06484375 0.85694444375 0.05546875 0.852777778125 0.04375 0.8541666671874999 0.03515625 0.8458333328125001 0.01953125 0.840277778125 0.02265625 0.85555555625 0.0375 0.8652777781250001 0.059375 0.875 0.07421875 0.8736111109375001 0.075 0.86944444375 0.06953125 0.8666666671875 0.06484375 0.85694444375
7 0.2125 0.9069444437499999 0.2078125 0.890277778125 0.21953125 0.8611111109375 0.21484375 0.85555555625 0.2140625 0.8486111109375001 0.21015625 0.847222221875 0.20703125 0.8486111109375001 0.20625 0.8583333328125 0.20703125 0.8791666671874999 0.209375 0.8819444437499999 0.20703125 0.8833333328125 0.20859375 0.8875 0.203125 0.89305555625 0.20234375 0.902777778125 0.2125 0.9069444437499999
7 0.22890625 0.909722221875 0.23203125 0.91805555625 0.24609375 0.925 0.25078125 0.9236111109375 0.2515625 0.9138888890624999 0.2546875 0.8416666671874999 0.23671875 0.840277778125 0.23125 0.8458333328125001 0.2296875 0.8583333328125 0.22890625 0.909722221875
7 0.32265625 0.952777778125 0.3234375 0.9458333328125 0.325 0.9069444437499999 0.31953125 0.8958333328125001 0.31328125 0.89305555625 0.309375 0.8819444437499999 0.3109375 0.872222221875 0.2984375 0.859722221875 0.2828125 0.8541666671874999 0.2734375 0.8444444437499999 0.26328125 0.8444444437499999 0.2609375 0.9236111109375 0.2625 0.93194444375 0.28203125 0.94305555625 0.31875 0.95555555625 0.32265625 0.952777778125
4 0.90546875 0.69305555625 0.903125 0.6972222218749999 0.90234375 0.7208333328125 0.915625 0.7458333328125 0.91953125 0.747222221875 0.92109375 0.6972222218749999 0.91328125 0.6791666671875001 0.91171875 0.64444444375 0.903125 0.64444444375 0.90546875 0.69305555625
4 0.41171875 0.5736111109375 0.41875 0.609722221875 0.41875 0.6583333328125 0.42109375 0.66944444375 0.41953125 0.6805555562500001 0.42578125 0.69305555625 0.4296875 0.69305555625 0.43125 0.6736111109375 0.4375 0.665277778125 0.43828125 0.6083333328125 0.44375 0.5944444437499999 0.44765625 0.55694444375 0.4421875 0.5555555562500001 0.43671875 0.5638888890625 0.4359375 0.55694444375 0.43046875 0.5944444437499999 0.42734375 0.5944444437499999 0.42578125 0.5875 0.4203125 0.58194444375 0.4171875 0.55694444375 0.40390625 0.559722221875 0.40234375 0.5666666671875 0.41171875 0.5736111109375