1 0.615625 0.89305555625 0.6265625 0.897222221875 0.6296875 0.89305555625 0.63046875 0.8833333328125 0.62734375 0.8416666671874999 0.62734375 0.747222221875 0.63125 0.7402777781250001 0.640625 0.7402777781250001 0.6421875 0.7361111109375 0.6328125 0.7291666671875 0.625 0.7138888890625 0.61328125 0.7166666671875 0.60625 0.709722221875 0.60546875 0.7194444437499999 0.61328125 0.7361111109375 0.61484375 0.7625 0.6140625 0.8861111109375001 0.615625 0.89305555625
1 0.5578125 0.7833333328125 0.56171875 0.7736111109375 0.56875 0.7736111109375 0.5703125 0.76944444375 0.56796875 0.7611111109375 0.53984375 0.7486111109375 0.5390625 0.7611111109375 0.53625 0.7602777781250001 0.54375 0.765277778125 0.54609375 0.777777778125 0.54609375 0.8208333328125 0.54375 0.83055555625 0.54609375 0.85555555625 0.5453125 0.915277778125 0.55703125 0.9138888890624999 0.5578125 0.7833333328125
6 0.23828125 0.7819444437499999 0.24765625 0.8055555562500001 0.26484375 0.8125 0.26796875 0.8361111109375001 0.27109375 0.8430555562500001 0.30859375 0.85 0.3203125 0.834722221875 0.33046875 0.8333333328125001 0.33515625 0.8263888890625 0.3390625 0.83055555625 0.34375 0.8222222218749999 0.34375 0.7819444437499999 0.33671875 0.7597222218749999 0.325 0.7569444437499999 0.3171875 0.7611111109375 0.3015625 0.752777778125 0.29765625 0.725 0.2921875 0.7166666671875 0.28125 0.715277778125 0.2703125 0.7291666671875 0.26328125 0.722222221875 0.2390625 0.7236111109375 0.23671875 0.7291666671875 0.2359375 0.7611111109375 0.23828125 0.7819444437499999
6 0.42421875 0.8388888890624999 0.43125 0.8194444437499999 0.43359375 0.8013888890624999 0.4328125 0.7819444437499999 0.42265625 0.7569444437499999 0.4 0.7402777781250001 0.3484375 0.7416666671875001 0.34375 0.7458333328125 0.34453125 0.76944444375 0.36328125 0.777777778125 0.3671875 0.784722221875 0.3625 0.8 0.36484375 0.8111111109375001 0.39375 0.8263888890625 0.4015625 0.840277778125 0.42421875 0.8388888890624999
7 0.1078125 0.847222221875 0.11015625 0.852777778125 0.12578125 0.8652777781250001 0.14375 0.8708333328125001 0.15078125 0.8791666671874999 0.15546875 0.8791666671874999 0.1609375 0.872222221875 0.16171875 0.8652777781250001 0.15703125 0.85 0.15078125 0.8458333328125001 0.1078125 0.847222221875
7 0.0296875 0.902777778125 0.0375 0.9111111109375001 0.0375 0.8819444437499999 0.0328125 0.8847222218749999 0.0296875 0.89444444375 0.0296875 0.902777778125
7 0.0765625 0.872222221875 0.07265625 0.877777778125 0.05390625 0.877777778125 0.0484375 0.8833333328125 0.04453125 0.902777778125 0.0453125 0.91805555625 0.0609375 0.9277777781250001 0.0765625 0.9277777781250001 0.09296875 0.9166666671874999 0.09375 0.88055555625 0.08203125 0.872222221875 0.0765625 0.872222221875
7 0.13046875 0.9291666671875 0.1375 0.9291666671875 0.14296875 0.922222221875 0.14375 0.91944444375 0.125 0.897222221875 0.11171875 0.8861111109375001 0.1046875 0.8861111109375001 0.10234375 0.91944444375 0.13046875 0.9291666671875
7 0.07421875 0.7763888890625 0.08359375 0.8166666671874999 0.090625 0.827777778125 0.12109375 0.8444444437499999 0.14375 0.8444444437499999 0.1484375 0.8361111109375001 0.15625 0.8444444437499999 0.1796875 0.8444444437499999 0.1828125 0.8388888890624999 0.1859375 0.81805555625 0.1796875 0.7736111109375 0.16875 0.7708333328125 0.16328125 0.7819444437499999 0.153125 0.7819444437499999 0.14921875 0.7638888890625 0.121875 0.7416666671875001 0.11875 0.725 0.1140625 0.7194444437499999 0.10234375 0.7236111109375 0.078125 0.7208333328125 0.06953125 0.7333333328125 0.06953125 0.7666666671875 0.07421875 0.7763888890625
7 0.00390625 0.73055555625 0.00078125 0.7333333328125 0.00078125 0.7805555562500001 0.00703125 0.7819444437499999 0.0109375 0.76805555625 0.01171875 0.7333333328125 0.00390625 0.73055555625
7 0.08125 0.8263888890625 0.08125 0.809722221875 0.0765625 0.8027777781250001 0.075 0.7861111109375 0.06484375 0.7611111109375 0.04765625 0.7638888890625 0.04375 0.7597222218749999 0.0390625 0.7638888890625 0.0296875 0.75555555625 0.025 0.7763888890625 0.025 0.79444444375 0.03046875 0.8027777781250001 0.071875 0.83055555625 0.078125 0.83194444375 0.08125 0.8263888890625
7 0.0328125 0.8444444437499999 0.01953125 0.840277778125 0.02265625 0.85555555625 0.0359375 0.8611111109375 0.03984375 0.8666666671875 0.06640625 0.877777778125 0.07421875 0.8736111109375001 0.075 0.86944444375 0.0640625 0.85694444375 0.046875 0.85555555625 0.0328125 0.8444444437499999
7 0.2203125 0.8611111109375 0.21015625 0.847222221875 0.20703125 0.8513888890624999 0.20703125 0.88055555625 0.2140625 0.8847222218749999 0.21484375 0.8708333328125001 0.2203125 0.8611111109375
7 0.203125 0.9041666671874999 0.21171875 0.9055555562500001 0.21015625 0.89305555625 0.20703125 0.890277778125 0.203125 0.89444444375 0.203125 0.9041666671874999
7 0.2328125 0.91805555625 0.24609375 0.925 0.25078125 0.9236111109375 0.2546875 0.8416666671874999 0.23828125 0.840277778125 0.23125 0.847222221875 0.22890625 0.8625 0.22890625 0.9083333328125001 0.2328125 0.91805555625
7 0.32265625 0.9541666671875 0.3234375 0.9458333328125 0.325 0.9069444437499999 0.31953125 0.8958333328125001 0.31328125 0.89305555625 0.309375 0.88055555625 0.3109375 0.86944444375 0.29453125 0.85694444375 0.28046875 0.852777778125 0.27421875 0.8444444437499999 0.26328125 0.8444444437499999 0.2609375 0.9305555562500001 0.28203125 0.94305555625 0.2984375 0.9458333328125 0.31796875 0.95555555625 0.32265625 0.9541666671875