2 0.025 0.4611111109375 0.0296875 0.46944444374999994 0.0375 0.46805555625000006 0.04140625 0.4625 0.0375 0.427777778125 0.0328125 0.41805555625 0.025 0.41944444374999995 0.025 0.4611111109375
1 0.3859375 0.2833333328125 0.39453125 0.290277778125 0.3953125 0.2833333328125 0.38671875 0.259722221875 0.38515625 0.15694444375 0.3875 0.1513888890625 0.38515625 0.109722221875 0.38125 0.1041666671875 0.37421875 0.1041666671875 0.3703125 0.11388888906250001 0.37265625 0.15694444375 0.37265625 0.2513888890625 0.36875 0.259722221875 0.3609375 0.259722221875 0.359375 0.26527777812500003 0.3671875 0.2708333328125 0.37734375 0.2888888890625 0.3859375 0.2833333328125
1 0.45390625 0.22638888906250001 0.45234375 0.1986111109375 0.45625 0.1708333328125 0.45390625 0.1416666671875 0.4546875 0.084722221875 0.44296875 0.0875 0.4421875 0.2166666671875 0.43828125 0.22777777812500002 0.43125 0.22638888906250001 0.4296875 0.23055555625 0.43203125 0.2388888890625 0.4546875 0.25 0.46015625 0.2513888890625 0.46015625 0.2388888890625 0.46624391249999997 0.240241703125 0.45390625 0.22638888906250001
6 0.70625 0.28055555625 0.7125 0.28472222187499996 0.721875 0.2833333328125 0.7296875 0.2708333328125 0.7390625 0.2791666671875 0.7625 0.275 0.7640625 0.240277778125 0.76015625 0.222222221875 0.7625 0.215277778125 0.75078125 0.1916666671875 0.7359375 0.1888888890625 0.73046875 0.1583333328125 0.6921875 0.15 0.68046875 0.165277778125 0.66953125 0.1666666671875 0.6640625 0.1763888890625 0.6609375 0.16805555625 0.65625 0.177777778125 0.6546875 0.21111111093749999 0.65625 0.22638888906250001 0.6625 0.2416666671875 0.6859375 0.2416666671875 0.696875 0.24722222187499998 0.7 0.252777778125 0.70234375 0.272222221875 0.70625 0.28055555625
6 0.65703125 0.240277778125 0.6546875 0.22916666718749998 0.63671875 0.2236111109375 0.6328125 0.2166666671875 0.6375 0.20138888906250002 0.63515625 0.1888888890625 0.60625 0.17361111093749998 0.5984375 0.15972222187500001 0.57578125 0.1611111109375 0.56875 0.18055555625 0.56640625 0.19583333281249998 0.5671875 0.21805555625 0.57578125 0.2388888890625 0.5828125 0.24583333281250003 0.60546875 0.259722221875 0.65 0.25833333281250004 0.65625 0.2541666671875 0.65703125 0.240277778125
7 0.87578125 0.14305555625 0.87265625 0.134722221875 0.853125 0.12222222187500001 0.83828125 0.12222222187500001 0.8390625 0.1263888890625 0.83515625 0.13194444375 0.8390625 0.1361111109375 0.84375 0.1513888890625 0.8484375 0.1541666671875 0.86171875 0.15 0.89140625 0.15277777812499999 0.87578125 0.14305555625
7 0.96171875 0.109722221875 0.96328125 0.11805555625 0.96953125 0.109722221875 0.971875 0.097222221875 0.9625 0.0916666671875 0.96484375 0.09444444375 0.96171875 0.109722221875
7 0.9546875 0.1 0.95234375 0.08194444375 0.9375 0.072222221875 0.9234375 0.072222221875 0.909375 0.08055555625000001 0.90625 0.0861111109375 0.90625 0.11944444375 0.91875 0.127777778125 0.9296875 0.1291666671875 0.93125 0.125 0.94609375 0.12222222187500001 0.95078125 0.1166666671875 0.9546875 0.1
7 0.8625 0.07083333281250001 0.85703125 0.077777778125 0.85703125 0.08194444375 0.875 0.102777778125 0.88828125 0.11388888906250001 0.89453125 0.11388888906250001 0.89765625 0.09305555625 0.896875 0.08055555625000001 0.86953125 0.07083333281250001 0.8625 0.07083333281250001
7 0.8453125 0.21805555625 0.8484375 0.222222221875 0.85078125 0.23611111093749998 0.878125 0.25833333281250004 0.88203125 0.27638888906250003 0.88671875 0.28055555625 0.89609375 0.27638888906250003 0.92265625 0.2791666671875 0.93046875 0.2666666671875 0.93046875 0.23194444375 0.9265625 0.22638888906250001 0.91640625 0.1833333328125 0.91015625 0.17361111093749998 0.88515625 0.15555555625 0.85703125 0.15555555625 0.85078125 0.165277778125 0.84921875 0.15972222187500001 0.8390625 0.15555555625 0.81875 0.15555555625 0.8140625 0.19305555624999998 0.81796875 0.20416666718749998 0.81875 0.2208333328125 0.82421875 0.22916666718749998 0.83046875 0.23055555625 0.83515625 0.22638888906250001 0.83671875 0.21805555625 0.8453125 0.21805555625
7 0.99921875 0.275 0.99921875 0.20555555625 0.98984375 0.21805555625 0.9875 0.26805555625 0.99375 0.2791666671875 0.99921875 0.275
7 0.9765625 0.215277778125 0.9734375 0.20138888906250002 0.928125 0.16944444375 0.921875 0.16805555625 0.91875 0.17361111093749998 0.91875 0.190277778125 0.9296875 0.2138888890625 0.93046875 0.23055555625 0.93515625 0.2388888890625 0.95390625 0.2388888890625 0.96796875 0.24722222187499998 0.97265625 0.24305555625 0.9765625 0.215277778125
7 0.94296875 0.125 0.9265625 0.1263888890625 0.925 0.1291666671875 0.9515625 0.1513888890625 0.975 0.1611111109375 0.98046875 0.15972222187500001 0.98046875 0.15277777812499999 0.9765625 0.14444444375 0.95546875 0.13055555624999998 0.94296875 0.125
7 0.79296875 0.15277777812499999 0.7953125 0.1375 0.79375 0.11944444375 0.796875 0.11388888906250001 0.7984375 0.0958333328125 0.7875 0.09444444375 0.7890625 0.10833333281249999 0.78671875 0.1111111109375 0.78515625 0.1291666671875 0.77890625 0.1375 0.78515625 0.14444444375 0.7859375 0.1541666671875 0.790625 0.1541666671875 0.79296875 0.15277777812499999
7 0.75078125 0.072222221875 0.74921875 0.075 0.7484375 0.11944444375 0.74453125 0.15694444375 0.74921875 0.1611111109375 0.76328125 0.15972222187500001 0.76875 0.15555555625 0.77109375 0.09305555625 0.76171875 0.077777778125 0.75078125 0.072222221875
7 0.72109375 0.058333332812500006 0.69921875 0.054166667187499996 0.68203125 0.04444444375 0.67734375 0.05 0.67578125 0.06944444375 0.67578125 0.0958333328125 0.68046875 0.1041666671875 0.6890625 0.109722221875 0.69140625 0.13055555624999998 0.72578125 0.15555555625 0.73671875 0.15555555625 0.7390625 0.06944444375 0.72109375 0.058333332812500006