2 0.025 0.459722221875 0.0296875 0.46805555625000006 0.0359375 0.46805555625000006 0.03828125 0.4625 0.03671875 0.42222222187499997 0.03359375 0.41805555625 0.025 0.41944444374999995 0.025 0.459722221875
1 0.384375 0.2833333328125 0.39453125 0.2888888890625 0.39375 0.27777777812500004 0.38671875 0.26527777812500003 0.38515625 0.2388888890625 0.38515625 0.1625 0.38828125 0.1541666671875 0.3859375 0.140277778125 0.3859375 0.1111111109375 0.37578125 0.102777778125 0.3703125 0.10694444375 0.36953125 0.1125 0.37265625 0.1583333328125 0.37265625 0.24722222187499998 0.36875 0.259722221875 0.359375 0.259722221875 0.3578125 0.2638888890625 0.36875 0.272222221875 0.3765625 0.2888888890625 0.384375 0.2833333328125
1 0.46875 0.24305555625 0.4625 0.23611111093749998 0.4578125 0.23611111093749998 0.45234375 0.215277778125 0.45625 0.16944444375 0.45390625 0.14861111093749999 0.4546875 0.084722221875 0.44921875 0.08194444375 0.44296875 0.0861111109375 0.4421875 0.215277778125 0.43671875 0.22638888906250001 0.43046875 0.22638888906250001 0.4296875 0.23055555625 0.4328125 0.2388888890625 0.43828125 0.24305555625 0.46796875 0.2513888890625 0.46875 0.24305555625
6 0.7203125 0.2833333328125 0.72890625 0.2708333328125 0.7375 0.27777777812500004 0.7625 0.275 0.7640625 0.2416666671875 0.76171875 0.2166666671875 0.7578125 0.2125 0.75546875 0.197222221875 0.73515625 0.1875 0.73046875 0.1583333328125 0.70625 0.15 0.690625 0.15 0.67890625 0.16805555625 0.6609375 0.16805555625 0.65703125 0.172222221875 0.65625 0.21805555625 0.66328125 0.2416666671875 0.684375 0.240277778125 0.69609375 0.24583333281250003 0.70078125 0.25555555625 0.70234375 0.275 0.71171875 0.28472222187499996 0.7203125 0.2833333328125
6 0.6546875 0.22916666718749998 0.63671875 0.2236111109375 0.6328125 0.21805555625 0.63671875 0.20555555625 0.63671875 0.1916666671875 0.60703125 0.17361111093749998 0.5984375 0.15972222187500001 0.57578125 0.1611111109375 0.56953125 0.1763888890625 0.5671875 0.1916666671875 0.5671875 0.21944444375 0.57421875 0.23194444375 0.57578125 0.2416666671875 0.58828125 0.24722222187499998 0.5984375 0.259722221875 0.65078125 0.25833333281250004 0.65703125 0.2513888890625 0.6546875 0.22916666718749998
7 0.8390625 0.125 0.83671875 0.13055555624999998 0.84375 0.1513888890625 0.865625 0.15 0.884375 0.15555555625 0.88515625 0.1458333328125 0.8862723203125 0.146329365625 0.87421875 0.134722221875 0.85078125 0.125 0.8484375 0.1208333328125 0.8390625 0.125
7 0.96796875 0.09444444375 0.9625 0.0861111109375 0.9625 0.11805555625 0.96953125 0.10555555624999999 0.96796875 0.09444444375
7 0.95234375 0.08055555625000001 0.9390625 0.072222221875 0.92734375 0.07083333281250001 0.9125 0.077777778125 0.90703125 0.0861111109375 0.90703125 0.1208333328125 0.92421875 0.1263888890625 0.92734375 0.1208333328125 0.94453125 0.12222222187500001 0.95234375 0.1166666671875 0.9546875 0.10138888906250001 0.9546875 0.08333333281250001 0.95234375 0.08055555625000001
7 0.8625 0.07083333281250001 0.85703125 0.077777778125 0.85625 0.08055555625000001 0.875 0.102777778125 0.88984375 0.11388888906250001 0.8953125 0.11388888906250001 0.8984375 0.0916666671875 0.896875 0.08055555625000001 0.8703125 0.07083333281250001 0.8625 0.07083333281250001
7 0.878125 0.25833333281250004 0.88125 0.275 0.8859375 0.28055555625 0.89296875 0.28055555625 0.89609375 0.27638888906250003 0.925 0.27777777812500004 0.93046875 0.2666666671875 0.93046875 0.23333333281250002 0.92578125 0.2236111109375 0.915625 0.18055555625 0.9109375 0.17361111093749998 0.88046875 0.15555555625 0.85625 0.15555555625 0.85234375 0.15972222187500001 0.84609375 0.15555555625 0.81953125 0.15555555625 0.8171875 0.1625 0.815625 0.19305555624999998 0.81796875 0.21805555625 0.821875 0.22638888906250001 0.83125 0.22916666718749998 0.83671875 0.21805555625 0.846875 0.21805555625 0.853125 0.2388888890625 0.878125 0.25833333281250004
7 0.9875 0.26805555625 0.98984375 0.27638888906250003 0.99375 0.2791666671875 0.99921875 0.272222221875 0.99921875 0.21944444375 0.99296875 0.21805555625 0.98828125 0.23333333281250002 0.9875 0.26805555625
7 0.971875 0.24305555625 0.975 0.2138888890625 0.9734375 0.20277777812500003 0.92890625 0.16944444375 0.921875 0.16805555625 0.91875 0.17361111093749998 0.91796875 0.1875 0.9234375 0.197222221875 0.92578125 0.215277778125 0.9328125 0.23611111093749998 0.9421875 0.240277778125 0.95625 0.23472222187499997 0.96953125 0.24722222187499998 0.971875 0.24305555625
7 0.975 0.14305555625 0.93359375 0.12222222187500001 0.92890625 0.13333333281249998 0.92578125 0.12361111093749999 0.925 0.13055555624999998 0.93515625 0.14305555625 0.94453125 0.147222221875 0.9546875 0.1458333328125 0.9640625 0.1541666671875 0.98046875 0.15972222187500001 0.9796875 0.1513888890625 0.975 0.14305555625
7 0.78046875 0.13888888906250002 0.78671875 0.1513888890625 0.79296875 0.1513888890625 0.79296875 0.1208333328125 0.7859375 0.1208333328125 0.78515625 0.13194444375 0.78046875 0.13888888906250002
7 0.79296875 0.115277778125 0.79765625 0.097222221875 0.790625 0.09305555625 0.78828125 0.09305555625 0.78828125 0.1 0.79296875 0.115277778125
7 0.7484375 0.0861111109375 0.7453125 0.1583333328125 0.7625 0.15972222187500001 0.76875 0.15277777812499999 0.77109375 0.0916666671875 0.76640625 0.08055555625000001 0.753125 0.075 0.74921875 0.07638888906249999 0.7484375 0.0861111109375
7 0.7359375 0.15694444375 0.73828125 0.06944444375 0.72421875 0.059722221875 0.7015625 0.054166667187499996 0.690625 0.047222221875 0.67890625 0.04444444375 0.6765625 0.0486111109375 0.675 0.09305555625 0.67734375 0.10138888906250001 0.6859375 0.10694444375 0.6875 0.1291666671875 0.70390625 0.14305555625 0.71796875 0.147222221875 0.72578125 0.15555555625 0.7359375 0.15694444375
4 0.2078125 0.6166666671875001 0.215625 0.5736111109375 0.23515625 0.6083333328125 0.240625 0.625 0.24921875 0.625 0.25390625 0.6125 0.24765625 0.6083333328125 0.2375 0.590277778125 0.23671875 0.58055555625 0.22734375 0.5513888890625 0.23125 0.540277778125 0.22109375 0.525 0.215625 0.45555555625000005 0.209375 0.44305555625000004 0.2015625 0.44305555625000004 0.19921875 0.45277777812500003 0.2 0.4791666671875 0.19609375 0.4875 0.19609375 0.5069444437499999 0.2015625 0.5638888890625 0.2 0.6319444437499999 0.20703125 0.6361111109375 0.215625 0.6319444437499999 0.2078125 0.6166666671875001