2 0.0140625 0.47222222187499996 0.01875 0.477777778125 0.025 0.477777778125 0.0328125 0.46805555625000006 0.0296875 0.4458333328125 0.02265625 0.425 0.01328125 0.43194444374999996 0.0140625 0.47222222187499996
1 0.43203125 0.240277778125 0.4375 0.24305555625 0.45703125 0.2513888890625 0.46875 0.2513888890625 0.46953125 0.24583333281250003 0.4671875 0.2416666671875 0.45546875 0.23472222187499997 0.45234375 0.21944444375 0.45234375 0.18055555625 0.4546875 0.172222221875 0.45390625 0.08333333281250001 0.44453125 0.08055555625000001 0.4421875 0.0861111109375 0.44140625 0.2166666671875 0.43828125 0.22916666718749998 0.4265625 0.22638888906250001 0.42578125 0.23055555625 0.428125 0.23333333281250002 0.4296875 0.22777777812500002 0.434375 0.22916666718749998 0.43203125 0.240277778125
1 0.38828125 0.28055555625 0.40078125 0.2888888890625 0.4015625 0.28055555625 0.3890625 0.26805555625 0.38515625 0.25694444375000003 0.3859375 0.1916666671875 0.3828125 0.10555555624999999 0.3796875 0.1 0.3703125 0.10555555624999999 0.371875 0.2541666671875 0.35703125 0.2541666671875 0.36171875 0.259722221875 0.35625 0.26527777812500003 0.36640625 0.2708333328125 0.36875 0.2791666671875 0.375 0.28611111093749997 0.38828125 0.28055555625
6 0.64765625 0.2236111109375 0.634375 0.21944444375 0.6328125 0.2125 0.63671875 0.20555555625 0.63671875 0.197222221875 0.63203125 0.197222221875 0.61953125 0.18055555625 0.62265625 0.17361111093749998 0.6203125 0.1541666671875 0.61484375 0.1611111109375 0.61328125 0.14861111093749999 0.61953125 0.1416666671875 0.61875 0.134722221875 0.61171875 0.1375 0.615625 0.172222221875 0.60546875 0.17361111093749998 0.59921875 0.15972222187500001 0.5765625 0.15972222187500001 0.5703125 0.16805555625 0.5671875 0.1861111109375 0.56640625 0.215277778125 0.56953125 0.22638888906250001 0.5765625 0.2416666671875 0.59453125 0.25694444375000003 0.6515625 0.25833333281250004 0.65703125 0.25 0.65546875 0.23194444375 0.64765625 0.2236111109375
6 0.78203125 0.27638888906250003 0.7875 0.26527777812500003 0.78828125 0.23472222187499997 0.78203125 0.2236111109375 0.7796875 0.22916666718749998 0.77890625 0.2736111109375 0.78203125 0.27638888906250003
6 0.71171875 0.2388888890625 0.715625 0.21944444375 0.72265625 0.21805555625 0.72890625 0.23194444375 0.73125 0.2666666671875 0.7375 0.27638888906250003 0.74296875 0.27777777812500004 0.75 0.26527777812500003 0.75078125 0.24305555625 0.7640625 0.24305555625 0.76640625 0.23333333281250002 0.76875 0.18055555625 0.7609375 0.16805555625 0.75703125 0.11805555625 0.75 0.10555555624999999 0.72890625 0.0958333328125 0.70625 0.097222221875 0.7015625 0.10694444375 0.6984375 0.1416666671875 0.68828125 0.15555555625 0.68359375 0.16944444375 0.6875 0.177777778125 0.68828125 0.2236111109375 0.69453125 0.2388888890625 0.70703125 0.2416666671875 0.71171875 0.2388888890625
7 0.90625 0.27638888906250003 0.9109375 0.2666666671875 0.9140625 0.2486111109375 0.9265625 0.23055555625 0.91640625 0.1833333328125 0.9109375 0.17361111093749998 0.890625 0.1583333328125 0.86171875 0.1541666671875 0.85625 0.15555555625 0.853125 0.1666666671875 0.84921875 0.15972222187500001 0.8375 0.15694444375 0.8375 0.16944444375 0.83203125 0.18194444375000002 0.82734375 0.17361111093749998 0.8203125 0.16944444375 0.8203125 0.18055555625 0.83515625 0.20416666718749998 0.84921875 0.2166666671875 0.85 0.23472222187499997 0.878125 0.25833333281250004 0.88125 0.275 0.88828125 0.28055555625 0.90625 0.27638888906250003
7 0.99921875 0.33888888906250003 0.99921875 0.26805555625 0.9953125 0.2611111109375 0.98671875 0.2611111109375 0.98046875 0.30555555624999997 0.97890625 0.33888888906250003 0.99921875 0.33888888906250003
7 0.94296875 0.23194444375 0.93046875 0.23194444375 0.92578125 0.23472222187499997 0.9125 0.2611111109375 0.9078125 0.29722222187499997 0.92421875 0.32777777812500003 0.9421875 0.33055555625 0.95 0.3513888890625 0.9578125 0.3541666671875 0.9671875 0.302777778125 0.96953125 0.24583333281250003 0.94296875 0.23194444375
7 0.99921875 0.22777777812500002 0.99453125 0.21944444375 0.98984375 0.2236111109375 0.98828125 0.2541666671875 0.99921875 0.25555555625 0.99921875 0.22777777812500002
7 0.96953125 0.197222221875 0.92890625 0.16944444375 0.91953125 0.16944444375 0.91875 0.1875 0.92890625 0.20833333281250002 0.93046875 0.22777777812500002 0.94609375 0.23055555625 0.96796875 0.24305555625 0.971875 0.240277778125 0.97421875 0.20555555625 0.96953125 0.197222221875
7 0.9375 0.12222222187500001 0.9265625 0.125 0.925 0.1291666671875 0.94765625 0.14305555625 0.95625 0.15555555625 0.9703125 0.1611111109375 0.978125 0.15972222187500001 0.97890625 0.15 0.9609375 0.13333333281249998 0.9375 0.12222222187500001
7 0.84375 0.215277778125 0.84765625 0.215277778125 0.85390625 0.1583333328125 0.84296875 0.15277777812499999 0.81796875 0.15694444375 0.81875 0.1833333328125 0.84375 0.215277778125
7 0.85625 0.127777778125 0.85078125 0.1208333328125 0.83984375 0.1208333328125 0.83828125 0.125 0.83671875 0.13333333281249998 0.8390625 0.147222221875 0.84921875 0.15555555625 0.859375 0.1513888890625 0.8796875 0.15277777812499999 0.8828125 0.1458333328125 0.87265625 0.134722221875 0.85625 0.127777778125
7 0.85703125 0.08194444375 0.87578125 0.1041666671875 0.8890625 0.11388888906250001 0.8953125 0.1111111109375 0.896875 0.08055555625000001 0.871875 0.07083333281250001 0.85703125 0.0736111109375 0.85703125 0.08194444375