2 0.01328125 0.43194444374999996 0.0140625 0.47222222187499996 0.0171875 0.477777778125 0.025 0.477777778125 0.0328125 0.46805555625000006 0.03046875 0.4486111109375 0.0234375 0.425 0.01875 0.425 0.01328125 0.43194444374999996
1 0.375 0.28611111093749997 0.38828125 0.28055555625 0.40078125 0.2888888890625 0.4015625 0.28055555625 0.38515625 0.25555555625 0.3828125 0.2 0.38515625 0.14305555625 0.3828125 0.10555555624999999 0.38046875 0.10138888906250001 0.3734375 0.10138888906250001 0.3703125 0.10555555624999999 0.371875 0.2479166671875 0.35625 0.25555555625 0.3671875 0.259722221875 0.36640625 0.2708333328125 0.35625 0.26527777812500003 0.36875 0.275 0.36875 0.2791666671875 0.375 0.28611111093749997
1 0.43203125 0.240277778125 0.4375 0.24305555625 0.45234375 0.25 0.46875 0.2513888890625 0.46953125 0.24583333281250003 0.4671875 0.2416666671875 0.45546875 0.23472222187499997 0.4515625 0.2166666671875 0.45234375 0.17916666718750002 0.4546875 0.1708333328125 0.45390625 0.08333333281250001 0.44453125 0.08055555625000001 0.44140625 0.0916666671875 0.44140625 0.215277778125 0.43828125 0.22916666718749998 0.42578125 0.22638888906250001 0.42578125 0.23055555625 0.428125 0.23333333281250002 0.43046875 0.22777777812500002 0.434375 0.22916666718749998 0.43203125 0.240277778125
7 0.99921875 0.33888888906250003 0.99921875 0.2666666671875 0.99296875 0.25833333281250004 0.98671875 0.259722221875 0.9796875 0.3111111109375 0.9796875 0.3416666671875 0.99921875 0.33888888906250003
7 0.9671875 0.30416666718749996 0.96953125 0.24583333281250003 0.9421875 0.23194444375 0.92734375 0.23333333281250002 0.91328125 0.25694444375000003 0.9078125 0.2888888890625 0.90703125 0.29444444375 0.9203125 0.322222221875 0.925 0.32777777812500003 0.94296875 0.33055555625 0.95 0.3513888890625 0.9578125 0.35555555625 0.9609375 0.34861111093749997 0.9671875 0.30416666718749996
7 0.878125 0.25833333281250004 0.8828125 0.27777777812500004 0.8921875 0.28055555625 0.89609375 0.27638888906250003 0.90703125 0.27638888906250003 0.9109375 0.26805555625 0.9140625 0.2486111109375 0.9265625 0.23055555625 0.915625 0.18194444375000002 0.9109375 0.17361111093749998 0.89296875 0.15972222187500001 0.86953125 0.1541666671875 0.85546875 0.15555555625 0.85234375 0.15972222187500001 0.84453125 0.15555555625 0.81953125 0.15555555625 0.81953125 0.1833333328125 0.82578125 0.19305555624999998 0.82890625 0.19305555624999998 0.83359375 0.20416666718749998 0.8484375 0.2166666671875 0.84921875 0.22916666718749998 0.85390625 0.240277778125 0.878125 0.25833333281250004
7 0.96171875 0.127777778125 0.96640625 0.13055555624999998 0.975 0.10138888906250001 0.9734375 0.09305555625 0.96640625 0.0888888890625 0.9625 0.0888888890625 0.96171875 0.09305555625 0.96171875 0.127777778125
7 0.95390625 0.0888888890625 0.95078125 0.08055555625000001 0.93046875 0.07083333281250001 0.90625 0.08194444375 0.90234375 0.097222221875 0.90625 0.10138888906250001 0.9078125 0.1208333328125 0.9296875 0.1291666671875 0.93125 0.12222222187500001 0.95 0.11944444375 0.9515625 0.115277778125 0.95390625 0.0888888890625
7 0.7890625 0.1263888890625 0.78828125 0.13333333281249998 0.790625 0.134722221875 0.79296875 0.127777778125 0.7890625 0.1263888890625
7 0.79296875 0.12222222187500001 0.796875 0.097222221875 0.7890625 0.09305555625 0.7875 0.1041666671875 0.79140625 0.10694444375 0.79296875 0.12222222187500001
7 0.8375 0.05 0.83671875 0.0666666671875 0.84296875 0.06944444375 0.8421875 0.055555556250000006 0.8375 0.05
7 0.82421875 0.05694444375 0.8265625 0.04305555625 0.82421875 0.04305555625 0.82421875 0.05694444375
7 0.7890625 0.0458333328125 0.7703125 0.040277778125000004 0.76875 0.04305555625 0.7890625 0.0458333328125
7 0.99921875 0.22777777812500002 0.99453125 0.222222221875 0.98984375 0.22638888906250001 0.98828125 0.2541666671875 0.99921875 0.25555555625 0.99921875 0.22777777812500002
7 0.99609375 0.18055555625 0.99375 0.172222221875 0.99375 0.18194444375000002 0.99609375 0.18055555625
7 0.96953125 0.197222221875 0.928125 0.16944444375 0.9203125 0.16805555625 0.91875 0.172222221875 0.91875 0.190277778125 0.92890625 0.20972222187499998 0.93046875 0.22777777812500002 0.94609375 0.23055555625 0.96796875 0.24305555625 0.971875 0.240277778125 0.97421875 0.20555555625 0.96953125 0.197222221875
7 0.9609375 0.13333333281249998 0.93671875 0.12222222187500001 0.92734375 0.12222222187500001 0.92578125 0.13055555624999998 0.94765625 0.14305555625 0.95234375 0.1513888890625 0.975 0.16388888906250001 0.97890625 0.1611111109375 0.97890625 0.15 0.9765625 0.1458333328125 0.9609375 0.13333333281249998
7 0.8484375 0.23194444375 0.84375 0.21944444375 0.83359375 0.215277778125 0.83046875 0.2 0.81953125 0.1875 0.8171875 0.17361111093749998 0.81640625 0.18194444375000002 0.81953125 0.1888888890625 0.8125 0.19444444375 0.81171875 0.20833333281250002 0.81015625 0.25555555625 0.81328125 0.25555555625 0.81640625 0.2666666671875 0.8234375 0.272222221875 0.8375 0.2708333328125 0.83984375 0.27638888906250003 0.846875 0.26805555625 0.8484375 0.23194444375
7 0.76796875 0.15694444375 0.7609375 0.15277777812499999 0.74921875 0.1611111109375 0.7375 0.184722221875 0.7359375 0.20555555625 0.7390625 0.222222221875 0.74375 0.22638888906250001 0.753125 0.222222221875 0.7640625 0.22916666718749998 0.76796875 0.22638888906250001 0.7703125 0.19305555624999998 0.76796875 0.15694444375
7 0.78203125 0.15277777812499999 0.77890625 0.24305555625 0.78046875 0.2541666671875 0.7859375 0.25694444375000003 0.790625 0.23611111093749998 0.7953125 0.15 0.79296875 0.1416666671875 0.7859375 0.13888888906250002 0.78203125 0.15277777812499999
7 0.73984375 0.1671875 0.003125 0.0015625
7 0.76875 0.084722221875 0.7515625 0.072222221875 0.74609375 0.072222221875 0.7453125 0.07638888906249999 0.74765625 0.084722221875 0.74375 0.14305555625 0.7453125 0.1541666671875 0.7546875 0.15555555625 0.76015625 0.15 0.76875 0.15 0.77109375 0.115277778125 0.76875 0.084722221875
7 0.7375 0.1041666671875 0.74140625 0.072222221875 0.72265625 0.058333332812500006 0.7015625 0.055555556250000006 0.6828125 0.04444444375 0.678125 0.0458333328125 0.6765625 0.055555556250000006 0.6765625 0.1 0.6859375 0.10555555624999999 0.69140625 0.11388888906250001 0.69296875 0.13055555624999998 0.69609375 0.1375 0.7125 0.1541666671875 0.7359375 0.1666666671875 0.7375 0.1041666671875
7 0.85625 0.127777778125 0.85 0.1208333328125 0.83984375 0.1208333328125 0.83828125 0.125 0.83671875 0.13194444375 0.83984375 0.1513888890625 0.85390625 0.15555555625 0.8578125 0.1513888890625 0.88203125 0.15 0.88203125 0.1458333328125 0.8671875 0.13055555624999998 0.85625 0.127777778125
7 0.87109375 0.1 0.89375 0.11388888906250001 0.89609375 0.08055555625000001 0.87265625 0.07083333281250001 0.85703125 0.0736111109375 0.85625 0.08055555625000001 0.87109375 0.1
4 0.96796875 0.58055555625 0.96328125 0.5833333328125 0.96171875 0.5916666671875 0.978125 0.5930555562500001 0.975 0.60555555625 0.98046875 0.60694444375 0.9875 0.5930555562500001 0.9890625 0.5694444437499999 0.99296875 0.5541666671875001 0.99375 0.48333333281249996 0.9890625 0.4763888890625 0.984375 0.4583333328125 0.97421875 0.4583333328125 0.97421875 0.4791666671875 0.96875 0.4916666671875 0.96171875 0.522222221875 0.9625 0.5263888890625 0.9734375 0.522222221875 0.975 0.5305555562500001 0.9703125 0.5458333328125 0.96796875 0.58055555625