1 0.54609375 0.9138888890624999 0.553125 0.91944444375 0.5578125 0.909722221875 0.5578125 0.8541666671874999 0.56015625 0.8416666671874999 0.55859375 0.7861111109375 0.5625 0.7736111109375 0.57109375 0.7708333328125 0.56796875 0.7611111109375 0.5625 0.7569444437499999 0.54375 0.7486111109375 0.53125 0.7486111109375 0.53125 0.7569444437499999 0.54609375 0.7708333328125 0.54609375 0.8194444437499999 0.54375 0.834722221875 0.54609375 0.9138888890624999
1 0.61015625 0.8486111109375001 0.61484375 0.872222221875 0.61484375 0.8916666671875 0.61796875 0.897222221875 0.62421875 0.897222221875 0.6296875 0.890277778125 0.628125 0.7458333328125 0.63125 0.7402777781250001 0.6421875 0.7402777781250001 0.6421875 0.7333333328125 0.63125 0.727777778125 0.625 0.715277778125 0.61328125 0.7166666671875 0.60546875 0.7111111109375 0.60625 0.7236111109375 0.6125 0.7375 0.61484375 0.75555555625 0.61484375 0.7805555562500001 0.61015625 0.8055555562500001 0.61015625 0.8486111109375001
6 0.23828125 0.7819444437499999 0.2421875 0.7861111109375 0.246875 0.8027777781250001 0.26484375 0.8125 0.26875 0.8388888890624999 0.27265625 0.8444444437499999 0.30859375 0.85 0.32109375 0.8333333328125001 0.3328125 0.834722221875 0.340625 0.83055555625 0.34375 0.8263888890625 0.3453125 0.8111111109375001 0.34609375 0.7916666671875 0.3375 0.7597222218749999 0.3171875 0.7611111109375 0.30234375 0.752777778125 0.29765625 0.7236111109375 0.2921875 0.7166666671875 0.27734375 0.7180555562500001 0.26953125 0.73194444375 0.2671875 0.725 0.2625 0.722222221875 0.24140625 0.7208333328125 0.2375 0.725 0.2359375 0.7597222218749999 0.23828125 0.7819444437499999
6 0.37734375 0.8166666671874999 0.38828125 0.8194444437499999 0.4 0.8361111109375001 0.425 0.8388888890624999 0.43125 0.8222222218749999 0.43359375 0.7875 0.43046875 0.7708333328125 0.4265625 0.76944444375 0.42421875 0.7597222218749999 0.40546875 0.7416666671875001 0.346875 0.7416666671875001 0.34296875 0.75 0.34453125 0.76805555625 0.35625 0.7763888890625 0.36328125 0.7763888890625 0.3671875 0.7833333328125 0.365625 0.8027777781250001 0.36875 0.8083333328125001 0.37734375 0.8166666671874999
7 0.1625 0.8763888890624999 0.16015625 0.8583333328125 0.15546875 0.8486111109375001 0.11015625 0.8486111109375001 0.1265625 0.8652777781250001 0.14296875 0.8708333328125001 0.15078125 0.8791666671874999 0.1625 0.8763888890624999
7 0.02734375 0.89444444375 0.028125 0.902777778125 0.03671875 0.9166666671874999 0.0375 0.88055555625 0.02734375 0.89444444375
7 0.075 0.8708333328125001 0.06953125 0.8791666671874999 0.05390625 0.877777778125 0.05 0.8819444437499999 0.04609375 0.8986111109375001 0.04609375 0.9166666671874999 0.0609375 0.9277777781250001 0.07734375 0.9277777781250001 0.09296875 0.91805555625 0.09375 0.88055555625 0.08203125 0.8736111109375001 0.075 0.8708333328125001
7 0.13046875 0.9291666671875 0.13671875 0.9291666671875 0.1421875 0.922222221875 0.14296875 0.91944444375 0.125 0.897222221875 0.1109375 0.8861111109375001 0.10390625 0.8861111109375001 0.103125 0.91944444375 0.13046875 0.9291666671875
7 0.08125 0.8 0.084375 0.81805555625 0.090625 0.827777778125 0.1203125 0.8444444437499999 0.14375 0.8444444437499999 0.14921875 0.840277778125 0.15703125 0.8458333328125001 0.1796875 0.8444444437499999 0.18359375 0.83055555625 0.18359375 0.7916666671875 0.1796875 0.7736111109375 0.16953125 0.772222221875 0.16015625 0.7875 0.153125 0.784722221875 0.146875 0.7611111109375 0.121875 0.7416666671875001 0.11875 0.725 0.1140625 0.7194444437499999 0.1046875 0.7236111109375 0.075 0.722222221875 0.06953125 0.734722221875 0.06953125 0.7666666671875 0.08125 0.8
7 0.0375 0.6861111109375 0.0328125 0.6958333328124999 0.03046875 0.74444444375 0.0359375 0.7388888890625 0.0421875 0.7180555562500001 0.0421875 0.6944444437499999 0.0375 0.6861111109375
7 0.01015625 0.6486111109375 0.00078125 0.6458333328125 0.00078125 0.777777778125 0.00703125 0.777777778125 0.0109375 0.76805555625 0.0140625 0.7291666671875 0.01953125 0.7013888890625 0.021875 0.66944444375 0.0203125 0.6638888890625 0.01484375 0.6611111109375 0.01015625 0.6486111109375
7 0.08125 0.827777778125 0.08125 0.8111111109375001 0.06640625 0.7638888890625 0.0578125 0.7611111109375 0.04921875 0.772222221875 0.04765625 0.76944444375 0.0484375 0.7763888890625 0.04453125 0.7763888890625 0.04296875 0.7708333328125 0.03671875 0.7736111109375 0.03046875 0.7958333328125 0.03359375 0.8055555562500001 0.07109375 0.83055555625 0.0796875 0.83194444375 0.08125 0.827777778125
7 0.03984375 0.8680555562500001 0.06484375 0.8791666671874999 0.07578125 0.8763888890624999 0.07578125 0.86944444375 0.06875 0.8666666671875 0.0625 0.85694444375 0.01953125 0.840277778125 0.021875 0.8541666671874999 0.03984375 0.8680555562500001
7 0.828125 0.8888888890625 0.85 0.890277778125 0.8609375 0.877777778125 0.85625 0.8666666671875 0.853125 0.8458333328125001 0.85703125 0.8361111109375001 0.86953125 0.83055555625 0.8671875 0.809722221875 0.85703125 0.8111111109375001 0.85 0.80694444375 0.82578125 0.8125 0.815625 0.8041666671875 0.80703125 0.8055555562500001 0.79453125 0.83194444375 0.79453125 0.847222221875 0.79765625 0.85555555625 0.828125 0.8888888890625
7 0.63125 0.8916666671875 0.6203125 0.8986111109375001 0.61875 0.9041666671874999 0.6203125 0.9625 0.63515625 0.95555555625 0.64453125 0.9444444437499999 0.6578125 0.9472222218749999 0.6640625 0.940277778125 0.6671875 0.9416666671874999 0.66875 0.952777778125 0.671875 0.95694444375 0.71328125 0.95 0.71875 0.9444444437499999 0.71953125 0.9208333328125 0.72421875 0.9013888890624999 0.725 0.8458333328125001 0.71953125 0.840277778125 0.71875 0.825 0.703125 0.8263888890625 0.69765625 0.809722221875 0.69375 0.8055555562500001 0.675 0.80694444375 0.66796875 0.834722221875 0.64453125 0.8361111109375001 0.6359375 0.8444444437499999 0.63125 0.840277778125 0.63359375 0.8444444437499999 0.63125 0.84756944375 0.63125 0.8916666671875
7 0.54375 0.9083333328125001 0.54375 0.8208333328125 0.53359375 0.8236111109375001 0.5296875 0.8416666671874999 0.52421875 0.847222221875 0.521875 0.8611111109375 0.521875 0.909722221875 0.52578125 0.9694444437499999 0.53203125 0.9888888890624999 0.540625 0.9930555562500001 0.56875 0.99444444375 0.60390625 0.98055555625 0.6109375 0.9708333328125001 0.61171875 0.8833333328125 0.60625 0.8680555562500001 0.60625 0.847222221875 0.6015625 0.8388888890624999 0.6 0.8222222218749999 0.58984375 0.8166666671874999 0.57890625 0.8166666671874999 0.57109375 0.8222222218749999 0.56484375 0.8333333328125001 0.56015625 0.85555555625 0.56015625 0.8888888890625 0.55546875 0.91944444375 0.5484375 0.91805555625 0.54375 0.9083333328125001
7 0.2078125 0.8916666671875 0.20859375 0.9041666671874999 0.2109375 0.902777778125 0.2078125 0.890277778125 0.21171875 0.8847222218749999 0.2140625 0.8680555562500001 0.21796875 0.8652777781250001 0.2125 0.8486111109375001 0.20703125 0.852777778125 0.20703125 0.8791666671874999 0.209375 0.8819444437499999 0.20703125 0.8833333328125 0.20703125 0.8916666671875 0.203125 0.8958333328125001 0.20390625 0.9041666671874999 0.2046875 0.89444444375 0.2078125 0.8916666671875
7 0.24765625 0.925 0.25078125 0.9236111109375 0.2515625 0.9138888890624999 0.2546875 0.8416666671874999 0.23828125 0.840277778125 0.23125 0.85 0.22890625 0.9111111109375001 0.23203125 0.91805555625 0.24765625 0.925
7 0.31953125 0.8958333328125001 0.31328125 0.89305555625 0.3046875 0.872222221875 0.29375 0.859722221875 0.2828125 0.85555555625 0.2734375 0.8444444437499999 0.2640625 0.8430555562500001 0.2609375 0.9305555562500001 0.30625 0.952777778125 0.31953125 0.95555555625 0.3234375 0.9513888890625 0.3234375 0.902777778125 0.31953125 0.8958333328125001
4 0.74453125 0.8958333328125001 0.74375 0.8458333328125001 0.73828125 0.8291666671875 0.73359375 0.8430555562500001 0.73203125 0.8791666671874999 0.7390625 0.902777778125 0.74296875 0.902777778125 0.74453125 0.8958333328125001