2 0.575 0.0234375 0.575 0.01875 0.56805555625 0.01328125 0.527777778125 0.0140625 0.522222221875 0.01796875 0.522222221875 0.025 0.5333333328125 0.0328125 0.5541666671875001 0.0296875 0.575 0.0234375
1 0.89444444375 0.3703125 0.7458333328125 0.371875 0.7458333328125 0.35703125 0.74444444375 0.36015625 0.730921053125 0.3631990140625 0.7291666671875 0.36640625 0.7208333328125 0.36875 0.7138888890625 0.375 0.7194444437499999 0.3875 0.7111111109375 0.40078125 0.7194444437499999 0.4015625 0.734722221875 0.3875 0.74444444375 0.38515625 0.89444444375 0.3828125 0.9 0.38046875 0.9 0.37421875 0.89444444375 0.3703125
1 0.9166666671874999 0.45390625 0.91944444375 0.44453125 0.9069444437499999 0.44140625 0.7875 0.44140625 0.772222221875 0.43828125 0.7736111109375 0.42734375 0.76944444375 0.42734375 0.7611111109375 0.43125 0.7569444437499999 0.4375 0.75 0.45234375 0.7486111109375 0.46875 0.7569444437499999 0.46875 0.765277778125 0.45546875 0.7819444437499999 0.4515625 0.8208333328125 0.45234375 0.827777778125 0.4546875 0.9166666671874999 0.45390625
7 0.8263888890625 0.9109375 0.840277778125 0.89296875 0.8444444437499999 0.8859375 0.8458333328125001 0.86171875 0.8444444437499999 0.85546875 0.8361111109375001 0.85078125 0.8416666671874999 0.84921875 0.8444444437499999 0.84140625 0.8430555562500001 0.81875 0.8166666671874999 0.81953125 0.7958333328125 0.83359375 0.7833333328125 0.8484375 0.765277778125 0.85 0.7583333328124999 0.8546875 0.7416666671875001 0.878125 0.725 0.88125 0.7208333328125 0.88515625 0.7236111109375 0.90625 0.7361111109375 0.91171875 0.75 0.91328125 0.76944444375 0.92734375 0.81805555625 0.915625 0.8263888890625 0.9109375
7 0.6611111109375 0.99921875 0.73194444375 0.99921875 0.7388888890625 0.9953125 0.7388888890625 0.98671875 0.6944444437499999 0.98046875 0.6583333328125 0.97890625 0.6611111109375 0.99921875
7 0.76805555625 0.93046875 0.7638888890625 0.925 0.7430555562500001 0.91328125 0.7194444437499999 0.909375 0.7041666671875 0.9078125 0.6777777781250001 0.9203125 0.672222221875 0.925 0.6736111109375 0.934375 0.66944444375 0.9421875 0.6486111109375 0.95 0.64444444375 0.95390625 0.647222221875 0.95859375 0.6958333328124999 0.9671875 0.74444444375 0.9703125 0.7569444437499999 0.96796875 0.7611111109375 0.95078125 0.76805555625 0.9421875 0.76805555625 0.93046875
7 0.8625 0.79296875 0.8708333328125001 0.79296875 0.8736111109375001 0.7890625 0.8791666671874999 0.79296875 0.8861111109375001 0.7921875 0.902777778125 0.796875 0.9069444437499999 0.78828125 0.897222221875 0.7875 0.8916666671875 0.7921875 0.86944444375 0.7875 0.8625 0.79296875
7 0.9305555562500001 0.84296875 0.9472222218749999 0.84140625 0.9513888890625 0.83671875 0.93194444375 0.83671875 0.9305555562500001 0.84296875
7 0.95694444375 0.8265625 0.95694444375 0.82421875 0.9486111109375001 0.8265625 0.9416666671874999 0.82421875 0.95 0.82734375 0.95694444375 0.8265625
7 0.9563888890625 0.779375 0.9583333328125001 0.76953125 0.952777778125 0.77734375 0.9563888890625 0.779375
7 0.9541666671875 0.790625 0.9562641718749999 0.7800063765624999 0.952777778125 0.781640625 0.9541666671875 0.790625
7 0.9138888890624999 0.96640625 0.9138888890624999 0.9625 0.9083333328125001 0.96171875 0.8736111109375001 0.96171875 0.8708333328125001 0.96640625 0.9 0.975 0.9069444437499999 0.9734375 0.9083333328125001 0.96796875 0.9138888890624999 0.96640625
7 0.9069444437499999 0.90234375 0.9041666671874999 0.9015625 0.8986111109375001 0.90625 0.8819444437499999 0.90546875 0.872222221875 0.91953125 0.872222221875 0.92890625 0.877777778125 0.93125 0.8791666671874999 0.94921875 0.8958333328125001 0.95390625 0.9111111109375001 0.95390625 0.91944444375 0.95078125 0.9291666671875 0.934375 0.9277777781250001 0.9203125 0.91944444375 0.9078125 0.9069444437499999 0.90234375
7 0.777777778125 0.99296875 0.765277778125 0.98828125 0.7458333328125 0.98828125 0.7458333328125 0.99921875 0.7708333328125 0.99921875 0.777777778125 0.99296875
7 0.76944444375 0.94609375 0.7569444437499999 0.96796875 0.7597222218749999 0.971875 0.79444444375 0.97421875 0.8027777781250001 0.96953125 0.83055555625 0.928125 0.83055555625 0.91953125 0.8083333328125001 0.91953125 0.7916666671875 0.92890625 0.772222221875 0.93125 0.76944444375 0.94609375
7 0.8388888890624999 0.971875 0.8388888890624999 0.978125 0.8430555562500001 0.9796875 0.852777778125 0.978125 0.86944444375 0.95546875 0.877777778125 0.93671875 0.8736111109375001 0.92578125 0.86944444375 0.92578125 0.85694444375 0.94765625 0.8458333328125001 0.95625 0.8388888890624999 0.971875
7 0.8236111109375001 0.8171875 0.8111111109375001 0.81640625 0.8055555562500001 0.8125 0.7458333328125 0.81015625 0.74444444375 0.81484375 0.73194444375 0.8171875 0.725 0.82421875 0.7291666671875 0.83671875 0.7236111109375 0.8421875 0.7402777781250001 0.8484375 0.7666666671875 0.8484375 0.7805555562500001 0.84375 0.7819444437499999 0.83359375 0.79444444375 0.83203125 0.8041666671875 0.82734375 0.8111111109375001 0.81875 0.8236111109375001 0.8171875
7 0.7736111109375 0.7453125 0.777777778125 0.753125 0.7736111109375 0.76796875 0.8027777781250001 0.76875 0.80694444375 0.77109375 0.8430555562500001 0.76875 0.847222221875 0.7609375 0.840277778125 0.75078125 0.8166666671874999 0.7375 0.7916666671875 0.7359375 0.777777778125 0.7390625 0.7736111109375 0.7453125
7 0.79305555625 0.790625 0.8416666671874999 0.79453125 0.8583333328125 0.79296875 0.859722221875 0.78515625 0.83055555625 0.78125 0.7541666671875 0.77890625 0.74444444375 0.78125 0.7430555562500001 0.7859375 0.7736111109375 0.79140625 0.79305555625 0.790625
7 0.8328125 0.7390625 0.0015625 0.0015625
7 0.8958333328125001 0.79296875 0.902777778125 0.79296875 0.902777778125 0.7890625 0.8958333328125001 0.79296875
7 0.915277778125 0.76875 0.9277777781250001 0.75078125 0.9236111109375 0.7453125 0.9138888890624999 0.74765625 0.9069444437499999 0.7453125 0.8611111109375 0.74375 0.8444444437499999 0.7453125 0.85 0.76875 0.915277778125 0.76875
7 0.9013888890624999 0.6765625 0.89444444375 0.68671875 0.8861111109375001 0.69140625 0.8638888890624999 0.69609375 0.8458333328125001 0.71328125 0.8333333328125001 0.7359375 0.8958333328125001 0.7375 0.9277777781250001 0.74140625 0.9416666671874999 0.72421875 0.9444444437499999 0.70078125 0.95555555625 0.68203125 0.952777778125 0.67734375 0.94305555625 0.6765625 0.9013888890624999 0.6765625
7 0.85 0.88203125 0.85694444375 0.88046875 0.86944444375 0.86640625 0.8708333328125001 0.8578125 0.8791666671874999 0.85078125 0.8791666671874999 0.84140625 0.8736111109375001 0.83828125 0.8486111109375001 0.83984375 0.8444444437499999 0.853125 0.8486111109375001 0.8578125 0.85 0.88203125
7 0.9236111109375 0.85625 0.91944444375 0.85546875 0.8958333328125001 0.875 0.8861111109375001 0.89375 0.91944444375 0.89609375 0.9291666671875 0.87265625 0.9291666671875 0.86015625 0.9236111109375 0.85625
4 0.89444444375 0.3515625 0.8680555562500001 0.35078125 0.8458333328125001 0.35390625 0.8444444437499999 0.3625 0.890277778125 0.3625 0.9041666671874999 0.359375 0.9069444437499999 0.35546875 0.89444444375 0.3515625
4 0.7791666671875 0.21171875 0.7625 0.2109375 0.747222221875 0.215625 0.7 0.2125 0.7 0.2171875 0.70694444375 0.21875 0.7 0.225 0.7583333328124999 0.23125 0.7708333328125 0.23046875 0.777777778125 0.22890625 0.7833333328125 0.2234375 0.7986111109375 0.22265625 0.7986111109375 0.21796875 0.784722221875 0.21640625 0.7791666671875 0.21171875