2 0.575 0.0234375 0.575 0.01875 0.56805555625 0.01328125 0.527777778125 0.0140625 0.522222221875 0.01875 0.522222221875 0.025 0.5333333328125 0.0328125 0.5541666671875001 0.0296875 0.575 0.0234375
1 0.89444444375 0.3828125 0.9 0.3796875 0.89444444375 0.3703125 0.7516861109375 0.371875 0.74444444375 0.35625 0.74444444375 0.36015625 0.730921053125 0.3631990140625 0.7291666671875 0.36640625 0.7208333328125 0.36875 0.7138888890625 0.375 0.7194444437499999 0.3875 0.7111111109375 0.40078125 0.7194444437499999 0.4015625 0.734722221875 0.3875 0.74444444375 0.38515625 0.8013888890624999 0.3828125 0.85 0.38515625 0.8625 0.3828125 0.89444444375 0.3828125
1 0.7805555562500001 0.45234375 0.9138888890624999 0.4546875 0.91944444375 0.453125 0.91944444375 0.44453125 0.9138888890624999 0.4421875 0.7833333328125 0.44140625 0.7708333328125 0.43828125 0.7736111109375 0.4265625 0.76944444375 0.42578125 0.7666666671875 0.428125 0.772222221875 0.43046875 0.7708333328125 0.434375 0.7597222218749999 0.43203125 0.7569444437499999 0.4375 0.75 0.45234375 0.7486111109375 0.46875 0.7583333328124999 0.46796875 0.765277778125 0.45546875 0.7805555562500001 0.45234375
6 0.8027777781250001 0.63671875 0.8027777781250001 0.63203125 0.8125 0.6265625 0.815277778125 0.61953125 0.8263888890625 0.61015625 0.8263888890625 0.60546875 0.8388888890624999 0.59921875 0.840277778125 0.5765625 0.8291666671875 0.56953125 0.784722221875 0.56640625 0.772222221875 0.56875 0.76944444375 0.5734375 0.7569444437499999 0.57734375 0.7402777781250001 0.603125 0.7416666671875001 0.6515625 0.747222221875 0.65625 0.76944444375 0.6546875 0.7763888890625 0.6484375 0.777777778125 0.6375 0.7833333328125 0.6328125 0.790277778125 0.6328125 0.79444444375 0.63671875 0.8027777781250001 0.63671875
6 0.7263888890625 0.77890625 0.7236111109375 0.78203125 0.7361111109375 0.7875 0.7638888890625 0.78828125 0.7763888890625 0.78125 0.772222221875 0.77890625 0.7263888890625 0.77890625
6 0.722222221875 0.74296875 0.7333333328125 0.75 0.7569444437499999 0.75078125 0.7611111109375 0.76484375 0.81805555625 0.76875 0.8236111109375001 0.77109375 0.8194444437499999 0.77421875 0.8194444437499999 0.7828125 0.8444444437499999 0.78203125 0.8444444437499999 0.771875 0.859722221875 0.7625 0.8819444437499999 0.76015625 0.89444444375 0.75 0.9041666671874999 0.72734375 0.902777778125 0.70703125 0.89444444375 0.70234375 0.8611111109375 0.7 0.8444444437499999 0.68828125 0.83055555625 0.68359375 0.8208333328125 0.6875 0.775 0.68828125 0.7611111109375 0.69453125 0.7583333328124999 0.70703125 0.7611111109375 0.71171875 0.7805555562500001 0.715625 0.7819444437499999 0.72265625 0.7666666671875 0.72890625 0.7333333328125 0.73125 0.7236111109375 0.7375 0.722222221875 0.74296875
7 0.8263888890625 0.9109375 0.840277778125 0.89296875 0.8458333328125001 0.86171875 0.840277778125 0.853125 0.8444444437499999 0.84296875 0.840277778125 0.83203125 0.8416666671874999 0.8203125 0.8375 0.81953125 0.8166666671874999 0.8203125 0.80694444375 0.8296875 0.7958333328125 0.83359375 0.784722221875 0.8484375 0.765277778125 0.85 0.7597222218749999 0.85390625 0.7416666671875001 0.878125 0.725 0.88125 0.7208333328125 0.8859375 0.7236111109375 0.90625 0.7513888890625 0.9140625 0.76944444375 0.9265625 0.81805555625 0.915625 0.8263888890625 0.9109375
7 0.6944444437499999 0.98046875 0.659722221875 0.97890625 0.6611111109375 0.99921875 0.73194444375 0.99921875 0.7388888890625 0.9953125 0.7388888890625 0.98671875 0.7236111109375 0.9828125 0.6944444437499999 0.98046875
7 0.7388888890625 0.9125 0.702777778125 0.9078125 0.69305555625 0.915625 0.6736111109375 0.9234375 0.66944444375 0.94296875 0.665277778125 0.946875 0.6486111109375 0.95078125 0.64444444375 0.95703125 0.6513888890625 0.96015625 0.6986111109375 0.9671875 0.7541666671875 0.96953125 0.76805555625 0.94296875 0.76805555625 0.93046875 0.7569444437499999 0.9203125 0.7388888890625 0.9125
7 0.7791666671875 0.99375 0.7736111109375 0.98984375 0.7458333328125 0.98828125 0.74444444375 0.99921875 0.7736111109375 0.99921875 0.7791666671875 0.99375
7 0.76805555625 0.9484375 0.7569444437499999 0.96796875 0.7597222218749999 0.971875 0.79444444375 0.97421875 0.8027777781250001 0.96953125 0.83055555625 0.92890625 0.83055555625 0.91953125 0.8111111109375001 0.91875 0.7875 0.92890625 0.772222221875 0.93046875 0.76805555625 0.9484375
7 0.840277778125 0.978125 0.852777778125 0.978125 0.8666666671875 0.9609375 0.877777778125 0.93671875 0.875 0.9265625 0.8708333328125001 0.925 0.85694444375 0.94765625 0.8444444437499999 0.95703125 0.8388888890624999 0.96953125 0.840277778125 0.978125
7 0.8430555562500001 0.81796875 0.8138888890624999 0.81875 0.80694444375 0.82890625 0.784722221875 0.84375 0.7861111109375 0.8484375 0.840277778125 0.85390625 0.8458333328125001 0.84375 0.8430555562500001 0.81796875
7 0.8486111109375001 0.859375 0.8486111109375001 0.88125 0.85694444375 0.8796875 0.86944444375 0.8671875 0.872222221875 0.85625 0.8791666671874999 0.85078125 0.877777778125 0.8390625 0.8638888890624999 0.83671875 0.8486111109375001 0.84140625 0.8444444437499999 0.84921875 0.8486111109375001 0.859375
7 0.91944444375 0.896875 0.9277777781250001 0.87890625 0.9277777781250001 0.859375 0.91944444375 0.85625 0.909722221875 0.8640625 0.8958333328125001 0.87578125 0.8861111109375001 0.89375 0.9069444437499999 0.89765625 0.91944444375 0.896875
4 0.83194444375 0.55390625 0.8430555562500001 0.55546875 0.8416666671874999 0.56015625 0.8333333328125001 0.56328125 0.840277778125 0.5609375 0.8444444437499999 0.5640625 0.897222221875 0.5625 0.9083333328125001 0.55546875 0.89444444375 0.55 0.8652777781250001 0.5515625 0.8333333328125001 0.5484375 0.83194444375 0.55390625