2 0.0296875 0.46944444374999994 0.0421875 0.46388888906250003 0.04296875 0.45555555625000005 0.0359375 0.42083333281249996 0.025 0.41944444374999995 0.025 0.46388888906250003 0.0296875 0.46944444374999994
1 0.3859375 0.28194444375 0.39453125 0.290277778125 0.3953125 0.2833333328125 0.38671875 0.2625 0.38515625 0.15694444375 0.3875 0.15277777812499999 0.384375 0.10833333281249999 0.37421875 0.1041666671875 0.3703125 0.115277778125 0.37265625 0.1513888890625 0.37265625 0.2541666671875 0.36875 0.2611111109375 0.359375 0.259722221875 0.3578125 0.2638888890625 0.36796875 0.272222221875 0.37578125 0.28611111093749997 0.3859375 0.28194444375
1 0.46328125 0.2388888890625 0.46640625 0.240277778125 0.46796875 0.2513888890625 0.46875 0.24444444375000002 0.45234375 0.2076388890625 0.45625 0.1708333328125 0.45390625 0.140277778125 0.4546875 0.084722221875 0.44296875 0.0875 0.4421875 0.2166666671875 0.43828125 0.22777777812500002 0.43125 0.22777777812500002 0.43046875 0.23472222187499997 0.43828125 0.24305555625 0.4609375 0.2513888890625 0.4609375 0.2388888890625 0.46328125 0.2388888890625
6 0.7265625 0.275 0.7390625 0.2791666671875 0.7625 0.275 0.7640625 0.2416666671875 0.76015625 0.21944444375 0.76328125 0.215277778125 0.7578125 0.20833333281250002 0.75546875 0.197222221875 0.75 0.1916666671875 0.73671875 0.190277778125 0.7328125 0.18055555625 0.73046875 0.1583333328125 0.7046875 0.15 0.69140625 0.15 0.6796875 0.1666666671875 0.6703125 0.1666666671875 0.665625 0.177777778125 0.66171875 0.175 0.6609375 0.16805555625 0.65625 0.177777778125 0.65625 0.2208333328125 0.66328125 0.2416666671875 0.6859375 0.2416666671875 0.69765625 0.24722222187499998 0.70234375 0.272222221875 0.71171875 0.28472222187499996 0.721875 0.2833333328125 0.7265625 0.275
6 0.65625 0.2541666671875 0.65546875 0.23055555625 0.634375 0.21944444375 0.6375 0.20277777812500003 0.63515625 0.1888888890625 0.60546875 0.17361111093749998 0.59765625 0.15972222187500001 0.5765625 0.15972222187500001 0.56875 0.18055555625 0.56640625 0.19583333281249998 0.5671875 0.21805555625 0.57578125 0.2388888890625 0.58125 0.24444444375000002 0.5984375 0.25833333281250004 0.60546875 0.259722221875 0.65 0.25833333281250004 0.65625 0.2541666671875
7 0.85625 0.127777778125 0.84921875 0.1208333328125 0.84375 0.12222222187500001 0.8421875 0.13194444375 0.8390625 0.134722221875 0.84453125 0.1513888890625 0.8921875 0.1541666671875 0.88984375 0.147222221875 0.87578125 0.1416666671875 0.86640625 0.13055555624999998 0.85625 0.127777778125
7 0.96875 0.097222221875 0.96640625 0.09444444375 0.9625 0.102777778125 0.9625 0.11805555625 0.9671875 0.11388888906250001 0.96875 0.097222221875
7 0.9546875 0.090277778125 0.95078125 0.08055555625000001 0.9375 0.072222221875 0.9234375 0.072222221875 0.9078125 0.08194444375 0.90625 0.11944444375 0.9125 0.125 0.92890625 0.1291666671875 0.93125 0.12222222187500001 0.9390625 0.125 0.9484375 0.1208333328125 0.95234375 0.11388888906250001 0.9546875 0.090277778125
7 0.8625 0.07083333281250001 0.85703125 0.077777778125 0.85625 0.08055555625000001 0.875 0.102777778125 0.8890625 0.11388888906250001 0.89453125 0.11388888906250001 0.89765625 0.09305555625 0.89609375 0.08055555625000001 0.8703125 0.07083333281250001 0.8625 0.07083333281250001
7 0.85078125 0.23611111093749998 0.878125 0.25833333281250004 0.88125 0.275 0.88671875 0.28055555625 0.89609375 0.27638888906250003 0.921875 0.2791666671875 0.93046875 0.26805555625 0.93046875 0.23333333281250002 0.92578125 0.2236111109375 0.915625 0.18194444375000002 0.90390625 0.16805555625 0.88515625 0.15555555625 0.85703125 0.15555555625 0.85234375 0.165277778125 0.83828125 0.15555555625 0.81875 0.15555555625 0.815625 0.1708333328125 0.8140625 0.19305555624999998 0.8171875 0.20138888906250002 0.81875 0.2208333328125 0.825 0.22916666718749998 0.83125 0.23055555625 0.8375 0.21805555625 0.84609375 0.21805555625 0.85078125 0.23611111093749998
7 0.209375 0.3013888890625 0.2125 0.30416666718749996 0.2171875 0.302777778125 0.21953125 0.29305555625 0.2375 0.28194444375 0.25546875 0.28055555625 0.26171875 0.2888888890625 0.26640625 0.2833333328125 0.2703125 0.26805555625 0.26875 0.23194444375 0.25234375 0.20694444375 0.23515625 0.172222221875 0.2140625 0.165277778125 0.1890625 0.17361111093749998 0.18125 0.1888888890625 0.1703125 0.1916666671875 0.17421875 0.2 0.17265625 0.2513888890625 0.1765625 0.26805555625 0.1875 0.2638888890625 0.19921875 0.2708333328125 0.209375 0.3013888890625
7 0.9875 0.26805555625 0.98984375 0.27638888906250003 0.9953125 0.2791666671875 0.99921875 0.27638888906250003 0.99921875 0.2208333328125 0.99296875 0.21805555625 0.9890625 0.23055555625 0.9875 0.26805555625
7 0.975 0.2236111109375 0.9734375 0.20138888906250002 0.925 0.16805555625 0.91875 0.17361111093749998 0.91796875 0.1861111109375 0.9296875 0.20833333281250002 0.93046875 0.23055555625 0.93515625 0.2388888890625 0.95390625 0.2388888890625 0.9625 0.2416666671875 0.96953125 0.25 0.975 0.2236111109375
7 0.93515625 0.12222222187500001 0.92578125 0.1263888890625 0.92578125 0.13055555624999998 0.95078125 0.15 0.975 0.1611111109375 0.98046875 0.15972222187500001 0.98046875 0.15277777812499999 0.9765625 0.14444444375 0.96015625 0.13333333281249998 0.93515625 0.12222222187500001
7 0.7953125 0.14305555625 0.7953125 0.127777778125 0.7921875 0.115277778125 0.796875 0.11388888906250001 0.7984375 0.097222221875 0.790625 0.09305555625 0.7875 0.0958333328125 0.790625 0.10833333281249999 0.7859375 0.115277778125 0.784375 0.13194444375 0.77890625 0.13888888906250002 0.78515625 0.14444444375 0.7859375 0.1541666671875 0.7921875 0.1541666671875 0.7953125 0.14305555625
7 0.74921875 0.07638888906249999 0.7484375 0.11805555625 0.74453125 0.1583333328125 0.765625 0.15972222187500001 0.76875 0.15555555625 0.77109375 0.1375 0.7703125 0.0916666671875 0.76171875 0.077777778125 0.74921875 0.07638888906249999
7 0.71796875 0.147222221875 0.72578125 0.15555555625 0.73671875 0.15555555625 0.73984375 0.07638888906249999 0.7375 0.06805555625000001 0.72265625 0.058333332812500006 0.7 0.054166667187499996 0.68203125 0.04444444375 0.67890625 0.0458333328125 0.6765625 0.05694444375 0.675 0.09305555625 0.67734375 0.10138888906250001 0.68828125 0.109722221875 0.69140625 0.11805555625 0.6890625 0.1263888890625 0.69140625 0.13055555624999998 0.70234375 0.1416666671875 0.71796875 0.147222221875