1 0.897222221875 0.3828125 0.89305555625 0.3703125 0.74444444375 0.371875 0.7402777781250001 0.3578125 0.734722221875 0.3578125 0.727777778125 0.36875 0.7138888890625 0.37578125 0.7166666671875 0.38671875 0.7111111109375 0.39375 0.7166666671875 0.3953125 0.75 0.3859375 0.7805555562500001 0.3859375 0.8055555562500001 0.38984375 0.8611111109375 0.38984375 0.872222221875 0.38515625 0.897222221875 0.3828125
1 0.815277778125 0.45390625 0.83194444375 0.45625 0.9138888890624999 0.45390625 0.91944444375 0.45078125 0.91944444375 0.446875 0.9069444437499999 0.4421875 0.847222221875 0.4421875 0.8416666671874999 0.43984375 0.7833333328125 0.44140625 0.7736111109375 0.4375 0.7736111109375 0.4296875 0.76805555625 0.4296875 0.7611111109375 0.43203125 0.7569444437499999 0.4375 0.7486111109375 0.45625 0.7486111109375 0.46875 0.7541666671875 0.46953125 0.7583333328124999 0.4671875 0.76944444375 0.45390625 0.815277778125 0.45390625
6 0.8055555562500001 0.7515625 0.8125 0.7359375 0.8430555562500001 0.7296875 0.85 0.69140625 0.8361111109375001 0.68046875 0.83194444375 0.66015625 0.8194444437499999 0.65546875 0.7875 0.65390625 0.7597222218749999 0.6625 0.7611111109375 0.684375 0.752777778125 0.69765625 0.74444444375 0.70078125 0.725 0.70234375 0.7166666671875 0.7078125 0.715277778125 0.71796875 0.7291666671875 0.7296875 0.722222221875 0.7375 0.7263888890625 0.7625 0.7638888890625 0.7640625 0.7833333328125 0.76171875 0.8055555562500001 0.7515625
6 0.8208333328125 0.56875 0.8041666671875 0.56640625 0.7736111109375 0.56875 0.7583333328124999 0.5765625 0.75 0.58515625 0.7402777781250001 0.5984375 0.7416666671875001 0.653125 0.747222221875 0.65703125 0.7708333328125 0.6546875 0.777777778125 0.63671875 0.809722221875 0.62734375 0.8222222218749999 0.6078125 0.8388888890624999 0.596875 0.8388888890624999 0.575 0.8208333328125 0.56875
7 0.8791666671874999 0.8375 0.8708333328125001 0.83671875 0.8486111109375001 0.84375 0.8486111109375001 0.89140625 0.86944444375 0.86640625 0.8708333328125001 0.85703125 0.877777778125 0.85078125 0.8791666671874999 0.8375
7 0.8819444437499999 0.9640625 0.8888888890625 0.96875 0.902777778125 0.9703125 0.909722221875 0.9640625 0.9166666671874999 0.9625 0.8819444437499999 0.96171875 0.8819444437499999 0.9640625
7 0.902777778125 0.95390625 0.9166666671874999 0.953125 0.9277777781250001 0.9390625 0.9277777781250001 0.9234375 0.915277778125 0.90703125 0.88055555625 0.90625 0.8708333328125001 0.92265625 0.877777778125 0.9296875 0.88055555625 0.94921875 0.902777778125 0.95390625
7 0.9291666671875 0.871875 0.9291666671875 0.8625 0.9236111109375 0.8578125 0.91805555625 0.8578125 0.8958333328125001 0.87578125 0.8861111109375001 0.88984375 0.8861111109375001 0.89609375 0.91944444375 0.89765625 0.9291666671875 0.871875
7 0.722222221875 0.92421875 0.7333333328125 0.93046875 0.7666666671875 0.93046875 0.7763888890625 0.92578125 0.8166666671874999 0.91640625 0.827777778125 0.909375 0.8444444437499999 0.88046875 0.8444444437499999 0.85625 0.840277778125 0.8546875 0.8444444437499999 0.84765625 0.8444444437499999 0.8203125 0.83194444375 0.81640625 0.8166666671874999 0.8140625 0.797222221875 0.81796875 0.7805555562500001 0.81796875 0.772222221875 0.8234375 0.772222221875 0.83125 0.784722221875 0.8375 0.7833333328125 0.846875 0.7805555562500001 0.84921875 0.7638888890625 0.85078125 0.7416666671875001 0.878125 0.725 0.88125 0.7194444437499999 0.8859375 0.7236111109375 0.8953125 0.722222221875 0.92421875
7 0.8708333328125001 0.1328125 0.859722221875 0.1375 0.8486111109375001 0.13671875 0.8444444437499999 0.13203125 0.81805555625 0.13046875 0.8041666671875 0.1328125 0.8111111109375001 0.17265625 0.8027777781250001 0.19140625 0.80694444375 0.1953125 0.81805555625 0.19765625 0.827777778125 0.20546875 0.8541666671874999 0.20390625 0.8888888890625 0.171875 0.890277778125 0.15 0.8708333328125001 0.1328125
7 0.9625 0.375 0.95555555625 0.36484375 0.94305555625 0.35546875 0.9472222218749999 0.34375 0.9416666671874999 0.3359375 0.95694444375 0.32890625 0.952777778125 0.29140625 0.9444444437499999 0.28125 0.922222221875 0.278125 0.9166666671874999 0.2796875 0.9111111109375001 0.2765625 0.83194444375 0.27578125 0.8208333328125 0.28203125 0.827777778125 0.29609375 0.8055555562500001 0.30625 0.80694444375 0.325 0.834722221875 0.3328125 0.840277778125 0.34375 0.8388888890624999 0.35546875 0.8444444437499999 0.359375 0.8458333328125001 0.36875 0.89305555625 0.36875 0.902777778125 0.38125 0.9611111109375001 0.3796875 0.9625 0.375
7 0.8236111109375001 0.4625 0.83194444375 0.46875 0.8736111109375001 0.478125 0.934722221875 0.478125 0.9791666671874999 0.4734375 0.9902777781250001 0.46796875 0.9916666671875 0.42421875 0.9791666671874999 0.3953125 0.9666666671874999 0.3890625 0.9361111109375001 0.3890625 0.9277777781250001 0.39140625 0.89305555625 0.3875 0.8652777781250001 0.3953125 0.847222221875 0.39375 0.8416666671874999 0.39765625 0.8208333328125 0.4015625 0.815277778125 0.41796875 0.8222222218749999 0.42890625 0.8458333328125001 0.4390625 0.871527778125 0.44140625 0.8708333328125001 0.45546875 0.8236111109375001 0.45625 0.8236111109375001 0.4625
7 0.7208333328125 0.99453125 0.73194444375 0.99921875 0.777777778125 0.99921875 0.7819444437499999 0.99296875 0.7625 0.98828125 0.7291666671875 0.9875 0.7208333328125 0.99453125
7 0.7597222218749999 0.94375 0.76944444375 0.96015625 0.7583333328124999 0.9640625 0.752777778125 0.96953125 0.7736111109375 0.97421875 0.797222221875 0.97265625 0.83055555625 0.92890625 0.83194444375 0.92265625 0.8263888890625 0.91875 0.809722221875 0.91875 0.7638888890625 0.9328125 0.7597222218749999 0.94375
7 0.8652777781250001 0.93359375 0.85694444375 0.9390625 0.8541666671874999 0.95390625 0.8458333328125001 0.96328125 0.840277778125 0.98046875 0.85 0.98046875 0.85694444375 0.9765625 0.8652777781250001 0.96328125 0.877777778125 0.9375 0.877777778125 0.92890625 0.8736111109375001 0.92578125 0.86944444375 0.92578125 0.8652777781250001 0.93359375
7 0.85694444375 0.78515625 0.8486111109375001 0.7859375 0.847222221875 0.790625 0.8486111109375001 0.79296875 0.85694444375 0.79375 0.8791666671874999 0.79296875 0.8819444437499999 0.78984375 0.8847222218749999 0.790625 0.8791666671874999 0.7859375 0.8708333328125001 0.7859375 0.8611111109375 0.78125 0.85694444375 0.78515625
7 0.9041666671874999 0.796875 0.9055555562500001 0.78828125 0.897222221875 0.78828125 0.8888888890625 0.79296875 0.89444444375 0.796875 0.9041666671874999 0.796875
7 0.9208333328125 0.74921875 0.8416666671874999 0.7453125 0.840277778125 0.76328125 0.8486111109375001 0.76875 0.9111111109375001 0.77109375 0.91944444375 0.7671875 0.925 0.75078125 0.9208333328125 0.74921875
7 0.95555555625 0.6828125 0.9541666671875 0.67890625 0.9444444437499999 0.6765625 0.902777778125 0.6765625 0.8958333328125001 0.68046875 0.89305555625 0.68671875 0.86944444375 0.69375 0.85694444375 0.70703125 0.8541666671874999 0.71875 0.8444444437499999 0.72578125 0.8416666671874999 0.734375 0.8458333328125001 0.7375 0.915277778125 0.73984375 0.93194444375 0.73828125 0.9416666671874999 0.72265625 0.9444444437499999 0.70625 0.95555555625 0.6828125
7 0.7486111109375 0.96953125 0.76805555625 0.97421875 0.797222221875 0.97421875 0.797222221875 0.96875 0.777777778125 0.96328125 0.7611111109375 0.9625 0.7486111109375 0.96953125
4 0.1708333328125 0.06796875 0.190277778125 0.08046875 0.1916666671875 0.08515625 0.15694444375 0.09296875 0.1583333328125 0.10546875 0.16805555625 0.1109375 0.17361111093749998 0.1 0.184722221875 0.0953125 0.22916666718749998 0.09140625 0.252777778125 0.0859375 0.2638888890625 0.08046875 0.3013888890625 0.07421875 0.3333333328125 0.0625 0.36805555624999997 0.06328125 0.375 0.05 0.372222221875 0.0453125 0.36805555624999997 0.04296875 0.35555555625 0.04296875 0.34444444375 0.04765625 0.3361111109375 0.04765625 0.31944444375000003 0.04375 0.29444444375 0.04453125 0.25 0.05625 0.23055555625 0.06640625 0.20694444375 0.0734375 0.1763888890625 0.05625 0.1625 0.05546875 0.147222221875 0.0625 0.1458333328125 0.06796875 0.1708333328125 0.06796875