2 0.015625 0.427777778125 0.0125 0.43333333281249997 0.0140625 0.47222222187499996 0.01796875 0.477777778125 0.028125 0.4763888890625 0.0328125 0.46527777812500004 0.0296875 0.44305555625000004 0.02421875 0.4263888890625 0.015625 0.427777778125
1 0.3875 0.28055555625 0.40078125 0.2888888890625 0.4015625 0.28055555625 0.38515625 0.25694444375000003 0.3828125 0.10555555624999999 0.3796875 0.1 0.3703125 0.10555555624999999 0.371875 0.2541666671875 0.35703125 0.2541666671875 0.3609375 0.25833333281250004 0.35625 0.26527777812500003 0.36640625 0.2708333328125 0.36875 0.2791666671875 0.375 0.28611111093749997 0.3875 0.28055555625
1 0.46875 0.2513888890625 0.46875 0.24305555625 0.4546875 0.23194444375 0.4515625 0.2166666671875 0.45234375 0.17916666718750002 0.4546875 0.172222221875 0.4546875 0.084722221875 0.453125 0.08055555625000001 0.44453125 0.08055555625000001 0.4421875 0.0861111109375 0.44140625 0.2138888890625 0.43828125 0.22777777812500002 0.42734375 0.22638888906250001 0.42734375 0.23055555625 0.43125 0.2388888890625 0.4375 0.24305555625 0.4515625 0.25 0.46875 0.2513888890625
7 0.93828125 0.072222221875 0.92265625 0.072222221875 0.90703125 0.08194444375 0.90078125 0.09444444375 0.90625 0.10138888906250001 0.9046875 0.1166666671875 0.9171875 0.1263888890625 0.94921875 0.11944444375 0.95390625 0.102777778125 0.95234375 0.08333333281250001 0.93828125 0.072222221875
7 0.853125 0.240277778125 0.878125 0.25833333281250004 0.88125 0.275 0.88671875 0.28055555625 0.921875 0.2791666671875 0.92890625 0.2708333328125 0.93046875 0.23472222187499997 0.91640625 0.1833333328125 0.9109375 0.17361111093749998 0.88515625 0.15555555625 0.8609375 0.1541666671875 0.85234375 0.15972222187500001 0.84296875 0.15555555625 0.81875 0.15555555625 0.81875 0.18055555625 0.8375 0.20833333281250002 0.8484375 0.2166666671875 0.85 0.23472222187499997 0.853125 0.240277778125
7 0.86640625 0.13055555624999998 0.85703125 0.1291666671875 0.853125 0.12222222187500001 0.8375 0.12222222187500001 0.83671875 0.134722221875 0.83984375 0.1513888890625 0.85234375 0.15555555625 0.85703125 0.1513888890625 0.878125 0.1541666671875 0.8828125 0.15 0.88046875 0.14305555625 0.86640625 0.13055555624999998
7 0.85625 0.07638888906249999 0.85546875 0.08055555625000001 0.875 0.1041666671875 0.88828125 0.11388888906250001 0.89453125 0.11388888906250001 0.89609375 0.08055555625000001 0.871875 0.07083333281250001 0.86015625 0.07083333281250001 0.85625 0.07638888906249999
7 0.84140625 0.2236111109375 0.83125 0.2166666671875 0.83203125 0.20555555625 0.8296875 0.197222221875 0.821875 0.19305555624999998 0.8171875 0.1833333328125 0.8125 0.19305555624999998 0.81015625 0.2541666671875 0.81796875 0.2541666671875 0.81953125 0.26805555625 0.83671875 0.26805555625 0.84140625 0.275 0.846875 0.2666666671875 0.8484375 0.23611111093749998 0.84140625 0.2236111109375
7 0.76875 0.1583333328125 0.759375 0.1541666671875 0.74609375 0.165277778125 0.73671875 0.1888888890625 0.7359375 0.20555555625 0.7390625 0.222222221875 0.74375 0.22638888906250001 0.75703125 0.222222221875 0.76640625 0.22777777812500002 0.76875 0.19583333281249998 0.775 0.1833333328125 0.76875 0.1583333328125
7 0.79296875 0.1416666671875 0.78671875 0.13888888906250002 0.7828125 0.1458333328125 0.7796875 0.1861111109375 0.78125 0.2125 0.77890625 0.24583333281250003 0.78046875 0.25555555625 0.78671875 0.25694444375000003 0.790625 0.2388888890625 0.79296875 0.2 0.7953125 0.1541666671875 0.79296875 0.1416666671875
7 0.99140625 0.27638888906250003 0.99921875 0.275 0.99921875 0.21944444375 0.99375 0.20972222187499998 0.9875 0.2416666671875 0.98671875 0.26944444375 0.99140625 0.27638888906250003
7 0.96953125 0.25 0.97421875 0.222222221875 0.97421875 0.20555555625 0.9703125 0.197222221875 0.928125 0.16944444375 0.91953125 0.1708333328125 0.9203125 0.1916666671875 0.92421875 0.20277777812500003 0.93046875 0.20972222187499998 0.93046875 0.23194444375 0.93359375 0.2388888890625 0.94375 0.240277778125 0.95 0.23611111093749998 0.96953125 0.25
7 0.959375 0.13194444375 0.94296875 0.125 0.93125 0.125 0.9296875 0.13055555624999998 0.92578125 0.1263888890625 0.925 0.1291666671875 0.93828125 0.140277778125 0.9484375 0.14305555625 0.95625 0.1541666671875 0.975 0.16388888906250001 0.9796875 0.1583333328125 0.97890625 0.147222221875 0.959375 0.13194444375
7 0.7890625 0.0958333328125 0.79296875 0.10555555624999999 0.79375 0.097222221875 0.79140625 0.10138888906250001 0.7890625 0.0958333328125
7 0.74765625 0.0861111109375 0.74453125 0.15555555625 0.76640625 0.1513888890625 0.7703125 0.1291666671875 0.76875 0.084722221875 0.75078125 0.072222221875 0.74609375 0.075 0.74765625 0.0861111109375
7 0.74140625 0.072222221875 0.72421875 0.059722221875 0.7 0.055555556250000006 0.68125 0.04444444375 0.67734375 0.0458333328125 0.6765625 0.055555556250000006 0.6765625 0.1 0.69140625 0.1111111109375 0.69296875 0.1291666671875 0.696875 0.13888888906250002 0.7140625 0.15555555625 0.73515625 0.1666666671875 0.7375 0.102777778125 0.74140625 0.072222221875
4 0.06484375 0.5958333328125 0.0703125 0.5916666671875 0.0703125 0.5861111109375 0.06640625 0.58055555625 0.0671875 0.575 0.075 0.5666666671875 0.07421875 0.559722221875 0.06796875 0.5583333328125 0.06640625 0.5541666671875001 0.0609375 0.515277778125 0.0609375 0.4986111109375 0.065625 0.48055555625 0.05546875 0.4611111109375 0.05546875 0.425 0.0515625 0.42222222187499997 0.0453125 0.43333333281249997 0.0453125 0.44166666718750003 0.0375 0.4611111109375 0.0375 0.475 0.040625 0.48472222187499997 0.04296875 0.5166666671875 0.0546875 0.5458333328125 0.05546875 0.5930555562500001 0.06484375 0.5958333328125
4 0.0703125 0.10833333281249999 0.06875 0.084722221875 0.0609375 0.06805555625000001 0.05390625 0.06805555625000001 0.05234375 0.08333333281250001 0.05546875 0.13333333281249998 0.0609375 0.1361111109375 0.0671875 0.165277778125 0.071875 0.16805555625 0.0734375 0.1541666671875 0.06796875 0.1263888890625 0.0703125 0.10833333281249999
4 0.1875 0.1833333328125 0.19140625 0.20277777812500003 0.18828125 0.2138888890625 0.19921875 0.2138888890625 0.2 0.16944444375 0.1921875 0.14444444375 0.18828125 0.1458333328125 0.1875 0.1833333328125
4 0.50625 0.109722221875 0.50625 0.15694444375 0.51171875 0.1583333328125 0.5140625 0.08194444375 0.509375 0.08333333281250001 0.51015625 0.0916666671875 0.50625 0.109722221875