1 0.85 0.38984375 0.872222221875 0.38515625 0.89444444375 0.384375 0.8958333328125001 0.375 0.8916666671875 0.371875 0.88055555625 0.3703125 0.85694444375 0.37265625 0.7458333328125 0.371875 0.7402777781250001 0.36875 0.7402777781250001 0.3578125 0.734722221875 0.3578125 0.727777778125 0.36875 0.7138888890625 0.37578125 0.7180555562500001 0.3859375 0.7111111109375 0.39453125 0.7180555562500001 0.3953125 0.7430555562500001 0.38671875 0.7833333328125 0.3859375 0.80694444375 0.38984375 0.85 0.38984375
1 0.8333333328125001 0.45625 0.915277778125 0.45390625 0.91944444375 0.446875 0.909722221875 0.4421875 0.8583333328125 0.4421875 0.8416666671874999 0.43984375 0.7861111109375 0.44140625 0.7736111109375 0.43671875 0.7763888890625 0.43125 0.772222221875 0.42890625 0.7638888890625 0.43125 0.7569444437499999 0.43828125 0.75 0.4515625 0.7486111109375 0.46875 0.7569444437499999 0.46875 0.765277778125 0.45703125 0.777777778125 0.45390625 0.8333333328125001 0.45625
6 0.7569444437499999 0.7640625 0.7819444437499999 0.76171875 0.8027777781250001 0.75390625 0.8125 0.7359375 0.8388888890624999 0.73125 0.8444444437499999 0.72734375 0.85 0.69140625 0.8361111109375001 0.68125 0.8361111109375001 0.66640625 0.8291666671875 0.65703125 0.8138888890624999 0.6546875 0.7888888890625 0.65390625 0.76944444375 0.6578125 0.7597222218749999 0.6625 0.7611111109375 0.6828125 0.752777778125 0.69765625 0.725 0.70234375 0.7166666671875 0.7078125 0.7180555562500001 0.72265625 0.73194444375 0.73046875 0.725 0.7328125 0.722222221875 0.7375 0.7208333328125 0.76015625 0.725 0.7625 0.7569444437499999 0.7640625
6 0.8388888890624999 0.575 0.8208333328125 0.56875 0.8041666671875 0.56640625 0.7736111109375 0.56875 0.7583333328124999 0.5765625 0.75 0.58515625 0.7402777781250001 0.5984375 0.7416666671875001 0.653125 0.7486111109375 0.65703125 0.76944444375 0.6546875 0.777777778125 0.63671875 0.784722221875 0.6328125 0.8111111109375001 0.62734375 0.8208333328125 0.609375 0.8388888890624999 0.59921875 0.8388888890624999 0.575
7 0.8444444437499999 0.8796875 0.8458333328125001 0.885546875 0.8541666671874999 0.88671875 0.847222221875 0.89140625 0.85694444375 0.8859375 0.86944444375 0.86640625 0.8791666671874999 0.83671875 0.8652777781250001 0.8375 0.8486111109375001 0.84453125 0.85 0.86015625 0.8444444437499999 0.8796875
7 0.9166666671874999 0.9625 0.909722221875 0.9640625 0.9041666671874999 0.96171875 0.8819444437499999 0.96171875 0.8847222218749999 0.9671875 0.89444444375 0.9703125 0.902777778125 0.9703125 0.9166666671874999 0.9625
7 0.872222221875 0.925 0.877777778125 0.92890625 0.88055555625 0.94921875 0.9041666671874999 0.95390625 0.915277778125 0.95390625 0.91944444375 0.9515625 0.9277777781250001 0.9375 0.9277777781250001 0.9234375 0.9166666671874999 0.90703125 0.88055555625 0.90625 0.872222221875 0.91953125 0.872222221875 0.925
7 0.897222221875 0.875 0.8847222218749999 0.89609375 0.91944444375 0.896875 0.9291666671875 0.86796875 0.922222221875 0.8578125 0.91944444375 0.85703125 0.897222221875 0.875
7 0.722222221875 0.92421875 0.734722221875 0.93046875 0.7666666671875 0.93046875 0.7763888890625 0.92578125 0.8166666671874999 0.91640625 0.83055555625 0.90625 0.8444444437499999 0.88046875 0.8444444437499999 0.85625 0.840277778125 0.853125 0.8444444437499999 0.84765625 0.8444444437499999 0.81953125 0.83194444375 0.81640625 0.81805555625 0.8140625 0.8 0.81796875 0.7805555562500001 0.81796875 0.7736111109375 0.821875 0.772222221875 0.83125 0.7833333328125 0.83828125 0.7833333328125 0.846875 0.7805555562500001 0.84921875 0.7638888890625 0.85078125 0.75 0.8640625 0.7416666671875001 0.878125 0.7194444437499999 0.8859375 0.7236111109375 0.8953125 0.722222221875 0.92421875
7 0.8291666671875 0.20546875 0.8541666671874999 0.20390625 0.8888888890625 0.171875 0.890277778125 0.15 0.8708333328125001 0.13203125 0.8652777781250001 0.13203125 0.8652777781250001 0.1375 0.859722221875 0.1375 0.859722221875 0.13515625 0.85 0.1453125 0.8444444437499999 0.14296875 0.8444444437499999 0.13828125 0.8388888890624999 0.13671875 0.8375 0.1296875 0.797222221875 0.13203125 0.809722221875 0.16953125 0.8027777781250001 0.18515625 0.8041666671875 0.1921875 0.8291666671875 0.20546875
7 0.852777778125 0.36875 0.890277778125 0.36875 0.9013888890624999 0.38046875 0.9625 0.3796875 0.95555555625 0.3640625 0.9444444437499999 0.35546875 0.9472222218749999 0.34296875 0.940277778125 0.3375 0.9416666671874999 0.33359375 0.95694444375 0.328125 0.95 0.28671875 0.9444444437499999 0.28125 0.9236111109375 0.28046875 0.9138888890624999 0.2765625 0.834722221875 0.275 0.83194444375 0.2796875 0.8222222218749999 0.28203125 0.827777778125 0.296875 0.8111111109375001 0.3015625 0.8055555562500001 0.30625 0.8055555562500001 0.32265625 0.8083333328125001 0.32578125 0.834722221875 0.33203125 0.8361111109375001 0.3390625 0.8416666671874999 0.3421875 0.8416666671874999 0.353125 0.8583333328125 0.36484375 0.852777778125 0.36875
7 0.9069444437499999 0.4578125 0.877777778125 0.45546875 0.8208333328125 0.45625 0.8236111109375001 0.46640625 0.8708333328125001 0.478125 0.952777778125 0.478125 0.975 0.475 0.984722221875 0.4765625 0.9930555562500001 0.46484375 0.99444444375 0.43046875 0.98055555625 0.39609375 0.9708333328125001 0.3890625 0.8833333328125 0.38828125 0.8652777781250001 0.3953125 0.847222221875 0.39375 0.8333333328125001 0.4 0.8208333328125 0.40078125 0.815277778125 0.4109375 0.8166666671874999 0.42265625 0.8222222218749999 0.4296875 0.8333333328125001 0.43515625 0.86944444375 0.44140625 0.9083333328125001 0.44140625 0.91944444375 0.4453125 0.91944444375 0.45078125 0.9069444437499999 0.4578125
7 0.727777778125 0.9921875 0.73055555625 0.99921875 0.7791666671875 0.99921875 0.7819444437499999 0.99296875 0.765277778125 0.98828125 0.7333333328125 0.9875 0.727777778125 0.9921875
7 0.8111111109375001 0.91875 0.797222221875 0.92421875 0.7833333328125 0.92578125 0.7611111109375 0.93515625 0.7597222218749999 0.94453125 0.76944444375 0.9609375 0.7611111109375 0.96328125 0.75555555625 0.9703125 0.772222221875 0.97421875 0.797222221875 0.9734375 0.8055555562500001 0.96640625 0.83055555625 0.92890625 0.8291666671875 0.91953125 0.8111111109375001 0.91875
7 0.840277778125 0.98046875 0.85555555625 0.978125 0.859722221875 0.97265625 0.875 0.94453125 0.877777778125 0.92734375 0.8708333328125001 0.925 0.8583333328125 0.9375 0.8541666671874999 0.9546875 0.8444444437499999 0.96640625 0.840277778125 0.98046875
7 0.8791666671874999 0.79296875 0.8791666671874999 0.78671875 0.859722221875 0.78125 0.8486111109375001 0.78671875 0.8486111109375001 0.79296875 0.8791666671874999 0.79296875
7 0.884375 0.78984375 0.0015625 0.003125
7 0.890277778125 0.79296875 0.9 0.79765625 0.9055555562500001 0.79453125 0.9055555562500001 0.78828125 0.890277778125 0.79296875
7 0.925 0.75234375 0.9236111109375 0.74921875 0.9125 0.7484375 0.8416666671874999 0.7453125 0.840277778125 0.76328125 0.8486111109375001 0.76875 0.9111111109375001 0.77265625 0.91944444375 0.7671875 0.925 0.75234375
7 0.8708333328125001 0.69375 0.8444444437499999 0.7265625 0.8416666671874999 0.734375 0.8458333328125001 0.7375 0.915277778125 0.73984375 0.93194444375 0.73828125 0.952777778125 0.6921875 0.9541666671875 0.68046875 0.9444444437499999 0.6765625 0.9 0.67734375 0.89444444375 0.6859375 0.8708333328125001 0.69375
4 0.8708333328125001 0.18671875 0.8625 0.19296875 0.859722221875 0.2 0.8819444437499999 0.19921875 0.89444444375 0.18984375 0.8819444437499999 0.1859375 0.8708333328125001 0.18671875