2 0.025 0.41944444374999995 0.025 0.4611111109375 0.028125 0.46805555625000006 0.0375 0.46805555625000006 0.04140625 0.4625 0.04140625 0.45694444375 0.0359375 0.42083333281249996 0.025 0.41944444374999995
1 0.38671875 0.15277777812499999 0.384375 0.10694444375 0.37421875 0.1041666671875 0.3703125 0.1166666671875 0.37265625 0.15694444375 0.37265625 0.2513888890625 0.36875 0.259722221875 0.36015625 0.259722221875 0.359375 0.26527777812500003 0.3671875 0.2708333328125 0.375 0.28611111093749997 0.3796875 0.2888888890625 0.38671875 0.2833333328125 0.39375 0.290277778125 0.3953125 0.2833333328125 0.38671875 0.25833333281250004 0.38515625 0.23472222187499997 0.38671875 0.15277777812499999
1 0.44296875 0.0875 0.4421875 0.2166666671875 0.43828125 0.22777777812500002 0.43125 0.22638888906250001 0.4296875 0.23055555625 0.4328125 0.2388888890625 0.45546875 0.25 0.4609375 0.2513888890625 0.4609375 0.2388888890625 0.46640625 0.240277778125 0.4546875 0.22638888906250001 0.45234375 0.215277778125 0.45625 0.1708333328125 0.45390625 0.1416666671875 0.4546875 0.0861111109375 0.44921875 0.08333333281250001 0.44296875 0.0875
6 0.7609375 0.21805555625 0.76328125 0.2166666671875 0.75078125 0.1916666671875 0.73671875 0.190277778125 0.7328125 0.18055555625 0.73046875 0.1583333328125 0.69140625 0.15 0.68125 0.165277778125 0.66953125 0.16805555625 0.66640625 0.177777778125 0.6625 0.177777778125 0.6609375 0.16944444375 0.65625 0.17916666718750002 0.65546875 0.19305555624999998 0.65625 0.225 0.66328125 0.2416666671875 0.68203125 0.240277778125 0.6984375 0.24722222187499998 0.70078125 0.2666666671875 0.70859375 0.2833333328125 0.71953125 0.28472222187499996 0.7296875 0.272222221875 0.7390625 0.2791666671875 0.76015625 0.27777777812500004 0.76328125 0.272222221875 0.7640625 0.2388888890625 0.7609375 0.2236111109375 0.7609375 0.21805555625
6 0.5984375 0.15972222187500001 0.57578125 0.1611111109375 0.56875 0.18055555625 0.56640625 0.19583333281249998 0.5671875 0.21805555625 0.5765625 0.2416666671875 0.5859375 0.24583333281250003 0.59765625 0.25833333281250004 0.60546875 0.259722221875 0.65 0.25833333281250004 0.65625 0.2541666671875 0.6546875 0.22916666718749998 0.634375 0.21944444375 0.6375 0.20138888906250002 0.63515625 0.1888888890625 0.6078125 0.1763888890625 0.5984375 0.15972222187500001
7 0.859375 0.15 0.8859375 0.1541666671875 0.8921875 0.1513888890625 0.8890625 0.147222221875 0.88515625 0.15277777812499999 0.87265625 0.134722221875 0.85 0.1208333328125 0.84375 0.1208333328125 0.8390625 0.13194444375 0.84296875 0.15 0.85 0.1541666671875 0.859375 0.15
7 0.96171875 0.0861111109375 0.9640625 0.090277778125 0.9609375 0.09305555625 0.96171875 0.11805555625 0.9640625 0.11805555625 0.96875 0.1111111109375 0.9703125 0.097222221875 0.96171875 0.0861111109375
7 0.95234375 0.11805555625 0.95390625 0.1041666671875 0.9578125 0.0958333328125 0.953125 0.08194444375 0.93828125 0.072222221875 0.9234375 0.072222221875 0.90703125 0.084722221875 0.90625 0.11944444375 0.9234375 0.1291666671875 0.9421875 0.125 0.95234375 0.11805555625
7 0.8703125 0.07083333281250001 0.86328125 0.07083333281250001 0.8578125 0.077777778125 0.85703125 0.08055555625000001 0.87578125 0.102777778125 0.89453125 0.11388888906250001 0.89765625 0.09305555625 0.896875 0.08055555625000001 0.8703125 0.07083333281250001
7 0.921875 0.2791666671875 0.93046875 0.26805555625 0.93046875 0.23333333281250002 0.9265625 0.22638888906250001 0.91640625 0.1833333328125 0.91015625 0.17361111093749998 0.88515625 0.15555555625 0.85625 0.15555555625 0.85234375 0.1611111109375 0.8421875 0.15555555625 0.81875 0.15555555625 0.8171875 0.1625 0.8140625 0.19305555624999998 0.8171875 0.2 0.81875 0.2208333328125 0.8234375 0.22777777812500002 0.83125 0.23055555625 0.83515625 0.22638888906250001 0.83671875 0.21805555625 0.846875 0.21944444375 0.85078125 0.23611111093749998 0.878125 0.25833333281250004 0.88203125 0.27638888906250003 0.88671875 0.28055555625 0.89609375 0.27638888906250003 0.921875 0.2791666671875
7 0.98984375 0.22638888906250001 0.9875 0.26944444375 0.98984375 0.27638888906250003 0.996875 0.2791666671875 0.99921875 0.27777777812500004 0.99921875 0.21944444375 0.9921875 0.21805555625 0.98984375 0.22638888906250001
7 0.91875 0.175 0.91796875 0.1861111109375 0.92265625 0.19444444375 0.925 0.2125 0.9296875 0.21944444375 0.93046875 0.23055555625 0.93515625 0.2388888890625 0.96015625 0.240277778125 0.96875 0.25 0.97265625 0.24305555625 0.97578125 0.20833333281250002 0.9703125 0.197222221875 0.925 0.16805555625 0.9203125 0.16944444375 0.91875 0.175
7 0.9322914062500001 0.125 0.93203125 0.13333333281249998 0.92578125 0.1263888890625 0.92578125 0.13055555624999998 0.95234375 0.15 0.98046875 0.15972222187500001 0.9796875 0.1458333328125 0.95546875 0.13055555624999998 0.9322914062500001 0.125
7 0.790625 0.1541666671875 0.79296875 0.15277777812499999 0.79453125 0.1291666671875 0.79140625 0.115277778125 0.7859375 0.1125 0.78515625 0.1291666671875 0.78046875 0.13888888906250002 0.78515625 0.14444444375 0.78671875 0.1541666671875 0.790625 0.1541666671875
7 0.79609375 0.115277778125 0.79765625 0.09444444375 0.78828125 0.09305555625 0.7890625 0.1041666671875 0.79609375 0.115277778125
7 0.77109375 0.0916666671875 0.7671875 0.08194444375 0.75 0.0736111109375 0.7484375 0.1208333328125 0.7453125 0.1361111109375 0.7453125 0.15972222187500001 0.75625 0.1611111109375 0.76875 0.1541666671875 0.77109375 0.1375 0.77109375 0.0916666671875
7 0.67734375 0.05 0.67578125 0.06944444375 0.675 0.0916666671875 0.68046875 0.1041666671875 0.6859375 0.10555555624999999 0.690625 0.1166666671875 0.6890625 0.127777778125 0.7046875 0.14305555625 0.71796875 0.147222221875 0.72578125 0.15555555625 0.73671875 0.15555555625 0.7390625 0.06944444375 0.72421875 0.059722221875 0.7 0.054166667187499996 0.68203125 0.04444444375 0.67734375 0.05