7 0.08984375 0.827777778125 0.11328125 0.8430555562500001 0.134375 0.8458333328125001 0.14375 0.8444444437499999 0.14765625 0.8388888890624999 0.15078125 0.8444444437499999 0.17421875 0.8416666671874999 0.18046875 0.8388888890624999 0.18359375 0.83194444375 0.184375 0.8013888890624999 0.18046875 0.7791666671875 0.171875 0.7763888890625 0.1625 0.7833333328125 0.15546875 0.7833333328125 0.1515625 0.7791666671875 0.14921875 0.7638888890625 0.121875 0.7416666671875001 0.1171875 0.7236111109375 0.07578125 0.7236111109375 0.0703125 0.7333333328125 0.0703125 0.76944444375 0.084375 0.8194444437499999 0.08984375 0.827777778125
7 0.05 0.7013888890625 0.05078125 0.68194444375 0.03828125 0.66944444375 0.03125 0.7194444437499999 0.03125 0.7402777781250001 0.03515625 0.7402777781250001 0.0421875 0.73055555625 0.05 0.7013888890625
7 0.00390625 0.722222221875 0.0046875 0.73194444375 0.009375 0.7416666671875001 0.0140625 0.7402777781250001 0.0171875 0.7236111109375 0.0234375 0.66805555625 0.00859375 0.6486111109375 0.00078125 0.647222221875 0.00078125 0.7194444437499999 0.00390625 0.722222221875
7 0.153125 0.85694444375 0.1453125 0.85 0.125 0.8458333328125001 0.115625 0.8486111109375001 0.11640625 0.8541666671874999 0.12734375 0.8652777781250001 0.15 0.8736111109375001 0.15234375 0.86944444375 0.1546875 0.8736111109375001 0.15546875 0.8708333328125001 0.1515625 0.8680555562500001 0.153125 0.85694444375
7 0.03828125 0.9125 0.04140625 0.8888888890625 0.03828125 0.88055555625 0.0328125 0.8819444437499999 0.02578125 0.89444444375 0.02578125 0.9 0.0375 0.915277778125 0.03828125 0.9125
7 0.121875 0.9277777781250001 0.13828125 0.9277777781250001 0.14296875 0.922222221875 0.14375 0.91944444375 0.125 0.8958333328125001 0.11171875 0.8861111109375001 0.10234375 0.8847222218749999 0.10234375 0.91944444375 0.121875 0.9277777781250001
7 0.0546875 0.8736111109375001 0.0484375 0.8916666671875 0.04609375 0.9166666671874999 0.059375 0.9277777781250001 0.078125 0.9277777781250001 0.08984375 0.91944444375 0.09296875 0.9041666671874999 0.09375 0.8791666671874999 0.075 0.8680555562500001 0.06875 0.8736111109375001 0.0546875 0.8736111109375001
7 0.9375 0.3791666671875 0.93671875 0.35555555625 0.9328125 0.384722221875 0.934375 0.3958333328125 0.93125 0.41111111093749997 0.93359375 0.415277778125 0.9359375 0.40972222187499996 0.934375 0.40138888906250003 0.93671875 0.3916666671875 0.93515625 0.38333333281250004 0.9375 0.3791666671875
7 0.88984375 0.3958333328125 0.88125 0.38333333281250004 0.87421875 0.3791666671875 0.8578125 0.38333333281250004 0.8578125 0.40277777812500004 0.86171875 0.41805555625 0.86484375 0.45416666718750004 0.86796875 0.4625 0.86953125 0.48194444374999995 0.8734375 0.4888888890625 0.87734375 0.522222221875 0.8828125 0.5333333328125 0.88359375 0.5666666671875 0.90546875 0.5666666671875 0.9078125 0.5611111109375 0.9125 0.559722221875 0.92421875 0.5375 0.93125 0.5361111109375 0.93671875 0.5486111109375 0.9375 0.54305555625 0.9328125 0.5375 0.93671875 0.5324069437500001 0.934375 0.5 0.9421875 0.4763888890625 0.94140625 0.45416666718750004 0.9375 0.44444444375 0.93984375 0.427777778125 0.9375 0.42222222187499997 0.93203125 0.425 0.93203125 0.44166666718750003 0.90078125 0.4486111109375 0.89375 0.440277778125 0.89375 0.40833333281249995 0.88984375 0.3958333328125
7 0.78046875 0.44305555625000004 0.76953125 0.44305555625000004 0.75625 0.4361111109375 0.72578125 0.434722221875 0.71484375 0.427777778125 0.7046875 0.40972222187499996 0.68203125 0.40694444374999994 0.66953125 0.42083333281249996 0.66171875 0.44166666718750003 0.65234375 0.4458333328125 0.640625 0.46527777812500004 0.6375 0.477777778125 0.6359375 0.5319444437499999 0.63828125 0.5527777781250001 0.64375 0.56805555625 0.6578125 0.5888888890625 0.68046875 0.60694444375 0.7 0.6319444437499999 0.70625 0.6347222218749999 0.7078125 0.640277778125 0.7171875 0.6458333328125 0.72578125 0.6666666671875 0.73828125 0.6708333328125 0.74609375 0.684722221875 0.753125 0.672222221875 0.76796875 0.66944444375 0.77734375 0.6416666671875 0.78046875 0.6458333328125 0.78125 0.6569444437499999 0.8015625 0.66944444375 0.81484375 0.6916666671875 0.8609375 0.709722221875 0.86171875 0.66944444375 0.85703125 0.6583333328125 0.85703125 0.6486111109375 0.8265625 0.6166666671875001 0.83203125 0.5861111109375 0.83515625 0.58194444375 0.85 0.58194444375 0.84609375 0.58055555625 0.85078125 0.5722222218749999 0.84375 0.47222222187499996 0.83515625 0.4236111109375 0.80703125 0.43194444374999996 0.7875 0.43194444374999996 0.78046875 0.44305555625000004
7 1 0.7416666671875001 0.98671875 0.73194444375 0.975 0.7291666671875 0.96875 0.715277778125 0.96015625 0.7138888890625 0.9484375 0.7041666671875 0.93984375 0.70555555625 0.9046875 0.690277778125 0.89765625 0.684722221875 0.89375 0.672222221875 0.8875 0.672222221875 0.88984375 0.715277778125 0.89453125 0.73055555625 0.91171875 0.7361111109375 0.94453125 0.7569444437499999 0.96484375 0.7597222218749999 0.9953125 0.7763888890625 1 0.7763888890625 1 0.7416666671875001
7 0.6203125 0.9611111109375001 0.625 0.9625 0.6453125 0.9444444437499999 0.6515625 0.95 0.66640625 0.9472222218749999 0.6703125 0.95694444375 0.7125 0.95 0.71875 0.9416666671874999 0.725 0.89444444375 0.725 0.834722221875 0.71796875 0.8208333328125 0.703125 0.827777778125 0.6984375 0.809722221875 0.6890625 0.8041666671875 0.67578125 0.80694444375 0.6671875 0.8333333328125001 0.65546875 0.8291666671875 0.634375 0.83194444375 0.63046875 0.8458333328125001 0.6296875 0.8861111109375001 0.6265625 0.89444444375 0.61953125 0.9 0.6203125 0.9611111109375001
7 0.53046875 0.8361111109375001 0.5234375 0.85555555625 0.521875 0.8986111109375001 0.52578125 0.9041666671874999 0.5234375 0.91944444375 0.52421875 0.95694444375 0.5328125 0.9902777781250001 0.57109375 0.99444444375 0.6046875 0.98055555625 0.61015625 0.975 0.61171875 0.9638888890624999 0.60859375 0.934722221875 0.6125 0.9069444437499999 0.61171875 0.8875 0.60625 0.8680555562500001 0.60625 0.8430555562500001 0.6 0.83055555625 0.6 0.8194444437499999 0.58203125 0.815277778125 0.57265625 0.8208333328125 0.5609375 0.8444444437499999 0.55859375 0.8583333328125 0.54375 0.85694444375 0.5421875 0.8263888890625 0.53046875 0.8361111109375001
7 0.20859375 0.8680555562500001 0.2109375 0.8708333328125001 0.21796875 0.859722221875 0.21328125 0.8583333328125 0.21328125 0.8652777781250001 0.20859375 0.8680555562500001
7 0.203125 0.8958333328125001 0.20703125 0.9041666671874999 0.209375 0.9 0.2125 0.9041666671874999 0.2109375 0.89444444375 0.203125 0.8958333328125001
7 0.23125 0.8680555562500001 0.22734375 0.9138888890624999 0.23203125 0.91944444375 0.25 0.925 0.25390625 0.875 0.25390625 0.8416666671874999 0.2375 0.840277778125 0.2328125 0.8444444437499999 0.2296875 0.8611111109375 0.23125 0.8680555562500001
7 0.32265625 0.8986111109375001 0.31484375 0.89444444375 0.3046875 0.86944444375 0.2890625 0.85694444375 0.2828125 0.8458333328125001 0.27421875 0.840277778125 0.2640625 0.8416666671874999 0.26015625 0.902777778125 0.26015625 0.9277777781250001 0.2625 0.93194444375 0.3140625 0.952777778125 0.31875 0.952777778125 0.3234375 0.9416666671874999 0.32265625 0.8986111109375001
7 0.01171875 0.765277778125 0.0125 0.747222221875 0.00703125 0.7430555562500001 0.0046875 0.75555555625 0.00078125 0.7597222218749999 0.00078125 0.7736111109375 0.00625 0.7791666671875 0.01171875 0.765277778125
7 0.06875 0.76805555625 0.06484375 0.7638888890625 0.05078125 0.76944444375 0.03984375 0.76805555625 0.03359375 0.75555555625 0.028125 0.7611111109375 0.025 0.79444444375 0.03046875 0.8027777781250001 0.06484375 0.8263888890625 0.075 0.83194444375 0.08046875 0.83055555625 0.08125 0.8125 0.06875 0.76805555625
7 0.03125 0.83194444375 0.02109375 0.83194444375 0.0203125 0.8416666671874999 0.025 0.85694444375 0.05234375 0.8736111109375001 0.06953125 0.877777778125 0.075 0.875 0.075 0.8625 0.06953125 0.85694444375 0.0390625 0.840277778125 0.03125 0.83194444375
4 0.975 0.625 0.975 0.6041666671875 0.97890625 0.5944444437499999 0.98125 0.5708333328124999 0.97421875 0.565277778125 0.9734375 0.54444444375 0.96875 0.51805555625 0.96953125 0.49583333281249997 0.95234375 0.497222221875 0.95 0.4986111109375 0.95234375 0.56805555625 0.95 0.5944444437499999 0.9671875 0.6166666671875001 0.96875 0.6291666671875 0.975 0.625
4 0.45 0.89305555625 0.453125 0.85 0.4515625 0.840277778125 0.44765625 0.8388888890624999 0.44453125 0.8444444437499999 0.44140625 0.8819444437499999 0.4453125 0.89444444375 0.45 0.89305555625