2 0.03828125 0.440277778125 0.0359375 0.42083333281249996 0.025 0.41944444374999995 0.0234375 0.4388888890625 0.0265625 0.46527777812500004 0.03203125 0.46944444374999994 0.04296875 0.46388888906250003 0.04375 0.447222221875 0.03828125 0.440277778125
1 0.38671875 0.115277778125 0.38125 0.1041666671875 0.37265625 0.1041666671875 0.3703125 0.1111111109375 0.37265625 0.15694444375 0.37265625 0.2513888890625 0.36875 0.259722221875 0.36015625 0.259722221875 0.359375 0.26527777812500003 0.36875 0.272222221875 0.375 0.28611111093749997 0.3796875 0.2888888890625 0.38671875 0.2833333328125 0.39375 0.290277778125 0.3953125 0.2833333328125 0.38671875 0.259722221875 0.38515625 0.23055555625 0.38671875 0.115277778125
1 0.4546875 0.084722221875 0.44296875 0.0875 0.4421875 0.2166666671875 0.43828125 0.22777777812500002 0.43125 0.22638888906250001 0.4296875 0.23055555625 0.4328125 0.2388888890625 0.4390625 0.24305555625 0.4671875 0.2513888890625 0.46875 0.24305555625 0.45703125 0.23611111093749998 0.45390625 0.222222221875 0.45390625 0.18055555625 0.45625 0.1708333328125 0.45390625 0.1458333328125 0.4546875 0.084722221875
6 0.7625 0.2166666671875 0.75 0.1916666671875 0.7390625 0.1916666671875 0.73515625 0.1875 0.73046875 0.1583333328125 0.7046875 0.15 0.69140625 0.15 0.68125 0.16388888906250001 0.66875 0.16805555625 0.66640625 0.177777778125 0.65625 0.18055555625 0.65546875 0.2138888890625 0.66328125 0.240277778125 0.68203125 0.240277778125 0.69765625 0.24722222187499998 0.70234375 0.272222221875 0.7078125 0.28194444375 0.71953125 0.28472222187499996 0.7296875 0.2708333328125 0.7390625 0.2791666671875 0.76015625 0.27777777812500004 0.76328125 0.272222221875 0.7640625 0.2388888890625 0.7609375 0.222222221875 0.7625 0.2166666671875
6 0.62109375 0.184722221875 0.60625 0.17361111093749998 0.5984375 0.15972222187500001 0.57578125 0.1611111109375 0.56875 0.18055555625 0.56640625 0.197222221875 0.5671875 0.21805555625 0.5765625 0.2416666671875 0.584375 0.24444444375000002 0.59375 0.25555555625 0.60625 0.259722221875 0.64921875 0.25833333281250004 0.65625 0.2541666671875 0.65703125 0.240277778125 0.6546875 0.22916666718749998 0.634375 0.21805555625 0.6375 0.2 0.63671875 0.190277778125 0.62109375 0.184722221875
7 0.84453125 0.1513888890625 0.89140625 0.1541666671875 0.8890625 0.147222221875 0.87578125 0.14305555625 0.8734375 0.134722221875 0.86171875 0.1263888890625 0.85546875 0.1263888890625 0.85 0.1208333328125 0.8421875 0.12222222187500001 0.8421875 0.1291666671875 0.8390625 0.134722221875 0.84453125 0.1513888890625
7 0.96796875 0.115277778125 0.9734375 0.10555555624999999 0.9734375 0.10138888906250001 0.96640625 0.0916666671875 0.9625 0.10138888906250001 0.9625 0.11805555625 0.96796875 0.115277778125
7 0.93046875 0.125 0.9484375 0.1208333328125 0.9546875 0.102777778125 0.95390625 0.08333333281250001 0.93828125 0.072222221875 0.9234375 0.072222221875 0.9078125 0.08194444375 0.90625 0.11944444375 0.91796875 0.127777778125 0.92890625 0.1291666671875 0.93046875 0.125
7 0.89765625 0.09305555625 0.89765625 0.08333333281250001 0.8953125 0.0791666671875 0.8703125 0.07083333281250001 0.8609375 0.072222221875 0.85703125 0.08055555625000001 0.8625 0.0888888890625 0.8890625 0.11388888906250001 0.8953125 0.11388888906250001 0.89765625 0.09305555625
7 0.92109375 0.2791666671875 0.93046875 0.26805555625 0.93046875 0.23333333281250002 0.9265625 0.22638888906250001 0.91640625 0.1833333328125 0.9109375 0.17361111093749998 0.88515625 0.15555555625 0.85703125 0.15555555625 0.853125 0.1611111109375 0.8421875 0.15555555625 0.81875 0.15555555625 0.8171875 0.15972222187500001 0.815625 0.19583333281249998 0.81875 0.2208333328125 0.821875 0.22638888906250001 0.82890625 0.23055555625 0.834375 0.22777777812500002 0.83671875 0.21805555625 0.84609375 0.21805555625 0.84921875 0.222222221875 0.85078125 0.23611111093749998 0.878125 0.25833333281250004 0.88125 0.275 0.88671875 0.28055555625 0.89609375 0.27638888906250003 0.92109375 0.2791666671875
7 0.99375 0.2708333328125 0.99921875 0.26944444375 0.99921875 0.2208333328125 0.99296875 0.21805555625 0.9890625 0.23194444375 0.98828125 0.2638888890625 0.99375 0.2708333328125
7 0.925 0.2125 0.93515625 0.2388888890625 0.9546875 0.2388888890625 0.96953125 0.25 0.975 0.22638888906250001 0.97421875 0.20277777812500003 0.92890625 0.16944444375 0.921875 0.16805555625 0.91875 0.17361111093749998 0.91796875 0.1861111109375 0.92265625 0.19444444375 0.925 0.2125
7 0.9265625 0.1263888890625 0.92578125 0.13055555624999998 0.95078125 0.1513888890625 0.98046875 0.15972222187500001 0.9765625 0.1458333328125 0.96171875 0.134722221875 0.94296875 0.125 0.9265625 0.1263888890625
7 0.7765625 0.1375 0.78359375 0.1416666671875 0.7859375 0.15277777812499999 0.78984375 0.1541666671875 0.79296875 0.15277777812499999 0.79453125 0.14305555625 0.79375 0.1208333328125 0.796875 0.115277778125 0.7984375 0.097222221875 0.79609375 0.09305555625 0.7875 0.09305555625 0.78515625 0.1291666671875 0.7765625 0.1375
7 0.765625 0.1583333328125 0.76875 0.15555555625 0.76875 0.147222221875 0.77265625 0.1375 0.7703125 0.13333333281249998 0.77109375 0.09444444375 0.76640625 0.08055555625000001 0.75078125 0.072222221875 0.74921875 0.077777778125 0.74453125 0.15555555625 0.75 0.1611111109375 0.765625 0.1583333328125
7 0.68046875 0.1041666671875 0.68828125 0.109722221875 0.69140625 0.1291666671875 0.70546875 0.14305555625 0.71796875 0.147222221875 0.72578125 0.15555555625 0.73671875 0.15555555625 0.7390625 0.06944444375 0.6828125 0.04444444375 0.67890625 0.0458333328125 0.6765625 0.05694444375 0.675 0.0916666671875 0.68046875 0.1041666671875