2 0.58055555625 0.025 0.5375 0.025 0.5319444437499999 0.028125 0.534722221875 0.0421875 0.5527777781250001 0.0453125 0.5611111109375 0.03828125 0.5791666671875 0.0359375 0.58055555625 0.025
1 0.89444444375 0.38359375 0.8958333328125001 0.3734375 0.8861111109375001 0.3703125 0.8486111109375001 0.37265625 0.747222221875 0.37265625 0.7402777781250001 0.36875 0.7402777781250001 0.36015625 0.734722221875 0.359375 0.7291666671875 0.3671875 0.7138888890625 0.375 0.7166666671875 0.3859375 0.709722221875 0.39375 0.7166666671875 0.3953125 0.7402777781250001 0.38671875 0.7597222218749999 0.38515625 0.890277778125 0.38671875 0.89444444375 0.38359375
1 0.8513888890624999 0.45390625 0.915277778125 0.4546875 0.9125 0.44296875 0.7833333328125 0.4421875 0.772222221875 0.43828125 0.7736111109375 0.43125 0.76944444375 0.4296875 0.7611111109375 0.4328125 0.7569444437499999 0.43828125 0.7486111109375 0.46796875 0.7569444437499999 0.46875 0.7638888890625 0.45703125 0.775 0.45390625 0.81805555625 0.45390625 0.8291666671875 0.45625 0.8444444437499999 0.45625 0.8513888890624999 0.45390625
6 0.8083333328125001 0.75 0.8083333328125001 0.7390625 0.8125 0.73515625 0.8416666671874999 0.73046875 0.8486111109375001 0.71171875 0.85 0.69140625 0.8361111109375001 0.68203125 0.83194444375 0.6609375 0.8222222218749999 0.65625 0.7888888890625 0.65546875 0.7611111109375 0.66171875 0.7569444437499999 0.6671875 0.7583333328124999 0.6859375 0.752777778125 0.69765625 0.74444444375 0.70078125 0.73055555625 0.7015625 0.7194444437499999 0.70625 0.715277778125 0.71953125 0.727777778125 0.72890625 0.7208333328125 0.73828125 0.725 0.7625 0.7833333328125 0.7625 0.8083333328125001 0.75
6 0.797222221875 0.6375 0.809722221875 0.63671875 0.8263888890625 0.60625 0.840277778125 0.5984375 0.8388888890624999 0.575 0.8194444437499999 0.56875 0.8041666671875 0.56640625 0.7736111109375 0.56875 0.7583333328124999 0.5765625 0.75555555625 0.584375 0.74444444375 0.59375 0.7402777781250001 0.60546875 0.7416666671875001 0.646875 0.7430555562500001 0.653125 0.75 0.65703125 0.7638888890625 0.65703125 0.772222221875 0.65390625 0.777777778125 0.63671875 0.7819444437499999 0.634375 0.797222221875 0.6375
7 0.7208333328125 0.92265625 0.73194444375 0.93046875 0.7666666671875 0.93046875 0.7763888890625 0.92578125 0.8166666671874999 0.91640625 0.83194444375 0.90390625 0.8444444437499999 0.88515625 0.8444444437499999 0.85703125 0.8388888890624999 0.85390625 0.827777778125 0.853125 0.8263888890625 0.85 0.83194444375 0.8484375 0.8333333328125001 0.84375 0.840277778125 0.84296875 0.8444444437499999 0.8375 0.8444444437499999 0.81953125 0.827777778125 0.815625 0.8083333328125001 0.8140625 0.797222221875 0.81796875 0.777777778125 0.81953125 0.7708333328125 0.825 0.772222221875 0.834375 0.7819444437499999 0.83671875 0.7805555562500001 0.846875 0.7638888890625 0.85078125 0.7416666671875001 0.87890625 0.7236111109375 0.88203125 0.7194444437499999 0.88671875 0.7194444437499999 0.89375 0.7236111109375 0.89609375 0.7208333328125 0.92265625
7 0.7208333328125 0.99296875 0.722222221875 0.99921875 0.7763888890625 0.99921875 0.7819444437499999 0.99296875 0.76805555625 0.9890625 0.73194444375 0.9875 0.7208333328125 0.99296875
7 0.7875 0.9296875 0.76944444375 0.93046875 0.7597222218749999 0.9359375 0.7625 0.9515625 0.75 0.96953125 0.7569444437499999 0.97265625 0.7819444437499999 0.97578125 0.7986111109375 0.97265625 0.8263888890625 0.9359375 0.83194444375 0.925 0.827777778125 0.91953125 0.8111111109375001 0.91875 0.7875 0.9296875
7 0.86944444375 0.9546875 0.875 0.93984375 0.8736111109375001 0.92734375 0.8708333328125001 0.92578125 0.85694444375 0.9421875 0.8416666671874999 0.96953125 0.8430555562500001 0.978125 0.85555555625 0.9734375 0.86944444375 0.9546875
7 0.8625 0.77890625 0.85555555625 0.78515625 0.847222221875 0.78671875 0.847222221875 0.7921875 0.902777778125 0.7984375 0.9069444437499999 0.79609375 0.9055555562500001 0.7875 0.89305555625 0.78828125 0.8888888890625 0.7859375 0.8708333328125001 0.78515625 0.8625 0.77890625
7 0.9069444437499999 0.77109375 0.91805555625 0.7671875 0.9236111109375 0.76015625 0.9277777781250001 0.75 0.922222221875 0.74921875 0.8416666671874999 0.7453125 0.8416666671874999 0.76640625 0.8625 0.77265625 0.8680555562500001 0.76953125 0.9069444437499999 0.77109375
7 0.9083333328125001 0.675 0.8958333328125001 0.68046875 0.890277778125 0.68828125 0.86944444375 0.6921875 0.85555555625 0.7078125 0.852777778125 0.71953125 0.8444444437499999 0.72578125 0.8444444437499999 0.73671875 0.9305555562500001 0.7390625 0.94305555625 0.71796875 0.9458333328125 0.69921875 0.95555555625 0.68046875 0.9291666671875 0.67578125 0.9083333328125001 0.675