2 0.015625 0.427777778125 0.0125 0.43333333281249997 0.01328125 0.46805555625000006 0.01875 0.477777778125 0.025 0.477777778125 0.0328125 0.46666666718750005 0.03046875 0.447222221875 0.02265625 0.425 0.015625 0.427777778125
1 0.375 0.28611111093749997 0.38828125 0.28055555625 0.40078125 0.2888888890625 0.4015625 0.28055555625 0.38515625 0.25555555625 0.3828125 0.10555555624999999 0.3796875 0.1 0.3703125 0.10555555624999999 0.371875 0.2485125 0.35703125 0.2541666671875 0.36171875 0.259722221875 0.36171875 0.26805555625 0.35625 0.26527777812500003 0.36640625 0.2708333328125 0.36875 0.2791666671875 0.375 0.28611111093749997
1 0.46875 0.2513888890625 0.46796875 0.2416666671875 0.4546875 0.23333333281250002 0.4515625 0.2166666671875 0.45234375 0.17916666718750002 0.4546875 0.172222221875 0.4546875 0.0861111109375 0.453125 0.08055555625000001 0.44453125 0.08055555625000001 0.4421875 0.0861111109375 0.44140625 0.2125 0.43828125 0.22777777812500002 0.42734375 0.22638888906250001 0.42734375 0.23055555625 0.43125 0.2388888890625 0.4375 0.24305555625 0.45703125 0.2513888890625 0.46875 0.2513888890625
7 0.88671875 0.28055555625 0.92109375 0.2791666671875 0.93046875 0.2666666671875 0.9296875 0.23055555625 0.92578125 0.2236111109375 0.91640625 0.1833333328125 0.9109375 0.17361111093749998 0.884375 0.15555555625 0.81875 0.15694444375 0.81953125 0.1833333328125 0.84375 0.215277778125 0.8484375 0.2166666671875 0.85 0.23194444375 0.85390625 0.240277778125 0.878125 0.25833333281250004 0.88203125 0.27638888906250003 0.88671875 0.28055555625
7 0.7421875 0.16805555625 0.7390625 0.165277778125 0.73828125 0.16805555625 0.7421875 0.16805555625
7 0.796875 0.097222221875 0.78828125 0.0958333328125 0.7890625 0.1041666671875 0.7921875 0.10555555624999999 0.79140625 0.11944444375 0.7875 0.12222222187500001 0.7875 0.13333333281249998 0.79296875 0.1375 0.79296875 0.10694444375 0.796875 0.097222221875
7 0.8375 0.05 0.83671875 0.0666666671875 0.8421875 0.06944444375 0.8421875 0.055555556250000006 0.8375 0.05
7 0.7890625 0.047222221875 0.7859375 0.04305555625 0.76953125 0.0416666671875 0.79296875 0.05 0.790625 0.04444444375 0.7890625 0.047222221875
7 0.85 0.1208333328125 0.83828125 0.12222222187500001 0.83671875 0.134722221875 0.83984375 0.1513888890625 0.85546875 0.1541666671875 0.8859375 0.15 0.884375 0.14444444375 0.87265625 0.134722221875 0.8578125 0.1291666671875 0.85 0.1208333328125
7 0.96171875 0.1263888890625 0.9671875 0.127777778125 0.9703125 0.1125 0.97421875 0.10694444375 0.97421875 0.0958333328125 0.96640625 0.090277778125 0.9625 0.09444444375 0.96171875 0.1263888890625
7 0.92265625 0.072222221875 0.90625 0.08194444375 0.90546875 0.11805555625 0.9203125 0.127777778125 0.93046875 0.12222222187500001 0.9484375 0.1208333328125 0.95390625 0.102777778125 0.95234375 0.08194444375 0.93515625 0.07083333281250001 0.92265625 0.072222221875
7 0.87265625 0.07083333281250001 0.85703125 0.0736111109375 0.85703125 0.08194444375 0.875 0.1041666671875 0.88828125 0.11388888906250001 0.89765625 0.11388888906250001 0.8953125 0.1041666671875 0.89765625 0.097222221875 0.896875 0.08055555625000001 0.87265625 0.07083333281250001
7 0.8171875 0.190277778125 0.8125 0.19444444375 0.81015625 0.2513888890625 0.815625 0.252777778125 0.81953125 0.24305555625 0.81875 0.23472222187499997 0.82890625 0.22777777812500002 0.8296875 0.2125 0.82578125 0.197222221875 0.8171875 0.190277778125
7 0.9875 0.2708333328125 0.99140625 0.275 0.99921875 0.272222221875 0.99921875 0.222222221875 0.996875 0.21805555625 0.99140625 0.21944444375 0.9875 0.240277778125 0.9875 0.2708333328125
7 0.97421875 0.2208333328125 0.97421875 0.20555555625 0.96953125 0.197222221875 0.925 0.16805555625 0.91953125 0.16944444375 0.91953125 0.1875 0.925 0.20416666718749998 0.93046875 0.20833333281250002 0.93046875 0.23055555625 0.93359375 0.2388888890625 0.953125 0.2388888890625 0.96953125 0.25 0.97421875 0.2208333328125
7 0.978125 0.147222221875 0.96015625 0.13333333281249998 0.9421875 0.125 0.9265625 0.1263888890625 0.92578125 0.1291666671875 0.93828125 0.140277778125 0.94765625 0.14305555625 0.95625 0.15555555625 0.96640625 0.1583333328125 0.96875 0.16388888906250001 0.978125 0.16388888906250001 0.978125 0.147222221875
7 0.8484375 0.23194444375 0.84375 0.222222221875 0.83203125 0.2166666671875 0.83125 0.20138888906250002 0.81875 0.1888888890625 0.8171875 0.17361111093749998 0.81796875 0.1861111109375 0.8125 0.19444444375 0.81171875 0.20555555625 0.81015625 0.2541666671875 0.8171875 0.2541666671875 0.8203125 0.26944444375 0.82421875 0.272222221875 0.83515625 0.26805555625 0.84140625 0.27777777812500004 0.84765625 0.2638888890625 0.8484375 0.23194444375
7 0.76171875 0.15277777812499999 0.74609375 0.16388888906250001 0.7375 0.1833333328125 0.73671875 0.2166666671875 0.7453125 0.22638888906250001 0.75703125 0.222222221875 0.76640625 0.22777777812500002 0.76875 0.19583333281249998 0.77578125 0.1888888890625 0.76875 0.15694444375 0.76171875 0.15277777812499999
7 0.790625 0.140277778125 0.7859375 0.13888888906250002 0.7828125 0.1458333328125 0.7796875 0.1861111109375 0.78125 0.2125 0.77890625 0.24583333281250003 0.78125 0.25555555625 0.7859375 0.25694444375000003 0.78828125 0.252777778125 0.79296875 0.2 0.79453125 0.147222221875 0.790625 0.140277778125
7 0.740625 0.1671875 0.0015625 0.0015625
7 0.790625 0.1296875 0.00234375 0.0015625
7 0.76875 0.084722221875 0.75078125 0.072222221875 0.74609375 0.075 0.74765625 0.0888888890625 0.74453125 0.11805555625 0.74453125 0.1541666671875 0.7546875 0.15555555625 0.759375 0.15 0.76796875 0.15 0.7703125 0.1291666671875 0.76875 0.084722221875
7 0.74140625 0.072222221875 0.72265625 0.058333332812500006 0.70078125 0.055555556250000006 0.68125 0.04444444375 0.6765625 0.05694444375 0.67734375 0.10138888906250001 0.68671875 0.10555555624999999 0.6921875 0.11388888906250001 0.69375 0.13055555624999998 0.7 0.14305555625 0.734375 0.1666666671875 0.7375 0.102777778125 0.74140625 0.072222221875
4 0.0984375 0.29444444375 0.09375 0.29305555625 0.0765625 0.33055555625 0.07734375 0.3513888890625 0.084375 0.35555555625 0.0890625 0.3708333328125 0.09140625 0.415277778125 0.10859375 0.415277778125 0.109375 0.41111111093749997 0.1 0.38333333281250004 0.0984375 0.29444444375
4 0.23046875 0.1375 0.2265625 0.147222221875 0.22578125 0.15972222187500001 0.23046875 0.1833333328125 0.22890625 0.1986111109375 0.23671875 0.2 0.2375 0.13194444375 0.234375 0.125 0.23125 0.1263888890625 0.23046875 0.1375