7 0.11875 0.8458333328125001 0.115625 0.85 0.12734375 0.8652777781250001 0.14453125 0.8708333328125001 0.15078125 0.8791666671874999 0.16328125 0.8791666671874999 0.1609375 0.859722221875 0.15546875 0.8486111109375001 0.13359375 0.85 0.11875 0.8458333328125001
7 0.0296875 0.89444444375 0.03125 0.9055555562500001 0.0375 0.909722221875 0.03828125 0.8819444437499999 0.0296875 0.89444444375
7 0.053125 0.877777778125 0.0453125 0.902777778125 0.046875 0.91805555625 0.0609375 0.9277777781250001 0.0765625 0.9277777781250001 0.0875 0.922222221875 0.09375 0.9125 0.09453125 0.8819444437499999 0.07734375 0.8708333328125001 0.06953125 0.877777778125 0.053125 0.877777778125
7 0.10234375 0.8888888890625 0.10390625 0.9208333328125 0.128125 0.9291666671875 0.13828125 0.9291666671875 0.14296875 0.922222221875 0.14296875 0.91805555625 0.12421875 0.8958333328125001 0.1109375 0.8861111109375001 0.1046875 0.8847222218749999 0.10234375 0.8888888890625
7 0.084375 0.81805555625 0.0953125 0.83194444375 0.1203125 0.8444444437499999 0.14375 0.8444444437499999 0.15078125 0.83055555625 0.15703125 0.83194444375 0.1578125 0.8388888890624999 0.16171875 0.8416666671874999 0.178125 0.8416666671874999 0.18359375 0.83194444375 0.184375 0.8055555562500001 0.18125 0.777777778125 0.175 0.772222221875 0.1671875 0.772222221875 0.1578125 0.7819444437499999 0.15234375 0.7819444437499999 0.14921875 0.7638888890625 0.121875 0.7416666671875001 0.1171875 0.722222221875 0.0765625 0.722222221875 0.06953125 0.7361111109375 0.0703125 0.76944444375 0.0734375 0.7736111109375 0.084375 0.81805555625
7 0.03828125 0.6666666671875 0.04375 0.6763888890625 0.04375 0.6666666671875 0.03828125 0.6666666671875
7 0.0421875 0.7388888890625 0.05078125 0.7083333328125 0.05703125 0.7 0.05390625 0.684722221875 0.04921875 0.6791666671875001 0.04375 0.6791666671875001 0.0421875 0.7166666671875 0.03828125 0.7402777781250001 0.0421875 0.7388888890625
7 0.01953125 0.7013888890625 0.02109375 0.6625 0.01015625 0.6486111109375 0.00078125 0.647222221875 0.00078125 0.7208333328125 0.0046875 0.7375 0.0046875 0.752777778125 0.00078125 0.7583333328124999 0.00078125 0.772222221875 0.00625 0.7736111109375 0.01015625 0.76805555625 0.0109375 0.7541666671875 0.00859375 0.7486111109375 0.0140625 0.7402777781250001 0.01953125 0.7013888890625
7 0.9328125 0.384722221875 0.9328125 0.4138888890625 0.9359375 0.40694444374999994 0.934375 0.40138888906250003 0.9375 0.384722221875 0.934375 0.38333333281250004 0.9375 0.3791666671875 0.93671875 0.365277778125 0.9328125 0.384722221875
7 1 0.44444444375 0.96875 0.440277778125 0.9671875 0.45277777812500003 0.9625 0.4583333328125 0.9421875 0.4583333328125 0.9390625 0.440277778125 0.903125 0.45 0.89375 0.44305555625000004 0.89375 0.40555555625000006 0.89140625 0.3958333328125 0.875 0.3791666671875 0.8625 0.3791666671875 0.8578125 0.384722221875 0.85859375 0.415277778125 0.86875 0.46666666718750005 0.86953125 0.48333333281249996 0.87421875 0.49583333281249997 0.87578125 0.5166666671875 0.8859375 0.5291666671875 0.87734375 0.5583333328125 0.88359375 0.6083333328125 0.8921875 0.60694444375 0.940625 0.5722222218749999 0.95546875 0.5666666671875 0.97109375 0.547222221875 0.9859375 0.5666666671875 0.9859375 0.5583333328125 0.99375 0.5555555562500001 0.99609375 0.5458333328125 0.99140625 0.540277778125 0.99375 0.5375 0.98671875 0.5361111109375 0.98359375 0.5291666671875 0.9953125 0.5097222218749999 1 0.5097222218749999 1 0.497222221875 0.99296875 0.490277778125 0.99375 0.47222222187499996 1 0.46805555625000006 1 0.44444444375
7 0.70703125 0.41111111093749997 0.7015625 0.40694444374999994 0.68203125 0.40694444374999994 0.6703125 0.42222222187499997 0.6640625 0.44305555625000004 0.65078125 0.45 0.63671875 0.48194444374999995 0.6359375 0.5319444437499999 0.6390625 0.5555555562500001 0.64296875 0.565277778125 0.6578125 0.5888888890625 0.68046875 0.60694444375 0.7078125 0.6416666671875 0.7171875 0.647222221875 0.7265625 0.6666666671875 0.74140625 0.672222221875 0.74453125 0.684722221875 0.753125 0.6708333328125 0.76875 0.66805555625 0.77578125 0.64444444375 0.78046875 0.64305555625 0.7828125 0.6569444437499999 0.7921875 0.6583333328125 0.80390625 0.6486111109375 0.82109375 0.6513888890625 0.8546875 0.6291666671875 0.8546875 0.5958333328125 0.84921875 0.5722222218749999 0.85 0.54444444375 0.84609375 0.5319444437499999 0.84375 0.4791666671875 0.8359375 0.4236111109375 0.8046875 0.43194444374999996 0.78671875 0.43194444374999996 0.78046875 0.44444444375 0.7703125 0.44444444375 0.7609375 0.4361111109375 0.725 0.434722221875 0.715625 0.427777778125 0.70703125 0.41111111093749997
7 0.08125 0.83194444375 0.08203125 0.8125 0.0765625 0.8027777781250001 0.06953125 0.76944444375 0.0640625 0.7611111109375 0.0578125 0.7597222218749999 0.05078125 0.76944444375 0.04453125 0.7708333328125 0.0375 0.765277778125 0.0265625 0.777777778125 0.02734375 0.7958333328125 0.0328125 0.8055555562500001 0.0484375 0.8125 0.071875 0.83055555625 0.08125 0.83194444375
7 0.03984375 0.8680555562500001 0.06484375 0.8791666671874999 0.075 0.8763888890624999 0.0765625 0.8708333328125001 0.05625 0.8541666671874999 0.02109375 0.8416666671874999 0.02578125 0.8541666671874999 0.0375 0.8625 0.03984375 0.8680555562500001
7 0.6171875 0.902777778125 0.6125 0.8958333328125001 0.6109375 0.8819444437499999 0.60546875 0.8666666671875 0.60625 0.8444444437499999 0.60078125 0.83055555625 0.6 0.8194444437499999 0.59296875 0.8166666671874999 0.57265625 0.8208333328125 0.56328125 0.834722221875 0.55859375 0.8541666671874999 0.55859375 0.872222221875 0.54453125 0.8708333328125001 0.54375 0.8291666671875 0.54296875 0.8236111109375001 0.5390625 0.8222222218749999 0.53125 0.8333333328125001 0.5234375 0.8708333328125001 0.521875 0.9069444437499999 0.52578125 0.9666666671874999 0.53203125 0.9888888890624999 0.5375 0.9930555562500001 0.56953125 0.99444444375 0.6046875 0.98055555625 0.61015625 0.975 0.61171875 0.9611111109375001 0.625 0.9625 0.6453125 0.9444444437499999 0.65546875 0.9486111109375001 0.66484375 0.9444444437499999 0.67109375 0.95694444375 0.70703125 0.952777778125 0.7171875 0.9472222218749999 0.72109375 0.93194444375 0.71953125 0.925 0.725 0.897222221875 0.725 0.8430555562500001 0.72109375 0.8388888890624999 0.71796875 0.8236111109375001 0.7046875 0.8291666671875 0.6953125 0.80694444375 0.67578125 0.80694444375 0.66953125 0.83194444375 0.66171875 0.8361111109375001 0.6515625 0.8541666671874999 0.63125 0.8541666671874999 0.63125 0.8916666671875 0.6171875 0.902777778125
7 0.203125 0.890277778125 0.20234375 0.902777778125 0.215625 0.9055555562500001 0.2109375 0.8888888890625 0.2171875 0.8611111109375 0.2125 0.85 0.2078125 0.85 0.20703125 0.8819444437499999 0.203125 0.890277778125
7 0.25078125 0.9236111109375 0.25234375 0.877777778125 0.2546875 0.8680555562500001 0.25390625 0.8416666671874999 0.23984375 0.840277778125 0.23203125 0.847222221875 0.22890625 0.9069444437499999 0.23203125 0.91805555625 0.25078125 0.9236111109375
7 0.32265625 0.8986111109375001 0.3140625 0.89305555625 0.30625 0.872222221875 0.29765625 0.859722221875 0.2890625 0.85555555625 0.2828125 0.8444444437499999 0.2734375 0.840277778125 0.265625 0.840277778125 0.26328125 0.8444444437499999 0.2609375 0.9305555562500001 0.31328125 0.952777778125 0.31953125 0.952777778125 0.3234375 0.9444444437499999 0.32265625 0.8986111109375001
4 0.03984375 0.6625 0.03125 0.7194444437499999 0.03203125 0.75 0.03828125 0.7430555562500001 0.04375 0.715277778125 0.04453125 0.66944444375 0.03984375 0.6625