0 0.52890625 0.1611111109375 0.509375 0.1611111109375 0.50546875 0.16944444375 0.50546875 0.3583333328125 0.55078125 0.35555555625 0.57421875 0.3625 0.5796875 0.35555555625 0.58125 0.33888888906250003 0.57421875 0.28472222187499996 0.56875 0.26805555625 0.5734375 0.2638888890625 0.57578125 0.252777778125 0.5671875 0.25 0.5640625 0.24305555625 0.5484375 0.18055555625 0.5421875 0.1666666671875 0.52890625 0.1611111109375
2 0.025 0.477777778125 0.0328125 0.46805555625000006 0.03125 0.4486111109375 0.0234375 0.425 0.01328125 0.43055555625 0.0140625 0.475 0.025 0.477777778125
1 0.38046875 0.1 0.3703125 0.1041666671875 0.371875 0.2541666671875 0.36796875 0.259722221875 0.36171875 0.259722221875 0.35703125 0.2541666671875 0.35546875 0.2625 0.36640625 0.2708333328125 0.375 0.28611111093749997 0.38828125 0.28055555625 0.4 0.2888888890625 0.4015625 0.28055555625 0.38984375 0.26805555625 0.38515625 0.25694444375000003 0.3828125 0.10555555624999999 0.38046875 0.1
1 0.45390625 0.08333333281250001 0.44296875 0.08194444375 0.43984375 0.1041666671875 0.44140625 0.2138888890625 0.4375 0.22916666718749998 0.42734375 0.22638888906250001 0.42734375 0.23055555625 0.43125 0.2388888890625 0.4375 0.24305555625 0.45703125 0.2513888890625 0.46875 0.2513888890625 0.46953125 0.24444444375000002 0.45703125 0.23611111093749998 0.45234375 0.2208333328125 0.45234375 0.17916666718750002 0.4546875 0.1708333328125 0.45390625 0.08333333281250001
6 0.63671875 0.197222221875 0.63125 0.197222221875 0.62734375 0.1875 0.61796875 0.1833333328125 0.61171875 0.17361111093749998 0.6046875 0.172222221875 0.5984375 0.15972222187500001 0.57421875 0.1611111109375 0.56953125 0.172222221875 0.5671875 0.1888888890625 0.56640625 0.2166666671875 0.56953125 0.22777777812500002 0.575 0.23333333281250002 0.57734375 0.24305555625 0.59453125 0.25694444375000003 0.6515625 0.25833333281250004 0.65703125 0.25 0.6546875 0.23055555625 0.6484375 0.2236111109375 0.6375 0.222222221875 0.6328125 0.215277778125 0.63671875 0.20694444375 0.634375 0.20277777812500003 0.63671875 0.197222221875
7 0.85078125 0.15555555625 0.85703125 0.1513888890625 0.8921875 0.15555555625 0.88671875 0.14444444375 0.8765625 0.140277778125 0.8671875 0.13055555624999998 0.85625 0.127777778125 0.84921875 0.11944444375 0.83671875 0.1208333328125 0.8359375 0.134722221875 0.83984375 0.1513888890625 0.85078125 0.15555555625
7 0.96171875 0.0916666671875 0.9609375 0.1291666671875 0.96640625 0.13194444375 0.9734375 0.11388888906250001 0.975 0.0958333328125 0.96640625 0.0861111109375 0.9625 0.0861111109375 0.96171875 0.0916666671875
7 0.90625 0.10138888906250001 0.90546875 0.11805555625 0.9078125 0.1208333328125 0.925 0.1291666671875 0.93125 0.1208333328125 0.94921875 0.1208333328125 0.95234375 0.11388888906250001 0.95390625 0.0888888890625 0.95078125 0.08055555625000001 0.92890625 0.07083333281250001 0.90625 0.08194444375 0.90234375 0.097222221875 0.90625 0.10138888906250001
7 0.85703125 0.0736111109375 0.85625 0.08055555625000001 0.875 0.1041666671875 0.8875 0.11388888906250001 0.89765625 0.11388888906250001 0.89765625 0.08055555625000001 0.86640625 0.06944444375 0.85703125 0.0736111109375
7 0.90546875 0.16805555625 0.88515625 0.15555555625 0.86015625 0.1541666671875 0.85234375 0.15972222187500001 0.84296875 0.15555555625 0.81875 0.15555555625 0.81796875 0.15972222187500001 0.81953125 0.184722221875 0.8296875 0.19583333281249998 0.8328125 0.20416666718749998 0.8484375 0.2166666671875 0.85 0.23472222187499997 0.853125 0.240277778125 0.878125 0.25833333281250004 0.8828125 0.27777777812500004 0.921875 0.2791666671875 0.93046875 0.2666666671875 0.93046875 0.23472222187499997 0.925 0.2208333328125 0.9171875 0.184722221875 0.90546875 0.16805555625
7 0.79296875 0.134722221875 0.79140625 0.1291666671875 0.78828125 0.13194444375 0.79296875 0.134722221875
7 0.796875 0.097222221875 0.78828125 0.09444444375 0.78828125 0.1041666671875 0.7921875 0.10694444375 0.79296875 0.115277778125 0.796875 0.097222221875
7 0.84296875 0.06944444375 0.84140625 0.052777778124999994 0.83671875 0.0513888890625 0.83671875 0.06805555625000001 0.84296875 0.06944444375
7 0.8265625 0.04305555625 0.82421875 0.04305555625 0.8265625 0.0513888890625 0.82421875 0.058333332812500006 0.82734375 0.05 0.8265625 0.04305555625
7 0.78177109375 0.047222221875 0.79296875 0.05 0.7921875 0.04444444375 0.77421875 0.0388888890625 0.77265625 0.04305555625 0.77109375 0.0388888890625 0.7671875 0.0416666671875 0.77734375 0.047222221875 0.77734375 0.0416666671875 0.78046875 0.0416666671875 0.78177109375 0.047222221875
7 0.81328125 0.17916666718750002 0.81015625 0.2541666671875 0.81640625 0.2541666671875 0.81953125 0.26805555625 0.8375 0.26805555625 0.84140625 0.275 0.846875 0.2666666671875 0.84765625 0.2541666671875 0.84453125 0.2486111109375 0.8484375 0.23611111093749998 0.83125 0.2166666671875 0.83125 0.20277777812500003 0.81953125 0.1888888890625 0.8171875 0.17361111093749998 0.81328125 0.17916666718750002
7 0.7359375 0.2125 0.7390625 0.222222221875 0.74375 0.22638888906250001 0.75625 0.222222221875 0.76640625 0.22916666718749998 0.76875 0.21944444375 0.76875 0.19583333281249998 0.7734375 0.1888888890625 0.77421875 0.18055555625 0.76796875 0.15555555625 0.759375 0.1541666671875 0.74609375 0.165277778125 0.73671875 0.1888888890625 0.7359375 0.2125
7 0.7859375 0.13888888906250002 0.7828125 0.14444444375 0.7796875 0.1888888890625 0.7796875 0.252777778125 0.78671875 0.25694444375000003 0.790625 0.23472222187499997 0.7953125 0.15555555625 0.79140625 0.140277778125 0.7859375 0.13888888906250002
7 0.99140625 0.21805555625 0.9875 0.2375 0.98828125 0.2736111109375 0.99921875 0.275 0.99921875 0.2208333328125 0.99140625 0.21805555625
7 0.92421875 0.20416666718749998 0.93046875 0.2125 0.93046875 0.23055555625 0.93515625 0.240277778125 0.953125 0.2388888890625 0.9703125 0.24583333281250003 0.97421875 0.222222221875 0.97421875 0.20555555625 0.96953125 0.197222221875 0.928125 0.16944444375 0.91953125 0.16944444375 0.91953125 0.190277778125 0.92421875 0.20416666718749998
7 0.93515625 0.125 0.93125 0.13194444375 0.93125 0.125 0.92578125 0.1263888890625 0.925 0.1291666671875 0.9390625 0.140277778125 0.94765625 0.14305555625 0.95234375 0.1513888890625 0.971875 0.1611111109375 0.99375 0.18194444375000002 0.99609375 0.18055555625 0.9953125 0.172222221875 0.98671875 0.172222221875 0.98203125 0.1666666671875 0.9796875 0.1513888890625 0.97421875 0.14305555625 0.94296875 0.125 0.93515625 0.125
7 0.7421875 0.16805555625 0.7390625 0.165277778125 0.7375 0.16805555625 0.7421875 0.16805555625
7 0.76875 0.08333333281250001 0.75078125 0.072222221875 0.7453125 0.0736111109375 0.74375 0.1541666671875 0.75 0.1583333328125 0.759375 0.1513888890625 0.76796875 0.1513888890625 0.7703125 0.13055555624999998 0.76875 0.08333333281250001
7 0.6765625 0.1 0.6859375 0.10555555624999999 0.6921875 0.115277778125 0.6953125 0.1375 0.7140625 0.15555555625 0.7359375 0.16805555625 0.7375 0.1041666671875 0.7421875 0.072222221875 0.7234375 0.058333332812500006 0.7015625 0.055555556250000006 0.6828125 0.04444444375 0.678125 0.0458333328125 0.6765625 0.055555556250000006 0.6765625 0.1
4 0.15390625 0.22638888906250001 0.15546875 0.2208333328125 0.153125 0.197222221875 0.15625 0.1708333328125 0.1546875 0.15555555625 0.15 0.1541666671875 0.14296875 0.17361111093749998 0.14296875 0.19583333281249998 0.146875 0.21805555625 0.1453125 0.22638888906250001 0.15390625 0.22638888906250001
4 0.94375 0.8708333328125001 0.95390625 0.85555555625 0.96015625 0.8388888890624999 0.9703125 0.7708333328125 0.96796875 0.74444444375 0.97265625 0.73055555625 0.971875 0.722222221875 0.96875 0.7208333328125 0.96171875 0.727777778125 0.95703125 0.70555555625 0.946875 0.7111111109375 0.94375 0.7194444437499999 0.9453125 0.75 0.93984375 0.765277778125 0.9203125 0.79305555625 0.9234375 0.797222221875 0.93515625 0.7958333328125 0.9375 0.8013888890624999 0.9375 0.8166666671874999 0.9296875 0.8666666671875 0.925 0.8791666671874999 0.9203125 0.88055555625 0.9234375 0.89444444375 0.9140625 0.9069444437499999 0.9125 0.9138888890624999 0.915625 0.91805555625 0.9296875 0.91944444375 0.9375 0.9041666671874999 0.94375 0.8708333328125001
4 0.21875 0.43194444374999996 0.2234375 0.4263888890625 0.22421875 0.415277778125 0.2140625 0.39027777812500003 0.21796875 0.3583333328125 0.215625 0.322222221875 0.21015625 0.3083333328125 0.19921875 0.3013888890625 0.19609375 0.30555555624999997 0.19765625 0.3166666671875 0.19140625 0.3236111109375 0.1921875 0.33055555625 0.19921875 0.3333333328125 0.19921875 0.34861111093749997 0.190625 0.3583333328125 0.18984375 0.365277778125 0.19921875 0.3638888890625 0.2015625 0.36805555624999997 0.20234375 0.397222221875 0.20546875 0.40694444374999994 0.20546875 0.42083333281249996 0.2015625 0.43055555625 0.20390625 0.425 0.206640625 0.43055555625 0.21875 0.43194444374999996