1 0.3796875 0.2888888890625 0.38671875 0.2833333328125 0.39453125 0.2888888890625 0.39453125 0.28194444375 0.38671875 0.26527777812500003 0.38671875 0.147222221875 0.384375 0.10833333281249999 0.3796875 0.102777778125 0.37421875 0.102777778125 0.3703125 0.10694444375 0.36953125 0.115277778125 0.37265625 0.16388888906250001 0.37265625 0.24722222187499998 0.36875 0.259722221875 0.359375 0.259722221875 0.359375 0.26527777812500003 0.36640625 0.2708333328125 0.375 0.28611111093749997 0.3796875 0.2888888890625
1 0.46875 0.24305555625 0.45703125 0.23611111093749998 0.45234375 0.2166666671875 0.45625 0.16944444375 0.45390625 0.1416666671875 0.4546875 0.084722221875 0.44296875 0.0861111109375 0.4421875 0.2166666671875 0.43828125 0.22638888906250001 0.43125 0.22638888906250001 0.4296875 0.23055555625 0.4328125 0.2388888890625 0.4390625 0.24305555625 0.46796875 0.2513888890625 0.46875 0.24305555625
6 0.7296875 0.2708333328125 0.73671875 0.27777777812500004 0.76171875 0.27638888906250003 0.7640625 0.2666666671875 0.76171875 0.21805555625 0.75234375 0.19444444375 0.73515625 0.1875 0.73046875 0.1583333328125 0.70546875 0.15 0.69140625 0.15 0.68125 0.165277778125 0.66640625 0.1708333328125 0.6609375 0.16805555625 0.65625 0.1763888890625 0.65625 0.21944444375 0.6625 0.240277778125 0.6828125 0.2388888890625 0.69765625 0.24722222187499998 0.70234375 0.275 0.71171875 0.28472222187499996 0.72109375 0.2833333328125 0.7296875 0.2708333328125
6 0.65390625 0.25833333281250004 0.65703125 0.2513888890625 0.65546875 0.23055555625 0.63515625 0.2208333328125 0.63359375 0.2138888890625 0.63671875 0.20555555625 0.63671875 0.1916666671875 0.60625 0.17361111093749998 0.59765625 0.15972222187500001 0.57578125 0.1611111109375 0.56875 0.18055555625 0.56640625 0.20833333281250002 0.56953125 0.22777777812500002 0.57421875 0.23194444375 0.57578125 0.240277778125 0.5859375 0.24583333281250003 0.59453125 0.25694444375000003 0.6484375 0.259722221875 0.65390625 0.25833333281250004
7 0.83828125 0.12361111093749999 0.83671875 0.13055555624999998 0.84375 0.1513888890625 0.89296875 0.1541666671875 0.89140625 0.147222221875 0.8671875 0.13055555624999998 0.8578125 0.1291666671875 0.8484375 0.1208333328125 0.83828125 0.12361111093749999
7 0.96640625 0.1166666671875 0.97265625 0.102777778125 0.9625 0.08333333281250001 0.9578125 0.090277778125 0.9515625 0.08055555625000001 0.9390625 0.072222221875 0.9234375 0.072222221875 0.90703125 0.0861111109375 0.90625 0.11944444375 0.91796875 0.127777778125 0.95234375 0.11805555625 0.9546875 0.102777778125 0.95859375 0.097222221875 0.96171875 0.10138888906250001 0.96171875 0.11805555625 0.96640625 0.1166666671875
7 0.85703125 0.077777778125 0.8578125 0.08333333281250001 0.87578125 0.1041666671875 0.89453125 0.11388888906250001 0.89765625 0.09305555625 0.89609375 0.08055555625000001 0.86953125 0.07083333281250001 0.8609375 0.072222221875 0.85703125 0.077777778125
7 0.878125 0.25833333281250004 0.88125 0.275 0.8859375 0.28055555625 0.89375 0.28055555625 0.89609375 0.27638888906250003 0.92109375 0.2791666671875 0.93046875 0.26805555625 0.93046875 0.23333333281250002 0.92578125 0.2236111109375 0.91640625 0.1833333328125 0.909375 0.172222221875 0.88046875 0.15555555625 0.85625 0.15555555625 0.85234375 0.1611111109375 0.84296875 0.15555555625 0.81953125 0.15555555625 0.8171875 0.1625 0.81640625 0.20833333281250002 0.81875 0.222222221875 0.821875 0.22638888906250001 0.83125 0.22916666718749998 0.8375 0.2166666671875 0.84609375 0.21805555625 0.85078125 0.23611111093749998 0.878125 0.25833333281250004
7 0.99296875 0.272222221875 0.99921875 0.26944444375 0.99921875 0.21944444375 0.99375 0.21805555625 0.98828125 0.2375 0.9875 0.26527777812500003 0.99296875 0.272222221875
7 0.971875 0.24305555625 0.975 0.2236111109375 0.9734375 0.20277777812500003 0.928125 0.16944444375 0.92265625 0.16805555625 0.91875 0.17361111093749998 0.91875 0.190277778125 0.92421875 0.20138888906250002 0.93046875 0.23055555625 0.93515625 0.2388888890625 0.95625 0.240277778125 0.96015625 0.23611111093749998 0.96875 0.24583333281250003 0.971875 0.24305555625
7 0.9309898437499999 0.125 0.9296875 0.13194444375 0.92578125 0.1263888890625 0.925 0.13055555624999998 0.93828125 0.14305555625 0.9546875 0.14444444375 0.98046875 0.15972222187500001 0.97578125 0.14305555625 0.9609375 0.13333333281249998 0.93984375 0.125 0.9309898437499999 0.125
7 0.7859375 0.12222222187500001 0.7859375 0.1291666671875 0.78125 0.13888888906250002 0.78515625 0.14305555625 0.78671875 0.1513888890625 0.7921875 0.1513888890625 0.79296875 0.1208333328125 0.7890625 0.11805555625 0.7859375 0.12222222187500001
7 0.796875 0.1041666671875 0.796875 0.097222221875 0.79375 0.09444444375 0.78828125 0.09444444375 0.79296875 0.109722221875 0.796875 0.1041666671875
7 0.76640625 0.1583333328125 0.7703125 0.13888888906250002 0.7703125 0.0888888890625 0.76796875 0.08194444375 0.74921875 0.07638888906249999 0.7453125 0.1583333328125 0.76640625 0.1583333328125
7 0.7375 0.1416666671875 0.7390625 0.07083333281250001 0.721875 0.058333332812500006 0.7015625 0.054166667187499996 0.68203125 0.04444444375 0.67734375 0.0458333328125 0.6765625 0.0513888890625 0.675 0.09305555625 0.67734375 0.1 0.68671875 0.10694444375 0.69140625 0.1208333328125 0.690625 0.1291666671875 0.7015625 0.140277778125 0.734375 0.1583333328125 0.7375 0.1416666671875
4 0.08671875 0.44305555625000004 0.0859375 0.38194444375000003 0.09140625 0.3708333328125 0.0859375 0.34444444375 0.07734375 0.3333333328125 0.07265625 0.32083333281250004 0.0671875 0.31944444375000003 0.06328125 0.3291666671875 0.06015625 0.3416666671875 0.06015625 0.3625 0.06875 0.38055555625 0.075 0.41805555625 0.0796875 0.425 0.08046875 0.44166666718750003 0.084375 0.4513888890625 0.08671875 0.44305555625000004