7 0.85546875 0.1291666671875 0.84921875 0.1208333328125 0.83671875 0.1208333328125 0.8390625 0.140277778125 0.84453125 0.1513888890625 0.86640625 0.15 0.88125 0.1541666671875 0.884375 0.15 0.87265625 0.134722221875 0.85546875 0.1291666671875
7 0.9625 0.090277778125 0.96171875 0.11805555625 0.9703125 0.10555555624999999 0.96875 0.09444444375 0.9625 0.090277778125
7 0.9234375 0.072222221875 0.9125 0.077777778125 0.90625 0.0875 0.90546875 0.11805555625 0.92265625 0.1291666671875 0.93046875 0.12222222187500001 0.946875 0.12222222187500001 0.9546875 0.097222221875 0.953125 0.08194444375 0.9390625 0.072222221875 0.9234375 0.072222221875
7 0.86171875 0.07083333281250001 0.85703125 0.077777778125 0.85703125 0.08194444375 0.87578125 0.1041666671875 0.8890625 0.11388888906250001 0.8953125 0.115277778125 0.89765625 0.1111111109375 0.89609375 0.0791666671875 0.871875 0.07083333281250001 0.86171875 0.07083333281250001
7 0.878125 0.25833333281250004 0.8828125 0.27777777812500004 0.9234375 0.27777777812500004 0.93046875 0.2638888890625 0.9296875 0.23055555625 0.9265625 0.22638888906250001 0.915625 0.18194444375000002 0.9046875 0.16805555625 0.8796875 0.15555555625 0.85625 0.15555555625 0.84921875 0.16944444375 0.84296875 0.16805555625 0.8421875 0.1611111109375 0.83828125 0.1583333328125 0.821875 0.1583333328125 0.81640625 0.16805555625 0.815625 0.19444444375 0.81875 0.222222221875 0.825 0.22777777812500002 0.8328125 0.22777777812500002 0.8421875 0.21805555625 0.84765625 0.21805555625 0.85078125 0.23611111093749998 0.878125 0.25833333281250004
7 0.96171875 0.3333333328125 0.95625 0.3236111109375 0.95625 0.3333333328125 0.96171875 0.3333333328125
7 0.94296875 0.3 0.94609375 0.315277778125 0.95078125 0.32083333281250004 0.95625 0.32083333281250004 0.9578125 0.2833333328125 0.96171875 0.259722221875 0.9578125 0.2611111109375 0.94921875 0.2916666671875 0.94296875 0.3
7 0.99921875 0.22777777812500002 0.99375 0.22638888906250001 0.98984375 0.23194444375 0.9890625 0.24583333281250003 0.99140625 0.2513888890625 0.9859375 0.259722221875 0.98046875 0.2986111109375 0.97890625 0.3375 0.98984375 0.3513888890625 0.99921875 0.352777778125 0.99921875 0.2791666671875 0.9953125 0.2625 0.9953125 0.24722222187499998 0.99921875 0.2416666671875 0.99921875 0.22777777812500002
7 0.0640625 0.5930555562500001 0.065625 0.5986111109375 0.0625 0.6152777781250001 0.065625 0.6166666671875001 0.0625 0.6208333328125 0.06328125 0.6347222218749999 0.0671875 0.6152777781250001 0.0671875 0.5861111109375 0.0640625 0.5930555562500001
7 0 0.5555555562500001 0.03125 0.559722221875 0.0328125 0.547222221875 0.0375 0.5416666671875 0.0578125 0.5416666671875 0.0609375 0.559722221875 0.096875 0.55 0.10625 0.55694444375 0.10625 0.5944444437499999 0.10859375 0.6041666671875 0.125 0.6208333328125 0.1375 0.6208333328125 0.1421875 0.6152777781250001 0.14140625 0.584722221875 0.13125 0.5333333328125 0.13046875 0.5166666671875 0.12578125 0.5041666671875 0.12421875 0.48333333281249996 0.1140625 0.47083333281249995 0.12265625 0.44166666718750003 0.11640625 0.3916666671875 0.1078125 0.39305555625 0.059375 0.427777778125 0.04453125 0.43333333281249997 0.02890625 0.45277777812500003 0.0140625 0.43333333281249997 0.0140625 0.44166666718750003 0.00625 0.44444444375 0.00390625 0.45416666718750004 0.00859375 0.459722221875 0.00625 0.4625 0.01328125 0.46388888906250003 0.01640625 0.47083333281249995 0.0046875 0.490277778125 0 0.490277778125 0 0.502777778125 0.00703125 0.5097222218749999 0.00625 0.527777778125 0 0.5319444437499999 0 0.5555555562500001
7 0.21328125 0.56805555625 0.21953125 0.5555555562500001 0.2296875 0.5555555562500001 0.2390625 0.5638888890625 0.275 0.565277778125 0.284375 0.5722222218749999 0.29296875 0.5888888890625 0.2984375 0.5930555562500001 0.31796875 0.5930555562500001 0.3296875 0.577777778125 0.3359375 0.55694444375 0.34921875 0.55 0.36328125 0.51805555625 0.3640625 0.46805555625000006 0.3609375 0.44444444375 0.35703125 0.434722221875 0.3421875 0.41111111093749997 0.31953125 0.39305555625 0.2921875 0.3583333328125 0.2828125 0.352777778125 0.2734375 0.3333333328125 0.25859375 0.32777777812500003 0.25546875 0.315277778125 0.246875 0.3291666671875 0.23125 0.33194444375 0.22421875 0.35555555625 0.21953125 0.35694444375 0.2171875 0.34305555625 0.2078125 0.3416666671875 0.19609375 0.3513888890625 0.17890625 0.34861111093749997 0.1453125 0.3708333328125 0.1453125 0.40416666718750005 0.15078125 0.427777778125 0.15 0.45555555625000005 0.15390625 0.46805555625000006 0.15625 0.5208333328125 0.1640625 0.5763888890625 0.1953125 0.56805555625 0.21328125 0.56805555625
7 0.9625 0.23472222187499997 0.9734375 0.222222221875 0.97265625 0.20416666718749998 0.9671875 0.19444444375 0.9515625 0.1875 0.928125 0.16944444375 0.91875 0.16805555625 0.91796875 0.1875 0.9234375 0.197222221875 0.93046875 0.23055555625 0.9359375 0.2388888890625 0.9421875 0.240277778125 0.94921875 0.23055555625 0.95546875 0.22916666718749998 0.9625 0.23472222187499997
7 0.925 0.12361111093749999 0.9234375 0.1291666671875 0.94375 0.1458333328125 0.97890625 0.1583333328125 0.97421875 0.1458333328125 0.9625 0.1375 0.96015625 0.13194444375 0.93515625 0.1208333328125 0.925 0.12361111093749999
7 0.32421875 0.19305555624999998 0.33046875 0.16805555625 0.33828125 0.16388888906250001 0.3484375 0.1458333328125 0.36875 0.1458333328125 0.36875 0.10833333281249999 0.3828125 0.097222221875 0.3875 0.1041666671875 0.3890625 0.11805555625 0.39453125 0.13333333281249998 0.39375 0.15555555625 0.39921875 0.16944444375 0.4 0.18055555625 0.40703125 0.1833333328125 0.42734375 0.17916666718750002 0.43671875 0.165277778125 0.44140625 0.1458333328125 0.44140625 0.127777778125 0.45546875 0.1291666671875 0.45625 0.1708333328125 0.45703125 0.1763888890625 0.4609375 0.177777778125 0.46875 0.1666666671875 0.4765625 0.1291666671875 0.478125 0.09305555625 0.47421875 0.0333333328125 0.46796875 0.0111111109375 0.4625 0.006944443749999999 0.43046875 0.00555555625 0.3953125 0.019444443750000002 0.38984375 0.025 0.38828125 0.0388888890625 0.375 0.0375 0.3546875 0.055555556250000006 0.34453125 0.0513888890625 0.33515625 0.055555556250000006 0.32890625 0.04305555625 0.29296875 0.047222221875 0.2828125 0.052777778124999994 0.27890625 0.06805555625000001 0.28046875 0.075 0.275 0.102777778125 0.275 0.15694444375 0.27890625 0.1611111109375 0.28203125 0.1763888890625 0.2953125 0.1708333328125 0.3046875 0.19305555624999998 0.32421875 0.19305555624999998
7 0.784375 0.09444444375 0.7890625 0.1111111109375 0.7828125 0.13888888906250002 0.7875 0.15 0.7921875 0.15 0.79296875 0.11805555625 0.796875 0.109722221875 0.79765625 0.097222221875 0.784375 0.09444444375
7 0.7453125 0.13194444375 0.74609375 0.1583333328125 0.76015625 0.15972222187500001 0.76796875 0.15277777812499999 0.77109375 0.09305555625 0.76796875 0.08194444375 0.74921875 0.07638888906249999 0.74765625 0.12222222187500001 0.7453125 0.13194444375
7 0.734375 0.15972222187500001 0.73671875 0.15555555625 0.7390625 0.06944444375 0.68671875 0.047222221875 0.68046875 0.047222221875 0.6765625 0.055555556250000006 0.67734375 0.10138888906250001 0.6859375 0.10694444375 0.69375 0.127777778125 0.70234375 0.140277778125 0.7109375 0.14444444375 0.7171875 0.15555555625 0.7265625 0.15972222187500001 0.734375 0.15972222187500001
4 0.96015625 0.3375 0.96875 0.28055555625 0.96796875 0.25 0.96171875 0.25694444375000003 0.95625 0.28472222187499996 0.95546875 0.33055555625 0.96015625 0.3375