2 0.025 0.4625 0.028125 0.46805555625000006 0.03671875 0.46805555625000006 0.040625 0.4625 0.0375 0.427777778125 0.0328125 0.41805555625 0.025 0.41944444374999995 0.025 0.4625
1 0.39453125 0.290277778125 0.39375 0.27777777812500004 0.38671875 0.26527777812500003 0.38515625 0.15694444375 0.3875 0.15277777812499999 0.384375 0.1111111109375 0.3796875 0.1041666671875 0.371875 0.10555555624999999 0.3703125 0.1111111109375 0.37265625 0.2541666671875 0.36875 0.2611111109375 0.359375 0.259722221875 0.3578125 0.2638888890625 0.3671875 0.2708333328125 0.37578125 0.28611111093749997 0.3859375 0.28194444375 0.39453125 0.290277778125
1 0.45703125 0.23611111093749998 0.45234375 0.2166666671875 0.45625 0.1708333328125 0.45390625 0.140277778125 0.4546875 0.084722221875 0.44296875 0.0875 0.4421875 0.2166666671875 0.43828125 0.22777777812500002 0.43125 0.22638888906250001 0.43046875 0.23194444375 0.43828125 0.24305555625 0.4671875 0.2513888890625 0.46875 0.24444444375000002 0.45703125 0.23611111093749998
6 0.70859375 0.2833333328125 0.71953125 0.28472222187499996 0.7296875 0.272222221875 0.7375 0.2791666671875 0.7625 0.275 0.7640625 0.240277778125 0.7609375 0.21944444375 0.7640625 0.215277778125 0.75 0.1916666671875 0.73671875 0.190277778125 0.7328125 0.17916666718750002 0.73046875 0.1583333328125 0.69140625 0.15 0.68125 0.165277778125 0.6703125 0.1666666671875 0.665625 0.17361111093749998 0.6609375 0.16805555625 0.65625 0.177777778125 0.65546875 0.21111111093749999 0.66171875 0.2388888890625 0.6671875 0.24305555625 0.6859375 0.2416666671875 0.696875 0.24722222187499998 0.7 0.252777778125 0.70234375 0.272222221875 0.70859375 0.2833333328125
6 0.6546875 0.22916666718749998 0.63515625 0.2208333328125 0.63671875 0.190277778125 0.60625 0.17361111093749998 0.5984375 0.15972222187500001 0.57578125 0.1611111109375 0.56875 0.18055555625 0.56640625 0.197222221875 0.5671875 0.21805555625 0.5765625 0.2416666671875 0.6046875 0.259722221875 0.65 0.25833333281250004 0.65625 0.2541666671875 0.65703125 0.2388888890625 0.6546875 0.22916666718749998
7 0.878125 0.14305555625 0.8734375 0.134722221875 0.85 0.1208333328125 0.84375 0.1208333328125 0.83984375 0.13194444375 0.84375 0.1513888890625 0.84921875 0.1541666671875 0.87734375 0.1513888890625 0.88046875 0.14444444375 0.8828125 0.15277777812499999 0.89296875 0.15277777812499999 0.89140625 0.147222221875 0.878125 0.14305555625
7 0.96171875 0.11805555625 0.9671875 0.1166666671875 0.97265625 0.10555555624999999 0.97265625 0.097222221875 0.96328125 0.090277778125 0.95625 0.09305555625 0.95234375 0.08194444375 0.93828125 0.072222221875 0.9234375 0.072222221875 0.9078125 0.08333333281250001 0.90625 0.11944444375 0.921875 0.1291666671875 0.93046875 0.1291666671875 0.93125 0.125 0.95234375 0.11805555625 0.95625 0.097222221875 0.9625 0.1 0.96171875 0.11805555625
7 0.8625 0.07083333281250001 0.8578125 0.07638888906249999 0.85703125 0.08194444375 0.875 0.102777778125 0.8890625 0.11388888906250001 0.89453125 0.11388888906250001 0.89765625 0.09305555625 0.89609375 0.08055555625000001 0.8703125 0.07083333281250001 0.8625 0.07083333281250001
7 0.846875 0.21944444375 0.85078125 0.23611111093749998 0.878125 0.25833333281250004 0.88203125 0.27638888906250003 0.88671875 0.28055555625 0.89765625 0.27638888906250003 0.921875 0.2791666671875 0.93046875 0.2666666671875 0.93046875 0.23333333281250002 0.9265625 0.22638888906250001 0.915625 0.18194444375000002 0.909375 0.172222221875 0.8796875 0.1541666671875 0.85703125 0.15555555625 0.8515625 0.16388888906250001 0.840625 0.15555555625 0.81796875 0.15694444375 0.8140625 0.19305555624999998 0.8171875 0.20138888906250002 0.81875 0.21944444375 0.8234375 0.22777777812500002 0.83125 0.23055555625 0.83515625 0.22638888906250001 0.83671875 0.21805555625 0.846875 0.21944444375
7 0.2125 0.30416666718749996 0.2171875 0.302777778125 0.21953125 0.29305555625 0.2265625 0.28611111093749997 0.2546875 0.28055555625 0.26171875 0.2888888890625 0.2671875 0.28055555625 0.2703125 0.26805555625 0.26875 0.23055555625 0.23515625 0.172222221875 0.215625 0.165277778125 0.1890625 0.17361111093749998 0.18125 0.1888888890625 0.1703125 0.1916666671875 0.17421875 0.2 0.171875 0.25 0.1765625 0.26805555625 0.1890625 0.26527777812500003 0.19921875 0.2708333328125 0.2125 0.30416666718749996
7 0.99140625 0.2791666671875 0.99921875 0.27777777812500004 0.99921875 0.2208333328125 0.99296875 0.21944444375 0.98828125 0.23611111093749998 0.9875 0.26944444375 0.99140625 0.2791666671875
7 0.975 0.222222221875 0.9734375 0.20138888906250002 0.928125 0.16944444375 0.9234375 0.16805555625 0.91875 0.17361111093749998 0.91796875 0.1875 0.9296875 0.2125 0.93046875 0.23055555625 0.9328125 0.23611111093749998 0.93671875 0.240277778125 0.959375 0.240277778125 0.96953125 0.25 0.975 0.222222221875
7 0.9296875 0.13194444375 0.92734375 0.125 0.925 0.1291666671875 0.95 0.15 0.9734375 0.1611111109375 0.9796875 0.15972222187500001 0.97421875 0.14305555625 0.95546875 0.13055555624999998 0.9322914062500001 0.125 0.9296875 0.13194444375
7 0.79296875 0.15277777812499999 0.79453125 0.1458333328125 0.79375 0.11805555625 0.796875 0.11388888906250001 0.7984375 0.097222221875 0.7875 0.0958333328125 0.790625 0.10833333281249999 0.7859375 0.115277778125 0.784375 0.13194444375 0.77890625 0.1375 0.78515625 0.14305555625 0.7859375 0.15277777812499999 0.78984375 0.1541666671875 0.79296875 0.15277777812499999
7 0.74921875 0.07638888906249999 0.7453125 0.15972222187500001 0.76640625 0.1583333328125 0.77109375 0.1375 0.77109375 0.09444444375 0.76796875 0.084722221875 0.76171875 0.077777778125 0.75078125 0.072222221875 0.74921875 0.07638888906249999
7 0.7390625 0.06944444375 0.71640625 0.055555556250000006 0.69921875 0.054166667187499996 0.68203125 0.04444444375 0.67890625 0.0458333328125 0.6765625 0.055555556250000006 0.675 0.09305555625 0.67734375 0.10138888906250001 0.6859375 0.10694444375 0.6890625 0.115277778125 0.6890625 0.1291666671875 0.72578125 0.15555555625 0.7359375 0.15555555625 0.7390625 0.06944444375
4 0.98359375 0.909722221875 0.99140625 0.8888888890625 0.99609375 0.859722221875 0.99921875 0.85555555625 0.99921875 0.7513888890625 0.9953125 0.7430555562500001 0.98828125 0.747222221875 0.96953125 0.790277778125 0.9671875 0.80694444375 0.97265625 0.8236111109375001 0.94375 0.9291666671875 0.9421875 0.9486111109375001 0.94375 0.952777778125 0.9484375 0.952777778125 0.96484375 0.9013888890624999 0.97578125 0.8763888890624999 0.97890625 0.88055555625 0.97578125 0.9138888890624999 0.98359375 0.909722221875
4 0.12890625 0.027777778125000003 0.12421875 0.027777778125000003 0.125 0.08055555625000001 0.13046875 0.09444444375 0.1296875 0.1166666671875 0.13359375 0.11944444375 0.1359375 0.115277778125 0.13359375 0.0791666671875 0.13515625 0.0458333328125 0.12890625 0.027777778125000003