1 0.7486111109375 0.384375 0.89444444375 0.38203125 0.8986111109375001 0.38515625 0.9 0.37734375 0.89444444375 0.36953125 0.8791666671874999 0.371875 0.80694444375 0.3703125 0.79444444375 0.37265625 0.7819444437499999 0.3703125 0.74444444375 0.3703125 0.7416666671875001 0.3578125 0.734722221875 0.35703125 0.7291666671875 0.36640625 0.7111111109375 0.37578125 0.7111111109375 0.3796875 0.7194444437499999 0.384375 0.7111111109375 0.40078125 0.7194444437499999 0.4015625 0.7486111109375 0.384375
1 0.9046875 0.40546875 0.0015625 0.003125
6 0.7236111109375 0.78203125 0.7333333328125 0.78671875 0.7638888890625 0.78828125 0.7819444437499999 0.7828125 0.76944444375 0.7796875 0.727777778125 0.77890625 0.7236111109375 0.78203125
6 0.8296875 0.7703125 0.0015625 0.003125
6 0.83055555625 0.784375 0.83194444375 0.78203125 0.8291666671875 0.78125 0.83055555625 0.784375
6 0.722222221875 0.74296875 0.7333333328125 0.75 0.75555555625 0.75 0.7597222218749999 0.7546875 0.7569444437499999 0.76328125 0.7638888890625 0.76640625 0.8194444437499999 0.76875 0.83055555625 0.76015625 0.8819444437499999 0.75703125 0.89444444375 0.75 0.9041666671874999 0.72578125 0.9041666671874999 0.70859375 0.89305555625 0.7015625 0.85694444375 0.6984375 0.8444444437499999 0.68828125 0.83055555625 0.68359375 0.8222222218749999 0.6875 0.775 0.68828125 0.7611111109375 0.69453125 0.7569444437499999 0.70625 0.7597222218749999 0.7109375 0.7819444437499999 0.7171875 0.7819444437499999 0.72265625 0.76805555625 0.72890625 0.73194444375 0.73125 0.722222221875 0.7390625 0.722222221875 0.74296875
7 0.6611111109375 0.99921875 0.73194444375 0.99921875 0.7402777781250001 0.99375 0.7416666671875001 0.9875 0.7236111109375 0.9828125 0.659722221875 0.97890625 0.6611111109375 0.99921875
7 0.709722221875 0.9078125 0.7 0.909375 0.6736111109375 0.9234375 0.66944444375 0.94140625 0.6569444437499999 0.94453125 0.6458333328125 0.95234375 0.64444444375 0.95703125 0.6958333328124999 0.9671875 0.7541666671875 0.96953125 0.76805555625 0.94296875 0.76805555625 0.93046875 0.7541666671875 0.91796875 0.7402777781250001 0.91328125 0.709722221875 0.9078125
7 0.8263888890625 0.9109375 0.8416666671874999 0.890625 0.8458333328125001 0.8625 0.8444444437499999 0.85546875 0.834722221875 0.85078125 0.840277778125 0.84921875 0.8444444437499999 0.8390625 0.8416666671874999 0.8171875 0.8208333328125 0.81640625 0.7861111109375 0.8375 0.7833333328125 0.84921875 0.7708333328125 0.85 0.7569444437499999 0.85546875 0.7416666671875001 0.878125 0.725 0.88125 0.7208333328125 0.88515625 0.7236111109375 0.90625 0.73194444375 0.9109375 0.75 0.9140625 0.76944444375 0.9265625 0.8166666671874999 0.91640625 0.8263888890625 0.9109375
7 0.74444444375 0.99921875 0.7736111109375 0.99921875 0.7819444437499999 0.9953125 0.7819444437499999 0.99140625 0.765277778125 0.98828125 0.7458333328125 0.9875 0.74444444375 0.99921875
7 0.7638888890625 0.95859375 0.7569444437499999 0.96796875 0.7597222218749999 0.971875 0.79444444375 0.97421875 0.8027777781250001 0.96953125 0.83055555625 0.9296875 0.83055555625 0.91953125 0.8125 0.91875 0.7861111109375 0.9296875 0.772222221875 0.93046875 0.7638888890625 0.95859375
7 0.8388888890624999 0.97265625 0.8416666671874999 0.9796875 0.8486111109375001 0.9796875 0.8541666671874999 0.9765625 0.86944444375 0.95625 0.877777778125 0.9328125 0.8736111109375001 0.92578125 0.86944444375 0.92578125 0.85694444375 0.946875 0.8444444437499999 0.95703125 0.8388888890624999 0.97265625
7 0.8583333328125 0.87890625 0.86944444375 0.8671875 0.8708333328125001 0.8578125 0.88055555625 0.84609375 0.877777778125 0.8375 0.8611111109375 0.83671875 0.85 0.8390625 0.8444444437499999 0.85 0.85 0.88125 0.8583333328125 0.87890625
7 0.8888888890625 0.8953125 0.9013888890624999 0.8953125 0.9055555562500001 0.89765625 0.91944444375 0.89609375 0.9291666671875 0.8734375 0.9291666671875 0.8609375 0.925 0.85703125 0.91805555625 0.85703125 0.8958333328125001 0.875 0.8861111109375001 0.8890625 0.8888888890625 0.8953125
4 0.5375 0 0.527777778125 0.00390625 0.4875 0.00703125 0.46944444374999994 0.0125 0.45694444375 0.0109375 0.4611111109375 0.0125 0.45694444375 0.0171875 0.4625 0.0203125 0.47083333281249995 0.0203125 0.5041666671875 0.0140625 0.5041666671875 0.01796875 0.4986111109375 0.01953125 0.49583333281249997 0.02421875 0.48055555625 0.03125 0.48333333281249996 0.03515625 0.490277778125 0.03515625 0.522222221875 0.0234375 0.5361111109375 0.02265625 0.54444444375 0.0265625 0.5694444437499999 0.0234375 0.58194444375 0.01640625 0.5861111109375 0.01015625 0.602777778125 0.00546875 0.602777778125 0.003125 0.6 0 0.5375 0
4 0.7208333328125 0.13515625 0.7268513890625 0.1390625 0.734722221875 0.1390625 0.752777778125 0.13671875 0.7583333328124999 0.1328125 0.722222221875 0.13359375 0.6875 0.13671875 0.6875 0.1390625 0.71898194375 0.1390625 0.7208333328125 0.13515625
4 0.2958333328125 0.58828125 0.31944444375000003 0.58828125 0.34027777812500004 0.59140625 0.3583333328125 0.58984375 0.397222221875 0.5953125 0.43055555625 0.5890625 0.4375 0.59296875 0.45694444375 0.5953125 0.46666666718750005 0.59375 0.477777778125 0.58671875 0.477777778125 0.58125 0.46944444374999994 0.57734375 0.447222221875 0.5796875 0.4361111109375 0.56953125 0.42083333281249996 0.565625 0.34861111093749997 0.56328125 0.34027777812500004 0.5671875 0.29722222187499997 0.571875 0.28194444375 0.56171875 0.2736111109375 0.5515625 0.2638888890625 0.55078125 0.252777778125 0.55625 0.2625 0.56796875 0.25 0.57421875 0.2625 0.58984375 0.26805555625 0.5890625 0.2736111109375 0.5828125 0.28194444375 0.5828125 0.2958333328125 0.58828125