2 0.9609375 0.5486111109375 0.9640625 0.5791666671875 0.975 0.58055555625 0.975 0.5388888890625 0.96875 0.5305555562500001 0.96328125 0.5319444437499999 0.95859375 0.5375 0.95859375 0.54444444375 0.9609375 0.5486111109375
1 0.6140625 0.8444444437499999 0.61171875 0.847222221875 0.6140625 0.8583333328125 0.61328125 0.890277778125 0.6203125 0.897222221875 0.6265625 0.897222221875 0.6296875 0.8861111109375001 0.62734375 0.85 0.62734375 0.747222221875 0.63125 0.7402777781250001 0.640625 0.7388888890625 0.640625 0.734722221875 0.63203125 0.727777778125 0.625 0.7138888890625 0.6203125 0.7111111109375 0.61171875 0.715277778125 0.60546875 0.709722221875 0.6046875 0.7166666671875 0.61328125 0.7416666671875001 0.6140625 0.7569444437499999 0.6140625 0.8444444437499999
1 0.5453125 0.915277778125 0.55703125 0.9125 0.5578125 0.7833333328125 0.5625 0.772222221875 0.56875 0.7736111109375 0.5703125 0.76944444375 0.56796875 0.7611111109375 0.56171875 0.7569444437499999 0.53125 0.7486111109375 0.53046875 0.75555555625 0.54296875 0.7638888890625 0.54609375 0.775 0.54609375 0.81805555625 0.54375 0.8291666671875 0.54609375 0.8541666671874999 0.5453125 0.915277778125
6 0.2359375 0.73055555625 0.2359375 0.7611111109375 0.2390625 0.7763888890625 0.23671875 0.7833333328125 0.24921875 0.8083333328125001 0.26328125 0.809722221875 0.27109375 0.8430555562500001 0.30859375 0.85 0.3203125 0.8333333328125001 0.328125 0.8333333328125001 0.3328125 0.8236111109375001 0.34375 0.8194444437499999 0.34375 0.7819444437499999 0.33828125 0.7625 0.3328125 0.7569444437499999 0.31171875 0.7569444437499999 0.30390625 0.752777778125 0.3 0.747222221875 0.29765625 0.727777778125 0.2921875 0.7180555562500001 0.28046875 0.715277778125 0.2703125 0.727777778125 0.26171875 0.7208333328125 0.24375 0.7208333328125 0.2390625 0.722222221875 0.2359375 0.73055555625
6 0.37890625 0.815277778125 0.39375 0.8263888890625 0.4015625 0.840277778125 0.425 0.8388888890624999 0.43125 0.8194444437499999 0.43359375 0.8027777781250001 0.43125 0.7736111109375 0.42421875 0.765277778125 0.4234375 0.7583333328124999 0.4140625 0.7541666671875 0.40625 0.74444444375 0.39375 0.7402777781250001 0.35078125 0.7416666671875001 0.34296875 0.75 0.34296875 0.7638888890625 0.34609375 0.772222221875 0.36484375 0.7791666671875 0.36328125 0.809722221875 0.37890625 0.815277778125
7 0.15546875 0.8486111109375001 0.11953125 0.8486111109375001 0.11328125 0.8444444437499999 0.10859375 0.85 0.11015625 0.852777778125 0.1203125 0.8541666671874999 0.13359375 0.86944444375 0.14375 0.872222221875 0.15 0.8791666671874999 0.15703125 0.8763888890624999 0.16015625 0.8625 0.15546875 0.8486111109375001
7 0.02578125 0.89444444375 0.02578125 0.8986111109375001 0.0375 0.9166666671874999 0.0375 0.88055555625 0.02578125 0.89444444375
7 0.0453125 0.8986111109375001 0.046875 0.91805555625 0.0625 0.9277777781250001 0.07578125 0.9277777781250001 0.09296875 0.9166666671874999 0.09375 0.88055555625 0.0796875 0.8708333328125001 0.06953125 0.86944444375 0.05078125 0.88055555625 0.0453125 0.8986111109375001
7 0.1046875 0.8861111109375001 0.10234375 0.9069444437499999 0.10234375 0.9166666671874999 0.1046875 0.9208333328125 0.1296875 0.9291666671875 0.13671875 0.9291666671875 0.1421875 0.922222221875 0.1375 0.9111111109375001 0.125 0.897222221875 0.1109375 0.8861111109375001 0.1046875 0.8861111109375001
7 0.08359375 0.8166666671874999 0.090625 0.827777778125 0.11484375 0.8444444437499999 0.14296875 0.8444444437499999 0.14609375 0.840277778125 0.15234375 0.8444444437499999 0.18046875 0.8444444437499999 0.184375 0.8263888890625 0.1859375 0.8083333328125001 0.1796875 0.7763888890625 0.16875 0.76944444375 0.16484375 0.7736111109375 0.16328125 0.7819444437499999 0.15625 0.7819444437499999 0.14453125 0.7583333328124999 0.12109375 0.7416666671875001 0.1171875 0.722222221875 0.07734375 0.7208333328125 0.06953125 0.7333333328125 0.06953125 0.7666666671875 0.07421875 0.7763888890625 0.08359375 0.8166666671874999
7 0.0109375 0.76805555625 0.01171875 0.73194444375 0.01015625 0.725 0.00546875 0.7208333328125 0.00078125 0.725 0.00078125 0.7791666671875 0.00703125 0.7805555562500001 0.0109375 0.76805555625
7 0.08125 0.8111111109375001 0.0765625 0.8041666671875 0.0703125 0.7833333328125 0.06953125 0.76944444375 0.06484375 0.7611111109375 0.040625 0.7611111109375 0.03125 0.752777778125 0.02734375 0.7569444437499999 0.025 0.79444444375 0.0296875 0.8027777781250001 0.075 0.83194444375 0.0796875 0.83055555625 0.08125 0.825 0.08125 0.8111111109375001
7 0.04453125 0.86944444375 0.05859375 0.875 0.07265625 0.8736111109375001 0.0734375 0.86944444375 0.0625 0.859722221875 0.02734375 0.840277778125 0.02109375 0.8416666671874999 0.02578125 0.85555555625 0.04453125 0.86944444375
7 0.20859375 0.8458333328125001 0.2046875 0.86944444375 0.20703125 0.8791666671874999 0.203125 0.8861111109375001 0.2015625 0.902777778125 0.20390625 0.9069444437499999 0.2125 0.9055555562500001 0.20859375 0.8916666671875 0.2125 0.8888888890625 0.2140625 0.847222221875 0.20859375 0.8458333328125001
7 0.23359375 0.840277778125 0.23125 0.8444444437499999 0.22890625 0.9069444437499999 0.2328125 0.91805555625 0.2375 0.922222221875 0.246875 0.9277777781250001 0.25078125 0.925 0.2515625 0.8736111109375001 0.25390625 0.8666666671875 0.2546875 0.8416666671874999 0.23359375 0.840277778125
7 0.3234375 0.940277778125 0.3234375 0.902777778125 0.3109375 0.890277778125 0.30859375 0.8708333328125001 0.2921875 0.85555555625 0.28046875 0.852777778125 0.27421875 0.8444444437499999 0.26640625 0.8416666671874999 0.26328125 0.8458333328125001 0.2609375 0.9305555562500001 0.2828125 0.94305555625 0.3 0.9458333328125 0.31796875 0.95555555625 0.32109375 0.952777778125 0.3234375 0.940277778125