2 0.01328125 0.43194444374999996 0.0140625 0.47083333281249995 0.01640625 0.4763888890625 0.025 0.477777778125 0.0328125 0.46666666718750005 0.0296875 0.4458333328125 0.0234375 0.425 0.01875 0.425 0.01328125 0.43194444374999996
1 0.3890625 0.26805555625 0.38515625 0.252777778125 0.3828125 0.10555555624999999 0.38046875 0.10138888906250001 0.3703125 0.1041666671875 0.371875 0.2541666671875 0.35625 0.2541666671875 0.36015625 0.25555555625 0.3631990140625 0.269078946875 0.36640625 0.2708333328125 0.375 0.28472222187499996 0.38359375 0.2791666671875 0.40078125 0.2888888890625 0.4015625 0.28055555625 0.3890625 0.26805555625
1 0.45703125 0.23611111093749998 0.45234375 0.2208333328125 0.45234375 0.17916666718750002 0.4546875 0.172222221875 0.45390625 0.0861111109375 0.45078125 0.08055555625000001 0.4453125 0.08055555625000001 0.44140625 0.090277778125 0.44140625 0.215277778125 0.43984375 0.22638888906250001 0.43125 0.22916666718749998 0.43125 0.23611111093749998 0.45234375 0.25 0.46875 0.2513888890625 0.46875 0.24305555625 0.45703125 0.23611111093749998
7 0.99921875 0.33888888906250003 0.99921875 0.2666666671875 0.99375 0.259722221875 0.9875 0.25833333281250004 0.9828125 0.27638888906250003 0.978125 0.3416666671875 0.99921875 0.33888888906250003
7 0.95703125 0.35555555625 0.9671875 0.302777778125 0.96953125 0.24583333281250003 0.94296875 0.23194444375 0.92734375 0.23333333281250002 0.9140625 0.25555555625 0.9078125 0.28611111093749997 0.9078125 0.29722222187499997 0.915625 0.3083333328125 0.9203125 0.322222221875 0.925 0.32777777812500003 0.94453125 0.33194444375 0.9453125 0.3416666671875 0.95234375 0.3541666671875 0.95703125 0.35555555625
7 0.8921875 0.28055555625 0.90625 0.27638888906250003 0.91484375 0.2486111109375 0.9265625 0.23055555625 0.915625 0.18194444375000002 0.9046875 0.16805555625 0.88515625 0.15555555625 0.8609375 0.1541666671875 0.85234375 0.15972222187500001 0.84453125 0.15555555625 0.8203125 0.15555555625 0.81953125 0.18194444375000002 0.83359375 0.20416666718749998 0.84765625 0.215277778125 0.85 0.23472222187499997 0.853125 0.240277778125 0.878125 0.25833333281250004 0.8828125 0.27777777812500004 0.8921875 0.28055555625
7 0.99921875 0.22638888906250001 0.9921875 0.2208333328125 0.98828125 0.23333333281250002 0.9875 0.252777778125 0.99921875 0.25555555625 0.99921875 0.22638888906250001
7 0.96953125 0.197222221875 0.928125 0.16944444375 0.91953125 0.16944444375 0.91875 0.1888888890625 0.9296875 0.2166666671875 0.93046875 0.22777777812500002 0.9484375 0.23194444375 0.96796875 0.24305555625 0.971875 0.240277778125 0.97421875 0.20555555625 0.96953125 0.197222221875
7 0.978125 0.147222221875 0.96015625 0.13333333281249998 0.94296875 0.125 0.9375 0.125 0.9328125 0.13333333281249998 0.93125 0.12222222187500001 0.92578125 0.1263888890625 0.925 0.1291666671875 0.9375 0.140277778125 0.946875 0.14305555625 0.94921875 0.15 0.95625 0.15555555625 0.97578125 0.16388888906250001 0.97890625 0.1611111109375 0.978125 0.147222221875
7 0.8421875 0.2486111109375 0.84453125 0.24305555625 0.84375 0.23611111093749998 0.84140625 0.23611111093749998 0.83125 0.215277778125 0.83203125 0.20555555625 0.8296875 0.1986111109375 0.8203125 0.190277778125 0.81875 0.18194444375000002 0.8125 0.19444444375 0.81015625 0.2541666671875 0.81875 0.2541666671875 0.8203125 0.26805555625 0.8375 0.26805555625 0.84140625 0.275 0.846875 0.259722221875 0.8421875 0.2486111109375
7 0.77578125 0.1888888890625 0.7765625 0.1833333328125 0.77109375 0.172222221875 0.76875 0.15694444375 0.759375 0.15277777812499999 0.74609375 0.16388888906250001 0.73671875 0.1888888890625 0.7359375 0.21111111093749999 0.7390625 0.222222221875 0.7453125 0.22638888906250001 0.75703125 0.222222221875 0.765625 0.22916666718749998 0.76875 0.21805555625 0.76875 0.197222221875 0.77578125 0.1888888890625
7 0.7859375 0.13888888906250002 0.7828125 0.147222221875 0.7796875 0.184722221875 0.78125 0.20972222187499998 0.77890625 0.24305555625 0.78046875 0.2541666671875 0.7859375 0.25694444375000003 0.790625 0.23472222187499997 0.7953125 0.1541666671875 0.790625 0.140277778125 0.7859375 0.13888888906250002
7 0.79296875 0.1291666671875 0.7890625 0.1263888890625 0.7890625 0.13194444375 0.79296875 0.1291666671875
7 0.79296875 0.11388888906250001 0.7953125 0.097222221875 0.7890625 0.09444444375 0.78828125 0.102777778125 0.79296875 0.10833333281249999 0.79296875 0.11388888906250001
7 0.7453125 0.10138888906250001 0.7453125 0.1541666671875 0.75546875 0.15555555625 0.7609375 0.147222221875 0.76875 0.147222221875 0.77109375 0.1166666671875 0.76875 0.08333333281250001 0.74765625 0.072222221875 0.7453125 0.10138888906250001
7 0.74140625 0.075 0.7234375 0.058333332812500006 0.70078125 0.055555556250000006 0.6828125 0.04444444375 0.67734375 0.047222221875 0.6765625 0.055555556250000006 0.6765625 0.1 0.6859375 0.10555555624999999 0.69140625 0.11388888906250001 0.69296875 0.13055555624999998 0.7 0.14305555625 0.7359375 0.1666666671875 0.7375 0.1041666671875 0.74140625 0.075
7 0.8671875 0.13055555624999998 0.85625 0.127777778125 0.85 0.1208333328125 0.83828125 0.12222222187500001 0.83671875 0.1361111109375 0.8390625 0.15 0.853125 0.15555555625 0.859375 0.1513888890625 0.878125 0.15277777812499999 0.88125 0.14861111093749999 0.8796875 0.14305555625 0.8671875 0.13055555624999998
7 0.87109375 0.1 0.89375 0.11388888906250001 0.89609375 0.08055555625000001 0.87265625 0.07083333281250001 0.85703125 0.0736111109375 0.85625 0.08055555625000001 0.87109375 0.1
4 0.4109375 0.102777778125 0.40703125 0.10555555624999999 0.403125 0.11944444375 0.403125 0.16851805625 0.40625 0.172222221875 0.403125 0.1763888890625 0.40546875 0.177777778125 0.4109375 0.1708333328125 0.415625 0.172222221875 0.4171875 0.11805555625 0.4109375 0.102777778125
4 0.41171875 0.31805555625 0.4140625 0.3166666671875 0.41796875 0.3236111109375 0.42109375 0.32083333281250004 0.425 0.302777778125 0.43046875 0.30694444375 0.43125 0.31805555625 0.4375 0.31805555625 0.43828125 0.3125 0.43828125 0.30694444375 0.42890625 0.28472222187499996 0.43125 0.2611111109375 0.4296875 0.23055555625 0.42578125 0.225 0.42421875 0.215277778125 0.41796875 0.2166666671875 0.41875 0.2388888890625 0.4109375 0.2486111109375 0.41640625 0.259722221875 0.41796875 0.272222221875 0.4171875 0.30416666718749996 0.4109375 0.31944444375000003 0.41171875 0.3236111109375 0.41171875 0.31805555625