2 0.03671875 0.425 0.0328125 0.41805555625 0.025 0.41944444374999995 0.025 0.4625 0.03046875 0.46944444374999994 0.04140625 0.46388888906250003 0.04296875 0.45555555625000005 0.03828125 0.44305555625000004 0.03671875 0.425
1 0.3828125 0.10555555624999999 0.37421875 0.1041666671875 0.3703125 0.1166666671875 0.37265625 0.1583333328125 0.37265625 0.2513888890625 0.36875 0.259722221875 0.359375 0.259722221875 0.3578125 0.26527777812500003 0.36875 0.272222221875 0.375 0.28611111093749997 0.3796875 0.2888888890625 0.38671875 0.2833333328125 0.39453125 0.290277778125 0.3953125 0.2833333328125 0.38671875 0.259722221875 0.38515625 0.1111111109375 0.3828125 0.10555555624999999
1 0.44296875 0.0875 0.4421875 0.2166666671875 0.4375 0.22777777812500002 0.43125 0.22638888906250001 0.4296875 0.23055555625 0.43828125 0.24305555625 0.46875 0.2513888890625 0.46875 0.24305555625 0.45546875 0.23333333281250002 0.45234375 0.2166666671875 0.45625 0.16944444375 0.45390625 0.1416666671875 0.4546875 0.0861111109375 0.44921875 0.08333333281250001 0.44296875 0.0875
6 0.76015625 0.21944444375 0.7640625 0.215277778125 0.7609375 0.2138888890625 0.75546875 0.197222221875 0.75078125 0.1916666671875 0.73671875 0.190277778125 0.7328125 0.18055555625 0.73046875 0.1583333328125 0.7046875 0.15 0.69140625 0.15 0.68125 0.165277778125 0.66953125 0.1666666671875 0.6640625 0.17361111093749998 0.6640625 0.16805555625 0.66171875 0.16805555625 0.65625 0.177777778125 0.65546875 0.2138888890625 0.65703125 0.22638888906250001 0.66328125 0.2416666671875 0.68515625 0.2416666671875 0.69765625 0.24722222187499998 0.70234375 0.272222221875 0.71171875 0.28472222187499996 0.721875 0.2833333328125 0.7296875 0.272222221875 0.7390625 0.2791666671875 0.76171875 0.27777777812500004 0.7640625 0.26805555625 0.7640625 0.240277778125 0.76015625 0.21944444375
6 0.56875 0.18055555625 0.56640625 0.19583333281249998 0.5671875 0.21805555625 0.57578125 0.2388888890625 0.5828125 0.24583333281250003 0.6046875 0.259722221875 0.65 0.25833333281250004 0.65625 0.2541666671875 0.65546875 0.23055555625 0.63515625 0.2208333328125 0.63671875 0.190277778125 0.60546875 0.17361111093749998 0.5984375 0.15972222187500001 0.57578125 0.1611111109375 0.56875 0.18055555625
7 0.88359375 0.1513888890625 0.8734375 0.134722221875 0.8671875 0.13055555624999998 0.85 0.1208333328125 0.8390625 0.12222222187500001 0.83828125 0.134722221875 0.8453125 0.1513888890625 0.8921875 0.1541666671875 0.8890625 0.147222221875 0.88359375 0.1513888890625
7 0.97265625 0.097222221875 0.9625 0.0916666671875 0.96171875 0.11805555625 0.96640625 0.11805555625 0.9734375 0.10138888906250001 0.97265625 0.097222221875
7 0.92890625 0.1291666671875 0.93046875 0.125 0.946875 0.12222222187500001 0.9515625 0.1166666671875 0.9546875 0.0916666671875 0.95390625 0.0861111109375 0.946875 0.077777778125 0.92734375 0.07083333281250001 0.909375 0.08055555625000001 0.90625 0.0861111109375 0.90703125 0.1208333328125 0.92890625 0.1291666671875
7 0.89765625 0.09305555625 0.896875 0.08055555625000001 0.871875 0.07083333281250001 0.8625 0.07083333281250001 0.85703125 0.077777778125 0.85625 0.08055555625000001 0.875 0.102777778125 0.8890625 0.11388888906250001 0.89453125 0.11388888906250001 0.89765625 0.09305555625
7 0.93046875 0.26805555625 0.93046875 0.23333333281250002 0.9265625 0.22638888906250001 0.91640625 0.1833333328125 0.909375 0.172222221875 0.8859375 0.15555555625 0.878125 0.1541666671875 0.85625 0.15555555625 0.853125 0.15972222187500001 0.84765625 0.15555555625 0.81875 0.15555555625 0.8171875 0.1611111109375 0.8140625 0.19305555624999998 0.8171875 0.20138888906250002 0.81875 0.2208333328125 0.821875 0.22638888906250001 0.83125 0.23055555625 0.8375 0.21805555625 0.846875 0.21944444375 0.85078125 0.23611111093749998 0.878125 0.25833333281250004 0.88125 0.275 0.88671875 0.28055555625 0.89765625 0.27638888906250003 0.9234375 0.2791666671875 0.93046875 0.26805555625
7 0.99921875 0.222222221875 0.98984375 0.21805555625 0.9875 0.2708333328125 0.99375 0.28055555625 0.99921875 0.27777777812500004 0.99921875 0.222222221875
7 0.91875 0.17361111093749998 0.91796875 0.1888888890625 0.92265625 0.19583333281249998 0.925 0.20972222187499998 0.9296875 0.21944444375 0.93046875 0.23055555625 0.93515625 0.2388888890625 0.9625 0.2416666671875 0.96875 0.25 0.97265625 0.24305555625 0.97578125 0.21805555625 0.97265625 0.2 0.928125 0.16944444375 0.9234375 0.16805555625 0.91875 0.17361111093749998
7 0.978125 0.14444444375 0.94609375 0.1263888890625 0.92734375 0.1263888890625 0.92578125 0.1291666671875 0.93359375 0.1375 0.94765625 0.14444444375 0.95078125 0.15 0.98046875 0.15972222187500001 0.978125 0.14444444375
7 0.790625 0.1541666671875 0.79375 0.15 0.7953125 0.1291666671875 0.79140625 0.11388888906250001 0.7859375 0.11388888906250001 0.784375 0.13194444375 0.77890625 0.1375 0.784375 0.14305555625 0.78671875 0.1541666671875 0.790625 0.1541666671875
7 0.7890625 0.10555555624999999 0.79453125 0.115277778125 0.79765625 0.10694444375 0.79765625 0.0958333328125 0.7953125 0.09305555625 0.7875 0.09305555625 0.7890625 0.10555555624999999
7 0.77109375 0.09305555625 0.76640625 0.08194444375 0.75 0.0736111109375 0.74765625 0.1291666671875 0.7453125 0.13888888906250002 0.7453125 0.15972222187500001 0.759375 0.1611111109375 0.76875 0.15555555625 0.77109375 0.1375 0.77109375 0.09305555625
7 0.68203125 0.04444444375 0.67734375 0.05 0.67578125 0.06805555625000001 0.675 0.0916666671875 0.68046875 0.1041666671875 0.6859375 0.10555555624999999 0.690625 0.115277778125 0.690625 0.1291666671875 0.7046875 0.14305555625 0.71796875 0.147222221875 0.72578125 0.15555555625 0.734375 0.1583333328125 0.73671875 0.1541666671875 0.7390625 0.06944444375 0.721875 0.058333332812500006 0.70078125 0.054166667187499996 0.68203125 0.04444444375
4 0.1546875 0.1513888890625 0.15 0.1541666671875 0.14453125 0.17361111093749998 0.14453125 0.1916666671875 0.153125 0.20694444375 0.1578125 0.19583333281249998 0.16328125 0.19305555624999998 0.16171875 0.1708333328125 0.1546875 0.1513888890625