2 0.425 0.9765625 0.425 0.98125 0.43194444374999996 0.98671875 0.47083333281249995 0.9859375 0.4763888890625 0.98359375 0.477777778125 0.975 0.46805555625000006 0.9671875 0.44444444375 0.9703125 0.425 0.9765625
1 0.26805555625 0.6109375 0.25694444375000003 0.61484375 0.10555555624999999 0.6171875 0.1 0.6203125 0.10555555624999999 0.628125 0.1291666671875 0.628125 0.13194444375 0.63046875 0.2541666671875 0.628125 0.2541666671875 0.64296875 0.259722221875 0.63828125 0.26805555625 0.63828125 0.26527777812500003 0.64375 0.2708333328125 0.63359375 0.2791666671875 0.63125 0.28611111093749997 0.625 0.28055555625 0.61171875 0.2888888890625 0.6 0.28055555625 0.5984375 0.26805555625 0.6109375
1 0.08055555625000001 0.55546875 0.0861111109375 0.5578125 0.2138888890625 0.55859375 0.22916666718749998 0.5625 0.22638888906250001 0.57265625 0.23055555625 0.57265625 0.24305555625 0.5625 0.25 0.54765625 0.2513888890625 0.53125 0.2416666671875 0.53203125 0.23472222187499997 0.54453125 0.2166666671875 0.5484375 0.17916666718750002 0.54765625 0.172222221875 0.5453125 0.08333333281250001 0.54609375 0.08055555625000001 0.55546875
7 0.325 0.02109375 0.3416666671875 0.02109375 0.33888888906250003 0.00078125 0.2666666671875 0.00078125 0.25833333281250004 0.0078125 0.25833333281250004 0.0125 0.275 0.0171875 0.325 0.02109375
7 0.23333333281250002 0.07265625 0.25694444375000003 0.08671875 0.28611111093749997 0.0921875 0.29444444375 0.09296875 0.322222221875 0.0796875 0.32777777812500003 0.075 0.3263888890625 0.065625 0.33194444375 0.05546875 0.3375 0.053125 0.3416666671875 0.0546875 0.3541666671875 0.04765625 0.35555555625 0.04296875 0.32777777812500003 0.0359375 0.28472222187499996 0.03125 0.24583333281250003 0.03046875 0.23194444375 0.0578125 0.23333333281250002 0.07265625
7 0.17361111093749998 0.0890625 0.15972222187500001 0.10703125 0.1541666671875 0.13203125 0.15555555625 0.14453125 0.15972222187500001 0.146875 0.15555555625 0.159375 0.1583333328125 0.18125 0.1833333328125 0.18125 0.20416666718749998 0.16640625 0.2166666671875 0.1515625 0.23055555625 0.15078125 0.240277778125 0.146875 0.25833333281250004 0.121875 0.27638888906250003 0.11796875 0.28055555625 0.11328125 0.27638888906250003 0.09453125 0.26805555625 0.08984375 0.2486111109375 0.0859375 0.23055555625 0.0734375 0.18194444375000002 0.084375 0.17361111093749998 0.0890625
7 0.097222221875 0.203125 0.09305555625 0.2109375 0.1041666671875 0.2125 0.10833333281249999 0.2078125 0.11805555625 0.20703125 0.097222221875 0.203125
7 0.06944444375 0.15703125 0.052777778124999994 0.15859375 0.0486111109375 0.16328125 0.06805555625000001 0.16328125 0.06944444375 0.15703125
7 0.04305555625 0.17265625 0.04305555625 0.17578125 0.0513888890625 0.1734375 0.058333332812500006 0.17578125 0.05 0.17265625 0.04305555625 0.17265625
7 0.04444444375 0.209375 0.0416666671875 0.23046875 0.05 0.20703125 0.04444444375 0.209375
7 0.10555555624999999 0.0265625 0.0958333328125 0.0265625 0.10138888906250001 0.0296875 0.0958333328125 0.0328125 0.1 0.0359375 0.1125 0.03828125 0.11805555625 0.0375 0.11805555625 0.03359375 0.10694444375 0.0359375 0.10555555624999999 0.0265625
7 0.0958333328125 0.0984375 0.10138888906250001 0.09375 0.11805555625 0.09453125 0.1208333328125 0.0921875 0.127777778125 0.07265625 0.12222222187500001 0.06875 0.11944444375 0.05078125 0.115277778125 0.0484375 0.090277778125 0.04609375 0.08055555625000001 0.04921875 0.072222221875 0.06171875 0.07083333281250001 0.07265625 0.08333333281250001 0.09375 0.0958333328125 0.0984375
7 0.21805555625 0.00703125 0.23472222187499997 0.01171875 0.2541666671875 0.01171875 0.25555555625 0.00078125 0.22638888906250001 0.00078125 0.21805555625 0.00703125
7 0.23611111093749998 0.040625 0.24305555625 0.03203125 0.2388888890625 0.028125 0.20555555625 0.02578125 0.197222221875 0.03046875 0.16944444375 0.071875 0.16944444375 0.08046875 0.1875 0.08125 0.215277778125 0.0703125 0.22777777812500002 0.06953125 0.23611111093749998 0.040625
7 0.14305555625 0.05234375 0.15555555625 0.0421875 0.1611111109375 0.0296875 0.1583333328125 0.02109375 0.1458333328125 0.0234375 0.13333333281249998 0.03984375 0.125 0.05625 0.125 0.061197656249999996 0.13333333281249998 0.0671875 0.125 0.06614609375 0.1263888890625 0.0734375 0.13055555624999998 0.0734375 0.14305555625 0.05234375
7 0.25555555625 0.18984375 0.25555555625 0.18359375 0.26805555625 0.18046875 0.26944444375 0.1625 0.27638888906250003 0.15859375 0.2666666671875 0.153125 0.23611111093749998 0.153125 0.215277778125 0.16875 0.197222221875 0.17109375 0.1916666671875 0.1796875 0.177777778125 0.1828125 0.1888888890625 0.18359375 0.19444444375 0.1875 0.25555555625 0.18984375
7 0.222222221875 0.2609375 0.22638888906250001 0.2546875 0.222222221875 0.24296875 0.22916666718749998 0.2359375 0.22638888906250001 0.23203125 0.197222221875 0.23125 0.1875 0.22421875 0.15694444375 0.23125 0.15277777812499999 0.23984375 0.15972222187500001 0.25 0.184722221875 0.2625 0.20694444375 0.2640625 0.222222221875 0.2609375
7 0.24305555625 0.22109375 0.25555555625 0.21875 0.25555555625 0.21328125 0.23611111093749998 0.209375 0.1708333328125 0.20703125 0.15972222187500001 0.2046875 0.1458333328125 0.20546875 0.140277778125 0.209375 0.13888888906250002 0.2140625 0.1458333328125 0.2171875 0.1888888890625 0.2203125 0.2125 0.21875 0.24305555625 0.22109375
7 0.1291666671875 0.325 0.115277778125 0.325 0.11944444375 0.33203125 0.1291666671875 0.33203125 0.1291666671875 0.325
7 0.097222221875 0.2046875 0.09444444375 0.20859375 0.0958333328125 0.21171875 0.10138888906250001 0.21171875 0.10833333281249999 0.20703125 0.097222221875 0.2046875
7 0.15694444375 0.24921875 0.15 0.23984375 0.15 0.2328125 0.115277778125 0.22890625 0.084722221875 0.23203125 0.072222221875 0.2484375 0.075 0.25390625 0.090277778125 0.25234375 0.10555555624999999 0.2546875 0.1541666671875 0.25546875 0.15694444375 0.24921875
7 0.072222221875 0.25859375 0.058333332812500006 0.278125 0.055555556250000006 0.29921875 0.04444444375 0.3171875 0.0486111109375 0.3234375 0.090277778125 0.325 0.102777778125 0.32265625 0.10694444375 0.31484375 0.11944444375 0.309375 0.13194444375 0.31171875 0.1541666671875 0.2859375 0.15972222187500001 0.27265625 0.1666666671875 0.26796875 0.1611111109375 0.26484375 0.16805555625 0.2625 0.16805555625 0.25859375 0.15555555625 0.2640625 0.1111111109375 0.26328125 0.072222221875 0.25859375
7 0.14305555625 0.1203125 0.13055555624999998 0.13359375 0.1291666671875 0.1421875 0.1208333328125 0.14921875 0.12222222187500001 0.16171875 0.13194444375 0.16328125 0.15 0.1609375 0.15555555625 0.15 0.15 0.11796875 0.14305555625 0.1203125
7 0.0736111109375 0.14296875 0.08194444375 0.14296875 0.1041666671875 0.125 0.11388888906250001 0.10625 0.0916666671875 0.10234375 0.08055555625000001 0.10390625 0.07083333281250001 0.12734375 0.0736111109375 0.14296875
4 0.13055555624999998 0.6109375 0.1263888890625 0.61328125 0.1291666671875 0.61640625 0.2 0.6171875 0.21111111093749999 0.6140625 0.2125 0.61015625 0.1611111109375 0.61015625 0.1458333328125 0.6078125 0.13055555624999998 0.6109375
4 0.0513888890625 0.90859375 0.0388888890625 0.90234375 0.0333333328125 0.90546875 0.0361111109375 0.9078125 0.052777778124999994 0.909375 0.058333332812500006 0.9125 0.0736111109375 0.9125 0.0958333328125 0.9109375 0.109722221875 0.90625 0.1361111109375 0.90625 0.13888888906250002 0.90390625 0.134722221875 0.9015625 0.11388888906250001 0.9015625 0.102777778125 0.90625 0.0958333328125 0.90234375 0.0625 0.9015625 0.054166667187499996 0.903125 0.0513888890625 0.90859375
4 0.20555555625 0.76875 0.19583333281249998 0.7734375 0.184722221875 0.77421875 0.184722221875 0.7796875 0.1888888890625 0.78046875 0.23055555625 0.7828125 0.2666666671875 0.77578125 0.27638888906250003 0.7765625 0.27777777812500004 0.7703125 0.20555555625 0.76875
4 0.197222221875 0.93671875 0.1916666671875 0.92578125 0.13055555624999998 0.92578125 0.1263888890625 0.93359375 0.1458333328125 0.9515625 0.1541666671875 0.9546875 0.16388888906250001 0.9515625 0.1708333328125 0.9390625 0.19444444375 0.9390625 0.197222221875 0.93671875
4 0.115277778125 0.31484375 0.1166666671875 0.321875 0.13055555624999998 0.325 0.1763888890625 0.325 0.1833333328125 0.328125 0.1888888890625 0.31875 0.184722221875 0.31484375 0.1763888890625 0.3140625 0.115277778125 0.31484375
4 0.10833333281249999 0.6375 0.11805555625 0.64375 0.1708333328125 0.64296875 0.17361111093749998 0.6328125 0.1208333328125 0.6328125 0.10833333281249999 0.6375