1 0.45546875 0.2208333328125 0.45625 0.09444444375 0.44921875 0.08194444375 0.44296875 0.0861111109375 0.4421875 0.15 0.43984375 0.15555555625 0.4421875 0.20694444375 0.44140625 0.215277778125 0.43828125 0.2208333328125 0.43125 0.222222221875 0.4296875 0.23055555625 0.4328125 0.2388888890625 0.43828125 0.24305555625 0.45625 0.2513888890625 0.46796875 0.2513888890625 0.46875 0.24305555625 0.45859375 0.23472222187499997 0.45546875 0.2208333328125
7 0.92265625 0.27638888906250003 0.93046875 0.2666666671875 0.93046875 0.23333333281250002 0.925 0.21944444375 0.921875 0.2 0.9109375 0.17361111093749998 0.89140625 0.15972222187500001 0.86875 0.1541666671875 0.8515625 0.15694444375 0.8328125 0.15277777812499999 0.8171875 0.165277778125 0.8140625 0.17361111093749998 0.8140625 0.184722221875 0.81875 0.21805555625 0.821875 0.222222221875 0.83125 0.22638888906250001 0.8375 0.21805555625 0.84609375 0.2166666671875 0.85078125 0.23611111093749998 0.87109375 0.25555555625 0.87890625 0.25833333281250004 0.88125 0.2708333328125 0.88671875 0.2791666671875 0.8953125 0.275 0.92265625 0.27638888906250003
7 0.88125 0.14305555625 0.8671875 0.13055555624999998 0.8546875 0.1291666671875 0.8484375 0.1208333328125 0.8421875 0.12361111093749999 0.83984375 0.1375 0.84375 0.1513888890625 0.88125 0.1541666671875 0.8828125 0.15 0.88125 0.14305555625
7 0.859375 0.07638888906249999 0.85703125 0.08055555625000001 0.87421875 0.10555555624999999 0.88828125 0.115277778125 0.89921875 0.11388888906250001 0.896875 0.08194444375 0.8703125 0.07083333281250001 0.859375 0.07638888906249999
7 0.065625 0.64305555625 0.06328125 0.61944444375 0.06328125 0.6458333328125 0.065625 0.64305555625
7 0.075 0.55694444375 0.09296875 0.5513888890625 0.0984375 0.5458333328125 0.1046875 0.55 0.10703125 0.55694444375 0.10625 0.5916666671875 0.10859375 0.6013888890625 0.11875 0.6166666671875001 0.12578125 0.6208333328125 0.13671875 0.6208333328125 0.14140625 0.6166666671875001 0.14296875 0.6013888890625 0.13515625 0.54305555625 0.13203125 0.5361111109375 0.13046875 0.51805555625 0.125 0.5138888890625 0.12578125 0.5013888890625 0.1203125 0.4986111109375 0.1265625 0.49305555625 0.12578125 0.48194444374999995 0.1125 0.47083333281249995 0.11796875 0.45555555625000005 0.11640625 0.447222221875 0.10625 0.43333333281249997 0.1 0.434722221875 0.090625 0.44166666718750003 0.084375 0.45416666718750004 0.07421875 0.46388888906250003 0.06875 0.4583333328125 0.0671875 0.44305555625000004 0.0625 0.4458333328125 0.0625 0.477777778125 0.065625 0.5013888890625 0.05859375 0.51944444375 0.0578125 0.5388888890625 0.06171875 0.5625 0.06015625 0.5722222218749999 0.065625 0.5861111109375 0.0640625 0.5930555562500001 0.06640625 0.602777778125 0.06328125 0.6138888890625 0.0671875 0.6166666671875001 0.07109375 0.5666666671875 0.07421875 0.5638888890625 0.075 0.55694444375
7 0.2125 0.56805555625 0.2203125 0.5555555562500001 0.2296875 0.5555555562500001 0.23671875 0.5625 0.27578125 0.565277778125 0.2953125 0.5916666671875 0.31796875 0.5930555562500001 0.3296875 0.5791666671875 0.3375 0.5555555562500001 0.34296875 0.5541666671875001 0.35546875 0.5388888890625 0.3625 0.5208333328125 0.3640625 0.47222222187499996 0.3609375 0.44444444375 0.35546875 0.43055555625 0.340625 0.41111111093749997 0.32578125 0.4 0.3 0.36944444375 0.29296875 0.365277778125 0.290625 0.3583333328125 0.28359375 0.35555555625 0.27265625 0.33194444375 0.2609375 0.3291666671875 0.25546875 0.3166666671875 0.2484375 0.32777777812500003 0.23203125 0.33194444375 0.22734375 0.34444444375 0.22421875 0.36666666718749996 0.21796875 0.377777778125 0.21015625 0.3583333328125 0.20234375 0.35555555625 0.19140625 0.3416666671875 0.184375 0.322222221875 0.1375 0.28611111093749997 0.13828125 0.33055555625 0.14375 0.3513888890625 0.15078125 0.365277778125 0.17265625 0.39305555625 0.175 0.40138888906250003 0.1609375 0.4263888890625 0.1515625 0.43194444374999996 0.15 0.4388888890625 0.1515625 0.48055555625 0.1578125 0.540277778125 0.1640625 0.5736111109375 0.16796875 0.5763888890625 0.1921875 0.56805555625 0.2125 0.56805555625
7 0 0.21805555625 0.003125 0.222222221875 0.0296875 0.2208333328125 0.04296875 0.240277778125 0.04453125 0.25 0.05546875 0.25555555625 0.0625 0.2666666671875 0.0734375 0.2708333328125 0.07578125 0.27638888906250003 0.0953125 0.2916666671875 0.10078125 0.31805555625 0.11171875 0.31805555625 0.11015625 0.27777777812500004 0.10546875 0.2541666671875 0.0765625 0.22916666718749998 0.06875 0.21805555625 0.0453125 0.20555555625 0.0359375 0.19305555624999998 0.01953125 0.19305555624999998 0.003125 0.18055555625 0 0.18055555625 0 0.21805555625
7 0.36875 0.1416666671875 0.36953125 0.109722221875 0.38125 0.10138888906250001 0.38046875 0.04305555625 0.378125 0.0375 0.36484375 0.04305555625 0.3546875 0.054166667187499996 0.34375 0.0513888890625 0.33515625 0.058333332812500006 0.328125 0.04305555625 0.29375 0.047222221875 0.28203125 0.055555556250000006 0.2796875 0.06944444375 0.28125 0.08333333281250001 0.275 0.10694444375 0.275 0.15555555625 0.28203125 0.172222221875 0.296875 0.16944444375 0.30234375 0.1916666671875 0.30625 0.19444444375 0.32421875 0.19305555624999998 0.33359375 0.165277778125 0.34609375 0.16388888906250001 0.3546875 0.15555555625 0.3625 0.1541666671875 0.36171875 0.14861111093749999 0.36875 0.1416666671875
7 0.46953125 0.16388888906250001 0.46953125 0.1513888890625 0.47578125 0.14305555625 0.478125 0.13055555624999998 0.47578125 0.027777778125000003 0.4703125 0.013888889062500001 0.459375 0.006944443749999999 0.43203125 0.00555555625 0.3953125 0.019444443750000002 0.3890625 0.030555556249999997 0.3890625 0.0861111109375 0.38671875 0.10555555624999999 0.39375 0.13194444375 0.39375 0.15555555625 0.4 0.16944444375 0.40078125 0.177777778125 0.41328125 0.1833333328125 0.42890625 0.17916666718750002 0.4375 0.1666666671875 0.4421875 0.127777778125 0.45625 0.127777778125 0.45625 0.16805555625 0.45859375 0.1763888890625 0.46953125 0.16388888906250001
7 0.99921875 0.2208333328125 0.98984375 0.21944444375 0.9875 0.25555555625 0.99375 0.259722221875 0.99921875 0.25555555625 0.99921875 0.2208333328125
7 0.925 0.197222221875 0.93125 0.22638888906250001 0.9484375 0.21944444375 0.96015625 0.22638888906250001 0.9640625 0.24305555625 0.971875 0.24305555625 0.975 0.21805555625 0.975 0.20555555625 0.97265625 0.20138888906250002 0.92890625 0.1708333328125 0.9203125 0.172222221875 0.9203125 0.1888888890625 0.925 0.197222221875
7 0.99765625 0.1666666671875 0.99921875 0.15972222187500001 0.99375 0.16388888906250001 0.99375 0.16805555625 0.99765625 0.1666666671875
7 0.9328125 0.14305555625 0.95703125 0.15555555625 0.971875 0.1583333328125 0.97578125 0.14861111093749999 0.97890625 0.15694444375 0.97421875 0.14305555625 0.96015625 0.13194444375 0.9375 0.12222222187500001 0.9265625 0.12222222187500001 0.92421875 0.13055555624999998 0.92890625 0.13333333281249998 0.9328125 0.14305555625
7 0.78671875 0.140277778125 0.7859375 0.134722221875 0.78203125 0.140277778125 0.78671875 0.140277778125
7 0.79296875 0.11388888906250001 0.79296875 0.10694444375 0.796875 0.10555555624999999 0.796875 0.097222221875 0.7875 0.09444444375 0.7890625 0.10694444375 0.79296875 0.11388888906250001
7 0.75 0.075 0.74765625 0.08055555625000001 0.74609375 0.10555555624999999 0.74609375 0.1583333328125 0.765625 0.1583333328125 0.76875 0.15277777812499999 0.77109375 0.0861111109375 0.76796875 0.08055555625000001 0.75 0.075
7 0.68671875 0.047222221875 0.67890625 0.047222221875 0.67578125 0.055555556250000006 0.675 0.0888888890625 0.67734375 0.10138888906250001 0.68515625 0.10555555624999999 0.69453125 0.127777778125 0.7125 0.1513888890625 0.72578125 0.15972222187500001 0.73359375 0.15972222187500001 0.73671875 0.15555555625 0.7375 0.115277778125 0.74296875 0.08333333281250001 0.74140625 0.072222221875 0.71640625 0.058333332812500006 0.6890625 0.0513888890625 0.68671875 0.047222221875
4 0.35390625 0.38194444375000003 0.353125 0.4138888890625 0.36328125 0.4458333328125 0.36875 0.4986111109375 0.37578125 0.50555555625 0.37890625 0.47361111093749997 0.37734375 0.43333333281249997 0.38046875 0.40833333281249995 0.3890625 0.40694444374999994 0.38984375 0.40138888906250003 0.37578125 0.35555555625 0.375 0.34027777812500004 0.36484375 0.33888888906250003 0.3578125 0.35555555625 0.35390625 0.38194444375000003