1 0.8333333328125001 0.45625 0.9166666671874999 0.45390625 0.91944444375 0.4453125 0.9111111109375001 0.4421875 0.8541666671874999 0.4421875 0.840277778125 0.4390625 0.784722221875 0.44140625 0.7736111109375 0.4375 0.7763888890625 0.43125 0.772222221875 0.42890625 0.7611111109375 0.4328125 0.7569444437499999 0.43828125 0.75 0.4515625 0.7486111109375 0.46796875 0.7569444437499999 0.46796875 0.76944444375 0.45390625 0.815277778125 0.45390625 0.8333333328125001 0.45625
1 0.872222221875 0.384375 0.89444444375 0.384375 0.897222221875 0.3765625 0.8916666671875 0.3703125 0.7458333328125 0.371875 0.7402777781250001 0.36875 0.7402777781250001 0.359375 0.734722221875 0.3578125 0.727777778125 0.36953125 0.7138888890625 0.37578125 0.7180555562500001 0.3859375 0.7111111109375 0.39375 0.7166666671875 0.3953125 0.7458333328125 0.3859375 0.7805555562500001 0.3859375 0.8083333328125001 0.38984375 0.8486111109375001 0.3890625 0.872222221875 0.384375
6 0.8027777781250001 0.753125 0.8125 0.73515625 0.8388888890624999 0.73125 0.8444444437499999 0.72734375 0.85 0.69140625 0.8361111109375001 0.68046875 0.8361111109375001 0.66796875 0.83055555625 0.659375 0.8263888890625 0.65625 0.815277778125 0.6546875 0.79444444375 0.65390625 0.7625 0.6609375 0.7569444437499999 0.66796875 0.7638888890625 0.6796875 0.752777778125 0.69765625 0.725 0.70234375 0.7166666671875 0.7078125 0.7180555562500001 0.721875 0.73194444375 0.73046875 0.722222221875 0.73828125 0.725 0.7625 0.7569444437499999 0.7640625 0.7805555562500001 0.76171875 0.8027777781250001 0.753125
6 0.8208333328125 0.56875 0.8055555562500001 0.56640625 0.772222221875 0.56875 0.7541666671875 0.58125 0.7416666671875001 0.5953125 0.7416666671875001 0.65390625 0.75 0.65703125 0.76944444375 0.6546875 0.777777778125 0.6375 0.784722221875 0.6328125 0.8111111109375001 0.62890625 0.8194444437499999 0.61171875 0.8361111109375001 0.59921875 0.8388888890624999 0.575 0.8208333328125 0.56875
7 0.85 0.8859375 0.8541666671874999 0.8859375 0.859722221875 0.88046875 0.86944444375 0.86640625 0.8708333328125001 0.8546875 0.8791666671874999 0.84921875 0.8791666671874999 0.83671875 0.86944444375 0.83515625 0.8486111109375001 0.84375 0.8458333328125001 0.88125 0.85 0.8859375
7 0.8986111109375001 0.9703125 0.9138888890624999 0.9625 0.8819444437499999 0.96171875 0.8819444437499999 0.9640625 0.8847222218749999 0.9671875 0.8986111109375001 0.9703125
7 0.877777778125 0.93046875 0.877777778125 0.94765625 0.897222221875 0.95390625 0.915277778125 0.95390625 0.9277777781250001 0.9390625 0.9277777781250001 0.9234375 0.9166666671874999 0.90703125 0.88055555625 0.90625 0.872222221875 0.91875 0.8708333328125001 0.925 0.877777778125 0.93046875
7 0.9291666671875 0.86953125 0.9291666671875 0.8625 0.922222221875 0.8578125 0.91944444375 0.85703125 0.897222221875 0.875 0.8861111109375001 0.8890625 0.8861111109375001 0.89609375 0.91944444375 0.89609375 0.9291666671875 0.86953125
7 0.7361111109375 0.93046875 0.7666666671875 0.93046875 0.775 0.92578125 0.81805555625 0.915625 0.83055555625 0.90625 0.8444444437499999 0.88046875 0.8444444437499999 0.85625 0.840277778125 0.85234375 0.8444444437499999 0.84921875 0.8444444437499999 0.82578125 0.8416666671874999 0.8203125 0.83194444375 0.81640625 0.815277778125 0.8140625 0.7763888890625 0.8203125 0.772222221875 0.8296875 0.7888888890625 0.8375 0.784722221875 0.846875 0.7819444437499999 0.84921875 0.7638888890625 0.85078125 0.74444444375 0.87109375 0.7416666671875001 0.87890625 0.725 0.88125 0.7194444437499999 0.8859375 0.7236111109375 0.8953125 0.722222221875 0.925 0.7361111109375 0.93046875
7 0.6861111109375 0.9625 0.6944444437499999 0.9671875 0.7430555562500001 0.96953125 0.7333333328125 0.9625 0.7194444437499999 0.95859375 0.6944444437499999 0.9578125 0.6861111109375 0.9625
7 0.6458333328125 0.99921875 0.777777778125 0.99921875 0.777777778125 0.99296875 0.76805555625 0.9890625 0.6986111109375 0.98046875 0.6708333328125 0.978125 0.6638888890625 0.9796875 0.659722221875 0.9859375 0.647222221875 0.99140625 0.6458333328125 0.99921875
7 0.8916666671875 0.16171875 0.8888888890625 0.1515625 0.88055555625 0.1484375 0.8708333328125001 0.1453125 0.8375 0.14765625 0.8166666671874999 0.1578125 0.815277778125 0.175 0.8055555562500001 0.18203125 0.8041666671875 0.1890625 0.80694444375 0.19453125 0.81805555625 0.19765625 0.8263888890625 0.20390625 0.8541666671874999 0.20390625 0.8611111109375 0.19375 0.88055555625 0.18046875 0.8888888890625 0.171875 0.8916666671875 0.16171875
7 0.83194444375 0.9203125 0.827777778125 0.91875 0.8125 0.91796875 0.7986111109375 0.92421875 0.7833333328125 0.92578125 0.7611111109375 0.93515625 0.7611111109375 0.94375 0.76944444375 0.95 0.76944444375 0.95390625 0.7763888890625 0.9546875 0.7708333328125 0.9625 0.784722221875 0.96484375 0.797222221875 0.9703125 0.8055555562500001 0.965625 0.83055555625 0.92890625 0.83194444375 0.9203125
7 0.8444444437499999 0.9796875 0.85694444375 0.9765625 0.8680555562500001 0.96015625 0.877777778125 0.93828125 0.875 0.9265625 0.86944444375 0.92578125 0.85694444375 0.9390625 0.8541666671874999 0.95546875 0.840277778125 0.9765625 0.8444444437499999 0.9796875
7 0.8916666671875 0.36875 0.9013888890624999 0.38046875 0.9611111109375001 0.3796875 0.9625 0.375 0.95555555625 0.3640625 0.9444444437499999 0.35546875 0.9472222218749999 0.34296875 0.9416666671874999 0.3375 0.9416666671874999 0.33359375 0.95694444375 0.328125 0.95 0.28671875 0.94305555625 0.28125 0.9208333328125 0.28046875 0.902777778125 0.27578125 0.834722221875 0.275 0.83055555625 0.28046875 0.8236111109375001 0.28203125 0.8263888890625 0.296875 0.8111111109375001 0.3015625 0.8055555562500001 0.30625 0.80694444375 0.32421875 0.83055555625 0.33046875 0.8416666671874999 0.34375 0.8486111109375001 0.3453125 0.8486111109375001 0.35390625 0.85555555625 0.3625 0.852777778125 0.36875 0.8916666671875 0.36875
7 0.91944444375 0.4453125 0.91944444375 0.4515625 0.9069444437499999 0.4578125 0.872222221875 0.45546875 0.8263888890625 0.45625 0.8222222218749999 0.4578125 0.8222222218749999 0.4625 0.83194444375 0.46875 0.8611111109375 0.4765625 0.89305555625 0.478125 0.952777778125 0.47578125 0.9902777781250001 0.46796875 0.99444444375 0.43046875 0.98055555625 0.39609375 0.9736111109375001 0.38984375 0.95555555625 0.38828125 0.91944444375 0.38984375 0.89305555625 0.3875 0.8666666671875 0.3953125 0.847222221875 0.39375 0.8361111109375001 0.39921875 0.8208333328125 0.4 0.8166666671874999 0.41796875 0.8236111109375001 0.42890625 0.8444444437499999 0.43828125 0.8680555562500001 0.44140625 0.8916666671875 0.43984375 0.897222221875 0.4421875 0.9125 0.4421875 0.91944444375 0.4453125
7 0.8486111109375001 0.78984375 0.852777778125 0.79296875 0.875 0.79296875 0.8791666671874999 0.790625 0.877777778125 0.7875 0.8611111109375 0.78203125 0.8486111109375001 0.78984375
7 0.8986111109375001 0.796875 0.902777778125 0.796875 0.902777778125 0.79296875 0.89305555625 0.79296875 0.8986111109375001 0.796875
7 0.9138888890624999 0.7484375 0.8416666671874999 0.7453125 0.840277778125 0.7625 0.8486111109375001 0.76875 0.9111111109375001 0.77109375 0.91805555625 0.76875 0.925 0.75078125 0.9138888890624999 0.7484375
7 0.89444444375 0.6859375 0.8708333328125001 0.6953125 0.859722221875 0.70625 0.85555555625 0.7171875 0.8444444437499999 0.7265625 0.8444444437499999 0.73671875 0.9305555562500001 0.7390625 0.952777778125 0.69296875 0.9541666671875 0.6796875 0.952777778125 0.67734375 0.9444444437499999 0.6765625 0.8986111109375001 0.67734375 0.89444444375 0.6859375