2 0.58194444375 0.03359375 0.58194444375 0.02578125 0.577777778125 0.02421875 0.547222221875 0.02421875 0.5361111109375 0.02734375 0.5319444437499999 0.034375 0.5361111109375 0.0375 0.5722222218749999 0.0375 0.58194444375 0.03359375
1 0.8458333328125001 0.38828125 0.8888888890625 0.38515625 0.8958333328125001 0.3796875 0.8958333328125001 0.37265625 0.8819444437499999 0.36875 0.8416666671874999 0.37265625 0.752777778125 0.37265625 0.7402777781250001 0.36875 0.7402777781250001 0.3578125 0.7361111109375 0.3578125 0.7291666671875 0.3671875 0.7111111109375 0.3765625 0.7166666671875 0.38671875 0.709722221875 0.39375 0.7180555562500001 0.39453125 0.734722221875 0.38671875 0.7569444437499999 0.38515625 0.8430555562500001 0.38515625 0.8458333328125001 0.38828125
1 0.7736111109375 0.4375 0.7736111109375 0.43046875 0.76944444375 0.4296875 0.7611111109375 0.4328125 0.7486111109375 0.46015625 0.7608752625 0.4632222875 0.765277778125 0.45703125 0.7833333328125 0.45234375 0.83055555625 0.45625 0.8541666671874999 0.45390625 0.915277778125 0.4546875 0.91805555625 0.44921875 0.9138888890624999 0.44296875 0.784722221875 0.4421875 0.7736111109375 0.4375
6 0.8055555562500001 0.753125 0.8125 0.73515625 0.8416666671874999 0.73046875 0.852777778125 0.6953125 0.8486111109375001 0.68828125 0.8333333328125001 0.67890625 0.83194444375 0.66015625 0.825 0.65625 0.7819444437499999 0.65625 0.7583333328124999 0.66328125 0.7597222218749999 0.68515625 0.752777778125 0.69765625 0.725 0.70234375 0.715277778125 0.71171875 0.7166666671875 0.72109375 0.7291666671875 0.7296875 0.722222221875 0.73671875 0.7236111109375 0.76171875 0.7333333328125 0.7640625 0.7819444437499999 0.76171875 0.7875 0.7578125 0.8055555562500001 0.753125
6 0.815277778125 0.6296875 0.8166666671874999 0.61953125 0.8263888890625 0.60625 0.840277778125 0.5984375 0.840277778125 0.57734375 0.825 0.56953125 0.8111111109375001 0.56875 0.8027777781250001 0.565625 0.7875 0.56640625 0.772222221875 0.56953125 0.7583333328124999 0.5765625 0.7402777781250001 0.5984375 0.7416666671875001 0.65078125 0.7458333328125 0.65625 0.7708333328125 0.6546875 0.7763888890625 0.63671875 0.7819444437499999 0.6328125 0.79444444375 0.63671875 0.8083333328125001 0.63671875 0.815277778125 0.6296875
7 0.8444444437499999 0.88671875 0.8541666671874999 0.8875 0.8458333328125001 0.89296875 0.852777778125 0.89140625 0.85694444375 0.88125 0.8652777781250001 0.87421875 0.877777778125 0.84375 0.8652777781250001 0.8390625 0.8486111109375001 0.8453125 0.85 0.865625 0.8444444437499999 0.88671875
7 0.89444444375 0.96953125 0.9055555562500001 0.96796875 0.9111111109375001 0.9625 0.8833333328125 0.9625 0.8847222218749999 0.96640625 0.89444444375 0.96953125
7 0.8791666671874999 0.92734375 0.877777778125 0.94765625 0.8833333328125 0.95234375 0.909722221875 0.9546875 0.91944444375 0.9515625 0.9277777781250001 0.93828125 0.9277777781250001 0.9234375 0.922222221875 0.9125 0.9138888890624999 0.90703125 0.8791666671874999 0.90703125 0.872222221875 0.92109375 0.8791666671874999 0.92734375
7 0.925 0.8578125 0.91944444375 0.85625 0.9083333328125001 0.86484375 0.8861111109375001 0.88984375 0.8861111109375001 0.8953125 0.91944444375 0.89765625 0.9291666671875 0.86953125 0.925 0.8578125
7 0.7333333328125 0.93046875 0.76805555625 0.93046875 0.7736111109375 0.9265625 0.8166666671874999 0.91640625 0.8263888890625 0.9109375 0.834722221875 0.8953125 0.840277778125 0.8921875 0.8444444437499999 0.8796875 0.8444444437499999 0.85625 0.840277778125 0.853125 0.8444444437499999 0.84765625 0.8444444437499999 0.81953125 0.8388888890624999 0.8171875 0.80694444375 0.815625 0.7819444437499999 0.8171875 0.7736111109375 0.8203125 0.7708333328125 0.83125 0.7819444437499999 0.8375 0.7819444437499999 0.846875 0.7638888890625 0.85078125 0.74444444375 0.87109375 0.7416666671875001 0.87890625 0.725 0.88125 0.7194444437499999 0.88671875 0.7236111109375 0.89609375 0.722222221875 0.92421875 0.7333333328125 0.93046875
7 0.4986111109375 0 0.5083333328124999 0.00625 0.515277778125 0.0046875 0.51805555625 0.00859375 0.5291666671875 0.00859375 0.5416666671875 0.0125 0.5486111109375 0.0234375 0.56805555625 0.02265625 0.58194444375 0.02578125 0.5791666671875 0.0390625 0.5916666671875 0.0453125 0.5930555562500001 0.06015625 0.6236111109375 0.0625 0.627777778125 0.075 0.6347222218749999 0.08046875 0.665277778125 0.0796875 0.684722221875 0.06640625 0.7638888890625 0.05859375 0.765277778125 0.05546875 0.7541666671875 0.0453125 0.727777778125 0.02890625 0.7194444437499999 0.01953125 0.702777778125 0.01171875 0.6972222218749999 0 0.527777778125 0 0.5236111109375 0.00390625 0.51944444375 0 0.51944444375 0.0046875 0.5111111109375 0 0.4986111109375 0
7 0.722222221875 0.9953125 0.725 0.99921875 0.7791666671875 0.99921875 0.7819444437499999 0.99296875 0.7666666671875 0.98828125 0.7291666671875 0.9875 0.722222221875 0.9953125
7 0.752777778125 0.96875 0.75555555625 0.971875 0.7763888890625 0.975 0.797222221875 0.9734375 0.83055555625 0.928125 0.83194444375 0.921875 0.8263888890625 0.91875 0.8111111109375001 0.91796875 0.7611111109375 0.93515625 0.7597222218749999 0.9625 0.752777778125 0.96875
7 0.8458333328125001 0.9640625 0.840277778125 0.98046875 0.85694444375 0.97734375 0.8736111109375001 0.94609375 0.877777778125 0.9265625 0.86944444375 0.925 0.85694444375 0.93515625 0.852777778125 0.94453125 0.8541666671874999 0.95546875 0.8458333328125001 0.9640625
7 0.8611111109375 0.78046875 0.8486111109375001 0.78671875 0.8486111109375001 0.7921875 0.877777778125 0.79296875 0.877777778125 0.78671875 0.8680555562500001 0.78515625 0.8611111109375 0.78046875
7 0.89305555625 0.79140625 0.8833333328125 0.7890625 0.8819444437499999 0.79296875 0.902777778125 0.79765625 0.9069444437499999 0.7890625 0.9 0.78828125 0.89305555625 0.79140625
7 0.9083333328125001 0.77109375 0.9166666671874999 0.76875 0.9236111109375 0.74921875 0.872222221875 0.74765625 0.8666666671875 0.7453125 0.840277778125 0.74609375 0.840277778125 0.76171875 0.8486111109375001 0.76875 0.8625 0.77109375 0.9083333328125001 0.77109375
7 0.9513888890625 0.6765625 0.9069444437499999 0.675 0.8958333328125001 0.68046875 0.89305555625 0.68671875 0.88055555625 0.690625 0.8708333328125001 0.6890625 0.85694444375 0.70546875 0.8541666671874999 0.71953125 0.8444444437499999 0.7265625 0.8430555562500001 0.7359375 0.9305555562500001 0.73828125 0.9416666671874999 0.721875 0.952777778125 0.690625 0.95555555625 0.67890625 0.9513888890625 0.6765625
4 0.41805555625 0.040625 0.46805555625000006 0.04140625 0.51805555625 0.0359375 0.54444444375 0.02421875 0.5416666671875 0.01328125 0.49444444374999996 0.0140625 0.4888888890625 0.01640625 0.44305555625000004 0.0203125 0.4263888890625 0.025 0.4125 0.025 0.39305555625 0.0359375 0.3791666671875 0.03828125 0.377777778125 0.04296875 0.38194444375000003 0.046875 0.3736111109375 0.05 0.372222221875 0.05390625 0.39305555625 0.05546875 0.40416666718750005 0.0453125 0.41805555625 0.040625