7 0.06953125 0.7333333328125 0.07109375 0.7736111109375 0.08359375 0.815277778125 0.0953125 0.83194444375 0.11328125 0.8430555562500001 0.14453125 0.8430555562500001 0.15546875 0.847222221875 0.17578125 0.8444444437499999 0.18359375 0.83194444375 0.18359375 0.7875 0.1765625 0.7736111109375 0.1671875 0.7736111109375 0.1609375 0.7819444437499999 0.15390625 0.7833333328125 0.1515625 0.7805555562500001 0.15 0.765277778125 0.13203125 0.747222221875 0.12109375 0.7416666671875001 0.11796875 0.725 0.1109375 0.7194444437499999 0.10390625 0.725 0.075 0.7236111109375 0.06953125 0.7333333328125
7 0.87890625 0.5125 0.88125 0.51944444375 0.8796875 0.5125 0.87421875 0.5083333328124999 0.87421875 0.51805555625 0.87890625 0.5125
7 0.8578125 0.40833333281249995 0.86953125 0.46944444374999994 0.86953125 0.48194444374999995 0.87578125 0.4861111109375 0.87578125 0.49583333281249997 0.89296875 0.49583333281249997 0.89296875 0.5013888890625 0.8859375 0.5111111109375 0.884375 0.51944444375 0.8875 0.5291666671875 0.884375 0.5375 0.884375 0.55694444375 0.89375 0.5625 0.9109375 0.5583333328125 0.92578125 0.5305555562500001 0.93203125 0.5319444437499999 0.9328125 0.5555555562500001 0.93359375 0.55 0.93671875 0.5513888890625 0.934375 0.5458333328125 0.9375 0.54444444375 0.9328125 0.5333333328125 0.93671875 0.5328708328125 0.93359375 0.5 0.9421875 0.475 0.9390625 0.447222221875 0.93125 0.44444444375 0.89921875 0.45555555625000005 0.89375 0.447222221875 0.89453125 0.42222222187499997 0.890625 0.3986111109375 0.8796875 0.38194444375000003 0.86875 0.3791666671875 0.85859375 0.38333333281250004 0.8578125 0.40833333281249995
7 0.76953125 0.44444444375 0.76328125 0.4375 0.72421875 0.4361111109375 0.7046875 0.40833333281249995 0.6828125 0.40694444374999994 0.6734375 0.4166666671875 0.6625 0.44305555625000004 0.65234375 0.447222221875 0.6390625 0.47361111093749997 0.63515625 0.49444444374999996 0.6359375 0.5319444437499999 0.63828125 0.5527777781250001 0.64296875 0.565277778125 0.65859375 0.5888888890625 0.68125 0.60694444375 0.7 0.63055555625 0.7046875 0.6319444437499999 0.7109375 0.64305555625 0.71796875 0.6458333328125 0.725 0.665277778125 0.73828125 0.6708333328125 0.7453125 0.6861111109375 0.75234375 0.672222221875 0.76875 0.66805555625 0.77578125 0.6319444437499999 0.7828125 0.622222221875 0.78828125 0.6416666671875 0.79765625 0.6458333328125 0.809375 0.6583333328125 0.81328125 0.672222221875 0.8203125 0.68194444375 0.8625 0.7138888890625 0.86171875 0.672222221875 0.85625 0.6486111109375 0.825 0.6 0.825 0.5944444437499999 0.840625 0.5722222218749999 0.8484375 0.56805555625 0.85 0.559722221875 0.8484375 0.522222221875 0.8359375 0.4263888890625 0.83125 0.4236111109375 0.8078125 0.43194444374999996 0.78828125 0.43194444374999996 0.77890625 0.44444444375 0.76953125 0.44444444375
7 1 0.7791666671875 0.9703125 0.777777778125 0.9578125 0.7638888890625 0.95546875 0.75 0.903125 0.70694444375 0.9 0.6833333328125 0.88828125 0.6833333328125 0.89296875 0.7416666671875001 0.9015625 0.7541666671875 0.925 0.7708333328125 0.93203125 0.7819444437499999 0.9546875 0.79444444375 0.9640625 0.8055555562500001 0.97890625 0.8055555562500001 0.99765625 0.81805555625 1 0.81805555625 1 0.7791666671875
7 0.64140625 0.9486111109375001 0.65546875 0.9486111109375001 0.6625 0.94305555625 0.66640625 0.9444444437499999 0.671875 0.95694444375 0.7125 0.95 0.71875 0.94305555625 0.71953125 0.91944444375 0.72421875 0.9013888890624999 0.725 0.8458333328125001 0.72109375 0.8416666671874999 0.71796875 0.827777778125 0.7046875 0.83055555625 0.69609375 0.80694444375 0.67578125 0.80694444375 0.6703125 0.83055555625 0.66640625 0.8361111109375001 0.63125 0.8444444437499999 0.63125 0.89305555625 0.61953125 0.902777778125 0.6203125 0.959722221875 0.62421875 0.9625 0.64140625 0.9486111109375001
7 0.54296875 0.9041666671874999 0.54453125 0.8444444437499999 0.5421875 0.8236111109375001 0.53828125 0.8236111109375001 0.5234375 0.85 0.521875 0.93194444375 0.5265625 0.98194444375 0.5390625 0.9916666671875 0.5640625 0.9902777781250001 0.5828125 0.98194444375 0.60625 0.98055555625 0.6109375 0.9666666671874999 0.61171875 0.8833333328125 0.6078125 0.86944444375 0.60625 0.8430555562500001 0.6 0.8291666671875 0.6 0.8194444437499999 0.58046875 0.815277778125 0.57265625 0.8194444437499999 0.5671875 0.83194444375 0.5640625 0.83194444375 0.55859375 0.85 0.559375 0.8833333328125 0.5546875 0.9166666671874999 0.546875 0.915277778125 0.54296875 0.9041666671874999
7 0.00390625 0.7416666671875001 0.00078125 0.74444444375 0.00078125 0.777777778125 0.0078125 0.7819444437499999 0.01015625 0.772222221875 0.0125 0.7458333328125 0.00390625 0.7416666671875001
7 0.07578125 0.83055555625 0.0796875 0.8236111109375001 0.08046875 0.8125 0.0765625 0.8055555562500001 0.06875 0.7736111109375 0.05859375 0.7805555562500001 0.05 0.7805555562500001 0.03984375 0.772222221875 0.03515625 0.7569444437499999 0.028125 0.7569444437499999 0.025 0.784722221875 0.0265625 0.797222221875 0.03359375 0.8055555562500001 0.04296875 0.8083333328125001 0.07109375 0.8291666671875 0.07578125 0.83055555625
7 0.00390625 0.83055555625 0.00078125 0.8291666671875 0.00078125 0.8361111109375001 0.00390625 0.8361111109375001 0.00390625 0.83055555625
7 0.01953125 0.8444444437499999 0.03984375 0.8680555562500001 0.05859375 0.877777778125 0.07421875 0.875 0.075 0.86944444375 0.07109375 0.8680555562500001 0.06640625 0.85694444375 0.040625 0.8444444437499999 0.03125 0.834722221875 0.02109375 0.8333333328125001 0.0171875 0.8222222218749999 0.01328125 0.8194444437499999 0.0125 0.8263888890625 0.00625 0.8194444437499999 0.00625 0.8236111109375001 0.01328125 0.83055555625 0.01796875 0.8291666671875 0.01953125 0.8444444437499999
7 0.20703125 0.8583333328125 0.20703125 0.872222221875 0.2125 0.8708333328125001 0.2140625 0.85694444375 0.20703125 0.8583333328125
7 0.2171875 0.9055555562500001 0.2125 0.8986111109375001 0.21171875 0.8819444437499999 0.20703125 0.8819444437499999 0.20546875 0.8916666671875 0.2015625 0.8958333328125001 0.20234375 0.902777778125 0.2171875 0.9055555562500001
7 0.23828125 0.840277778125 0.23203125 0.8444444437499999 0.22890625 0.915277778125 0.25078125 0.925 0.25390625 0.8958333328125001 0.25390625 0.840277778125 0.23828125 0.840277778125
7 0.31328125 0.952777778125 0.31953125 0.952777778125 0.32265625 0.9472222218749999 0.32265625 0.8986111109375001 0.31640625 0.89305555625 0.30625 0.8708333328125001 0.2890625 0.85694444375 0.2828125 0.8444444437499999 0.27421875 0.840277778125 0.26484375 0.8416666671874999 0.2625 0.8486111109375001 0.2625 0.8819444437499999 0.25859375 0.8986111109375001 0.2578125 0.9277777781250001 0.28125 0.9416666671874999 0.29765625 0.9444444437499999 0.31328125 0.952777778125
4 0.83515625 0.7541666671875 0.83515625 0.6972222218749999 0.8234375 0.6833333328125 0.81875 0.6833333328125 0.81796875 0.7388888890625 0.8203125 0.752777778125 0.828125 0.76805555625 0.83515625 0.7541666671875