2 0.97578125 0.577777778125 0.975 0.540277778125 0.97109375 0.5319444437499999 0.96328125 0.5319444437499999 0.96171875 0.5416666671875 0.9640625 0.5791666671875 0.97421875 0.58194444375 0.97578125 0.577777778125
1 0.6125 0.8 0.61484375 0.8416666671874999 0.6109375 0.8458333328125001 0.61484375 0.8680555562500001 0.61484375 0.8888888890625 0.61640625 0.89305555625 0.6265625 0.89444444375 0.63046875 0.8833333328125 0.62734375 0.8430555562500001 0.628125 0.7458333328125 0.63125 0.7402777781250001 0.640625 0.7402777781250001 0.640625 0.734722221875 0.6328125 0.7291666671875 0.625 0.7138888890625 0.6203125 0.7111111109375 0.61328125 0.7166666671875 0.60625 0.709722221875 0.60546875 0.7194444437499999 0.61328125 0.7361111109375 0.61484375 0.765277778125 0.6125 0.8
1 0.55078125 0.91805555625 0.55703125 0.9138888890624999 0.5578125 0.7833333328125 0.5625 0.7736111109375 0.56953125 0.7736111109375 0.5703125 0.76944444375 0.5671875 0.7611111109375 0.5609375 0.7569444437499999 0.5328125 0.7486111109375 0.53125 0.7569444437499999 0.54296875 0.7638888890625 0.54609375 0.775 0.54375 0.8333333328125001 0.54609375 0.8513888890624999 0.5453125 0.915277778125 0.55078125 0.91805555625
6 0.2421875 0.7875 0.24765625 0.8055555562500001 0.26484375 0.8125 0.26953125 0.8416666671874999 0.30546875 0.852777778125 0.31171875 0.8486111109375001 0.31953125 0.834722221875 0.3390625 0.83194444375 0.34296875 0.827777778125 0.34375 0.7833333328125 0.3375 0.7611111109375 0.3171875 0.7611111109375 0.30234375 0.752777778125 0.29921875 0.7458333328125 0.29765625 0.725 0.28828125 0.715277778125 0.27890625 0.7166666671875 0.27109375 0.7291666671875 0.2625 0.722222221875 0.2375 0.725 0.2359375 0.7638888890625 0.23828125 0.7833333328125 0.2421875 0.7875
6 0.4015625 0.840277778125 0.425 0.8388888890624999 0.43046875 0.825 0.43359375 0.8041666671875 0.4328125 0.7819444437499999 0.4234375 0.7583333328124999 0.4140625 0.7541666671875 0.4015625 0.7402777781250001 0.3484375 0.7416666671875001 0.34296875 0.7486111109375 0.34453125 0.76944444375 0.35546875 0.7763888890625 0.36328125 0.7763888890625 0.365625 0.7805555562500001 0.36328125 0.809722221875 0.39453125 0.8263888890625 0.4015625 0.840277778125
7 0.1171875 0.85555555625 0.1328125 0.86944444375 0.1421875 0.8708333328125001 0.1515625 0.8791666671874999 0.1578125 0.8763888890624999 0.16015625 0.8652777781250001 0.1546875 0.847222221875 0.10703125 0.847222221875 0.10859375 0.852777778125 0.1171875 0.85555555625
7 0.03203125 0.8958333328125001 0.03125 0.902777778125 0.03515625 0.9069444437499999 0.0359375 0.897222221875 0.03203125 0.8958333328125001
7 0.05546875 0.877777778125 0.04765625 0.8819444437499999 0.0453125 0.909722221875 0.0484375 0.91944444375 0.0609375 0.9277777781250001 0.07109375 0.9291666671875 0.0921875 0.91805555625 0.09296875 0.8791666671874999 0.07578125 0.8736111109375001 0.07265625 0.8791666671874999 0.05546875 0.877777778125
7 0.13046875 0.9291666671875 0.1390625 0.9277777781250001 0.14296875 0.922222221875 0.14375 0.91944444375 0.125 0.897222221875 0.11015625 0.8861111109375001 0.1046875 0.8861111109375001 0.103125 0.91944444375 0.13046875 0.9291666671875
7 0.06953125 0.7666666671875 0.0734375 0.7736111109375 0.08359375 0.8166666671874999 0.090625 0.827777778125 0.11953125 0.8444444437499999 0.14375 0.8444444437499999 0.1484375 0.83194444375 0.1515625 0.8388888890624999 0.16171875 0.8444444437499999 0.18046875 0.8430555562500001 0.18359375 0.83194444375 0.184375 0.8055555562500001 0.1796875 0.7736111109375 0.16875 0.7708333328125 0.1625 0.7819444437499999 0.15390625 0.7819444437499999 0.14921875 0.7638888890625 0.12890625 0.74444444375 0.12109375 0.7416666671875001 0.11875 0.725 0.11328125 0.7194444437499999 0.1046875 0.7236111109375 0.075 0.722222221875 0.06953125 0.73194444375 0.06953125 0.7666666671875
7 0.01015625 0.722222221875 0.00078125 0.722222221875 0.00078125 0.7805555562500001 0.00703125 0.7819444437499999 0.01171875 0.765277778125 0.0125 0.7291666671875 0.01015625 0.722222221875
7 0.078125 0.83194444375 0.08125 0.8263888890625 0.08203125 0.8111111109375001 0.0765625 0.8 0.075 0.7861111109375 0.0671875 0.7638888890625 0.0625 0.7597222218749999 0.05078125 0.7638888890625 0.0453125 0.7597222218749999 0.0390625 0.7611111109375 0.03125 0.752777778125 0.028125 0.7569444437499999 0.025 0.7736111109375 0.0265625 0.797222221875 0.071875 0.83055555625 0.078125 0.83194444375
7 0.0546875 0.852777778125 0.04453125 0.8541666671874999 0.0359375 0.8458333328125001 0.01953125 0.840277778125 0.0234375 0.85694444375 0.06640625 0.877777778125 0.06875 0.8652777781250001 0.071875 0.8680555562500001 0.0734375 0.877777778125 0.075 0.86944444375 0.06328125 0.85694444375 0.0546875 0.852777778125
7 0.2140625 0.8791666671874999 0.21484375 0.8680555562500001 0.2203125 0.8611111109375 0.21640625 0.8583333328125 0.2140625 0.85 0.20859375 0.8486111109375001 0.20703125 0.8791666671874999 0.2140625 0.8791666671874999
7 0.203125 0.9041666671874999 0.21171875 0.9069444437499999 0.2109375 0.897222221875 0.20703125 0.890277778125 0.2046875 0.8916666671875 0.203125 0.9041666671874999
7 0.22890625 0.9083333328125001 0.23203125 0.91805555625 0.24765625 0.925 0.25078125 0.9236111109375 0.2515625 0.9138888890624999 0.2546875 0.8416666671874999 0.2375 0.840277778125 0.23125 0.847222221875 0.2296875 0.8583333328125 0.22890625 0.9083333328125001
7 0.325 0.9069444437499999 0.32265625 0.8986111109375001 0.3140625 0.89305555625 0.309375 0.88055555625 0.3109375 0.8708333328125001 0.29765625 0.8583333328125 0.26484375 0.8430555562500001 0.2625 0.85694444375 0.26171875 0.9305555562500001 0.27578125 0.940277778125 0.309375 0.952777778125 0.32109375 0.95555555625 0.3234375 0.9513888890625 0.325 0.9069444437499999