2 0.45555555625000005 0.953125 0.447222221875 0.953125 0.440277778125 0.96171875 0.41944444374999995 0.96484375 0.41944444374999995 0.975 0.4388888890625 0.9765625 0.46666666718750005 0.9734375 0.46944444374999994 0.96796875 0.46527777812500004 0.95703125 0.45555555625000005 0.953125
1 0.10833333281249999 0.615625 0.102777778125 0.6203125 0.102777778125 0.6265625 0.1111111109375 0.6296875 0.18055555625 0.6265625 0.252777778125 0.62734375 0.2611111109375 0.63125 0.259722221875 0.63984375 0.2638888890625 0.6421875 0.2708333328125 0.6328125 0.28611111093749997 0.625 0.2833333328125 0.61328125 0.290277778125 0.60625 0.2833333328125 0.6046875 0.2625 0.61328125 0.15694444375 0.61484375 0.15277777812499999 0.6125 0.10833333281249999 0.615625
1 0.08333333281250001 0.55078125 0.0875 0.55703125 0.2166666671875 0.5578125 0.22777777812500002 0.56171875 0.22638888906250001 0.56875 0.23055555625 0.5703125 0.2388888890625 0.56796875 0.24305555625 0.56171875 0.2513888890625 0.5328125 0.24305555625 0.53125 0.23611111093749998 0.54296875 0.2166666671875 0.54765625 0.16944444375 0.54375 0.140277778125 0.54609375 0.0861111109375 0.5453125 0.08333333281250001 0.55078125
6 0.21944444375 0.2390625 0.215277778125 0.2359375 0.215277778125 0.23828125 0.1916666671875 0.25 0.190277778125 0.26328125 0.18055555625 0.2671875 0.1583333328125 0.26953125 0.15 0.2953125 0.15 0.30859375 0.165277778125 0.31875 0.1666666671875 0.33046875 0.1763888890625 0.3359375 0.16805555625 0.3390625 0.17916666718750002 0.34375 0.215277778125 0.34453125 0.2375 0.3390625 0.24305555625 0.33359375 0.2416666671875 0.31328125 0.24722222187499998 0.3015625 0.26944444375 0.2984375 0.28194444375 0.2921875 0.28472222187499996 0.28046875 0.272222221875 0.27109375 0.2791666671875 0.26171875 0.27777777812500004 0.240625 0.272222221875 0.23671875 0.2388888890625 0.2359375 0.21944444375 0.2390625
6 0.15972222187500001 0.4015625 0.1611111109375 0.425 0.18055555625 0.43125 0.19583333281249998 0.43359375 0.22638888906250001 0.43125 0.24444444375000002 0.41875 0.25833333281250004 0.4015625 0.259722221875 0.39375 0.25555555625 0.34453125 0.240277778125 0.34296875 0.22916666718749998 0.3453125 0.2236111109375 0.36328125 0.2166666671875 0.3671875 0.20694444375 0.36328125 0.190277778125 0.36328125 0.17361111093749998 0.39375 0.15972222187500001 0.4015625
7 0.1513888890625 0.15546875 0.1513888890625 0.1197265625 0.1458333328125 0.11796875 0.1541666671875 0.11328125 0.147222221875 0.1125 0.15277777812499999 0.1078125 0.147222221875 0.11015625 0.14305555625 0.12109375 0.13055555624999998 0.1328125 0.1208333328125 0.15 0.12361111093749999 0.1578125 0.134722221875 0.1609375 0.1513888890625 0.15546875
7 0.097222221875 0.0390625 0.097222221875 0.04453125 0.08333333281250001 0.046875 0.072222221875 0.0609375 0.072222221875 0.0765625 0.084722221875 0.09296875 0.11944444375 0.09375 0.127777778125 0.08046875 0.1291666671875 0.07109375 0.125 0.06953125 0.125 0.0578125 0.11944444375 0.05 0.1 0.0453125 0.1 0.0375 0.11805555625 0.0375 0.1166666671875 0.03359375 0.10555555624999999 0.03046875 0.09305555625 0.03359375 0.090277778125 0.0375 0.097222221875 0.0390625
7 0.09305555625 0.10234375 0.08055555625000001 0.103125 0.07083333281250001 0.128125 0.07083333281250001 0.1375 0.077777778125 0.14296875 0.08055555625000001 0.14375 0.102777778125 0.125 0.11388888906250001 0.1109375 0.11388888906250001 0.10546875 0.09305555625 0.10234375
7 0.26805555625 0.06953125 0.23333333281250002 0.06953125 0.2236111109375 0.07421875 0.18194444375000002 0.084375 0.17361111093749998 0.08984375 0.1541666671875 0.1203125 0.15555555625 0.14375 0.15972222187500001 0.14609375 0.15555555625 0.15625 0.15555555625 0.18125 0.19305555624999998 0.1859375 0.197222221875 0.1828125 0.2166666671875 0.18203125 0.22777777812500002 0.1765625 0.23055555625 0.16875 0.21805555625 0.1625 0.21805555625 0.15390625 0.23611111093749998 0.14921875 0.25833333281250004 0.12109375 0.275 0.11875 0.28055555625 0.11328125 0.27638888906250003 0.10390625 0.2791666671875 0.078125 0.26805555625 0.06953125
7 0.2888888890625 0.73828125 0.28055555625 0.7328125 0.26805555625 0.7296875 0.23055555625 0.73125 0.172222221875 0.76484375 0.165277778125 0.7859375 0.17361111093749998 0.8109375 0.1888888890625 0.81875 0.1916666671875 0.83046875 0.2 0.82578125 0.2513888890625 0.82734375 0.26805555625 0.8234375 0.26527777812500003 0.80859375 0.2708333328125 0.80078125 0.3013888890625 0.790625 0.30416666718749996 0.7875 0.302777778125 0.7828125 0.290277778125 0.77890625 0.28611111093749997 0.77265625 0.28055555625 0.7453125 0.2888888890625 0.73828125
7 0.2791666671875 0.00859375 0.2791666671875 0.00078125 0.2236111109375 0.00078125 0.21805555625 0.0046875 0.21805555625 0.01015625 0.2708333328125 0.0125 0.2791666671875 0.00859375
7 0.20555555625 0.075 0.20833333281250002 0.0703125 0.23055555625 0.06953125 0.2388888890625 0.06484375 0.2388888890625 0.046875 0.25 0.03046875 0.21944444375 0.02421875 0.20138888906250002 0.0265625 0.16944444375 0.07109375 0.16805555625 0.07734375 0.17361111093749998 0.08125 0.1875 0.08203125 0.20555555625 0.075
7 0.15972222187500001 0.0296875 0.15972222187500001 0.01953125 0.14444444375 0.02265625 0.125 0.05703125 0.1263888890625 0.07265625 0.1291666671875 0.07421875 0.1375 0.06640625 0.14444444375 0.053125 0.15 0.05 0.15972222187500001 0.0296875
7 0.14305555625 0.215625 0.1541666671875 0.2140625 0.1541666671875 0.209375 0.15 0.20625 0.1291666671875 0.2046875 0.115277778125 0.209375 0.1166666671875 0.2140625 0.1291666671875 0.21484375 0.134722221875 0.22109375 0.13888888906250002 0.22109375 0.14305555625 0.215625
7 0.1111111109375 0.20390625 0.0958333328125 0.20234375 0.0958333328125 0.2109375 0.10555555624999999 0.20859375 0.1111111109375 0.20390625
7 0.08055555625000001 0.23515625 0.075 0.2453125 0.07638888906249999 0.25078125 0.15972222187500001 0.2546875 0.1583333328125 0.23359375 0.15555555625 0.23125 0.1375 0.22890625 0.0958333328125 0.22890625 0.08055555625000001 0.23515625
7 0.055555556250000006 0.3234375 0.09305555625 0.325 0.10138888906250001 0.32265625 0.10555555624999999 0.31484375 0.11805555625 0.309375 0.1291666671875 0.3109375 0.15555555625 0.27421875 0.15555555625 0.2640625 0.075 0.26015625 0.06944444375 0.26171875 0.058333332812500006 0.27734375 0.054166667187499996 0.29921875 0.04444444375 0.31796875 0.047222221875 0.32265625 0.055555556250000006 0.3234375