1 0.83055555625 0.45625 0.9111111109375001 0.4546875 0.91944444375 0.4515625 0.91944444375 0.446875 0.909722221875 0.4421875 0.8458333328125001 0.4421875 0.8375 0.4390625 0.809722221875 0.4421875 0.7875 0.44140625 0.7736111109375 0.4375 0.772222221875 0.42890625 0.7638888890625 0.43125 0.7569444437499999 0.43828125 0.75 0.4515625 0.7486111109375 0.46875 0.7583333328124999 0.46640625 0.76944444375 0.4546875 0.777777778125 0.45390625 0.83055555625 0.45625
1 0.8458333328125001 0.39140625 0.8652777781250001 0.3890625 0.872222221875 0.38515625 0.8958333328125001 0.38359375 0.8986111109375001 0.3796875 0.89305555625 0.371875 0.7458333328125 0.371875 0.7402777781250001 0.36875 0.7402777781250001 0.359375 0.734722221875 0.3578125 0.727777778125 0.36953125 0.7138888890625 0.375 0.7180555562500001 0.3859375 0.7111111109375 0.39453125 0.7166666671875 0.3953125 0.7416666671875001 0.38671875 0.7805555562500001 0.3859375 0.8055555562500001 0.38984375 0.8166666671874999 0.38828125 0.8458333328125001 0.39140625
6 0.7263888890625 0.7625 0.7569444437499999 0.7640625 0.7819444437499999 0.76171875 0.8055555562500001 0.75078125 0.8125 0.73515625 0.8388888890624999 0.73125 0.8444444437499999 0.72734375 0.85 0.690625 0.83194444375 0.678125 0.8361111109375001 0.66796875 0.83055555625 0.659375 0.8263888890625 0.65625 0.8138888890624999 0.6546875 0.7916666671875 0.65390625 0.7708333328125 0.6578125 0.7597222218749999 0.66328125 0.7638888890625 0.68046875 0.752777778125 0.69765625 0.7430555562500001 0.70078125 0.7263888890625 0.7015625 0.7166666671875 0.7078125 0.7180555562500001 0.72265625 0.73194444375 0.73046875 0.725 0.7328125 0.722222221875 0.7375 0.722222221875 0.75625 0.7263888890625 0.7625
6 0.8208333328125 0.56875 0.7861111109375 0.56640625 0.7708333328125 0.56953125 0.7541666671875 0.58125 0.7416666671875001 0.5953125 0.7416666671875001 0.653125 0.75 0.65703125 0.76944444375 0.6546875 0.777777778125 0.63671875 0.784722221875 0.6328125 0.8111111109375001 0.628125 0.8222222218749999 0.609375 0.840277778125 0.5984375 0.8388888890624999 0.575 0.8208333328125 0.56875
7 0.85 0.8859375 0.86944444375 0.86640625 0.8791666671874999 0.84140625 0.875 0.8390625 0.8638888890624999 0.8390625 0.8486111109375001 0.84453125 0.85 0.86640625 0.8458333328125001 0.88125 0.85 0.8859375
7 0.902777778125 0.9734375 0.9083333328125001 0.9625 0.8819444437499999 0.96171875 0.8819444437499999 0.9640625 0.89444444375 0.9734375 0.902777778125 0.9734375
7 0.9069444437499999 0.9546875 0.9166666671874999 0.953125 0.9277777781250001 0.940625 0.9277777781250001 0.92265625 0.9166666671874999 0.90703125 0.88055555625 0.90625 0.8708333328125001 0.9234375 0.877777778125 0.93046875 0.8791666671874999 0.94765625 0.9069444437499999 0.9546875
7 0.9291666671875 0.86953125 0.9291666671875 0.86328125 0.922222221875 0.85703125 0.91944444375 0.85625 0.897222221875 0.875 0.8861111109375001 0.8890625 0.8861111109375001 0.89609375 0.91944444375 0.89609375 0.9291666671875 0.86953125
7 0.7666666671875 0.93046875 0.7763888890625 0.92578125 0.81805555625 0.915625 0.827777778125 0.909375 0.8444444437499999 0.88125 0.8444444437499999 0.85625 0.8333333328125001 0.85234375 0.834722221875 0.8484375 0.8430555562500001 0.846875 0.8444444437499999 0.8234375 0.8416666671874999 0.81953125 0.8291666671875 0.815625 0.8111111109375001 0.8140625 0.8041666671875 0.8171875 0.777777778125 0.81875 0.772222221875 0.82421875 0.772222221875 0.83046875 0.7861111109375 0.8375 0.7833333328125 0.8484375 0.7638888890625 0.8515625 0.7458333328125 0.86875 0.7416666671875001 0.878125 0.722222221875 0.88203125 0.722222221875 0.92421875 0.734722221875 0.93046875 0.7666666671875 0.93046875
7 0.73055555625 0.9609375 0.715277778125 0.9578125 0.6944444437499999 0.95703125 0.6861111109375 0.9625 0.6944444437499999 0.9671875 0.72927405625 0.9688667843750001 0.73055555625 0.9609375
7 0.777777778125 0.99296875 0.76805555625 0.9890625 0.6986111109375 0.98046875 0.6638888890625 0.97890625 0.659722221875 0.98515625 0.6486111109375 0.98984375 0.6458333328125 0.99921875 0.777777778125 0.99921875 0.777777778125 0.99296875
7 0.85555555625 0.14375 0.85555555625 0.1390625 0.8375 0.1375 0.83055555625 0.13046875 0.8 0.1328125 0.809722221875 0.16796875 0.8041666671875 0.19140625 0.8263888890625 0.2046875 0.8458333328125001 0.20546875 0.85555555625 0.20234375 0.8888888890625 0.171875 0.890277778125 0.15 0.86944444375 0.13828125 0.85555555625 0.14375
7 0.827777778125 0.91875 0.809722221875 0.91875 0.7916666671875 0.9265625 0.76944444375 0.93046875 0.7611111109375 0.93671875 0.7611111109375 0.9421875 0.772222221875 0.94921875 0.76944444375 0.9515625 0.7763888890625 0.9515625 0.772222221875 0.9625 0.7958333328125 0.9703125 0.8083333328125001 0.96171875 0.83055555625 0.92890625 0.83194444375 0.921875 0.827777778125 0.91875
7 0.840277778125 0.9796875 0.85694444375 0.97578125 0.8680555562500001 0.96015625 0.877777778125 0.9375 0.8736111109375001 0.92578125 0.8708333328125001 0.925 0.85694444375 0.93828125 0.8541666671874999 0.953125 0.8444444437499999 0.96484375 0.840277778125 0.9796875
7 0.8916666671875 0.36875 0.9 0.38046875 0.9611111109375001 0.3796875 0.9625 0.375 0.95555555625 0.3640625 0.9444444437499999 0.35546875 0.9472222218749999 0.34140625 0.9416666671874999 0.33671875 0.9416666671874999 0.33359375 0.95694444375 0.328125 0.95 0.28671875 0.9444444437499999 0.28125 0.925 0.28046875 0.9041666671874999 0.27578125 0.8333333328125001 0.275 0.83055555625 0.27890625 0.8208333328125 0.28203125 0.8263888890625 0.2875 0.8263888890625 0.296875 0.8111111109375001 0.3015625 0.8055555562500001 0.30625 0.8055555562500001 0.32265625 0.8083333328125001 0.32578125 0.834722221875 0.33203125 0.83194444375 0.3625 0.8430555562500001 0.3640625 0.8444444437499999 0.36875 0.8916666671875 0.36875
7 0.8236111109375001 0.45625 0.8222222218749999 0.4625 0.827777778125 0.46640625 0.859722221875 0.478125 0.9083333328125001 0.478125 0.965277778125 0.47421875 0.9902777781250001 0.4671875 0.99444444375 0.43046875 0.98055555625 0.39609375 0.972222221875 0.3890625 0.9388888890624999 0.3890625 0.925 0.3921875 0.915277778125 0.38828125 0.8833333328125 0.38828125 0.8680555562500001 0.39296875 0.8458333328125001 0.39375 0.83194444375 0.4 0.8222222218749999 0.4 0.815277778125 0.41328125 0.8222222218749999 0.42890625 0.8458333328125001 0.4390625 0.86944444375 0.44140625 0.8666666671875 0.45546875 0.8236111109375001 0.45625
7 0.8486111109375001 0.7859375 0.847222221875 0.78984375 0.8486111109375001 0.79296875 0.8833333328125 0.7921875 0.89305555625 0.796875 0.902777778125 0.79765625 0.9041666671874999 0.792578125 0.8986111109375001 0.790625 0.9041666671874999 0.78828125 0.890277778125 0.790625 0.8611111109375 0.78203125 0.8486111109375001 0.7859375
7 0.91805555625 0.76875 0.925 0.75078125 0.922222221875 0.74921875 0.872222221875 0.74765625 0.8652777781250001 0.7453125 0.840277778125 0.74609375 0.840277778125 0.7625 0.8444444437499999 0.7671875 0.9083333328125001 0.77265625 0.91805555625 0.76875
7 0.89444444375 0.6859375 0.8736111109375001 0.69453125 0.8652777781250001 0.7046875 0.8583333328125 0.7078125 0.85555555625 0.71640625 0.8416666671874999 0.73203125 0.8444444437499999 0.73671875 0.9305555562500001 0.7390625 0.952777778125 0.6921875 0.9541666671875 0.68046875 0.9444444437499999 0.6765625 0.8986111109375001 0.67734375 0.89444444375 0.6859375
4 0.747222221875 0.1390625 0.7569444437499999 0.134375 0.7291666671875 0.13359375 0.7263888890625 0.1375 0.71875 0.13515625 0.7180555562500001 0.1390625 0.709722221875 0.1390625 0.709722221875 0.13515625 0.6805555562500001 0.13828125 0.6777777781250001 0.14375 0.6833333328125 0.146875 0.6875 0.14296875 0.73055555625 0.13828125 0.7361111109375 0.1484375 0.7416666671875001 0.1484375 0.747222221875 0.1390625