2 0.97578125 0.5736111109375 0.98125 0.575 0.98671875 0.56805555625 0.9859375 0.527777778125 0.98203125 0.522222221875 0.975 0.522222221875 0.9671875 0.5319444437499999 0.96953125 0.5513888890625 0.97578125 0.5736111109375
1 0.6171875 0.89444444375 0.6203125 0.9 0.6296875 0.89444444375 0.628125 0.7458333328125 0.64296875 0.7458333328125 0.63828125 0.7402777781250001 0.63828125 0.73194444375 0.64375 0.734722221875 0.63359375 0.7291666671875 0.63125 0.7208333328125 0.625 0.7138888890625 0.6125 0.7194444437499999 0.59921875 0.7111111109375 0.5984375 0.7194444437499999 0.6109375 0.73194444375 0.61484375 0.7458333328125 0.6171875 0.89444444375
1 0.55859375 0.7875 0.56171875 0.7736111109375 0.56875 0.7736111109375 0.56875 0.7625 0.5625 0.7569444437499999 0.54765625 0.75 0.53125 0.7486111109375 0.53125 0.7569444437499999 0.54453125 0.765277778125 0.5484375 0.7819444437499999 0.54765625 0.8208333328125 0.5453125 0.827777778125 0.54609375 0.9166666671874999 0.5546875 0.91944444375 0.5578125 0.9138888890624999 0.55859375 0.7875
6 0.39453125 0.8222222218749999 0.403125 0.840277778125 0.4234375 0.840277778125 0.43046875 0.827777778125 0.43359375 0.7861111109375 0.4234375 0.7583333328124999 0.40546875 0.7430555562500001 0.39453125 0.7402777781250001 0.34921875 0.7416666671875001 0.34375 0.7458333328125 0.3453125 0.76944444375 0.35234375 0.7763888890625 0.3640625 0.777777778125 0.3671875 0.7833333328125 0.36328125 0.79305555625 0.3640625 0.80694444375 0.38984375 0.8236111109375001 0.39453125 0.8222222218749999
7 0.0890625 0.8263888890625 0.10703125 0.840277778125 0.13125 0.8458333328125001 0.14453125 0.8444444437499999 0.146875 0.840277778125 0.18046875 0.8444444437499999 0.18046875 0.8138888890624999 0.15625 0.784722221875 0.1515625 0.7833333328125 0.15 0.765277778125 0.146875 0.7597222218749999 0.121875 0.7416666671875001 0.11875 0.725 0.11484375 0.7208333328125 0.09375 0.7236111109375 0.0890625 0.73194444375 0.08515625 0.7513888890625 0.0734375 0.76944444375 0.08359375 0.8166666671874999 0.0890625 0.8263888890625
7 0.01796875 0.7236111109375 0.0171875 0.709722221875 0.021875 0.6611111109375 0.01953125 0.6569444437499999 0.00234375 0.659722221875 0.00078125 0.73194444375 0.0109375 0.7416666671875001 0.01796875 0.7236111109375
7 0.0921875 0.7041666671875 0.0796875 0.6777777781250001 0.0734375 0.672222221875 0.05703125 0.66805555625 0.05546875 0.6583333328125 0.05 0.6486111109375 0.04296875 0.64444444375 0.0328125 0.6972222218749999 0.03046875 0.7541666671875 0.05703125 0.76805555625 0.06953125 0.76805555625 0.08046875 0.7569444437499999 0.0875 0.7375 0.0921875 0.7041666671875
7 0.20625 0.8861111109375001 0.203125 0.9041666671874999 0.2125 0.9069444437499999 0.2125 0.8958333328125001 0.20625 0.8861111109375001
7 0.15703125 0.9305555562500001 0.1578125 0.9444444437499999 0.1625 0.95 0.16328125 0.9333333328125001 0.15703125 0.9305555562500001
7 0.17578125 0.952777778125 0.1734375 0.95555555625 0.17578125 0.95694444375 0.17578125 0.952777778125
7 0.17578125 0.94305555625 0.1734375 0.9486111109375001 0.17578125 0.952777778125 0.17578125 0.94305555625
7 0.1421875 0.8486111109375001 0.12421875 0.8458333328125001 0.1140625 0.85 0.12734375 0.8652777781250001 0.14375 0.872222221875 0.14921875 0.8791666671874999 0.1625 0.877777778125 0.16484375 0.8666666671875 0.16015625 0.8486111109375001 0.14765625 0.8444444437499999 0.1421875 0.8486111109375001
7 0.03359375 0.8708333328125001 0.02578125 0.89305555625 0.02578125 0.9041666671874999 0.0375 0.9111111109375001 0.03828125 0.9013888890624999 0.03828125 0.8736111109375001 0.03359375 0.8708333328125001
7 0.09375 0.8986111109375001 0.09453125 0.8819444437499999 0.0796875 0.872222221875 0.07421875 0.8708333328125001 0.06875 0.877777778125 0.05 0.88055555625 0.04609375 0.897222221875 0.04765625 0.9166666671874999 0.06171875 0.9277777781250001 0.07734375 0.9277777781250001 0.09375 0.91805555625 0.09609375 0.9069444437499999 0.09375 0.8986111109375001
7 0.125 0.9291666671875 0.13515625 0.9305555562500001 0.14296875 0.9263888890624999 0.14453125 0.91944444375 0.125 0.8958333328125001 0.1109375 0.8861111109375001 0.10234375 0.8888888890625 0.103125 0.91944444375 0.125 0.9291666671875
7 0.00625 0.7791666671875 0.01015625 0.7736111109375 0.01171875 0.7458333328125 0.00078125 0.74444444375 0.00078125 0.772222221875 0.00625 0.7791666671875
7 0.06953125 0.772222221875 0.0515625 0.76805555625 0.03203125 0.7569444437499999 0.028125 0.7597222218749999 0.02578125 0.7791666671875 0.02578125 0.79444444375 0.028125 0.7986111109375 0.07109375 0.83055555625 0.08046875 0.83055555625 0.08203125 0.8138888890624999 0.0703125 0.784722221875 0.06953125 0.772222221875
7 0.03125 0.8388888890624999 0.02109375 0.8388888890624999 0.02109375 0.85 0.0234375 0.8541666671874999 0.0390625 0.8666666671875 0.06484375 0.877777778125 0.0734375 0.875 0.07421875 0.86944444375 0.05390625 0.85694444375 0.05078125 0.85 0.03125 0.8388888890624999
7 0.15546875 0.7583333328124999 0.15859375 0.7611111109375 0.16171875 0.7583333328124999 0.15546875 0.7583333328124999
7 0.16875 0.7819444437499999 0.16953125 0.797222221875 0.18125 0.8111111109375001 0.1828125 0.8263888890625 0.184375 0.809722221875 0.1875 0.8055555562500001 0.18984375 0.7458333328125 0.1796875 0.747222221875 0.17734375 0.74444444375 0.18046875 0.7402777781250001 0.178125 0.7416666671875001 0.178125 0.73194444375 0.16171875 0.73194444375 0.15859375 0.725 0.153125 0.7361111109375 0.153125 0.7458333328125 0.1640625 0.75555555625 0.165625 0.7638888890625 0.1625 0.76944444375 0.16875 0.7819444437499999
7 0.2609375 0.777777778125 0.2546875 0.7736111109375 0.24296875 0.777777778125 0.2359375 0.7708333328125 0.23203125 0.7736111109375 0.23125 0.8027777781250001 0.225 0.815277778125 0.23125 0.8430555562500001 0.240625 0.847222221875 0.25234375 0.8388888890624999 0.26328125 0.815277778125 0.2640625 0.79305555625 0.2609375 0.777777778125
7 0.2125 0.8611111109375 0.2171875 0.85694444375 0.21953125 0.8208333328125 0.2203125 0.7513888890625 0.21875 0.74444444375 0.2140625 0.7430555562500001 0.209375 0.765277778125 0.20625 0.85694444375 0.2125 0.8611111109375
7 0.2609375 0.8328125 0.0015625 0.0015625
7 0.20703125 0.89444444375 0.20546875 0.902777778125 0.2109375 0.9055555562500001 0.21171875 0.9 0.20703125 0.89444444375
7 0.2453125 0.8444444437499999 0.23984375 0.852777778125 0.23203125 0.852777778125 0.2296875 0.8736111109375001 0.23125 0.915277778125 0.24921875 0.9277777781250001 0.25390625 0.925 0.25234375 0.909722221875 0.25625 0.8611111109375 0.2546875 0.847222221875 0.2453125 0.8444444437499999
7 0.30859375 0.8888888890625 0.303125 0.8611111109375 0.28671875 0.8458333328125001 0.2640625 0.834722221875 0.2625 0.897222221875 0.25859375 0.925 0.2765625 0.9416666671874999 0.29921875 0.9444444437499999 0.31875 0.95555555625 0.32265625 0.952777778125 0.3234375 0.9444444437499999 0.3234375 0.9013888890624999 0.30859375 0.8888888890625
4 0.91484375 0.8958333328125001 0.91015625 0.8430555562500001 0.90546875 0.8361111109375001 0.90078125 0.8430555562500001 0.90078125 0.8847222218749999 0.9015625 0.89444444375 0.9046875 0.8986111109375001 0.9015625 0.9055555562500001 0.903125 0.95555555625 0.91015625 0.95694444375 0.91171875 0.9513888890625 0.915625 0.9277777781250001 0.91484375 0.8958333328125001
4 0.7828125 0.7 0.76953125 0.7 0.7671875 0.70694444375 0.76796875 0.7458333328125 0.765625 0.7763888890625 0.76953125 0.784722221875 0.77109375 0.8 0.77578125 0.7986111109375 0.78046875 0.775 0.7796875 0.715277778125 0.784375 0.7041666671875 0.7828125 0.7
4 0.29375 0.725 0.29296875 0.765277778125 0.2890625 0.7861111109375 0.29375 0.81805555625 0.3 0.8138888890624999 0.29921875 0.8027777781250001 0.303125 0.79444444375 0.30234375 0.765277778125 0.30703125 0.7458333328125 0.3078125 0.7194444437499999 0.29609375 0.715277778125 0.29375 0.725
4 0.64921875 0.8583333328125 0.65 0.825 0.6453125 0.8166666671874999 0.6453125 0.79444444375 0.63671875 0.79444444375 0.6375 0.852777778125 0.64453125 0.86944444375 0.64921875 0.8583333328125
4 0.3875 0.875 0.3953125 0.890277778125 0.4046875 0.8652777781250001 0.40546875 0.8541666671874999 0.3984375 0.8291666671875 0.39453125 0.8236111109375001 0.390625 0.8291666671875 0.38515625 0.852777778125 0.3875 0.875