2 0.01328125 0.43194444374999996 0.0140625 0.47083333281249995 0.01796875 0.477777778125 0.025 0.477777778125 0.0328125 0.46805555625000006 0.03046875 0.4486111109375 0.0234375 0.425 0.01875 0.425 0.01328125 0.43194444374999996
1 0.3828125 0.28055555625 0.40078125 0.2888888890625 0.40078125 0.27777777812500004 0.39140625 0.26805555625 0.38515625 0.2541666671875 0.38203125 0.10555555624999999 0.3859375 0.10138888906250001 0.37734375 0.1 0.36953125 0.10555555624999999 0.371875 0.19444444375 0.3703125 0.2541666671875 0.3578125 0.259722221875 0.35703125 0.2666666671875 0.36640625 0.2708333328125 0.37578125 0.2888888890625 0.3796875 0.2888888890625 0.3828125 0.28055555625
1 0.38984375 0.10138888906250001 0.38984375 0.097222221875 0.3875 0.1 0.38984375 0.10138888906250001
1 0.4046875 0.096875 0.00390625 0.0015625
6 0.78828125 0.25 0.78828125 0.21111111093749999 0.784375 0.1986111109375 0.78671875 0.19305555624999998 0.78203125 0.19583333281249998 0.78125 0.18055555625 0.78359375 0.177777778125 0.78671875 0.1833333328125 0.784375 0.172222221875 0.7875 0.15277777812499999 0.77265625 0.15 0.77109375 0.15555555625 0.7734375 0.15972222187500001 0.76953125 0.1625 0.76953125 0.17361111093749998 0.77421875 0.17916666718750002 0.78203125 0.20277777812500003 0.77890625 0.25694444375000003 0.77890625 0.2736111109375 0.78203125 0.27638888906250003 0.7875 0.26527777812500003 0.78828125 0.25
6 0.71640625 0.21805555625 0.721875 0.2166666671875 0.72890625 0.23194444375 0.73125 0.2666666671875 0.7375 0.27638888906250003 0.74296875 0.27777777812500004 0.75 0.26527777812500003 0.75 0.24305555625 0.76328125 0.24305555625 0.76640625 0.23333333281250002 0.76875 0.17916666718750002 0.7609375 0.16944444375 0.75703125 0.11805555625 0.75 0.10555555624999999 0.72734375 0.0958333328125 0.70625 0.097222221875 0.7015625 0.10694444375 0.6984375 0.14305555625 0.68828125 0.15555555625 0.68359375 0.16944444375 0.6875 0.1833333328125 0.69765625 0.2 0.69921875 0.2388888890625 0.7078125 0.2388888890625 0.71640625 0.21805555625
7 0.98046875 0.3416666671875 0.99921875 0.33888888906250003 0.99921875 0.26805555625 0.99375 0.259722221875 0.9875 0.25833333281250004 0.9859375 0.2625 0.9796875 0.315277778125 0.98046875 0.3416666671875
7 0.9671875 0.30416666718749996 0.96953125 0.24583333281250003 0.9421875 0.23194444375 0.92734375 0.23333333281250002 0.9140625 0.25555555625 0.9078125 0.28611111093749997 0.90703125 0.2958333328125 0.915625 0.3083333328125 0.9203125 0.322222221875 0.92734375 0.3291666671875 0.940625 0.33055555625 0.95 0.3513888890625 0.9578125 0.35555555625 0.9671875 0.30416666718749996
7 0.78203125 0.27638888906250003 0.7875 0.26527777812500003 0.78828125 0.23333333281250002 0.78515625 0.2236111109375 0.7796875 0.22638888906250001 0.77890625 0.275 0.78203125 0.27638888906250003
7 0.775 0.1763888890625 0.77421875 0.18055555625 0.78125 0.18055555625 0.78203125 0.19444444375 0.784375 0.19444444375 0.7859375 0.1833333328125 0.78203125 0.18194444375000002 0.78203125 0.177777778125 0.775 0.1763888890625
7 0.878125 0.25833333281250004 0.88125 0.275 0.88515625 0.2791666671875 0.90625 0.27638888906250003 0.9109375 0.2666666671875 0.9140625 0.2486111109375 0.921875 0.240277778125 0.92578125 0.23055555625 0.92265625 0.20694444375 0.915625 0.18194444375000002 0.90625 0.16944444375 0.8921875 0.15972222187500001 0.8625 0.1541666671875 0.8546875 0.1583333328125 0.8515625 0.16805555625 0.8375 0.15555555625 0.81953125 0.15555555625 0.8171875 0.15972222187500001 0.81640625 0.18055555625 0.8203125 0.1875 0.83046875 0.197222221875 0.83828125 0.2138888890625 0.8484375 0.215277778125 0.8515625 0.23611111093749998 0.85546875 0.24305555625 0.878125 0.25833333281250004
7 0.5046875 0.26805555625 0.50625 0.27638888906250003 0.51015625 0.27777777812500004 0.51640625 0.26805555625 0.51796875 0.25 0.5109375 0.20972222187499998 0.50546875 0.20555555625 0.5046875 0.26805555625
7 0.3703125 0.15694444375 0.38359375 0.1541666671875 0.384375 0.22638888906250001 0.3875 0.2541666671875 0.4359375 0.275 0.4390625 0.2916666671875 0.44921875 0.30555555624999997 0.46015625 0.30416666718749996 0.46328125 0.29305555625 0.47578125 0.2916666671875 0.478125 0.28611111093749997 0.47890625 0.252777778125 0.48203125 0.24305555625 0.47890625 0.20555555625 0.4796875 0.1513888890625 0.478125 0.14305555625 0.45546875 0.10694444375 0.42734375 0.10138888906250001 0.425 0.097222221875 0.3609375 0.0861111109375 0.3375 0.0958333328125 0.3328125 0.10555555624999999 0.33125 0.11944444375 0.33046875 0.215277778125 0.3375 0.22638888906250001 0.353125 0.23333333281250002 0.35703125 0.2541666671875 0.3625 0.25833333281250004 0.36953125 0.25555555625 0.371875 0.24583333281250003 0.3703125 0.15694444375
7 0.99921875 0.22638888906250001 0.99296875 0.2208333328125 0.98828125 0.23472222187499997 0.98828125 0.2541666671875 0.99921875 0.25555555625 0.99921875 0.22638888906250001
7 0.9703125 0.197222221875 0.92890625 0.16944444375 0.91953125 0.16944444375 0.91953125 0.1916666671875 0.92578125 0.20555555625 0.9296875 0.20694444375 0.93203125 0.22916666718749998 0.9703125 0.2416666671875 0.97421875 0.21805555625 0.97421875 0.20555555625 0.9703125 0.197222221875
7 0.9328125 0.12222222187500001 0.92578125 0.1263888890625 0.92578125 0.13055555624999998 0.946875 0.14305555625 0.95625 0.15555555625 0.975 0.16388888906250001 0.978125 0.1611111109375 0.978125 0.147222221875 0.96015625 0.13333333281249998 0.9328125 0.12222222187500001
7 0.8671875 0.13055555624999998 0.85625 0.127777778125 0.85078125 0.1208333328125 0.83984375 0.12222222187500001 0.8375 0.1361111109375 0.83984375 0.15 0.84375 0.15277777812499999 0.853125 0.15555555625 0.859375 0.1513888890625 0.88203125 0.15 0.88203125 0.14444444375 0.8671875 0.13055555624999998
7 0.87265625 0.07083333281250001 0.85703125 0.0736111109375 0.85625 0.08055555625000001 0.875 0.1041666671875 0.8890625 0.11388888906250001 0.8953125 0.1111111109375 0.89453125 0.10138888906250001 0.89765625 0.09305555625 0.89609375 0.08055555625000001 0.87265625 0.07083333281250001
4 0.6953125 0.28055555625 0.69453125 0.2916666671875 0.69921875 0.29305555625 0.70234375 0.2833333328125 0.696875 0.25555555625 0.69921875 0.23194444375 0.696875 0.197222221875 0.690625 0.1888888890625 0.6859375 0.190277778125 0.68671875 0.20833333281250002 0.68046875 0.25555555625 0.68046875 0.28055555625 0.6765625 0.28472222187499996 0.67734375 0.2888888890625 0.6859375 0.290277778125 0.68828125 0.26944444375 0.6953125 0.28055555625