2 0.41944444374999995 0.975 0.4625 0.975 0.46805555625000006 0.97109375 0.46805555625000006 0.96328125 0.4625 0.959375 0.427777778125 0.9625 0.41805555625 0.9671875 0.41944444374999995 0.975
1 0.10138888906250001 0.6234375 0.109722221875 0.63125 0.140277778125 0.628125 0.24722222187499998 0.62734375 0.259722221875 0.63125 0.259722221875 0.640625 0.26527777812500003 0.6421875 0.272222221875 0.63125 0.28611111093749997 0.625 0.2833333328125 0.6140625 0.290277778125 0.60546875 0.27777777812500004 0.60625 0.26527777812500003 0.61328125 0.115277778125 0.6140625 0.1041666671875 0.61796875 0.10138888906250001 0.6234375
1 0.0861111109375 0.55703125 0.215277778125 0.5578125 0.22638888906250001 0.5625 0.22638888906250001 0.56953125 0.23055555625 0.5703125 0.2388888890625 0.5671875 0.24305555625 0.56171875 0.2513888890625 0.53984375 0.23611111093749998 0.5421875 0.23611111093749998 0.5390625 0.23194444375 0.54375 0.2166666671875 0.546875 0.20277777812500003 0.54765625 0.16944444375 0.54375 0.1458333328125 0.54609375 0.084722221875 0.5453125 0.0861111109375 0.55703125
6 0.23055555625 0.2640625 0.275 0.26484375 0.2791666671875 0.25 0.275 0.2375 0.23472222187499997 0.2359375 0.21805555625 0.23828125 0.21111111093749999 0.2421875 0.197222221875 0.24453125 0.1875 0.265625 0.1583333328125 0.26953125 0.15 0.29296875 0.15 0.30859375 0.165277778125 0.31953125 0.1666666671875 0.3296875 0.172222221875 0.33515625 0.16805555625 0.3390625 0.1763888890625 0.34375 0.21111111093749999 0.34453125 0.2416666671875 0.33671875 0.240277778125 0.315625 0.24722222187499998 0.30234375 0.272222221875 0.29765625 0.28055555625 0.29375 0.2833333328125 0.2875 0.27638888906250003 0.2828125 0.2513888890625 0.278125 0.2208333328125 0.27734375 0.21111111093749999 0.2796875 0.20138888906250002 0.27578125 0.2 0.27109375 0.23055555625 0.2640625
6 0.15972222187500001 0.4015625 0.1611111109375 0.425 0.17361111093749998 0.4296875 0.19444444375 0.4328125 0.21805555625 0.4328125 0.22638888906250001 0.43046875 0.23333333281250002 0.42421875 0.2416666671875 0.42265625 0.24583333281250003 0.4140625 0.25694444375000003 0.4046875 0.25833333281250004 0.34921875 0.2513888890625 0.34296875 0.23472222187499997 0.34296875 0.22916666718749998 0.3453125 0.21944444375 0.36484375 0.1916666671875 0.36328125 0.17361111093749998 0.39375 0.15972222187500001 0.4015625
7 0.1458333328125 0.1171875 0.13055555624999998 0.134375 0.13055555624999998 0.14296875 0.1208333328125 0.1515625 0.12222222187500001 0.16328125 0.13055555624999998 0.1640625 0.1513888890625 0.15546875 0.1541666671875 0.1078125 0.147222221875 0.11015625 0.1458333328125 0.1171875
7 0.08333333281250001 0.0375 0.084722221875 0.04375 0.072222221875 0.06171875 0.072222221875 0.07578125 0.077777778125 0.08671875 0.0861111109375 0.09296875 0.1208333328125 0.09375 0.1291666671875 0.0796875 0.1208333328125 0.06953125 0.1208333328125 0.05078125 0.115277778125 0.04609375 0.10833333281249999 0.04609375 0.097222221875 0.04140625 0.102777778125 0.03828125 0.11805555625 0.03828125 0.1166666671875 0.0328125 0.1041666671875 0.02578125 0.097222221875 0.0265625 0.0958333328125 0.03125 0.08333333281250001 0.0375
7 0.0916666671875 0.1015625 0.08055555625000001 0.103125 0.07083333281250001 0.13046875 0.07083333281250001 0.1375 0.077777778125 0.14296875 0.08194444375 0.14296875 0.102777778125 0.125 0.11388888906250001 0.1109375 0.11388888906250001 0.1046875 0.0916666671875 0.1015625
7 0.2 0.08046875 0.18194444375000002 0.08359375 0.17361111093749998 0.0890625 0.15555555625 0.11875 0.15694444375 0.18203125 0.19444444375 0.184375 0.215277778125 0.1828125 0.22638888906250001 0.178125 0.22916666718749998 0.16796875 0.21805555625 0.1625 0.21805555625 0.15390625 0.240277778125 0.146875 0.25833333281250004 0.121875 0.28055555625 0.1140625 0.27638888906250003 0.1015625 0.27777777812500004 0.0765625 0.2666666671875 0.06953125 0.23333333281250002 0.06953125 0.2 0.08046875
7 0.21944444375 0.00703125 0.240277778125 0.0125 0.27777777812500004 0.01171875 0.2791666671875 0.00078125 0.21944444375 0.00078125 0.21944444375 0.00703125
7 0.190277778125 0.040625 0.16944444375 0.07109375 0.16805555625 0.078125 0.175 0.08125 0.1888888890625 0.08203125 0.20138888906250002 0.07578125 0.2125 0.075 0.2388888890625 0.06640625 0.240277778125 0.04609375 0.23611111093749998 0.0453125 0.240277778125 0.03046875 0.23333333281250002 0.0296875 0.22916666718749998 0.025 0.2166666671875 0.021875 0.20277777812500003 0.025 0.197222221875 0.0328125 0.2 0.03515625 0.190277778125 0.040625
7 0.14305555625 0.02421875 0.12222222187500001 0.06484375 0.125 0.075 0.13194444375 0.075 0.14305555625 0.06484375 0.14444444375 0.04609375 0.1611111109375 0.01953125 0.15 0.0203125 0.14305555625 0.02421875
7 0.11805555625 0.2140625 0.1291666671875 0.2140625 0.1375 0.21953125 0.1513888890625 0.2140625 0.1541666671875 0.21015625 0.147222221875 0.20625 0.115277778125 0.20703125 0.10833333281249999 0.203125 0.097222221875 0.20234375 0.09305555625 0.20703125 0.09444444375 0.2125 0.1111111109375 0.20859375 0.11805555625 0.2140625
7 0.090277778125 0.2296875 0.08055555625000001 0.2328125 0.07638888906249999 0.25078125 0.1166666671875 0.2515625 0.15555555625 0.25546875 0.1611111109375 0.2515625 0.15972222187500001 0.2375 0.1541666671875 0.23125 0.090277778125 0.2296875
7 0.04444444375 0.3171875 0.0458333328125 0.32265625 0.0513888890625 0.3234375 0.0916666671875 0.325 0.1041666671875 0.31953125 0.10833333281249999 0.3125 0.11944444375 0.30859375 0.1291666671875 0.30859375 0.14305555625 0.29375 0.1458333328125 0.2828125 0.15555555625 0.27421875 0.1583333328125 0.26484375 0.15277777812499999 0.2625 0.06944444375 0.2609375 0.058333332812500006 0.2765625 0.054166667187499996 0.2984375 0.04444444375 0.3171875
4 0.24444444375000002 0.15078125 0.24444444375000002 0.1546875 0.25555555625 0.16328125 0.275 0.1609375 0.309722221875 0.16171875 0.3291666671875 0.1640625 0.34722222187499996 0.17109375 0.3513888890625 0.16640625 0.3333333328125 0.1578125 0.3416666671875 0.15546875 0.3513888890625 0.15625 0.3513888890625 0.1515625 0.309722221875 0.1515625 0.2916666671875 0.146875 0.26805555625 0.1453125 0.25833333281250004 0.15 0.24444444375000002 0.15078125
4 0.7291666671875 0.66875 0.7333333328125 0.66328125 0.715277778125 0.65078125 0.6666666671875 0.66640625 0.6458333328125 0.66328125 0.63055555625 0.65703125 0.60555555625 0.659375 0.5861111109375 0.6640625 0.5736111109375 0.67578125 0.5583333328125 0.67734375 0.5458333328125 0.6828125 0.5458333328125 0.68671875 0.5555555562500001 0.69296875 0.5791666671875 0.69375 0.60694444375 0.70625 0.6291666671875 0.7109375 0.6541666671875 0.7125 0.652777778125 0.70859375 0.6180555562500001 0.69375 0.625 0.690625 0.64444444375 0.68984375 0.6625 0.68359375 0.6791666671875001 0.6828125 0.7208333328125 0.6875 0.75555555625 0.69453125 0.765277778125 0.68984375 0.7513888890625 0.68203125 0.70694444375 0.67265625 0.7083333328125 0.66953125 0.7291666671875 0.66875
4 0.2513888890625 0.27734375 0.2611111109375 0.28125 0.30555555624999997 0.2875 0.30694444375 0.27890625 0.29305555625 0.27734375 0.290277778125 0.2734375 0.3138888890625 0.2625 0.30416666718749996 0.26015625 0.2888888890625 0.26484375 0.222222221875 0.265625 0.2 0.27109375 0.2 0.275 0.20833333281250002 0.278125 0.2513888890625 0.27734375
4 0.20833333281250002 0.04296875 0.21805555625 0.0453125 0.26805555625 0.04375 0.26805555625 0.0359375 0.25833333281250004 0.03203125 0.215277778125 0.03046875 0.197222221875 0.0375 0.20833333281250002 0.04296875
4 0.23472222187499997 0.46875 0.20277777812500003 0.4796875 0.20416666718749998 0.48515625 0.21805555625 0.4859375 0.23194444375 0.4921875 0.24305555625 0.49296875 0.252777778125 0.48828125 0.28472222187499996 0.4875 0.302777778125 0.49296875 0.3111111109375 0.49296875 0.3138888890625 0.48828125 0.3013888890625 0.48515625 0.30555555624999997 0.48125 0.322222221875 0.48125 0.3263888890625 0.475 0.322222221875 0.4734375 0.272222221875 0.4765625 0.25555555625 0.46875 0.23472222187499997 0.46875
4 0.2791666671875 0.4515625 0.29444444375 0.44765625 0.30555555624999997 0.44921875 0.3083333328125 0.44375 0.30416666718749996 0.43984375 0.27638888906250003 0.43984375 0.22777777812500002 0.4328125 0.2125 0.434375 0.19583333281249998 0.44296875 0.20277777812500003 0.44765625 0.20972222187499998 0.4453125 0.2208333328125 0.45 0.23055555625 0.45078125 0.2791666671875 0.4515625