7 0.87421875 0.1541666671875 0.88515625 0.1513888890625 0.884375 0.1458333328125 0.87265625 0.134722221875 0.83828125 0.1208333328125 0.84375 0.15 0.87421875 0.1541666671875
7 0.9734375 0.10694444375 0.9734375 0.097222221875 0.9625 0.08333333281250001 0.95859375 0.08333333281250001 0.9609375 0.0916666671875 0.95859375 0.1111111109375 0.96171875 0.11805555625 0.96640625 0.11805555625 0.9734375 0.10694444375
7 0.95390625 0.08194444375 0.940625 0.072222221875 0.921875 0.072222221875 0.91015625 0.08055555625000001 0.90703125 0.09444444375 0.90625 0.1208333328125 0.9125 0.1263888890625 0.9453125 0.1263888890625 0.9515625 0.11388888906250001 0.95390625 0.08194444375
7 0.89765625 0.115277778125 0.89765625 0.08055555625000001 0.875 0.072222221875 0.86328125 0.072222221875 0.8578125 0.077777778125 0.85703125 0.08055555625000001 0.8640625 0.0916666671875 0.875 0.1041666671875 0.88828125 0.11388888906250001 0.89765625 0.115277778125
7 0.8484375 0.159375 0.0015625 0.0015625
7 0.88203125 0.15555555625 0.85546875 0.15555555625 0.8515625 0.16944444375 0.84453125 0.16805555625 0.84140625 0.15694444375 0.8203125 0.1583333328125 0.8171875 0.1625 0.815625 0.19444444375 0.81953125 0.21944444375 0.846875 0.21944444375 0.85078125 0.23611111093749998 0.878125 0.25833333281250004 0.88203125 0.275 0.8859375 0.2791666671875 0.8953125 0.275 0.91953125 0.27638888906250003 0.925 0.275 0.9296875 0.26805555625 0.93046875 0.23055555625 0.91171875 0.17361111093749998 0.88203125 0.15555555625
7 0.10625 0.5555555562500001 0.10703125 0.5930555562500001 0.1109375 0.6041666671875 0.11796875 0.6152777781250001 0.12734375 0.6208333328125 0.140625 0.6180555562500001 0.14140625 0.5861111109375 0.1375 0.575 0.13046875 0.51805555625 0.12578125 0.5138888890625 0.125 0.502777778125 0.11953125 0.5013888890625 0.11953125 0.490277778125 0.115625 0.4875 0.11796875 0.477777778125 0.11328125 0.47222222187499996 0.1171875 0.44444444375 0.11171875 0.440277778125 0.09375 0.4388888890625 0.084375 0.45416666718750004 0.0703125 0.46388888906250003 0.06796875 0.45694444375 0.06796875 0.44166666718750003 0.0625 0.44166666718750003 0.0640625 0.5013888890625 0.0578125 0.5236111109375 0.0578125 0.540277778125 0.06171875 0.5555555562500001 0.06015625 0.5736111109375 0.065625 0.5861111109375 0.06328125 0.590277778125 0.06640625 0.6 0.0640625 0.6125 0.0671875 0.6166666671875001 0.06875 0.5611111109375 0.07578125 0.5541666671875001 0.09921875 0.55 0.10625 0.5555555562500001
7 0.16015625 0.45555555625000005 0.1640625 0.4986111109375 0.16640625 0.502777778125 0.1609375 0.5361111109375 0.16171875 0.5625 0.16484375 0.5763888890625 0.18984375 0.56805555625 0.2125 0.56805555625 0.21875 0.5555555562500001 0.23046875 0.5555555562500001 0.23671875 0.5625 0.27734375 0.565277778125 0.2984375 0.5930555562500001 0.31796875 0.5930555562500001 0.32421875 0.5888888890625 0.33125 0.5763888890625 0.3328125 0.565277778125 0.34375 0.55 0.34375 0.5416666671875 0.3609375 0.502777778125 0.3640625 0.46805555625000006 0.3609375 0.44305555625000004 0.35625 0.43194444374999996 0.3421875 0.41111111093749997 0.31796875 0.3916666671875 0.30390625 0.372222221875 0.2953125 0.36666666718749996 0.290625 0.35694444375 0.28359375 0.3541666671875 0.27421875 0.3333333328125 0.26015625 0.32777777812500003 0.2546875 0.315277778125 0.246875 0.32777777812500003 0.23125 0.33194444375 0.225 0.352777778125 0.21875 0.35555555625 0.1953125 0.3375 0.18671875 0.3166666671875 0.1421875 0.2888888890625 0.1375 0.2888888890625 0.1375 0.3125 0.14140625 0.322222221875 0.14296875 0.3416666671875 0.14765625 0.34444444375 0.14765625 0.35 0.15546875 0.35972222187499997 0.1625 0.377777778125 0.17421875 0.39027777812500003 0.17421875 0.40694444374999994 0.16640625 0.42083333281249996 0.1671875 0.427777778125 0.1625 0.43194444374999996 0.16015625 0.45555555625000005
7 0.10625 0.3263888890625 0.11171875 0.322222221875 0.109375 0.28055555625 0.10625 0.26527777812500003 0.10234375 0.259722221875 0.0890625 0.2541666671875 0.05 0.2236111109375 0.04140625 0.2236111109375 0.01875 0.2125 0.01171875 0.21805555625 0 0.21944444375 0.00390625 0.2208333328125 0.003125 0.23194444375 0.00703125 0.2388888890625 0.02265625 0.24583333281250003 0.03515625 0.2666666671875 0.046875 0.26944444375 0.05390625 0.28055555625 0.06171875 0.28055555625 0.0859375 0.29444444375 0.0953125 0.302777778125 0.1015625 0.322222221875 0.10625 0.3263888890625
7 0.4625 0.11805555625 0.45859375 0.11805555625 0.46015625 0.12222222187500001 0.465625 0.115277778125 0.46015625 0.10694444375 0.45859375 0.10833333281249999 0.4625 0.11805555625
7 0.3640625 0.04444444375 0.3546875 0.055555556250000006 0.3484375 0.0513888890625 0.33359375 0.052777778124999994 0.3296875 0.04305555625 0.2921875 0.047222221875 0.2828125 0.055555556250000006 0.28125 0.0791666671875 0.2765625 0.09305555625 0.275 0.15555555625 0.28203125 0.17916666718750002 0.29296875 0.177777778125 0.2953125 0.17361111093749998 0.30546875 0.19305555624999998 0.3234375 0.19305555624999998 0.3328125 0.1666666671875 0.36015625 0.16805555625 0.36875 0.1541666671875 0.3703125 0.1111111109375 0.38125 0.0986111109375 0.37890625 0.0736111109375 0.3796875 0.0388888890625 0.3640625 0.04444444375
7 0.45390625 0.08333333281250001 0.45625 0.0916666671875 0.46640625 0.09305555625 0.46953125 0.08333333281250001 0.475 0.077777778125 0.47421875 0.040277778125000004 0.4703125 0.01805555625 0.46328125 0.006944443749999999 0.4296875 0.00555555625 0.41640625 0.013888889062500001 0.3953125 0.019444443750000002 0.38828125 0.030555556249999997 0.38984375 0.07638888906249999 0.38671875 0.11388888906250001 0.39375 0.13194444375 0.3953125 0.15972222187500001 0.40546875 0.177777778125 0.41796875 0.18055555625 0.42734375 0.1763888890625 0.43203125 0.1611111109375 0.43828125 0.15277777812499999 0.43984375 0.1375 0.4375 0.11805555625 0.44375 0.08333333281250001 0.45 0.08055555625000001 0.45390625 0.08333333281250001
7 0.99921875 0.2208333328125 0.99296875 0.21805555625 0.98828125 0.23333333281250002 0.9875 0.25555555625 0.98984375 0.2666666671875 0.9953125 0.2666666671875 0.99609375 0.25833333281250004 0.99921875 0.25555555625 0.99921875 0.2208333328125
7 0.965625 0.19305555624999998 0.9578125 0.1916666671875 0.9265625 0.16944444375 0.91875 0.1708333328125 0.91875 0.1861111109375 0.9234375 0.19583333281249998 0.93203125 0.23055555625 0.9375 0.23194444375 0.93828125 0.225 0.9421875 0.2208333328125 0.95078125 0.2208333328125 0.9609375 0.23055555625 0.96328125 0.2416666671875 0.96796875 0.24583333281250003 0.971875 0.24305555625 0.975 0.21805555625 0.9734375 0.20138888906250002 0.965625 0.19305555624999998
7 0.925 0.1263888890625 0.9265625 0.140277778125 0.96953125 0.16805555625 0.9796875 0.16805555625 0.9796875 0.15555555625 0.97265625 0.14305555625 0.94609375 0.1263888890625 0.925 0.1263888890625
7 0.79296875 0.140277778125 0.79296875 0.1291666671875 0.7890625 0.127777778125 0.7875 0.13888888906250002 0.79296875 0.140277778125
7 0.796875 0.10555555624999999 0.796875 0.097222221875 0.78828125 0.0958333328125 0.7890625 0.10555555624999999 0.796875 0.10555555624999999
7 0.7671875 0.15555555625 0.77265625 0.0861111109375 0.76796875 0.08055555625000001 0.7484375 0.075 0.74609375 0.10555555624999999 0.74765625 0.1291666671875 0.7453125 0.15555555625 0.7484375 0.15972222187500001 0.76171875 0.15972222187500001 0.7671875 0.15555555625
7 0.68046875 0.047222221875 0.6765625 0.05694444375 0.67734375 0.10138888906250001 0.6953125 0.1111111109375 0.69921875 0.11944444375 0.70078125 0.1375 0.71015625 0.14444444375 0.7140625 0.15277777812499999 0.7265625 0.15972222187500001 0.73359375 0.15972222187500001 0.73671875 0.15555555625 0.7375 0.1125 0.74140625 0.084722221875 0.7390625 0.06944444375 0.6859375 0.047222221875 0.68046875 0.047222221875
4 0.15703125 0.5263888890625 0.1609375 0.5319444437499999 0.16328125 0.5041666671875 0.1609375 0.4583333328125 0.16171875 0.377777778125 0.14921875 0.34722222187499996 0.153125 0.3416666671875 0.153125 0.33194444375 0.15 0.3236111109375 0.14453125 0.32083333281250004 0.13984375 0.32777777812500003 0.15078125 0.477777778125 0.15703125 0.5263888890625
4 0.15 0.25694444375000003 0.1375 0.2416666671875 0.13671875 0.28194444375 0.14453125 0.290277778125 0.153125 0.2916666671875 0.15 0.25694444375000003
4 0.69375 0.10694444375 0.68828125 0.10833333281249999 0.68515625 0.11944444375 0.6828125 0.16944444375 0.6875 0.1708333328125 0.6890625 0.1666666671875 0.6984375 0.172222221875 0.69765625 0.1111111109375 0.69375 0.10694444375
4 0.20546875 0.2375 0.21171875 0.26805555625 0.20625 0.28055555625 0.20625 0.2916666671875 0.209375 0.29722222187499997 0.2125 0.28472222187499996 0.21640625 0.2833333328125 0.21875 0.29444444375 0.2234375 0.2958333328125 0.22265625 0.20833333281250002 0.209375 0.197222221875 0.20546875 0.20555555625 0.20546875 0.2375