2 0.58194444375 0.03359375 0.58194444375 0.02578125 0.577777778125 0.02421875 0.5694444437499999 0.02265625 0.5416666671875 0.025 0.5319444437499999 0.0296875 0.5319444437499999 0.03671875 0.575 0.03671875 0.58194444375 0.03359375
1 0.79305555625 0.38671875 0.8055555562500001 0.38984375 0.8194444437499999 0.3859375 0.827777778125 0.38984375 0.85555555625 0.38984375 0.8736111109375001 0.384375 0.8916666671875 0.384375 0.897222221875 0.38046875 0.89444444375 0.3703125 0.7458333328125 0.371875 0.7388888890625 0.3671875 0.7402777781250001 0.359375 0.734722221875 0.359375 0.7291666671875 0.3671875 0.7138888890625 0.375 0.7111111109375 0.3796875 0.7166666671875 0.3828125 0.7166666671875 0.38671875 0.7111111109375 0.39453125 0.7180555562500001 0.39453125 0.7333333328125 0.3875 0.7569444437499999 0.38515625 0.79305555625 0.38671875
1 0.834722221875 0.45625 0.8611111109375 0.45390625 0.9069444437499999 0.4546875 0.91944444375 0.44921875 0.9138888890624999 0.44296875 0.9069444437499999 0.4421875 0.85 0.4421875 0.8430555562500001 0.43984375 0.7861111109375 0.4421875 0.7736111109375 0.43671875 0.7736111109375 0.43046875 0.76944444375 0.4296875 0.7611111109375 0.4328125 0.7569444437499999 0.4390625 0.7486111109375 0.4671875 0.7569444437499999 0.46875 0.765277778125 0.45625 0.7833333328125 0.45234375 0.825 0.45390625 0.834722221875 0.45625
6 0.815277778125 0.62890625 0.8236111109375001 0.60703125 0.8361111109375001 0.6 0.8388888890624999 0.59453125 0.8361111109375001 0.57578125 0.8194444437499999 0.56875 0.8041666671875 0.56640625 0.7736111109375 0.56875 0.7583333328124999 0.5765625 0.752777778125 0.58828125 0.7416666671875001 0.5953125 0.7402777781250001 0.64375 0.7416666671875001 0.653125 0.7486111109375 0.65703125 0.76944444375 0.65546875 0.777777778125 0.63671875 0.784722221875 0.6328125 0.79305555625 0.63671875 0.80694444375 0.63671875 0.815277778125 0.62890625
6 0.8125 0.73515625 0.8416666671874999 0.73046875 0.8486111109375001 0.7125 0.85 0.690625 0.8361111109375001 0.68125 0.83194444375 0.6609375 0.8236111109375001 0.65625 0.79305555625 0.6546875 0.7611111109375 0.6625 0.7638888890625 0.68046875 0.752777778125 0.6984375 0.725 0.70234375 0.7180555562500001 0.70703125 0.7166666671875 0.72109375 0.7291666671875 0.72890625 0.722222221875 0.7375 0.7263888890625 0.7625 0.7611111109375 0.7640625 0.7833333328125 0.76171875 0.8027777781250001 0.75390625 0.8125 0.73515625
7 0.8486111109375001 0.84453125 0.8486111109375001 0.8921875 0.8652777781250001 0.8734375 0.8791666671874999 0.84921875 0.8763888890624999 0.8375 0.8708333328125001 0.83671875 0.8486111109375001 0.84453125
7 0.9041666671874999 0.96953125 0.9166666671874999 0.9625 0.8819444437499999 0.96171875 0.8819444437499999 0.9640625 0.890277778125 0.96875 0.9041666671874999 0.96953125
7 0.8791666671874999 0.92578125 0.88055555625 0.94921875 0.9069444437499999 0.95546875 0.91805555625 0.95390625 0.9291666671875 0.93125 0.922222221875 0.9125 0.9138888890624999 0.90703125 0.88055555625 0.90625 0.8736111109375001 0.91796875 0.8736111109375001 0.9234375 0.8791666671874999 0.92578125
7 0.9236111109375 0.8578125 0.91944444375 0.85625 0.897222221875 0.875 0.8861111109375001 0.8890625 0.8861111109375001 0.8953125 0.91944444375 0.896875 0.9291666671875 0.86796875 0.9236111109375 0.8578125
7 0.722222221875 0.9234375 0.7333333328125 0.93046875 0.76805555625 0.93046875 0.7736111109375 0.9265625 0.8166666671874999 0.91640625 0.8263888890625 0.9109375 0.8444444437499999 0.88046875 0.8444444437499999 0.81875 0.840277778125 0.8171875 0.8263888890625 0.8140625 0.809722221875 0.8140625 0.8027777781250001 0.8171875 0.7888888890625 0.81640625 0.7736111109375 0.8203125 0.772222221875 0.83125 0.7819444437499999 0.8375 0.7819444437499999 0.84765625 0.7638888890625 0.85078125 0.7416666671875001 0.878125 0.725 0.88125 0.7194444437499999 0.88671875 0.7236111109375 0.8953125 0.722222221875 0.9234375
7 0.9472222218749999 0.34140625 0.94305555625 0.3375 0.95694444375 0.32890625 0.952777778125 0.2859375 0.9305555562500001 0.275 0.8458333328125001 0.27421875 0.83194444375 0.28125 0.827777778125 0.29765625 0.80694444375 0.31015625 0.80694444375 0.32265625 0.827777778125 0.33515625 0.8263888890625 0.35546875 0.83194444375 0.36875 0.89305555625 0.36875 0.9041666671874999 0.3796875 0.9611111109375001 0.3796875 0.95555555625 0.36484375 0.9444444437499999 0.35546875 0.9472222218749999 0.34140625
7 0.915277778125 0.45390625 0.9055555562500001 0.4578125 0.872222221875 0.45546875 0.8194444437499999 0.45625 0.8222222218749999 0.46171875 0.8333333328125001 0.46875 0.85 0.47421875 0.877777778125 0.478125 0.91805555625 0.4765625 0.9361111109375001 0.4796875 0.9861111109375 0.47890625 0.9930555562500001 0.46328125 0.9930555562500001 0.42734375 0.9791666671874999 0.39453125 0.9680555562500001 0.3890625 0.8833333328125 0.38828125 0.8652777781250001 0.39375 0.8444444437499999 0.39375 0.8388888890624999 0.3984375 0.8208333328125 0.403125 0.8166666671874999 0.40859375 0.8166666671874999 0.42109375 0.8222222218749999 0.42890625 0.83055555625 0.43125 0.834722221875 0.43671875 0.8791666671874999 0.4421875 0.8916666671875 0.43984375 0.91944444375 0.4453125 0.915277778125 0.45390625
7 0.727777778125 0.99453125 0.73194444375 0.99921875 0.7805555562500001 0.99921875 0.7819444437499999 0.99296875 0.765277778125 0.98828125 0.73194444375 0.9875 0.727777778125 0.99453125
7 0.8041666671875 0.92265625 0.784722221875 0.925 0.7611111109375 0.93515625 0.7611111109375 0.9609375 0.7541666671875 0.96875 0.7583333328124999 0.971875 0.790277778125 0.975 0.8027777781250001 0.96953125 0.83055555625 0.92890625 0.83194444375 0.921875 0.8263888890625 0.91875 0.8138888890624999 0.91796875 0.8041666671875 0.92265625
7 0.8541666671874999 0.95546875 0.8458333328125001 0.9640625 0.840277778125 0.98046875 0.847222221875 0.98046875 0.85694444375 0.97578125 0.875 0.94375 0.877777778125 0.92578125 0.86944444375 0.925 0.86944444375 0.92890625 0.85694444375 0.9390625 0.8541666671874999 0.95546875
7 0.902777778125 0.79765625 0.9069444437499999 0.790625 0.9041666671874999 0.7875 0.890277778125 0.7921875 0.8833333328125 0.790625 0.8847222218749999 0.78828125 0.8791666671874999 0.7859375 0.8708333328125001 0.7859375 0.8652777781250001 0.78125 0.859722221875 0.78125 0.8486111109375001 0.78671875 0.8486111109375001 0.7921875 0.872222221875 0.79375 0.8791666671874999 0.79296875 0.8819444437499999 0.78984375 0.89305555625 0.796875 0.902777778125 0.79765625
7 0.8611111109375 0.7703125 0.8680555562500001 0.76875 0.9111111109375001 0.77109375 0.91944444375 0.7671875 0.925 0.753125 0.9236111109375 0.74921875 0.9138888890624999 0.7484375 0.8416666671874999 0.7453125 0.8416666671874999 0.7640625 0.847222221875 0.76875 0.8611111109375 0.7703125
7 0.9513888890625 0.6765625 0.9083333328125001 0.675 0.8958333328125001 0.68046875 0.8916666671875 0.6875 0.8708333328125001 0.6890625 0.8583333328125 0.70234375 0.8541666671874999 0.71953125 0.8444444437499999 0.7265625 0.8430555562500001 0.73671875 0.9305555562500001 0.7390625 0.9416666671874999 0.72265625 0.9486111109375001 0.6953125 0.952777778125 0.6921875 0.95555555625 0.67890625 0.9513888890625 0.6765625
4 0.9708333328125001 0.1296875 0.972222221875 0.12421875 0.89444444375 0.12578125 0.89444444375 0.13046875 0.9611111109375001 0.13203125 0.9708333328125001 0.1296875