2 0.0140625 0.47083333281249995 0.01875 0.477777778125 0.025 0.477777778125 0.0328125 0.46805555625000006 0.0296875 0.44444444375 0.02265625 0.425 0.01328125 0.43194444374999996 0.0140625 0.47083333281249995
1 0.3828125 0.28055555625 0.4 0.2888888890625 0.40078125 0.27777777812500004 0.39140625 0.26805555625 0.384375 0.2513888890625 0.384375 0.15555555625 0.38203125 0.1263888890625 0.384375 0.10138888906250001 0.37734375 0.1 0.36953125 0.10555555624999999 0.371875 0.1208333328125 0.3703125 0.25555555625 0.359375 0.25833333281250004 0.35703125 0.2666666671875 0.36640625 0.2708333328125 0.37578125 0.2888888890625 0.3796875 0.2888888890625 0.3828125 0.28055555625
6 0.78046875 0.22777777812500002 0.77890625 0.275 0.78203125 0.27638888906250003 0.7859375 0.26944444375 0.7875 0.25833333281250004 0.78828125 0.23611111093749998 0.7859375 0.21805555625 0.78125 0.21805555625 0.78046875 0.22777777812500002
6 0.7828125 0.21328125 0.00234375 0.0015625
6 0.7109375 0.2388888890625 0.7171875 0.21805555625 0.72421875 0.21805555625 0.72890625 0.23333333281250002 0.73125 0.2666666671875 0.7375 0.27638888906250003 0.74375 0.27777777812500004 0.75 0.26527777812500003 0.75 0.24444444375000002 0.75390625 0.240277778125 0.7640625 0.2416666671875 0.76640625 0.23055555625 0.76875 0.18055555625 0.76328125 0.1763888890625 0.76015625 0.16805555625 0.75703125 0.11805555625 0.75 0.10555555624999999 0.72734375 0.0958333328125 0.71015625 0.0958333328125 0.70234375 0.1041666671875 0.69921875 0.1416666671875 0.68828125 0.15555555625 0.68359375 0.16944444375 0.6875 0.17916666718750002 0.6890625 0.22638888906250001 0.69453125 0.2388888890625 0.70703125 0.2416666671875 0.7109375 0.2388888890625
7 0.98828125 0.25833333281250004 0.98203125 0.27638888906250003 0.97890625 0.33888888906250003 0.98125 0.3416666671875 0.99921875 0.3375 0.99921875 0.31805555625 0.996875 0.3138888890625 0.99921875 0.309722221875 0.99921875 0.26805555625 0.98828125 0.25833333281250004
7 0.96640625 0.30694444375 0.96953125 0.24583333281250003 0.9421875 0.23194444375 0.93046875 0.23194444375 0.91796875 0.24583333281250003 0.9078125 0.28611111093749997 0.90703125 0.2958333328125 0.915625 0.3083333328125 0.9203125 0.322222221875 0.925 0.32777777812500003 0.9421875 0.33055555625 0.95 0.3513888890625 0.95703125 0.35555555625 0.96640625 0.30694444375
7 0.9671875 0.13194444375 0.975 0.10555555624999999 0.975 0.097222221875 0.9625 0.0861111109375 0.9609375 0.0986111109375 0.9609375 0.13055555624999998 0.9671875 0.13194444375
7 0.95390625 0.1041666671875 0.95390625 0.0888888890625 0.95078125 0.08055555625000001 0.934375 0.07083333281250001 0.90703125 0.08055555625000001 0.90546875 0.0888888890625 0.9015625 0.09305555625 0.90078125 0.097222221875 0.90546875 0.10138888906250001 0.90625 0.11944444375 0.925 0.1291666671875 0.92890625 0.1291666671875 0.93125 0.12222222187500001 0.94921875 0.1208333328125 0.95390625 0.1041666671875
7 0.88515625 0.2791666671875 0.90625 0.27638888906250003 0.91171875 0.2638888890625 0.91328125 0.25 0.9265625 0.23055555625 0.915625 0.18194444375000002 0.90625 0.16944444375 0.890625 0.1583333328125 0.86171875 0.1541666671875 0.85546875 0.15555555625 0.85078125 0.1666666671875 0.8484375 0.15972222187500001 0.8390625 0.15555555625 0.8171875 0.1583333328125 0.81640625 0.18055555625 0.83046875 0.197222221875 0.8375 0.2138888890625 0.84921875 0.2166666671875 0.8546875 0.2416666671875 0.878125 0.25833333281250004 0.88125 0.275 0.88515625 0.2791666671875
7 0.50703125 0.20555555625 0.5046875 0.20555555625 0.5046875 0.26805555625 0.50625 0.27638888906250003 0.509375 0.27777777812500004 0.5171875 0.2666666671875 0.51796875 0.25 0.5125 0.21805555625 0.50703125 0.20555555625
7 0.3875 0.2541666671875 0.4359375 0.275 0.4390625 0.2916666671875 0.44921875 0.30555555624999997 0.45703125 0.30555555624999997 0.46640625 0.2916666671875 0.4765625 0.2916666671875 0.4796875 0.26527777812500003 0.4796875 0.15277777812499999 0.47890625 0.1458333328125 0.46015625 0.1111111109375 0.45390625 0.10555555624999999 0.42890625 0.10138888906250001 0.425 0.097222221875 0.3609375 0.0861111109375 0.3375 0.0958333328125 0.3328125 0.10555555624999999 0.33125 0.11944444375 0.33046875 0.2166666671875 0.3375 0.22638888906250001 0.353125 0.23333333281250002 0.35703125 0.2541666671875 0.36953125 0.25555555625 0.3734375 0.240277778125 0.38515625 0.23611111093749998 0.3875 0.2541666671875
7 0.99296875 0.25694444375000003 0.99921875 0.25555555625 0.99921875 0.22777777812500002 0.9921875 0.222222221875 0.98828125 0.23472222187499997 0.9875 0.252777778125 0.99296875 0.25694444375000003
7 0.97421875 0.20555555625 0.96953125 0.197222221875 0.928125 0.16944444375 0.91953125 0.16944444375 0.91875 0.1861111109375 0.92421875 0.20277777812500003 0.9296875 0.20694444375 0.93125 0.22777777812500002 0.9484375 0.23194444375 0.96796875 0.24305555625 0.971875 0.240277778125 0.97421875 0.20555555625
7 0.9765625 0.1458333328125 0.96015625 0.13333333281249998 0.94296875 0.125 0.93125 0.125 0.9296875 0.13055555624999998 0.92734375 0.125 0.9265625 0.13055555624999998 0.946875 0.14305555625 0.94921875 0.15 0.95625 0.15555555625 0.97578125 0.16388888906250001 0.97890625 0.1611111109375 0.97890625 0.15 0.9765625 0.1458333328125
7 0.84140625 0.1208333328125 0.83828125 0.127777778125 0.8390625 0.147222221875 0.84375 0.15277777812499999 0.88203125 0.15 0.88125 0.14305555625 0.87265625 0.134722221875 0.8578125 0.1291666671875 0.85078125 0.1208333328125 0.84140625 0.1208333328125
7 0.85703125 0.0736111109375 0.85625 0.08055555625000001 0.87578125 0.1041666671875 0.89375 0.11388888906250001 0.89609375 0.0958333328125 0.89609375 0.08055555625000001 0.89375 0.077777778125 0.875 0.07083333281250001 0.85703125 0.0736111109375
4 0 0.9277777781250001 0.00546875 0.9208333328125 0.0046875 0.8888888890625 0.0078125 0.8791666671874999 0.0078125 0.859722221875 0.00078125 0.8291666671875 0 0.8849208328125 0.00390625 0.8916666671875 0 0.8920638890625 0 0.89920694375 0.00390625 0.9 0 0.9063486109375001 0 0.9277777781250001
4 0.63125 0.15555555625 0.625 0.14444444375 0.62109375 0.14305555625 0.61796875 0.1541666671875 0.61328125 0.15972222187500001 0.61171875 0.1763888890625 0.62265625 0.1888888890625 0.62890625 0.20555555625 0.6359375 0.20694444375 0.63671875 0.1916666671875 0.634375 0.1875 0.634375 0.16805555625 0.63125 0.15555555625