2 0.42222222187499997 0.97578125 0.4625 0.975 0.46805555625000006 0.97109375 0.46805555625000006 0.96484375 0.46527777812500004 0.9625 0.42083333281249996 0.9640625 0.41805555625 0.97421875 0.42222222187499997 0.97578125
1 0.197222221875 0.61015625 0.14305555625 0.61015625 0.1263888890625 0.615625 0.10555555624999999 0.6171875 0.102777778125 0.62421875 0.10694444375 0.6296875 0.252777778125 0.628125 0.259722221875 0.63125 0.259722221875 0.640625 0.26527777812500003 0.640625 0.272222221875 0.63125 0.28611111093749997 0.625 0.2888888890625 0.6203125 0.2833333328125 0.61328125 0.2888888890625 0.60546875 0.27777777812500004 0.60625 0.2638888890625 0.61328125 0.24305555625 0.61484375 0.2236111109375 0.61484375 0.197222221875 0.61015625
1 0.09305555625 0.5453125 0.08055555625000001 0.55 0.090277778125 0.55703125 0.14444444375 0.5578125 0.15694444375 0.56015625 0.2138888890625 0.5578125 0.22638888906250001 0.56328125 0.22638888906250001 0.56953125 0.23055555625 0.5703125 0.2388888890625 0.5671875 0.25 0.5453125 0.2513888890625 0.53984375 0.2388888890625 0.5390625 0.24011752031250003 0.534224759375 0.22916666718749998 0.5453125 0.2166666671875 0.54765625 0.175 0.54609375 0.165277778125 0.54375 0.09305555625 0.5453125
6 0.197222221875 0.2453125 0.1875 0.26484375 0.1583333328125 0.26953125 0.1513888890625 0.28671875 0.15 0.30859375 0.1611111109375 0.31875 0.16805555625 0.33828125 0.17916666718750002 0.34375 0.20833333281250002 0.3453125 0.22916666718749998 0.3421875 0.240277778125 0.3375 0.2388888890625 0.315625 0.24722222187499998 0.3015625 0.26805555625 0.29921875 0.28194444375 0.29375 0.2833333328125 0.27890625 0.26944444375 0.2703125 0.27777777812500004 0.2625 0.27638888906250003 0.23828125 0.26527777812500003 0.2359375 0.215277778125 0.23828125 0.197222221875 0.2453125
6 0.184722221875 0.37421875 0.1763888890625 0.3921875 0.1611111109375 0.4015625 0.16388888906250001 0.42265625 0.18055555625 0.43125 0.197222221875 0.43359375 0.22777777812500002 0.43125 0.23055555625 0.42734375 0.240277778125 0.42421875 0.24583333281250003 0.4140625 0.25694444375000003 0.4046875 0.25833333281250004 0.35 0.2513888890625 0.34296875 0.23055555625 0.3453125 0.222222221875 0.3640625 0.215277778125 0.3671875 0.20416666718749998 0.36328125 0.19583333281249998 0.36328125 0.184722221875 0.37421875
7 0.13055555624999998 0.1328125 0.1208333328125 0.15234375 0.1208333328125 0.16328125 0.13055555624999998 0.16484375 0.1513888890625 0.15625 0.15 0.1375 0.15555555625 0.1203125 0.1513888890625 0.1078125 0.13055555624999998 0.1328125
7 0.10138888906250001 0.02578125 0.08333333281250001 0.0375 0.11805555625 0.03828125 0.11805555625 0.034375 0.10555555624999999 0.02578125 0.10138888906250001 0.02578125
7 0.1208333328125 0.07421875 0.11944444375 0.05078125 0.10138888906250001 0.0453125 0.08333333281250001 0.0453125 0.072222221875 0.06171875 0.072222221875 0.07734375 0.084722221875 0.09296875 0.11944444375 0.09375 0.1263888890625 0.08203125 0.1263888890625 0.07734375 0.1208333328125 0.07421875
7 0.0916666671875 0.1015625 0.08055555625000001 0.103125 0.07083333281250001 0.13046875 0.07083333281250001 0.1375 0.077777778125 0.1421875 0.0888888890625 0.1375 0.102777778125 0.125 0.11388888906250001 0.1109375 0.11388888906250001 0.1046875 0.0916666671875 0.1015625
7 0.27638888906250003 0.1046875 0.2791666671875 0.07890625 0.27777777812500004 0.075 0.2666666671875 0.06953125 0.23194444375 0.06953125 0.2236111109375 0.07421875 0.1833333328125 0.08359375 0.16805555625 0.0953125 0.15555555625 0.11953125 0.15555555625 0.14375 0.15972222187500001 0.146875 0.15555555625 0.1515625 0.15555555625 0.18046875 0.16805555625 0.184375 0.1875 0.1859375 0.19583333281249998 0.1828125 0.21111111093749999 0.18359375 0.222222221875 0.18125 0.22777777812500002 0.1765625 0.22916666718749998 0.1703125 0.2166666671875 0.1609375 0.2166666671875 0.15546875 0.2208333328125 0.1515625 0.23611111093749998 0.14921875 0.25833333281250004 0.121875 0.275 0.11875 0.28055555625 0.1140625 0.27638888906250003 0.1046875
7 0.04444444375 0.63515625 0.05694444375 0.64453125 0.05694444375 0.665625 0.04305555625 0.671875 0.047222221875 0.7140625 0.06944444375 0.725 0.16388888906250001 0.725 0.1611111109375 0.72109375 0.1708333328125 0.71484375 0.1708333328125 0.703125 0.19305555624999998 0.6890625 0.1916666671875 0.67578125 0.18194444375000002 0.67265625 0.172222221875 0.66484375 0.17361111093749998 0.65078125 0.16805555625 0.63125 0.10833333281249999 0.63125 0.1 0.61953125 0.0388888890625 0.62109375 0.04444444375 0.63515625
7 0.09305555625 0.54375 0.18055555625 0.54375 0.177777778125 0.5375 0.165277778125 0.52890625 0.125 0.521875 0.013888889062500001 0.521875 0.006944443749999999 0.53671875 0.006944443749999999 0.57265625 0.0208333328125 0.60546875 0.030555556249999997 0.6109375 0.115277778125 0.61171875 0.13194444375 0.60625 0.1541666671875 0.60625 0.17916666718750002 0.59609375 0.1833333328125 0.5890625 0.18194444375000002 0.57578125 0.17916666718750002 0.57109375 0.16944444375 0.56796875 0.16805555625 0.56328125 0.1458333328125 0.56015625 0.10694444375 0.56015625 0.08055555625000001 0.5546875 0.08333333281250001 0.546875 0.09305555625 0.54375
7 0.27777777812500004 0.00625 0.2708333328125 0.00078125 0.21944444375 0.00078125 0.21805555625 0.00703125 0.23611111093749998 0.01171875 0.26805555625 0.0125 0.27777777812500004 0.00625
7 0.16805555625 0.078125 0.17361111093749998 0.08125 0.1875 0.08203125 0.19583333281249998 0.07734375 0.2138888890625 0.075 0.23611111093749998 0.0671875 0.240277778125 0.05625 0.23472222187499997 0.046875 0.23611111093749998 0.0390625 0.24583333281250003 0.03125 0.24305555625 0.028125 0.2125 0.025 0.20555555625 0.02578125 0.197222221875 0.03125 0.16944444375 0.07109375 0.16805555625 0.078125
7 0.15555555625 0.0328125 0.15972222187500001 0.01953125 0.14305555625 0.0234375 0.125 0.05625 0.12222222187500001 0.07421875 0.13055555624999998 0.075 0.13333333281249998 0.06796875 0.14305555625 0.0625 0.1458333328125 0.04453125 0.15555555625 0.0328125
7 0.11805555625 0.20859375 0.097222221875 0.20234375 0.09444444375 0.2125 0.1111111109375 0.209375 0.140277778125 0.21875 0.15 0.2140625 0.1513888890625 0.2078125 0.127777778125 0.20625 0.11805555625 0.20859375
7 0.075 0.24609375 0.07638888906249999 0.25078125 0.0861111109375 0.2515625 0.1583333328125 0.2546875 0.15972222187500001 0.23828125 0.1513888890625 0.23125 0.090277778125 0.22890625 0.08194444375 0.23203125 0.075 0.24609375
7 0.10138888906250001 0.32265625 0.109722221875 0.3125 0.127777778125 0.3125 0.14305555625 0.29375 0.1458333328125 0.28046875 0.15555555625 0.2734375 0.15694444375 0.2640625 0.06944444375 0.2609375 0.047222221875 0.3078125 0.04444444375 0.32109375 0.0486111109375 0.3234375 0.0916666671875 0.325 0.10138888906250001 0.32265625