2 0.425 0.96328125 0.41805555625 0.9671875 0.41944444374999995 0.975 0.4625 0.975 0.46944444374999994 0.96875 0.46527777812500004 0.9578125 0.44444444375 0.95703125 0.440277778125 0.9609375 0.425 0.96328125
1 0.102777778125 0.6203125 0.102777778125 0.6265625 0.11388888906250001 0.6296875 0.15 0.62734375 0.252777778125 0.62734375 0.259722221875 0.63125 0.259722221875 0.63984375 0.26527777812500003 0.640625 0.272222221875 0.63125 0.28611111093749997 0.625 0.2833333328125 0.61328125 0.290277778125 0.60625 0.2833333328125 0.6046875 0.25833333281250004 0.61328125 0.22638888906250001 0.61484375 0.1111111109375 0.6125 0.102777778125 0.6203125
1 0.0861111109375 0.5453125 0.08333333281250001 0.54921875 0.090277778125 0.55703125 0.2166666671875 0.5578125 0.22777777812500002 0.56171875 0.22638888906250001 0.56875 0.23055555625 0.5703125 0.2388888890625 0.5671875 0.24305555625 0.56171875 0.2513888890625 0.5328125 0.24305555625 0.53125 0.23611111093749998 0.54296875 0.215277778125 0.54765625 0.172222221875 0.54375 0.15555555625 0.54375 0.14861111093749999 0.54609375 0.0861111109375 0.5453125
6 0.19583333281249998 0.24609375 0.1875 0.26484375 0.1583333328125 0.26953125 0.15 0.29453125 0.15 0.30859375 0.165277778125 0.31875 0.1666666671875 0.3296875 0.1763888890625 0.33359375 0.1763888890625 0.3375 0.1708333328125 0.3390625 0.17916666718750002 0.34375 0.20833333281250002 0.3453125 0.240277778125 0.3375 0.240277778125 0.31796875 0.24722222187499998 0.30234375 0.272222221875 0.29765625 0.28194444375 0.2921875 0.28472222187499996 0.28046875 0.272222221875 0.2703125 0.2791666671875 0.2609375 0.27777777812500004 0.240625 0.272222221875 0.23671875 0.2388888890625 0.2359375 0.2166666671875 0.23828125 0.19583333281249998 0.24609375
6 0.1611111109375 0.42421875 0.18055555625 0.43125 0.19583333281249998 0.43359375 0.21805555625 0.4328125 0.24305555625 0.42265625 0.259722221875 0.39453125 0.25833333281250004 0.35 0.2513888890625 0.34296875 0.23611111093749998 0.34296875 0.22916666718749998 0.3453125 0.2236111109375 0.36328125 0.21944444375 0.365625 0.190277778125 0.36328125 0.1763888890625 0.390625 0.15972222187500001 0.4015625 0.1611111109375 0.42421875
7 0.27638888906250003 0.10390625 0.2791666671875 0.07734375 0.2666666671875 0.06953125 0.23333333281250002 0.06953125 0.2236111109375 0.07421875 0.1833333328125 0.08359375 0.172222221875 0.090625 0.15555555625 0.11484375 0.1541666671875 0.125 0.15555555625 0.14296875 0.1611111109375 0.14765625 0.15555555625 0.15859375 0.15555555625 0.18046875 0.16805555625 0.18359375 0.19305555624999998 0.1859375 0.20138888906250002 0.1828125 0.2208333328125 0.18125 0.22916666718749998 0.17578125 0.23055555625 0.16875 0.22638888906250001 0.16484375 0.21805555625 0.16328125 0.21944444375 0.153125 0.23611111093749998 0.14921875 0.25833333281250004 0.121875 0.275 0.11875 0.28055555625 0.11328125 0.28055555625 0.10625 0.27638888906250003 0.10390625
7 0.21805555625 0.01015625 0.26805555625 0.0125 0.27638888906250003 0.01015625 0.2791666671875 0.0046875 0.27638888906250003 0.00078125 0.22638888906250001 0.00078125 0.215277778125 0.00546875 0.21805555625 0.01015625
7 0.23055555625 0.06953125 0.2388888890625 0.06484375 0.240277778125 0.03984375 0.25 0.03046875 0.21805555625 0.0234375 0.20555555625 0.02421875 0.2 0.02734375 0.16944444375 0.071875 0.172222221875 0.08046875 0.1916666671875 0.08046875 0.2138888890625 0.0703125 0.23055555625 0.06953125
7 0.15 0.04765625 0.15972222187500001 0.021875 0.147222221875 0.0234375 0.13055555624999998 0.0453125 0.125 0.0640625 0.134722221875 0.06640625 0.13055555624999998 0.0703125 0.125 0.06953125 0.127777778125 0.07265625 0.140277778125 0.0625 0.14444444375 0.0515625 0.15 0.04765625
7 0.1291666671875 0.21484375 0.1375 0.22109375 0.14305555625 0.21484375 0.15277777812499999 0.21328125 0.15277777812499999 0.20859375 0.13055555624999998 0.2046875 0.11388888906250001 0.20703125 0.11388888906250001 0.203125 0.097222221875 0.2015625 0.09305555625 0.2046875 0.10833333281249999 0.203125 0.11388888906250001 0.20859375 0.09444444375 0.2125 0.1291666671875 0.21484375
7 0.1375 0.22734375 0.13333333281249998 0.2296875 0.09305555625 0.22890625 0.08055555625000001 0.23359375 0.0736111109375 0.25 0.1583333328125 0.2546875 0.15972222187500001 0.2359375 0.15555555625 0.23125 0.14305555625 0.23046875 0.1375 0.22734375
7 0.04444444375 0.3171875 0.0458333328125 0.32109375 0.05694444375 0.3234375 0.0916666671875 0.325 0.1041666671875 0.31953125 0.10694444375 0.31328125 0.1166666671875 0.309375 0.1291666671875 0.309375 0.14305555625 0.2953125 0.1458333328125 0.28359375 0.15555555625 0.27421875 0.1583333328125 0.265625 0.1541666671875 0.26328125 0.06944444375 0.2609375 0.058333332812500006 0.278125 0.054166667187499996 0.3 0.04444444375 0.3171875
7 0.06944444375 0.15625 0.054166667187499996 0.1578125 0.05 0.1625 0.06805555625000001 0.16328125 0.06944444375 0.15625