2 0.4263888890625 0.96171875 0.459722221875 0.9609375 0.47083333281249995 0.95703125 0.47083333281249995 0.9515625 0.46388888906250003 0.94609375 0.4291666671875 0.95 0.41805555625 0.95546875 0.4263888890625 0.96171875
1 0.1041666671875 0.615625 0.102777778125 0.62421875 0.10694444375 0.628125 0.11805555625 0.6296875 0.2541666671875 0.628125 0.259722221875 0.63203125 0.259722221875 0.6421875 0.26527777812500003 0.6421875 0.2708333328125 0.63203125 0.28611111093749997 0.62421875 0.2833333328125 0.61328125 0.2888888890625 0.60546875 0.27638888906250003 0.60625 0.259722221875 0.61328125 0.24583333281250003 0.6140625 0.21805555625 0.6140625 0.1916666671875 0.61015625 0.1041666671875 0.615625
1 0.18194444375000002 0.54609375 0.16805555625 0.54375 0.09444444375 0.54453125 0.08055555625000001 0.55 0.08194444375 0.5546875 0.0916666671875 0.5578125 0.1541666671875 0.5578125 0.165277778125 0.5609375 0.197222221875 0.5578125 0.2166666671875 0.55859375 0.2236111109375 0.56171875 0.2236111109375 0.56953125 0.23055555625 0.57109375 0.2388888890625 0.56796875 0.24305555625 0.5625 0.2513888890625 0.54296875 0.2513888890625 0.53125 0.2416666671875 0.5328125 0.23055555625 0.54609375 0.18194444375000002 0.54609375
6 0.2166666671875 0.23828125 0.197222221875 0.24609375 0.1875 0.2640625 0.1611111109375 0.26875 0.15555555625 0.271875 0.15 0.309375 0.16388888906250001 0.32109375 0.1611111109375 0.3265625 0.16805555625 0.3390625 0.18055555625 0.34453125 0.20694444375 0.34609375 0.2375 0.3390625 0.24305555625 0.3328125 0.2375 0.31875 0.24722222187499998 0.3015625 0.27638888906250003 0.29765625 0.2833333328125 0.29140625 0.28194444375 0.27734375 0.26805555625 0.26953125 0.275 0.2671875 0.27777777812500004 0.2625 0.275 0.2375 0.2388888890625 0.2359375 0.2166666671875 0.23828125
6 0.17916666718750002 0.43125 0.19444444375 0.43359375 0.22777777812500002 0.43125 0.2416666671875 0.4234375 0.25 0.4140625 0.259722221875 0.4015625 0.25833333281250004 0.346875 0.2513888890625 0.34296875 0.23055555625 0.34453125 0.222222221875 0.3640625 0.1875 0.375 0.177777778125 0.3921875 0.1611111109375 0.40078125 0.15972222187500001 0.4234375 0.17916666718750002 0.43125
7 0.14861111093749999 0.1109375 0.14444444375 0.11328125 0.13055555624999998 0.1328125 0.1291666671875 0.14375 0.12222222187500001 0.15 0.1208333328125 0.16328125 0.13055555624999998 0.1640625 0.1513888890625 0.15546875 0.1541666671875 0.1138671875 0.14861111093749999 0.1109375
7 0.10555555624999999 0.028125 0.097222221875 0.028125 0.0861111109375 0.0375 0.11805555625 0.03671875 0.10555555624999999 0.028125
7 0.1263888890625 0.08203125 0.1263888890625 0.075 0.1208333328125 0.07265625 0.12222222187500001 0.05390625 0.1166666671875 0.05 0.097222221875 0.04609375 0.0861111109375 0.04609375 0.08194444375 0.0484375 0.072222221875 0.06171875 0.072222221875 0.0765625 0.08194444375 0.0921875 0.11944444375 0.09375 0.1263888890625 0.08203125
7 0.072222221875 0.1390625 0.08055555625000001 0.14296875 0.090277778125 0.1359375 0.11388888906250001 0.1109375 0.11388888906250001 0.1046875 0.0791666671875 0.103125 0.072222221875 0.121875 0.072222221875 0.1390625
7 0.23333333281250002 0.06953125 0.2236111109375 0.07421875 0.18194444375000002 0.084375 0.16805555625 0.0953125 0.15555555625 0.11953125 0.1583333328125 0.14921875 0.1541666671875 0.15625 0.1541666671875 0.1734375 0.15555555625 0.18046875 0.1708333328125 0.184375 0.1875 0.1859375 0.2 0.18203125 0.2236111109375 0.18046875 0.22777777812500002 0.16875 0.2138888890625 0.1609375 0.2166666671875 0.153125 0.2388888890625 0.146875 0.25833333281250004 0.121875 0.275 0.11875 0.28055555625 0.1140625 0.27638888906250003 0.1046875 0.27777777812500004 0.0765625 0.2666666671875 0.06953125 0.23333333281250002 0.06953125
7 0.15277777812499999 0.79453125 0.1416666671875 0.8 0.1111111109375 0.828125 0.109722221875 0.85 0.1208333328125 0.86171875 0.1291666671875 0.8640625 0.1291666671875 0.85859375 0.134722221875 0.8546875 0.1611111109375 0.853125 0.16805555625 0.85859375 0.16944444375 0.8671875 0.17916666718750002 0.8671875 0.18055555625 0.8609375 0.172222221875 0.84609375 0.1888888890625 0.83828125 0.1875 0.82421875 0.197222221875 0.8125 0.190277778125 0.80234375 0.16805555625 0.79375 0.15277777812499999 0.79453125
7 0.13194444375 0.63671875 0.125 0.63125 0.109722221875 0.63125 0.1 0.61953125 0.034722221875 0.6203125 0.04444444375 0.6359375 0.055555556250000006 0.64453125 0.054166667187499996 0.6515625 0.0666666671875 0.65859375 0.054166667187499996 0.65859375 0.0625 0.6625 0.054166667187499996 0.66875 0.047222221875 0.66875 0.04305555625 0.671875 0.05 0.71328125 0.05694444375 0.71875 0.077777778125 0.71953125 0.097222221875 0.72421875 0.15972222187500001 0.725 0.1611111109375 0.7203125 0.177777778125 0.71796875 0.17361111093749998 0.71328125 0.17361111093749998 0.70234375 0.190277778125 0.69765625 0.19444444375 0.69375 0.19305555624999998 0.67578125 0.165277778125 0.66796875 0.1611111109375 0.66015625 0.147222221875 0.65625 0.14305555625 0.65234375 0.14305555625 0.6375 0.13194444375 0.63671875
7 0.177777778125 0.5375 0.16805555625 0.53125 0.14305555625 0.5234375 0.12222222187500001 0.521875 0.034722221875 0.52421875 0.022222221875 0.52578125 0.009722221875000001 0.53125 0.006944443749999999 0.57421875 0.013888889062500001 0.58359375 0.0208333328125 0.60625 0.026388889062499997 0.61015625 0.040277778125000004 0.61171875 0.08055555625000001 0.61015625 0.1041666671875 0.61328125 0.11805555625 0.61171875 0.134722221875 0.60390625 0.1541666671875 0.60546875 0.1611111109375 0.60078125 0.17916666718750002 0.59765625 0.1833333328125 0.59140625 0.1833333328125 0.578125 0.1541666671875 0.5609375 0.1458333328125 0.56015625 0.147222221875 0.54375 0.177777778125 0.54375 0.177777778125 0.5375
7 0.2791666671875 0.00625 0.26944444375 0.00078125 0.222222221875 0.00078125 0.21805555625 0.00625 0.23472222187499997 0.01171875 0.2708333328125 0.0125 0.2791666671875 0.00625
7 0.23611111093749998 0.03984375 0.24722222187499998 0.03046875 0.22777777812500002 0.02578125 0.20555555625 0.02578125 0.20138888906250002 0.028125 0.16944444375 0.07109375 0.1708333328125 0.08046875 0.1888888890625 0.08125 0.2388888890625 0.06640625 0.240277778125 0.04375 0.23611111093749998 0.03984375
7 0.15555555625 0.0203125 0.14305555625 0.025 0.13055555624999998 0.04375 0.12222222187500001 0.0625 0.12361111093749999 0.075 0.13055555624999998 0.075 0.14305555625 0.06171875 0.14444444375 0.0453125 0.1583333328125 0.025 0.15555555625 0.0203125
7 0.12222222187500001 0.20703125 0.115277778125 0.2109375 0.11944444375 0.21328125 0.1291666671875 0.2140625 0.134722221875 0.21875 0.140277778125 0.21875 0.1513888890625 0.21328125 0.1513888890625 0.20703125 0.12222222187500001 0.20703125
7 0.097222221875 0.20234375 0.09305555625 0.21171875 0.1041666671875 0.2109375 0.109722221875 0.20703125 0.10833333281249999 0.20390625 0.097222221875 0.20234375
7 0.075 0.24765625 0.07638888906249999 0.25078125 0.0861111109375 0.2515625 0.1583333328125 0.2546875 0.1583333328125 0.234375 0.1513888890625 0.23125 0.0916666671875 0.22734375 0.08055555625000001 0.23359375 0.075 0.24765625
7 0.1291666671875 0.30546875 0.15555555625 0.2734375 0.15555555625 0.26328125 0.06944444375 0.2609375 0.047222221875 0.30625 0.04444444375 0.31875 0.054166667187499996 0.3234375 0.097222221875 0.3234375 0.1041666671875 0.31953125 0.10555555624999999 0.3140625 0.1291666671875 0.30546875
4 0.1861111109375 0.7875 0.190277778125 0.78359375 0.13194444375 0.78125 0.1111111109375 0.7890625 0.1166666671875 0.79375 0.14305555625 0.79609375 0.1861111109375 0.7875