1 0.8486111109375001 0.38984375 0.8736111109375001 0.384375 0.89444444375 0.384375 0.89444444375 0.37265625 0.8791666671874999 0.3703125 0.85555555625 0.37265625 0.8361111109375001 0.3703125 0.7458333328125 0.371875 0.7402777781250001 0.36796875 0.7402777781250001 0.3578125 0.734722221875 0.3578125 0.727777778125 0.36875 0.7138888890625 0.37578125 0.7180555562500001 0.3859375 0.7111111109375 0.39453125 0.7236111109375 0.39375 0.734722221875 0.38828125 0.7486111109375 0.3859375 0.8486111109375001 0.38984375
1 0.83194444375 0.45625 0.9138888890624999 0.45390625 0.91944444375 0.44921875 0.909722221875 0.44296875 0.85 0.4421875 0.8375 0.4390625 0.8111111109375001 0.4421875 0.7819444437499999 0.44140625 0.7736111109375 0.43828125 0.7708333328125 0.42890625 0.7611111109375 0.43203125 0.7569444437499999 0.43828125 0.75 0.45234375 0.7486111109375 0.46796875 0.7583333328124999 0.46796875 0.76944444375 0.45390625 0.8138888890624999 0.45390625 0.83194444375 0.45625
6 0.7833333328125 0.76171875 0.8027777781250001 0.753125 0.8125 0.73515625 0.8388888890624999 0.73125 0.8444444437499999 0.728125 0.85 0.69140625 0.8361111109375001 0.678125 0.8388888890624999 0.675 0.83194444375 0.66015625 0.8291666671875 0.65703125 0.8194444437499999 0.65546875 0.7916666671875 0.65390625 0.7736111109375 0.65703125 0.7597222218749999 0.6625 0.7611111109375 0.684375 0.752777778125 0.69765625 0.74444444375 0.70078125 0.725 0.70234375 0.7166666671875 0.7078125 0.7180555562500001 0.72265625 0.73194444375 0.73046875 0.722222221875 0.7375 0.725 0.7625 0.7569444437499999 0.7640625 0.7833333328125 0.76171875
6 0.825 0.56953125 0.809722221875 0.5671875 0.772222221875 0.56875 0.7569444437499999 0.5765625 0.7416666671875001 0.5953125 0.7416666671875001 0.65390625 0.7486111109375 0.65703125 0.7666666671875 0.65625 0.7736111109375 0.64921875 0.777777778125 0.63671875 0.7861111109375 0.6328125 0.8111111109375001 0.628125 0.8236111109375001 0.60703125 0.8388888890624999 0.59921875 0.8388888890624999 0.575 0.825 0.56953125
7 0.8486111109375001 0.8453125 0.8458333328125001 0.884375 0.85 0.8890625 0.8652777781250001 0.87421875 0.8791666671874999 0.840625 0.8791666671874999 0.83671875 0.872222221875 0.83671875 0.86944444375 0.83984375 0.8638888890624999 0.8390625 0.8486111109375001 0.8453125
7 0.902777778125 0.96875 0.909722221875 0.9625 0.8819444437499999 0.9625 0.8847222218749999 0.96640625 0.89444444375 0.96953125 0.902777778125 0.96875
7 0.8791666671874999 0.90703125 0.872222221875 0.92578125 0.877777778125 0.9296875 0.877777778125 0.94609375 0.8833333328125 0.95 0.9041666671874999 0.95390625 0.9138888890624999 0.95390625 0.91805555625 0.9515625 0.9277777781250001 0.9390625 0.9277777781250001 0.92265625 0.91944444375 0.909375 0.9138888890624999 0.90625 0.8791666671874999 0.90703125
7 0.9291666671875 0.86875 0.9291666671875 0.8625 0.9236111109375 0.8578125 0.91805555625 0.8578125 0.897222221875 0.875 0.8861111109375001 0.8890625 0.8861111109375001 0.89609375 0.91944444375 0.896875 0.9291666671875 0.86875
7 0.722222221875 0.92421875 0.7333333328125 0.93046875 0.7666666671875 0.93046875 0.7763888890625 0.92578125 0.8166666671874999 0.91640625 0.83055555625 0.90625 0.8444444437499999 0.88125 0.8444444437499999 0.85625 0.840277778125 0.85390625 0.8444444437499999 0.84609375 0.8444444437499999 0.81953125 0.83194444375 0.81640625 0.8194444437499999 0.8140625 0.8055555562500001 0.8171875 0.7819444437499999 0.8171875 0.7736111109375 0.821875 0.772222221875 0.8296875 0.7861111109375 0.8375 0.7833333328125 0.8484375 0.7638888890625 0.8515625 0.74444444375 0.87109375 0.7416666671875001 0.878125 0.725 0.88125 0.7194444437499999 0.88671875 0.7236111109375 0.8953125 0.722222221875 0.92421875
7 0.890277778125 0.16875 0.8916666671875 0.15625 0.8888888890625 0.1515625 0.877777778125 0.146875 0.8680555562500001 0.1453125 0.8361111109375001 0.1484375 0.83055555625 0.1546875 0.8125 0.1609375 0.8125 0.175 0.8055555562500001 0.18125 0.8041666671875 0.19140625 0.809722221875 0.19609375 0.8194444437499999 0.1984375 0.8236111109375001 0.20390625 0.8541666671874999 0.20390625 0.875 0.18203125 0.8819444437499999 0.1796875 0.890277778125 0.16875
7 0.89444444375 0.37109375 0.8986111109375001 0.3796875 0.9041666671874999 0.38125 0.9611111109375001 0.3796875 0.9625 0.375 0.95555555625 0.3640625 0.9444444437499999 0.35546875 0.9472222218749999 0.3421875 0.9416666671874999 0.3375 0.9416666671874999 0.33359375 0.95694444375 0.32890625 0.95 0.28671875 0.9444444437499999 0.28125 0.9208333328125 0.2796875 0.9055555562500001 0.27578125 0.8416666671874999 0.275 0.8333333328125001 0.28125 0.8222222218749999 0.28203125 0.8263888890625 0.28671875 0.8263888890625 0.296875 0.8111111109375001 0.3015625 0.8055555562500001 0.30625 0.80694444375 0.325 0.834722221875 0.33203125 0.840277778125 0.35546875 0.85 0.36484375 0.847222221875 0.36875 0.8888888890625 0.36875 0.89444444375 0.37109375
7 0.91944444375 0.446875 0.91805555625 0.4515625 0.9055555562500001 0.4578125 0.872222221875 0.45546875 0.8222222218749999 0.45625 0.8208333328125 0.4609375 0.8263888890625 0.46640625 0.8458333328125001 0.47421875 0.8833333328125 0.478125 0.952777778125 0.47578125 0.9902777781250001 0.46796875 0.9930555562500001 0.425 0.9861111109375 0.41640625 0.9791666671874999 0.39375 0.9666666671874999 0.3890625 0.8819444437499999 0.38828125 0.8652777781250001 0.3953125 0.8458333328125001 0.39375 0.8361111109375001 0.39921875 0.8208333328125 0.4015625 0.8166666671874999 0.40625 0.8166666671874999 0.42109375 0.8222222218749999 0.42890625 0.8458333328125001 0.4390625 0.8666666671875 0.44140625 0.8791666671874999 0.44140625 0.8847222218749999 0.4390625 0.915277778125 0.44296875 0.91944444375 0.446875
7 0.727777778125 0.99453125 0.734722221875 0.99921875 0.76944444375 0.99921875 0.7805555562500001 0.99296875 0.7666666671875 0.9890625 0.73194444375 0.9875 0.727777778125 0.99453125
7 0.8111111109375001 0.91875 0.7638888890625 0.9328125 0.7597222218749999 0.9375 0.7597222218749999 0.94921875 0.76944444375 0.9609375 0.7597222218749999 0.96328125 0.7541666671875 0.96953125 0.76944444375 0.9734375 0.797222221875 0.97265625 0.8055555562500001 0.96640625 0.8263888890625 0.93515625 0.83194444375 0.925 0.8291666671875 0.91953125 0.8111111109375001 0.91875
7 0.8444444437499999 0.9671875 0.8416666671874999 0.98046875 0.85555555625 0.97734375 0.86944444375 0.95625 0.877777778125 0.9375 0.877777778125 0.92890625 0.8736111109375001 0.92578125 0.86944444375 0.92578125 0.85694444375 0.9390625 0.85555555625 0.9546875 0.8444444437499999 0.9671875
7 0.8847222218749999 0.78828125 0.859722221875 0.78125 0.85694444375 0.784375 0.8486111109375001 0.7859375 0.847222221875 0.78984375 0.8486111109375001 0.79296875 0.8541666671874999 0.79375 0.8875 0.7921875 0.89305555625 0.796875 0.902777778125 0.79765625 0.9055555562500001 0.78828125 0.8847222218749999 0.79140625 0.8847222218749999 0.78828125
7 0.9236111109375 0.75 0.8736111109375001 0.74765625 0.8652777781250001 0.7453125 0.840277778125 0.74609375 0.8388888890624999 0.75859375 0.8458333328125001 0.76796875 0.9055555562500001 0.77109375 0.91805555625 0.76875 0.9236111109375 0.75
7 0.8708333328125001 0.69453125 0.8625 0.70234375 0.85555555625 0.71640625 0.8444444437499999 0.7265625 0.8444444437499999 0.7375 0.93194444375 0.73828125 0.952777778125 0.6921875 0.9541666671875 0.68046875 0.9444444437499999 0.6765625 0.8986111109375001 0.67734375 0.89305555625 0.6875 0.8708333328125001 0.69453125
7 0.75 0.96953125 0.76944444375 0.97421875 0.797222221875 0.97421875 0.797222221875 0.96875 0.777777778125 0.96328125 0.7583333328124999 0.96328125 0.75 0.96953125