0 0 0.9930555562500001 0.10234375 0.9638888890624999 0.12109375 0.95555555625 0.128125 0.9416666671874999 0.1328125 0.9513888890625 0.14296875 0.95555555625 0.1546875 0.9680555562500001 0.16953125 0.9694444437499999 0.1875 0.9638888890624999 0.2 0.94305555625 0.20546875 0.915277778125 0.21640625 0.9055555562500001 0.23046875 0.8833333328125 0.234375 0.8625 0.234375 0.8361111109375001 0.2296875 0.8083333328125001 0.22734375 0.8055555562500001 0.22890625 0.7888888890625 0.21796875 0.73055555625 0.2 0.6944444437499999 0.1859375 0.68194444375 0.1015625 0.6791666671875001 0.09921875 0.6708333328125 0.1 0.665277778125 0.10546875 0.659722221875 0.10390625 0.6513888890625 0.1015625 0.647222221875 0.0984375 0.6486111109375 0.09140625 0.665277778125 0.075 0.6375 0.0671875 0.6180555562500001 0.0609375 0.6083333328125 0.05859375 0.6125 0.05625 0.6083333328125 0.0578125 0.602777778125 0.05390625 0.6013888890625 0.0546875 0.5944444437499999 0.04921875 0.5861111109375 0.06328125 0.6347222218749999 0.06328125 0.6458333328125 0.06640625 0.652777778125 0.06484375 0.6569444437499999 0.02890625 0.6583333328125 0 0.665277778125 0 0.9930555562500001
2 0.02421875 0.42222222187499997 0.025 0.4625 0.028125 0.46805555625000006 0.0359375 0.46805555625000006 0.0390625 0.4583333328125 0.03671875 0.42222222187499997 0.0328125 0.41805555625 0.02578125 0.41805555625 0.02421875 0.42222222187499997
1 0.38671875 0.2833333328125 0.39375 0.290277778125 0.3953125 0.2833333328125 0.38671875 0.26527777812500003 0.384375 0.184722221875 0.38515625 0.1583333328125 0.3890625 0.15277777812499999 0.3859375 0.1416666671875 0.384375 0.10833333281249999 0.37890625 0.102777778125 0.36875 0.10694444375 0.37265625 0.1583333328125 0.37265625 0.24583333281250003 0.36875 0.259722221875 0.359375 0.259722221875 0.3578125 0.2638888890625 0.36875 0.272222221875 0.37734375 0.2888888890625 0.38671875 0.2833333328125
1 0.46875 0.24305555625 0.45625 0.23472222187499997 0.45234375 0.215277778125 0.45625 0.16944444375 0.45390625 0.1458333328125 0.4546875 0.08333333281250001 0.44296875 0.0861111109375 0.4421875 0.2166666671875 0.43828125 0.22638888906250001 0.43046875 0.22638888906250001 0.4296875 0.23055555625 0.4328125 0.2388888890625 0.4390625 0.24305555625 0.4671875 0.2513888890625 0.46875 0.24305555625
6 0.70703125 0.28194444375 0.71875 0.28472222187499996 0.7265625 0.275 0.7625 0.275 0.7625 0.2166666671875 0.7546875 0.19583333281249998 0.73515625 0.1875 0.73046875 0.1583333328125 0.70546875 0.15 0.69140625 0.15 0.68125 0.165277778125 0.665625 0.1708333328125 0.6609375 0.16805555625 0.65625 0.1763888890625 0.65625 0.21805555625 0.659375 0.222222221875 0.66328125 0.240277778125 0.6828125 0.2388888890625 0.69765625 0.24583333281250003 0.7 0.25 0.70234375 0.275 0.70703125 0.28194444375
6 0.6359375 0.222222221875 0.6328125 0.215277778125 0.63671875 0.20555555625 0.63671875 0.1916666671875 0.60625 0.17361111093749998 0.59765625 0.15972222187500001 0.575 0.1611111109375 0.56875 0.18055555625 0.56640625 0.1986111109375 0.5671875 0.21944444375 0.5765625 0.240277778125 0.5953125 0.25694444375000003 0.65078125 0.25833333281250004 0.65703125 0.25 0.6546875 0.22916666718749998 0.6359375 0.222222221875
7 0.83984375 0.13194444375 0.84375 0.1513888890625 0.89296875 0.1541666671875 0.89140625 0.147222221875 0.88203125 0.14444444375 0.87421875 0.134722221875 0.85078125 0.12222222187500001 0.84375 0.12222222187500001 0.83984375 0.13194444375
7 0.93828125 0.072222221875 0.92265625 0.072222221875 0.9125 0.077777778125 0.90703125 0.0861111109375 0.90625 0.11944444375 0.9203125 0.127777778125 0.92734375 0.1208333328125 0.94375 0.12222222187500001 0.9515625 0.11805555625 0.9546875 0.102777778125 0.95390625 0.08333333281250001 0.93828125 0.072222221875
7 0.8578125 0.07638888906249999 0.8578125 0.08194444375 0.875 0.102777778125 0.8890625 0.11388888906250001 0.8953125 0.11388888906250001 0.89765625 0.08055555625000001 0.8703125 0.07083333281250001 0.8625 0.07083333281250001 0.8578125 0.07638888906249999
7 0.85078125 0.23611111093749998 0.86953125 0.2541666671875 0.87890625 0.25833333281250004 0.88203125 0.27638888906250003 0.88671875 0.28055555625 0.89609375 0.27638888906250003 0.92421875 0.27777777812500004 0.93046875 0.26805555625 0.93046875 0.23333333281250002 0.9265625 0.22638888906250001 0.915625 0.18055555625 0.909375 0.172222221875 0.87890625 0.15555555625 0.85625 0.15555555625 0.85390625 0.15972222187500001 0.84453125 0.15555555625 0.81796875 0.15694444375 0.8140625 0.184722221875 0.81875 0.222222221875 0.82421875 0.22916666718749998 0.83515625 0.22638888906250001 0.8375 0.21805555625 0.8453125 0.21805555625 0.8484375 0.222222221875 0.85078125 0.23611111093749998
7 0.9875 0.2708333328125 0.98984375 0.27777777812500004 0.99609375 0.2791666671875 0.99921875 0.27638888906250003 0.99921875 0.21944444375 0.9921875 0.21805555625 0.9890625 0.23194444375 0.9875 0.2708333328125
7 0.9734375 0.20277777812500003 0.9359375 0.17361111093749998 0.925 0.16805555625 0.91875 0.17361111093749998 0.91875 0.1916666671875 0.92265625 0.19583333281249998 0.9265625 0.21805555625 0.93515625 0.2388888890625 0.9640625 0.240277778125 0.96953125 0.24722222187499998 0.975 0.2236111109375 0.9734375 0.20277777812500003
7 0.946875 0.1263888890625 0.92578125 0.12361111093749999 0.925 0.13055555624999998 0.93828125 0.14305555625 0.95546875 0.1458333328125 0.9640625 0.1541666671875 0.98046875 0.15972222187500001 0.9796875 0.147222221875 0.9765625 0.14305555625 0.946875 0.1263888890625
7 0.7859375 0.1208333328125 0.78515625 0.13194444375 0.78046875 0.134722221875 0.78046875 0.13888888906250002 0.784375 0.14305555625 0.7859375 0.1513888890625 0.79296875 0.1513888890625 0.79296875 0.1208333328125 0.7859375 0.1208333328125
7 0.796875 0.10555555624999999 0.796875 0.0958333328125 0.79375 0.09444444375 0.78828125 0.09444444375 0.79296875 0.10833333281249999 0.796875 0.10555555624999999
7 0.74921875 0.07638888906249999 0.7484375 0.0875 0.7453125 0.1583333328125 0.7625 0.15972222187500001 0.76875 0.15277777812499999 0.7703125 0.1416666671875 0.77109375 0.09305555625 0.7671875 0.08194444375 0.75390625 0.075 0.74921875 0.07638888906249999
7 0.72578125 0.15555555625 0.73671875 0.15555555625 0.7390625 0.075 0.7375 0.06805555625000001 0.721875 0.058333332812500006 0.7015625 0.054166667187499996 0.68203125 0.04444444375 0.67734375 0.0458333328125 0.6765625 0.054166667187499996 0.675 0.09305555625 0.68046875 0.1041666671875 0.68671875 0.10694444375 0.690625 0.11805555625 0.6890625 0.127777778125 0.70546875 0.14305555625 0.71953125 0.147222221875 0.72578125 0.15555555625