0 0.99921875 0.34027777812500004 0.99921875 0.26805555625 0.99375 0.25833333281250004 0.98671875 0.259722221875 0.9796875 0.31805555625 0.97890625 0.3416666671875 0.99921875 0.34027777812500004
0 0.9671875 0.302777778125 0.9703125 0.24722222187499998 0.9421875 0.23194444375 0.9265625 0.23055555625 0.9125 0.25555555625 0.9078125 0.29444444375 0.9203125 0.32083333281250004 0.92578125 0.3263888890625 0.94296875 0.33055555625 0.9453125 0.3416666671875 0.9515625 0.352777778125 0.95859375 0.3541666671875 0.9671875 0.302777778125
2 0.0140625 0.47083333281249995 0.01796875 0.477777778125 0.025 0.477777778125 0.0328125 0.46666666718750005 0.0296875 0.4458333328125 0.02265625 0.425 0.01328125 0.43194444374999996 0.0140625 0.47083333281249995
1 0.3828125 0.28055555625 0.40078125 0.2888888890625 0.4015625 0.28055555625 0.384375 0.2513888890625 0.3828125 0.10138888906250001 0.36953125 0.10555555624999999 0.371875 0.19305555624999998 0.3703125 0.25555555625 0.359375 0.25833333281250004 0.35703125 0.2666666671875 0.36640625 0.2708333328125 0.37578125 0.2888888890625 0.3796875 0.2888888890625 0.3828125 0.28055555625
6 0.77890625 0.2736111109375 0.78203125 0.27638888906250003 0.78671875 0.2666666671875 0.78828125 0.23472222187499997 0.784375 0.21805555625 0.78125 0.21805555625 0.78046875 0.22777777812500002 0.77890625 0.2736111109375
6 0.71171875 0.2388888890625 0.71484375 0.2208333328125 0.7203125 0.2166666671875 0.72890625 0.23194444375 0.73125 0.2666666671875 0.7375 0.27638888906250003 0.74296875 0.27777777812500004 0.75 0.26527777812500003 0.75 0.24444444375000002 0.7546875 0.240277778125 0.7640625 0.24305555625 0.76640625 0.23194444375 0.76875 0.17916666718750002 0.7609375 0.1708333328125 0.75703125 0.11805555625 0.75 0.10555555624999999 0.728125 0.0958333328125 0.70859375 0.0958333328125 0.7015625 0.10694444375 0.69921875 0.140277778125 0.68828125 0.15555555625 0.68359375 0.16944444375 0.6875 0.177777778125 0.6890625 0.22777777812500002 0.69453125 0.2388888890625 0.70390625 0.24305555625 0.71171875 0.2388888890625
7 0.88125 0.275 0.88515625 0.2791666671875 0.90625 0.27638888906250003 0.9109375 0.2666666671875 0.91328125 0.24583333281250003 0.925 0.22777777812500002 0.925 0.21805555625 0.915625 0.18194444375000002 0.90625 0.16944444375 0.890625 0.1583333328125 0.8625 0.1541666671875 0.85546875 0.15555555625 0.8515625 0.1611111109375 0.84140625 0.15555555625 0.81875 0.15555555625 0.8171875 0.15972222187500001 0.81640625 0.18055555625 0.82421875 0.1875 0.83828125 0.2138888890625 0.84921875 0.2166666671875 0.85 0.23055555625 0.85546875 0.24305555625 0.878125 0.25833333281250004 0.88125 0.275
7 0.99921875 0.22777777812500002 0.99296875 0.2208333328125 0.98828125 0.23472222187499997 0.98828125 0.25555555625 0.99921875 0.25555555625 0.99921875 0.22777777812500002
7 0.97421875 0.20555555625 0.96953125 0.197222221875 0.92890625 0.16944444375 0.91875 0.1708333328125 0.91796875 0.1875 0.9203125 0.19583333281249998 0.9296875 0.20833333281250002 0.93046875 0.22777777812500002 0.94609375 0.23055555625 0.96796875 0.24305555625 0.971875 0.240277778125 0.97421875 0.20555555625
7 0.96015625 0.13333333281249998 0.93359375 0.12222222187500001 0.92578125 0.1263888890625 0.92578125 0.13055555624999998 0.946875 0.14305555625 0.94921875 0.15 0.95625 0.15555555625 0.97578125 0.16388888906250001 0.9796875 0.15972222187500001 0.9765625 0.1458333328125 0.96015625 0.13333333281249998
7 0.8578125 0.1291666671875 0.85078125 0.1208333328125 0.84140625 0.1208333328125 0.83828125 0.127777778125 0.8390625 0.15 0.8421875 0.15277777812499999 0.85234375 0.15555555625 0.859375 0.1513888890625 0.88125 0.15 0.88125 0.14305555625 0.87265625 0.134722221875 0.8578125 0.1291666671875
7 0.8734375 0.07083333281250001 0.85703125 0.0736111109375 0.85625 0.08055555625000001 0.87578125 0.1041666671875 0.8890625 0.11388888906250001 0.8953125 0.1111111109375 0.89453125 0.102777778125 0.89765625 0.09305555625 0.89609375 0.08055555625000001 0.8734375 0.07083333281250001