1 0.7875 0.38671875 0.8055555562500001 0.38984375 0.847222221875 0.38984375 0.872222221875 0.3859375 0.8847222218749999 0.38671875 0.8916666671875 0.3828125 0.89305555625 0.37734375 0.88055555625 0.371875 0.7583333328124999 0.37265625 0.747222221875 0.371875 0.7402777781250001 0.36796875 0.7388888890625 0.3625 0.7333333328125 0.36171875 0.73194444375 0.36640625 0.722222221875 0.36953125 0.7138888890625 0.3765625 0.7166666671875 0.38671875 0.7111111109375 0.39375 0.722222221875 0.39375 0.7375 0.38671875 0.75555555625 0.3859375 0.7875 0.38671875
1 0.565277778125 0.06328125 0.55694444375 0.0609375 0.5166666671875 0.0625 0.497222221875 0.065625 0.475 0.0578125 0.4583333328125 0.05859375 0.447222221875 0.0625 0.45 0.0921875 0.522222221875 0.11015625 0.5527777781250001 0.11640625 0.5666666671875 0.11640625 0.5666666671875 0.08984375 0.5263888890625 0.071875 0.5291666671875 0.06796875 0.565277778125 0.0671875 0.565277778125 0.06328125
1 0.6208333328125 0.21875 0.64444444375 0.21875 0.652777778125 0.2125 0.6569444437499999 0.18984375 0.66805555625 0.18125 0.66944444375 0.1421875 0.66805555625 0.13984375 0.6541666671875 0.13984375 0.6111111109375 0.14453125 0.602777778125 0.16640625 0.5958333328125 0.1734375 0.5722222218749999 0.165625 0.56805555625 0.15 0.5458333328125 0.15 0.49444444374999996 0.15625 0.497222221875 0.1796875 0.5166666671875 0.1828125 0.5236111109375 0.18671875 0.5416666671875 0.18828125 0.6208333328125 0.21875
1 0.91805555625 0.44921875 0.9125 0.44296875 0.85 0.4421875 0.83194444375 0.43984375 0.784722221875 0.44140625 0.7736111109375 0.4375 0.7736111109375 0.43125 0.76944444375 0.43046875 0.7569444437499999 0.4390625 0.7486111109375 0.45703125 0.7486111109375 0.46796875 0.7569444437499999 0.46875 0.7666666671875 0.45859375 0.7791666671875 0.4546875 0.9069444437499999 0.45625 0.91805555625 0.44921875
7 0.85 0.88515625 0.86944444375 0.8671875 0.872222221875 0.85390625 0.8791666671874999 0.84609375 0.8763888890624999 0.8375 0.8708333328125001 0.8359375 0.85 0.84296875 0.8458333328125001 0.87265625 0.8458333328125001 0.88125 0.85 0.88515625
7 0.9277777781250001 0.9390625 0.9277777781250001 0.92265625 0.91944444375 0.909375 0.9125 0.90625 0.8791666671874999 0.90546875 0.86944444375 0.91796875 0.88055555625 0.9484375 0.89305555625 0.95390625 0.9111111109375001 0.95625 0.9083333328125001 0.9609375 0.8819444437499999 0.96171875 0.8819444437499999 0.9671875 0.89444444375 0.97421875 0.9041666671874999 0.9734375 0.9055555562500001 0.96953125 0.91805555625 0.9625 0.91944444375 0.95078125 0.9277777781250001 0.9390625
7 0.9291666671875 0.871875 0.9291666671875 0.86328125 0.922222221875 0.8578125 0.91805555625 0.8578125 0.89444444375 0.875 0.8847222218749999 0.88828125 0.8847222218749999 0.8984375 0.9208333328125 0.896875 0.9291666671875 0.871875
7 0.73194444375 0.92890625 0.76805555625 0.9296875 0.81805555625 0.915625 0.8263888890625 0.9109375 0.8444444437499999 0.88125 0.8458333328125001 0.83125 0.8444444437499999 0.8203125 0.8388888890624999 0.8171875 0.8208333328125 0.8140625 0.7986111109375 0.8140625 0.777777778125 0.81953125 0.7763888890625 0.83046875 0.784722221875 0.8375 0.7833333328125 0.84765625 0.7638888890625 0.8515625 0.74444444375 0.87109375 0.7416666671875001 0.878125 0.727777778125 0.88125 0.7208333328125 0.8859375 0.725 0.8953125 0.725 0.925 0.73194444375 0.92890625
7 0.727777778125 0.9828125 0.66944444375 0.9765625 0.6486111109375 0.99140625 0.647222221875 0.99921875 0.7194444437499999 0.99921875 0.7416666671875001 0.99296875 0.7416666671875001 0.98671875 0.727777778125 0.9828125
7 0.6833333328125 0.9484375 0.6763888890625 0.9546875 0.66805555625 0.95625 0.6666666671875 0.9609375 0.6708333328125 0.96171875 0.6777777781250001 0.95625 0.6875 0.96015625 0.7 0.95703125 0.73055555625 0.95625 0.747222221875 0.96171875 0.7486111109375 0.96796875 0.7569444437499999 0.95859375 0.7388888890625 0.95 0.6833333328125 0.9484375
7 0.5097222218749999 0.12734375 0.5305555562500001 0.1234375 0.5416666671875 0.115625 0.5541666671875001 0.11875 0.5666666671875 0.11796875 0.5694444437499999 0.0921875 0.547222221875 0.0796875 0.54444444375 0.075 0.5458333328125 0.06875 0.559722221875 0.0671875 0.5611111109375 0.06328125 0.5527777781250001 0.0609375 0.497222221875 0.0640625 0.47222222187499996 0.05703125 0.4583333328125 0.0578125 0.45 0.0609375 0.4458333328125 0.06328125 0.4458333328125 0.075 0.45277777812500003 0.09921875 0.44444444375 0.10625 0.397222221875 0.1078125 0.3791666671875 0.125 0.38194444375000003 0.14140625 0.40694444374999994 0.1421875 0.49305555625 0.12734375 0.5097222218749999 0.12734375
7 0.64305555625 0 0.6333333328124999 0.0046875 0.6291666671875 0.04375 0.622222221875 0.05390625 0.63055555625 0.065625 0.63055555625 0.08828125 0.6291666671875 0.0921875 0.6138888890625 0.1015625 0.6138888890625 0.109375 0.6319444437499999 0.115625 0.66944444375 0.11171875 0.66944444375 0.0078125 0.6569444437499999 0.0015625 0.64305555625 0
7 0.4236111109375 0.1640625 0.43194444374999996 0.19453125 0.43194444374999996 0.2125 0.44444444375 0.21953125 0.44444444375 0.23046875 0.4361111109375 0.24921875 0.434722221875 0.27734375 0.40694444374999994 0.2984375 0.40694444374999994 0.31796875 0.42222222187499997 0.33046875 0.44166666718750003 0.3359375 0.44444444375 0.34375 0.45694444375 0.35390625 0.48194444374999995 0.3625 0.5291666671875 0.3640625 0.5555555562500001 0.3609375 0.565277778125 0.35703125 0.590277778125 0.340625 0.60694444375 0.31953125 0.640277778125 0.29140625 0.64444444375 0.2828125 0.665277778125 0.275 0.6708333328125 0.2609375 0.6861111109375 0.25546875 0.672222221875 0.246875 0.66805555625 0.23125 0.647222221875 0.22578125 0.6416666671875 0.21953125 0.652777778125 0.2171875 0.6569444437499999 0.18984375 0.66805555625 0.17890625 0.66944444375 0.14296875 0.6666666671875 0.13984375 0.652777778125 0.13984375 0.609722221875 0.1453125 0.60555555625 0.14921875 0.5986111109375 0.15 0.602777778125 0.1609375 0.5888888890625 0.16875 0.58194444375 0.16875 0.5694444437499999 0.1625 0.56805555625 0.15 0.54444444375 0.15 0.5333333328125 0.153125 0.4625 0.1578125 0.4236111109375 0.1640625
7 0.872222221875 0.4578125 0.8430555562500001 0.45625 0.83055555625 0.45703125 0.8263888890625 0.46015625 0.8333333328125001 0.46796875 0.8541666671874999 0.46953125 0.8666666671875 0.46640625 0.872222221875 0.4578125
7 0.85694444375 0.35078125 0.859722221875 0.36015625 0.8638888890624999 0.36171875 0.85555555625 0.36484375 0.85694444375 0.36875 0.88055555625 0.36875 0.89305555625 0.375 0.8958333328125001 0.38046875 0.9625 0.378125 0.95555555625 0.3640625 0.9444444437499999 0.3546875 0.9444444437499999 0.33359375 0.95555555625 0.3296875 0.95694444375 0.3203125 0.952777778125 0.2953125 0.9416666671874999 0.28125 0.9069444437499999 0.27890625 0.89305555625 0.275 0.8458333328125001 0.275 0.8361111109375001 0.28046875 0.8222222218749999 0.28203125 0.827777778125 0.29609375 0.80694444375 0.30390625 0.80694444375 0.32421875 0.83055555625 0.33046875 0.834722221875 0.3328125 0.8361111109375001 0.34140625 0.847222221875 0.34375 0.85 0.34921875 0.85694444375 0.35078125
7 0.9083333328125001 0.46171875 0.91805555625 0.47421875 0.95694444375 0.47421875 0.98055555625 0.4703125 0.9930555562500001 0.4625 0.99444444375 0.4296875 0.9833333328125 0.41015625 0.98055555625 0.3953125 0.975 0.38984375 0.9638888890624999 0.38828125 0.909722221875 0.3890625 0.890277778125 0.38671875 0.875 0.38984375 0.86944444375 0.3953125 0.8444444437499999 0.3953125 0.8222222218749999 0.40078125 0.8222222218749999 0.4296875 0.83194444375 0.43671875 0.8416666671874999 0.43671875 0.8583333328125 0.44140625 0.9138888890624999 0.44296875 0.9166666671874999 0.45 0.9083333328125001 0.45625 0.9083333328125001 0.46171875
7 0.7708333328125 0.98984375 0.7458333328125 0.9890625 0.74444444375 0.99296875 0.75555555625 0.99453125 0.7597222218749999 0.99921875 0.7736111109375 0.99921875 0.7791666671875 0.99375 0.7708333328125 0.98984375
7 0.8111111109375001 0.91875 0.8027777781250001 0.9234375 0.76944444375 0.93046875 0.7597222218749999 0.9421875 0.7597222218749999 0.95234375 0.765277778125 0.95703125 0.7583333328124999 0.96171875 0.7583333328124999 0.96796875 0.7638888890625 0.971875 0.79444444375 0.975 0.8027777781250001 0.96953125 0.83055555625 0.928125 0.83055555625 0.91875 0.8111111109375001 0.91875
7 0.834722221875 0.97890625 0.85555555625 0.978125 0.859722221875 0.975 0.875 0.94375 0.8763888890624999 0.925 0.8666666671875 0.92421875 0.8625 0.9265625 0.8486111109375001 0.94375 0.834722221875 0.9671875 0.834722221875 0.97890625
7 0.8791666671874999 0.79296875 0.877777778125 0.78828125 0.859722221875 0.78125 0.8486111109375001 0.78984375 0.85 0.79296875 0.8791666671874999 0.79296875
7 0.9041666671874999 0.79296875 0.9041666671874999 0.7875 0.8819444437499999 0.7890625 0.8819444437499999 0.79296875 0.890277778125 0.79296875 0.89444444375 0.796875 0.902777778125 0.796875 0.9041666671874999 0.79296875
7 0.91944444375 0.76796875 0.925 0.75 0.9069444437499999 0.74765625 0.8416666671874999 0.7453125 0.8388888890624999 0.75546875 0.8444444437499999 0.76796875 0.8611111109375 0.7703125 0.915277778125 0.7703125 0.91944444375 0.76796875
7 0.897222221875 0.67734375 0.89444444375 0.68359375 0.8763888890624999 0.6921875 0.8458333328125001 0.71640625 0.840277778125 0.734375 0.8458333328125001 0.7375 0.8875 0.7375 0.9166666671874999 0.74140625 0.9291666671875 0.73984375 0.9458333328125 0.70078125 0.952777778125 0.69296875 0.95555555625 0.68125 0.95 0.6765625 0.897222221875 0.67734375
4 0.665277778125 0.96015625 0.66805555625 0.9625 0.6944444437499999 0.96640625 0.7458333328125 0.96953125 0.752777778125 0.9609375 0.7486111109375 0.9578125 0.73194444375 0.95546875 0.7 0.95625 0.6736111109375 0.95390625 0.6666666671875 0.95625 0.665277778125 0.96015625
4 0.44444444375 0.06171875 0.45694444375 0.0546875 0.46666666718750005 0.0421875 0.48194444374999995 0.04375 0.49444444374999996 0.04140625 0.49583333281249997 0.03203125 0.48333333281249996 0.028125 0.4625 0.03125 0.447222221875 0.025 0.40138888906250003 0.02578125 0.39444444375 0.02890625 0.39027777812500003 0.0359375 0.3166666671875 0.05234375 0.29305555625 0.06171875 0.2833333328125 0.0625 0.28194444375 0.0671875 0.29444444375 0.0765625 0.30555555624999997 0.0796875 0.34305555625 0.0703125 0.41944444374999995 0.06640625 0.44444444375 0.06171875