2 0.42222222187499997 0.97578125 0.4625 0.97421875 0.46805555625000006 0.97109375 0.46805555625000006 0.96328125 0.425 0.96328125 0.41805555625 0.9671875 0.41805555625 0.97421875 0.42222222187499997 0.97578125
1 0.19583333281249998 0.6109375 0.18055555625 0.6140625 0.17361111093749998 0.6109375 0.14305555625 0.6109375 0.127777778125 0.615625 0.10555555624999999 0.6171875 0.102777778125 0.62421875 0.10694444375 0.6296875 0.2541666671875 0.628125 0.259722221875 0.63125 0.2611111109375 0.6421875 0.2708333328125 0.6328125 0.28611111093749997 0.625 0.2888888890625 0.6203125 0.2833333328125 0.61328125 0.290277778125 0.60625 0.28472222187499996 0.6046875 0.2625 0.61328125 0.24583333281250003 0.61484375 0.21944444375 0.61484375 0.2 0.61328125 0.19583333281249998 0.6109375
1 0.09305555625 0.5453125 0.08055555625000001 0.55 0.0861111109375 0.55703125 0.09305555625 0.5578125 0.13888888906250002 0.5578125 0.1583333328125 0.56015625 0.2125 0.5578125 0.22638888906250001 0.5625 0.22638888906250001 0.56953125 0.23055555625 0.5703125 0.2388888890625 0.5671875 0.24305555625 0.56171875 0.2513888890625 0.53203125 0.24305555625 0.53125 0.23611111093749998 0.5421875 0.2166666671875 0.54765625 0.16805555625 0.54375 0.09305555625 0.5453125
6 0.259722221875 0.2359375 0.2166666671875 0.23828125 0.197222221875 0.2453125 0.1875 0.26484375 0.15694444375 0.2703125 0.147222221875 0.30546875 0.1513888890625 0.31171875 0.16388888906250001 0.31875 0.16805555625 0.3390625 0.177777778125 0.34375 0.20694444375 0.3453125 0.22777777812500002 0.34296875 0.2375 0.3390625 0.2416666671875 0.3359375 0.2388888890625 0.315625 0.24722222187499998 0.30234375 0.25555555625 0.29921875 0.275 0.29765625 0.28194444375 0.29296875 0.2833333328125 0.27890625 0.2708333328125 0.27109375 0.27777777812500004 0.2625 0.27638888906250003 0.23828125 0.259722221875 0.2359375
6 0.1611111109375 0.42265625 0.18055555625 0.43125 0.19444444375 0.43359375 0.22777777812500002 0.43125 0.24305555625 0.42109375 0.25833333281250004 0.4046875 0.25833333281250004 0.346875 0.2541666671875 0.34375 0.22916666718749998 0.3453125 0.222222221875 0.3640625 0.215277778125 0.3671875 0.20555555625 0.36484375 0.1875 0.371875 0.1763888890625 0.3921875 0.1611111109375 0.4015625 0.1611111109375 0.42265625
7 0.1208333328125 0.16328125 0.1291666671875 0.1640625 0.1513888890625 0.15625 0.1513888890625 0.11015625 0.13055555624999998 0.1328125 0.127777778125 0.14375 0.1208333328125 0.15078125 0.1208333328125 0.16328125
7 0.10138888906250001 0.0265625 0.08333333281250001 0.0375 0.1166666671875 0.03828125 0.11805555625 0.0359375 0.1166666671875 0.0328125 0.10138888906250001 0.0265625
7 0.1263888890625 0.07578125 0.1208333328125 0.0703125 0.12222222187500001 0.05390625 0.1166666671875 0.0484375 0.1 0.0453125 0.08333333281250001 0.04609375 0.072222221875 0.0609375 0.072222221875 0.0765625 0.0861111109375 0.09296875 0.11944444375 0.09375 0.1263888890625 0.0828125 0.1263888890625 0.07578125
7 0.09305555625 0.10234375 0.08055555625000001 0.10390625 0.07083333281250001 0.13046875 0.07083333281250001 0.13671875 0.077777778125 0.14296875 0.08055555625000001 0.14375 0.102777778125 0.125 0.11388888906250001 0.1109375 0.11388888906250001 0.1046875 0.09305555625 0.10234375
7 0.27777777812500004 0.0765625 0.2666666671875 0.06953125 0.23194444375 0.06953125 0.2236111109375 0.07421875 0.18055555625 0.084375 0.17361111093749998 0.0890625 0.165277778125 0.1046875 0.15972222187500001 0.1078125 0.15555555625 0.1203125 0.15694444375 0.18203125 0.17361111093749998 0.1859375 0.1888888890625 0.1859375 0.19583333281249998 0.1828125 0.2166666671875 0.18359375 0.22638888906250001 0.1796875 0.22916666718749998 0.1703125 0.21805555625 0.1625 0.21805555625 0.153125 0.23611111093749998 0.14921875 0.25833333281250004 0.121875 0.28055555625 0.1140625 0.28055555625 0.10703125 0.27638888906250003 0.1046875 0.27777777812500004 0.0765625
7 0.052777778124999994 0.6578125 0.05694444375 0.6625 0.04305555625 0.671875 0.05 0.7078125 0.047222221875 0.71328125 0.052777778124999994 0.71875 0.06944444375 0.725 0.15555555625 0.72578125 0.16805555625 0.71875 0.172222221875 0.70234375 0.19305555624999998 0.6890625 0.1916666671875 0.67578125 0.1708333328125 0.66640625 0.172222221875 0.64140625 0.16805555625 0.63125 0.10694444375 0.63125 0.10138888906250001 0.61953125 0.0388888890625 0.62109375 0.04444444375 0.63515625 0.055555556250000006 0.64453125 0.052777778124999994 0.6578125
7 0.17916666718750002 0.53984375 0.1666666671875 0.5296875 0.1263888890625 0.521875 0.08194444375 0.5234375 0.0638888890625 0.5203125 0.015277778124999999 0.5203125 0.006944443749999999 0.53671875 0.006944443749999999 0.57265625 0.0208333328125 0.60546875 0.030555556249999997 0.6109375 0.11805555625 0.61171875 0.13194444375 0.60703125 0.15555555625 0.60625 0.18055555625 0.5953125 0.1833333328125 0.578125 0.16805555625 0.5625 0.1208333328125 0.5578125 0.115277778125 0.56015625 0.09305555625 0.55859375 0.08333333281250001 0.55625 0.08055555625000001 0.55234375 0.09305555625 0.54375 0.17916666718750002 0.54375 0.17916666718750002 0.53984375
7 0.2791666671875 0.00546875 0.272222221875 0.00078125 0.21944444375 0.00078125 0.21805555625 0.00703125 0.23333333281250002 0.01171875 0.26944444375 0.0125 0.2791666671875 0.00546875
7 0.17361111093749998 0.08125 0.1875 0.08203125 0.19583333281249998 0.07734375 0.2138888890625 0.075 0.23611111093749998 0.0671875 0.240277778125 0.0625 0.23611111093749998 0.040625 0.24722222187499998 0.03125 0.24305555625 0.028125 0.222222221875 0.025 0.20277777812500003 0.0265625 0.19444444375 0.03359375 0.16805555625 0.07421875 0.16805555625 0.078125 0.17361111093749998 0.08125
7 0.15972222187500001 0.01953125 0.1513888890625 0.01953125 0.14305555625 0.0234375 0.12222222187500001 0.0640625 0.12361111093749999 0.07421875 0.13055555624999998 0.07421875 0.14305555625 0.06171875 0.14444444375 0.0453125 0.1541666671875 0.03515625 0.15972222187500001 0.01953125
7 0.109722221875 0.20859375 0.11622069374999999 0.2102995984375 0.10694444375 0.203125 0.097222221875 0.20234375 0.09444444375 0.2125 0.109722221875 0.20859375
7 0.140277778125 0.21875 0.1513888890625 0.21328125 0.1513888890625 0.20703125 0.11875 0.20703125 0.1181892453125 0.21081634375 0.13055555624999998 0.2140625 0.134722221875 0.21875 0.140277778125 0.21875
7 0.0888888890625 0.22890625 0.08055555625000001 0.2328125 0.07638888906249999 0.25078125 0.1583333328125 0.2546875 0.15972222187500001 0.23828125 0.1541666671875 0.23203125 0.140277778125 0.2296875 0.13194444375 0.23125 0.0888888890625 0.22890625
7 0.09305555625 0.325 0.10138888906250001 0.32265625 0.10833333281249999 0.3125 0.1291666671875 0.309375 0.14305555625 0.29453125 0.1458333328125 0.28046875 0.15555555625 0.2734375 0.15694444375 0.2640625 0.06944444375 0.2609375 0.058333332812500006 0.278125 0.0513888890625 0.3046875 0.047222221875 0.3078125 0.047222221875 0.3234375 0.09305555625 0.325
4 0.109722221875 0.87421875 0.1 0.8734375 0.090277778125 0.87421875 0.109722221875 0.87421875
4 0.047222221875 0.86328125 0.0388888890625 0.865625 0.026388889062499997 0.87578125 0.075 0.875 0.084722221875 0.86953125 0.1111111109375 0.8625 0.10555555624999999 0.8609375 0.0916666671875 0.86328125 0.047222221875 0.86328125