1 0.8055555562500001 0.38984375 0.852777778125 0.38984375 0.8652777781250001 0.3890625 0.8736111109375001 0.38515625 0.89305555625 0.38515625 0.897222221875 0.3828125 0.89444444375 0.371875 0.8819444437499999 0.36953125 0.8625 0.371875 0.747222221875 0.371875 0.7402777781250001 0.36875 0.7402777781250001 0.36015625 0.734722221875 0.359375 0.727777778125 0.36875 0.7138888890625 0.375 0.7166666671875 0.3875 0.7111111109375 0.39375 0.7208333328125 0.39375 0.7361111109375 0.3875 0.7486111109375 0.3859375 0.7888888890625 0.38671875 0.8055555562500001 0.38984375
1 0.9083333328125001 0.4421875 0.7861111109375 0.44140625 0.777777778125 0.4375 0.7763888890625 0.43125 0.7666666671875 0.43046875 0.7611111109375 0.4328125 0.75 0.4515625 0.7486111109375 0.46796875 0.7541666671875 0.46875 0.765277778125 0.4578125 0.7791666671875 0.4546875 0.8458333328125001 0.45625 0.915277778125 0.45390625 0.91944444375 0.44765625 0.9083333328125001 0.4421875
6 0.8263888890625 0.5703125 0.809722221875 0.5671875 0.7916666671875 0.56640625 0.76944444375 0.56953125 0.7416666671875001 0.5953125 0.7416666671875001 0.65078125 0.7486111109375 0.65703125 0.76944444375 0.65546875 0.7791666671875 0.63671875 0.797222221875 0.6296875 0.8111111109375001 0.628125 0.8166666671874999 0.621875 0.8194444437499999 0.60625 0.8361111109375001 0.59921875 0.8388888890624999 0.57578125 0.8263888890625 0.5703125
6 0.7833333328125 0.76171875 0.7875 0.7578125 0.8027777781250001 0.753125 0.809722221875 0.73671875 0.8388888890624999 0.73125 0.8444444437499999 0.72734375 0.85 0.690625 0.83194444375 0.678125 0.83194444375 0.66015625 0.8166666671874999 0.6546875 0.7888888890625 0.65390625 0.7708333328125 0.65703125 0.7597222218749999 0.66328125 0.7611111109375 0.68203125 0.752777778125 0.696875 0.725 0.70234375 0.7166666671875 0.7078125 0.7180555562500001 0.7234375 0.73055555625 0.7296875 0.722222221875 0.7375 0.722222221875 0.74453125 0.725 0.76171875 0.73194444375 0.7640625 0.7833333328125 0.76171875
7 0.8791666671874999 0.8375 0.86944444375 0.83671875 0.8486111109375001 0.84375 0.85 0.865625 0.8458333328125001 0.88203125 0.85 0.88671875 0.86944444375 0.8671875 0.8791666671874999 0.8375
7 0.9166666671874999 0.9625 0.909722221875 0.96171875 0.902777778125 0.95625 0.9 0.9609375 0.8819444437499999 0.96171875 0.8819444437499999 0.9640625 0.8958333328125001 0.9703125 0.9166666671874999 0.9625
7 0.8791666671874999 0.93203125 0.877777778125 0.94453125 0.8819444437499999 0.95 0.8916666671875 0.95078125 0.902777778125 0.95546875 0.9166666671874999 0.953125 0.9277777781250001 0.940625 0.9277777781250001 0.92265625 0.91805555625 0.9078125 0.88055555625 0.90625 0.8708333328125001 0.921875 0.8791666671874999 0.93203125
7 0.9069444437499999 0.89765625 0.91944444375 0.89609375 0.9291666671875 0.8703125 0.9291666671875 0.8625 0.922222221875 0.85703125 0.91944444375 0.85625 0.8958333328125001 0.87578125 0.8861111109375001 0.8890625 0.8861111109375001 0.8953125 0.9069444437499999 0.89765625
7 0.76805555625 0.93046875 0.7986111109375 0.91953125 0.81805555625 0.915625 0.83194444375 0.9046875 0.8444444437499999 0.88125 0.8444444437499999 0.85546875 0.8333333328125001 0.85078125 0.834722221875 0.84765625 0.8430555562500001 0.8484375 0.8388888890624999 0.846875 0.8444444437499999 0.84453125 0.8444444437499999 0.83203125 0.840277778125 0.81953125 0.83055555625 0.815625 0.8083333328125001 0.8140625 0.777777778125 0.81875 0.772222221875 0.8296875 0.784722221875 0.8375 0.7833333328125 0.8484375 0.7708333328125 0.84921875 0.7611111109375 0.853125 0.7416666671875001 0.878125 0.725 0.88125 0.7194444437499999 0.8859375 0.7236111109375 0.8953125 0.722222221875 0.92421875 0.734722221875 0.93046875 0.76805555625 0.93046875
7 0.7763888890625 0.99296875 0.76805555625 0.9890625 0.702777778125 0.98046875 0.6625 0.97890625 0.6583333328125 0.9859375 0.6458333328125 0.99296875 0.647222221875 0.99921875 0.7763888890625 0.99921875 0.7763888890625 0.99296875
7 0.5111111109375 0.15625 0.5069444437499999 0.15703125 0.5111111109375 0.1609375 0.5166666671875 0.1609375 0.5166666671875 0.15859375 0.5111111109375 0.159375 0.5111111109375 0.15625
7 0.5166666671875 0.15625 0.51944444375 0.15546875 0.51805555625 0.15390625 0.5166666671875 0.15625
7 0.4916666671875 0 0.4861111109375 0.01796875 0.50555555625 0.02578125 0.5513888890625 0.02578125 0.5555555562500001 0.028125 0.5555555562500001 0.053125 0.5458333328125 0.0609375 0.4986111109375 0.0640625 0.47222222187499996 0.05703125 0.44444444375 0.05859375 0.42222222187499997 0.05546875 0.415277778125 0.05546875 0.3986111109375 0.06171875 0.34861111093749997 0.0609375 0.3458333328125 0.0640625 0.352777778125 0.0671875 0.40416666718750005 0.06875 0.41111111093749997 0.07265625 0.44166666718750003 0.075 0.44444444375 0.07734375 0.45 0.09453125 0.4486111109375 0.10390625 0.44305555625000004 0.10703125 0.3958333328125 0.1078125 0.377777778125 0.12578125 0.38194444375000003 0.14140625 0.4166666671875 0.14140625 0.4291666671875 0.1375 0.48194444374999995 0.13046875 0.4916666671875 0.1265625 0.5166666671875 0.125 0.51944444375 0.12109375 0.5319444437499999 0.12265625 0.540277778125 0.11796875 0.5666666671875 0.1203125 0.6319444437499999 0.11640625 0.627777778125 0.08984375 0.622222221875 0.08515625 0.60555555625 0.0375 0.597222221875 0.02734375 0.58194444375 0.02265625 0.5763888890625 0.01328125 0.5555555562500001 0.01171875 0.5611111109375 0.00546875 0.559722221875 0 0.5486111109375 0 0.54444444375 0.003125 0.5291666671875 0.0046875 0.51944444375 0 0.4916666671875 0
7 0.43194444374999996 0.21484375 0.44444444375 0.21953125 0.44444444375 0.22890625 0.4361111109375 0.23671875 0.43194444374999996 0.2796875 0.40694444374999994 0.2984375 0.40694444374999994 0.31796875 0.41111111093749997 0.32421875 0.44305555625000004 0.3390625 0.4583333328125 0.35546875 0.477777778125 0.3625 0.497222221875 0.36640625 0.5319444437499999 0.3640625 0.5527777781250001 0.36171875 0.5722222218749999 0.35390625 0.5930555562500001 0.3375 0.6083333328125 0.31796875 0.64305555625 0.2921875 0.6486111109375 0.28359375 0.665277778125 0.275 0.6708333328125 0.2609375 0.6861111109375 0.25546875 0.6708333328125 0.24609375 0.66805555625 0.23125 0.6416666671875 0.22265625 0.6541666671875 0.2203125 0.6583333328125 0.21328125 0.6541666671875 0.19921875 0.6569444437499999 0.17421875 0.65 0.16171875 0.609722221875 0.171875 0.5986111109375 0.16875 0.5638888890625 0.16875 0.5458333328125 0.1703125 0.5333333328125 0.17421875 0.5138888890625 0.17421875 0.4986111109375 0.178125 0.477777778125 0.17421875 0.4763888890625 0.16171875 0.47222222187499996 0.15859375 0.46388888906250003 0.1578125 0.4236111109375 0.1640625 0.43194444374999996 0.19765625 0.43194444374999996 0.21484375
7 0.925 0.37890625 0.9611111109375001 0.3796875 0.9625 0.375 0.95555555625 0.3640625 0.9444444437499999 0.35546875 0.9486111109375001 0.34453125 0.9444444437499999 0.33515625 0.95694444375 0.32890625 0.952777778125 0.29140625 0.9444444437499999 0.28125 0.9013888890624999 0.275 0.8458333328125001 0.27421875 0.8388888890624999 0.275 0.83055555625 0.28046875 0.8208333328125 0.28125 0.8236111109375001 0.296875 0.80694444375 0.30390625 0.80694444375 0.32421875 0.834722221875 0.3328125 0.85 0.3546875 0.85 0.36875 0.8708333328125001 0.3671875 0.89305555625 0.36953125 0.9013888890624999 0.38125 0.925 0.37890625
7 0.8222222218749999 0.4578125 0.8222222218749999 0.4625 0.8291666671875 0.46796875 0.8736111109375001 0.4765625 0.9333333328125001 0.4765625 0.9666666671874999 0.47421875 0.9916666671875 0.465625 0.9930555562500001 0.42578125 0.9861111109375 0.41640625 0.98055555625 0.3953125 0.9736111109375001 0.38984375 0.9638888890624999 0.38828125 0.9388888890624999 0.3890625 0.9277777781250001 0.3921875 0.91944444375 0.3890625 0.890277778125 0.3875 0.8652777781250001 0.39609375 0.847222221875 0.39375 0.827777778125 0.4 0.8194444437499999 0.4 0.815277778125 0.41875 0.8208333328125 0.43046875 0.8291666671875 0.4375 0.872222221875 0.44140625 0.8708333328125001 0.45546875 0.8222222218749999 0.4578125
7 0.7638888890625 0.93359375 0.7597222218749999 0.93828125 0.76805555625 0.94921875 0.76805555625 0.95546875 0.7611111109375 0.96171875 0.7597222218749999 0.96875 0.7666666671875 0.971875 0.79305555625 0.9734375 0.8041666671875 0.96796875 0.83055555625 0.92890625 0.83055555625 0.91875 0.8125 0.91796875 0.7638888890625 0.93359375
7 0.8541666671874999 0.978125 0.859722221875 0.9734375 0.875 0.94609375 0.8791666671874999 0.93125 0.8763888890624999 0.92578125 0.86944444375 0.925 0.85694444375 0.9390625 0.85555555625 0.953125 0.840277778125 0.9796875 0.8541666671874999 0.978125
7 0.88055555625 0.7890625 0.8680555562500001 0.7859375 0.8638888890624999 0.78203125 0.847222221875 0.78828125 0.8486111109375001 0.79296875 0.859722221875 0.79375 0.875 0.79296875 0.88055555625 0.7890625
7 0.9041666671874999 0.7890625 0.8861111109375001 0.79140625 0.8833333328125 0.78828125 0.8819444437499999 0.790625 0.8986111109375001 0.79765625 0.9041666671874999 0.79609375 0.8986111109375001 0.790625 0.9041666671874999 0.7890625
7 0.91944444375 0.76640625 0.925 0.75 0.9125 0.7484375 0.8416666671874999 0.7453125 0.840277778125 0.7640625 0.8444444437499999 0.76796875 0.8611111109375 0.7703125 0.9138888890624999 0.7703125 0.91944444375 0.76640625
7 0.890277778125 0.68828125 0.8819444437499999 0.69296875 0.86944444375 0.6953125 0.8611111109375 0.70234375 0.8541666671874999 0.71796875 0.8444444437499999 0.72578125 0.8444444437499999 0.7375 0.9305555562500001 0.7390625 0.952777778125 0.69140625 0.9541666671875 0.68046875 0.9444444437499999 0.6765625 0.8986111109375001 0.67734375 0.890277778125 0.68828125
4 0.7 0.9640625 0.70694444375 0.9671875 0.7569444437499999 0.96953125 0.7569444437499999 0.96484375 0.75 0.9640625 0.7388888890625 0.95703125 0.6972222218749999 0.94453125 0.6666666671875 0.9453125 0.659722221875 0.95234375 0.6611111109375 0.96015625 0.7 0.9640625
4 0.652777778125 0.15546875 0.6541666671875 0.15 0.66944444375 0.14921875 0.6791666671875001 0.13984375 0.6611111109375 0.13828125 0.6513888890625 0.14140625 0.5888888890625 0.1453125 0.5138888890625 0.15390625 0.5069444437499999 0.15703125 0.51805555625 0.15703125 0.51805555625 0.1625 0.4763888890625 0.16875 0.47222222187499996 0.17421875 0.51805555625 0.17421875 0.5638888890625 0.16796875 0.61944444375 0.16875 0.64305555625 0.1625 0.652777778125 0.15546875
4 0.8833333328125 0.08046875 0.83194444375 0.0828125 0.83194444375 0.08671875 0.8361111109375001 0.09375 0.8666666671875 0.0953125 0.9138888890624999 0.0921875 0.9375 0.08671875 0.9541666671875 0.0859375 0.952777778125 0.08046875 0.9375 0.07890625 0.9291666671875 0.075 0.8888888890625 0.07734375 0.8833333328125 0.08046875