0 0.48671875 0.7805555562500001 0.490625 0.79305555625 0.49453125 0.79305555625 0.49453125 0.73055555625 0.49375 0.7236111109375 0.490625 0.722222221875 0.48359375 0.73194444375 0.48203125 0.747222221875 0.48671875 0.7805555562500001
0 0.6140625 0.7486111109375 0.5671875 0.727777778125 0.56328125 0.7236111109375 0.5609375 0.709722221875 0.55078125 0.6944444437499999 0.54296875 0.6944444437499999 0.534375 0.7083333328125 0.5234375 0.7111111109375 0.52109375 0.73055555625 0.5203125 0.8458333328125001 0.521875 0.85694444375 0.53984375 0.8888888890625 0.54609375 0.89444444375 0.5703125 0.8986111109375001 0.575 0.902777778125 0.62109375 0.9111111109375001 0.621875 0.9 0.62578125 0.8986111109375001 0.6296875 0.9138888890624999 0.6390625 0.9138888890624999 0.6625 0.9041666671874999 0.6671875 0.89444444375 0.66875 0.8791666671874999 0.66875 0.7805555562500001 0.6625 0.7736111109375 0.646875 0.7666666671875 0.64453125 0.752777778125 0.63984375 0.74444444375 0.63203125 0.74444444375 0.6296875 0.752777778125 0.63046875 0.7819444437499999 0.628125 0.8027777781250001 0.63046875 0.8125 0.63046875 0.89305555625 0.61953125 0.8986111109375001 0.615625 0.852777778125 0.6140625 0.7486111109375
2 0.9765625 0.575 0.98125 0.575 0.98671875 0.56805555625 0.9859375 0.527777778125 0.98203125 0.522222221875 0.975 0.522222221875 0.9671875 0.5319444437499999 0.96953125 0.5527777781250001 0.9765625 0.575
1 0.615625 0.7486111109375 0.615625 0.8444444437499999 0.61796875 0.8611111109375 0.61796875 0.8879625000000001 0.615625 0.8986111109375001 0.62265625 0.9 0.63046875 0.89444444375 0.628125 0.8652777781250001 0.6296875 0.809722221875 0.62734375 0.7986111109375 0.6296875 0.74444444375 0.6421875 0.7416666671875001 0.64296875 0.7333333328125 0.63203125 0.727777778125 0.62421875 0.7111111109375 0.6203125 0.7111111109375 0.6171875 0.7194444437499999 0.59921875 0.7111111109375 0.5984375 0.7208333328125 0.60859375 0.73194444375 0.615625 0.7486111109375
6 0.21953125 0.772222221875 0.22109375 0.725 0.21796875 0.7236111109375 0.2125 0.7388888890625 0.21171875 0.7875 0.2140625 0.7916666671875 0.21796875 0.7916666671875 0.21953125 0.772222221875
6 0.21796875 0.79444444375 0.215625 0.7958333328125 0.215625 0.8027777781250001 0.21796875 0.8027777781250001 0.21796875 0.79444444375
6 0.21875 0.8194444437499999 0.215625 0.8166666671874999 0.21796875 0.8083333328125001 0.21328125 0.8111111109375001 0.21640625 0.83194444375 0.21875 0.83194444375 0.21875 0.8194444437499999
6 0.25703125 0.722222221875 0.25 0.734722221875 0.25 0.75555555625 0.24609375 0.7597222218749999 0.23671875 0.7569444437499999 0.23359375 0.765277778125 0.23125 0.8208333328125 0.2390625 0.8291666671875 0.24375 0.8861111109375001 0.25 0.89444444375 0.27421875 0.9041666671874999 0.2875 0.9055555562500001 0.29375 0.902777778125 0.29765625 0.8958333328125001 0.30078125 0.8583333328125 0.31171875 0.8444444437499999 0.31640625 0.83055555625 0.3125 0.8222222218749999 0.31171875 0.775 0.30546875 0.7611111109375 0.29609375 0.7569444437499999 0.28828125 0.7611111109375 0.28359375 0.7805555562500001 0.278125 0.7833333328125 0.27109375 0.76805555625 0.26875 0.7333333328125 0.2625 0.7236111109375 0.25703125 0.722222221875
7 0.109375 0.8416666671874999 0.14453125 0.8444444437499999 0.14765625 0.8333333328125001 0.1515625 0.840277778125 0.1609375 0.8444444437499999 0.18125 0.8444444437499999 0.1828125 0.840277778125 0.18359375 0.8208333328125 0.16875 0.8027777781250001 0.1625 0.7861111109375 0.15078125 0.7833333328125 0.1453125 0.7583333328124999 0.121875 0.7416666671875001 0.1171875 0.722222221875 0.09375 0.722222221875 0.0890625 0.73194444375 0.0859375 0.7513888890625 0.0734375 0.76944444375 0.084375 0.81805555625 0.0890625 0.8263888890625 0.109375 0.8416666671874999
7 0.00078125 0.6611111109375 0.00078125 0.73194444375 0.01015625 0.7416666671875001 0.01328125 0.7388888890625 0.01796875 0.722222221875 0.02109375 0.659722221875 0.00078125 0.6611111109375
7 0.0921875 0.702777778125 0.084375 0.6916666671875 0.0796875 0.6777777781250001 0.075 0.672222221875 0.0578125 0.66944444375 0.04609375 0.64444444375 0.0421875 0.64444444375 0.03125 0.7111111109375 0.03046875 0.7541666671875 0.0578125 0.76805555625 0.06953125 0.76805555625 0.08203125 0.7541666671875 0.0921875 0.715277778125 0.0921875 0.702777778125
7 0.00703125 0.777777778125 0.01171875 0.765277778125 0.01171875 0.7458333328125 0.00078125 0.7458333328125 0.00078125 0.772222221875 0.00703125 0.777777778125
7 0.0703125 0.790277778125 0.06796875 0.7708333328125 0.05546875 0.76944444375 0.03203125 0.7569444437499999 0.028125 0.7611111109375 0.02578125 0.79444444375 0.03046875 0.8027777781250001 0.071875 0.83055555625 0.08046875 0.83055555625 0.08046875 0.809722221875 0.07578125 0.7958333328125 0.0703125 0.790277778125
7 0.0578125 0.85694444375 0.053125 0.85694444375 0.04375 0.8444444437499999 0.0265625 0.8361111109375001 0.021875 0.840277778125 0.02109375 0.85 0.025 0.85555555625 0.03671875 0.8611111109375 0.04375 0.86944444375 0.0640625 0.877777778125 0.07421875 0.8736111109375001 0.075 0.8708333328125001 0.0578125 0.85694444375
7 0.140625 0.8486111109375001 0.11796875 0.85 0.11953125 0.85694444375 0.13359375 0.86944444375 0.14375 0.872222221875 0.1515625 0.88055555625 0.16171875 0.877777778125 0.16328125 0.8611111109375 0.15859375 0.8486111109375001 0.14765625 0.8444444437499999 0.140625 0.8486111109375001
7 0.10234375 0.9069444437499999 0.103125 0.91944444375 0.1265625 0.9291666671875 0.13984375 0.9291666671875 0.14375 0.9236111109375 0.14453125 0.91944444375 0.12421875 0.8958333328125001 0.1109375 0.8861111109375001 0.10546875 0.8875 0.10234375 0.9069444437499999
4 0.79765625 0.722222221875 0.8015625 0.7708333328125 0.8078125 0.76944444375 0.81484375 0.7388888890625 0.81484375 0.7236111109375 0.80703125 0.6972222218749999 0.81875 0.6666666671875 0.81171875 0.6569444437499999 0.81171875 0.6666666671875 0.8046875 0.68194444375 0.80234375 0.68194444375 0.79609375 0.6555555562500001 0.79453125 0.652777778125 0.790625 0.6611111109375 0.78828125 0.652777778125 0.7875 0.6569444437499999 0.79921875 0.6986111109375 0.79765625 0.722222221875