2 0.025 0.41944444374999995 0.025 0.4583333328125 0.03046875 0.46805555625000006 0.03671875 0.46805555625000006 0.0390625 0.46388888906250003 0.0375 0.427777778125 0.034375 0.41944444374999995 0.025 0.41944444374999995
1 0.3890625 0.15277777812499999 0.3859375 0.1416666671875 0.38515625 0.1111111109375 0.38046875 0.102777778125 0.37265625 0.102777778125 0.36953125 0.10833333281249999 0.37265625 0.16944444375 0.37265625 0.24583333281250003 0.36875 0.259722221875 0.3609375 0.259722221875 0.359375 0.26527777812500003 0.36796875 0.2708333328125 0.375 0.28472222187499996 0.3859375 0.28194444375 0.39375 0.290277778125 0.39375 0.27777777812500004 0.38671875 0.26527777812500003 0.38515625 0.23472222187499997 0.384375 0.15694444375 0.3890625 0.15277777812499999
1 0.4390625 0.24305555625 0.45546875 0.24722222187499998 0.4546875 0.084722221875 0.4515625 0.08194444375 0.44296875 0.0861111109375 0.4421875 0.215277778125 0.43671875 0.22777777812500002 0.43125 0.22638888906250001 0.43046875 0.23472222187499997 0.4390625 0.24305555625
6 0.76171875 0.21805555625 0.75234375 0.19444444375 0.73515625 0.1875 0.73046875 0.1583333328125 0.70546875 0.15 0.69140625 0.15 0.68125 0.16388888906250001 0.6734375 0.16388888906250001 0.665625 0.1708333328125 0.6609375 0.16805555625 0.65703125 0.17361111093749998 0.65625 0.21944444375 0.6625 0.240277778125 0.67421875 0.24305555625 0.68203125 0.2388888890625 0.69765625 0.24722222187499998 0.70078125 0.25555555625 0.70234375 0.275 0.71171875 0.28472222187499996 0.72109375 0.2833333328125 0.7296875 0.2708333328125 0.73671875 0.27777777812500004 0.7625 0.275 0.7640625 0.23472222187499997 0.76171875 0.21805555625
6 0.60625 0.17361111093749998 0.5984375 0.15972222187500001 0.57578125 0.1611111109375 0.56875 0.18055555625 0.56640625 0.19583333281249998 0.5671875 0.21805555625 0.5765625 0.240277778125 0.58359375 0.24722222187499998 0.60078125 0.259722221875 0.65078125 0.25833333281250004 0.65625 0.2541666671875 0.65703125 0.2388888890625 0.6546875 0.22916666718749998 0.63671875 0.222222221875 0.6328125 0.2138888890625 0.63671875 0.20555555625 0.63671875 0.1916666671875 0.60625 0.17361111093749998
7 0.89296875 0.15277777812499999 0.8734375 0.134722221875 0.85 0.12222222187500001 0.84375 0.12222222187500001 0.83984375 0.1291666671875 0.8390625 0.1375 0.84375 0.1513888890625 0.86171875 0.15 0.87890625 0.15555555625 0.89296875 0.15277777812499999
7 0.9625 0.11805555625 0.96640625 0.115277778125 0.96875 0.10694444375 0.96875 0.097222221875 0.96640625 0.09305555625 0.9625 0.0888888890625 0.9625 0.11805555625
7 0.940625 0.072222221875 0.9234375 0.072222221875 0.90703125 0.0861111109375 0.90625 0.11944444375 0.9140625 0.1263888890625 0.94765625 0.12222222187500001 0.95390625 0.1041666671875 0.95390625 0.08333333281250001 0.940625 0.072222221875
7 0.875 0.072222221875 0.86171875 0.072222221875 0.8578125 0.077777778125 0.8578125 0.08333333281250001 0.875 0.102777778125 0.8890625 0.11388888906250001 0.8953125 0.11388888906250001 0.896875 0.08055555625000001 0.875 0.072222221875
7 0.92578125 0.2236111109375 0.915625 0.18055555625 0.909375 0.172222221875 0.87890625 0.15555555625 0.85625 0.15555555625 0.85234375 0.1611111109375 0.84296875 0.15555555625 0.81953125 0.15555555625 0.815625 0.1708333328125 0.8140625 0.184722221875 0.8203125 0.22638888906250001 0.83203125 0.22916666718749998 0.8375 0.21805555625 0.846875 0.21805555625 0.85078125 0.23611111093749998 0.878125 0.25833333281250004 0.88125 0.275 0.88671875 0.28055555625 0.89609375 0.27638888906250003 0.921875 0.2791666671875 0.93046875 0.26805555625 0.93046875 0.23194444375 0.92578125 0.2236111109375
7 0.99453125 0.2791666671875 0.99921875 0.275 0.99921875 0.21944444375 0.99296875 0.21805555625 0.98828125 0.23472222187499997 0.9875 0.2708333328125 0.99453125 0.2791666671875
7 0.92265625 0.197222221875 0.925 0.215277778125 0.93515625 0.2388888890625 0.96015625 0.2388888890625 0.96953125 0.24722222187499998 0.971875 0.24305555625 0.975 0.2236111109375 0.9734375 0.20277777812500003 0.928125 0.16944444375 0.92265625 0.16805555625 0.91875 0.17361111093749998 0.91875 0.1916666671875 0.92265625 0.197222221875
7 0.9671875 0.15555555625 0.98046875 0.15972222187500001 0.9765625 0.14305555625 0.940625 0.125 0.9328125 0.1361111109375 0.9328125 0.12222222187500001 0.92578125 0.12361111093749999 0.92578125 0.13055555624999998 0.9375 0.14305555625 0.95546875 0.1458333328125 0.9671875 0.15555555625
7 0.7921875 0.1111111109375 0.7859375 0.1208333328125 0.7859375 0.1291666671875 0.78125 0.134722221875 0.78125 0.140277778125 0.784375 0.14305555625 0.7859375 0.1513888890625 0.790625 0.15277777812499999 0.79375 0.1458333328125 0.79296875 0.1166666671875 0.796875 0.10833333281249999 0.79765625 0.097222221875 0.7875 0.09444444375 0.7921875 0.1111111109375
7 0.74921875 0.07638888906249999 0.7453125 0.1583333328125 0.76484375 0.1583333328125 0.76875 0.1541666671875 0.7703125 0.140277778125 0.77109375 0.0916666671875 0.76640625 0.08055555625000001 0.74921875 0.07638888906249999
7 0.675 0.09305555625 0.68046875 0.1041666671875 0.6875 0.10833333281249999 0.69140625 0.1208333328125 0.6890625 0.1291666671875 0.7015625 0.140277778125 0.71953125 0.147222221875 0.72578125 0.15555555625 0.73671875 0.15555555625 0.73828125 0.06805555625000001 0.68203125 0.04444444375 0.67734375 0.0458333328125 0.6765625 0.052777778124999994 0.675 0.09305555625
4 0.50703125 0.1861111109375 0.50625 0.26805555625 0.5125 0.2611111109375 0.51640625 0.26944444375 0.51171875 0.27777777812500004 0.51171875 0.28194444375 0.51484375 0.2833333328125 0.5171875 0.2708333328125 0.51171875 0.25833333281250004 0.51171875 0.240277778125 0.51640625 0.222222221875 0.51640625 0.20833333281250002 0.5109375 0.197222221875 0.51015625 0.1875 0.50703125 0.1861111109375
4 0.45859375 0.2708333328125 0.465625 0.275 0.46953125 0.26805555625 0.4671875 0.2541666671875 0.4703125 0.23194444375 0.4703125 0.20277777812500003 0.46640625 0.18194444375000002 0.4625 0.18194444375000002 0.45703125 0.197222221875 0.45625 0.2416666671875 0.4609375 0.25833333281250004 0.45859375 0.2708333328125