2 0.5305555562500001 0.03125 0.5319444437499999 0.0375 0.55694444375 0.0390625 0.5791666671875 0.0359375 0.58055555625 0.025 0.540277778125 0.025 0.5305555562500001 0.03125
1 0.8888888890625 0.38515625 0.89444444375 0.3828125 0.8958333328125001 0.3734375 0.8833333328125 0.3703125 0.8416666671874999 0.37265625 0.7458333328125 0.37265625 0.7388888890625 0.36875 0.7402777781250001 0.359375 0.7361111109375 0.3578125 0.727777778125 0.36875 0.7138888890625 0.37578125 0.7166666671875 0.38671875 0.709722221875 0.39453125 0.7166666671875 0.3953125 0.7375 0.38671875 0.8166666671874999 0.38515625 0.847222221875 0.3875 0.8888888890625 0.38515625
1 0.784722221875 0.45234375 0.827777778125 0.45625 0.8611111109375 0.45390625 0.915277778125 0.4546875 0.9125 0.44296875 0.7833333328125 0.4421875 0.772222221875 0.4375 0.7736111109375 0.43125 0.765277778125 0.43046875 0.7569444437499999 0.43828125 0.7569444437499999 0.44609375 0.7486111109375 0.4609375 0.7611111109375 0.4609375 0.7611111109375 0.46328125 0.7583333328124999 0.4671875 0.7486111109375 0.46796875 0.7583333328124999 0.46796875 0.772222221875 0.4546875 0.784722221875 0.45234375
6 0.7875 0.7609375 0.8027777781250001 0.75546875 0.8083333328125001 0.75 0.809722221875 0.73671875 0.8194444437499999 0.7328125 0.8416666671874999 0.73046875 0.85 0.7046875 0.85 0.69140625 0.834722221875 0.68125 0.83194444375 0.66171875 0.8222222218749999 0.65625 0.777777778125 0.65625 0.7583333328124999 0.66328125 0.7583333328124999 0.6859375 0.752777778125 0.69765625 0.727777778125 0.70234375 0.715277778125 0.71171875 0.7166666671875 0.721875 0.727777778125 0.7296875 0.7208333328125 0.73828125 0.725 0.7625 0.765277778125 0.7640625 0.7805555562500001 0.7609375 0.7861111109375 0.76484375 0.7875 0.7609375
6 0.8263888890625 0.60546875 0.840277778125 0.5984375 0.8388888890624999 0.57578125 0.8194444437499999 0.56875 0.8041666671875 0.56640625 0.7805555562500001 0.5671875 0.7569444437499999 0.57890625 0.7416666671875001 0.5984375 0.7402777781250001 0.60546875 0.7416666671875001 0.65 0.7458333328125 0.65625 0.76944444375 0.65546875 0.7763888890625 0.64609375 0.7763888890625 0.63671875 0.7805555562500001 0.634375 0.797222221875 0.6375 0.809722221875 0.63671875 0.8263888890625 0.60546875
7 0.86944444375 0.84296875 0.8652777781250001 0.83984375 0.8486111109375001 0.84375 0.8486111109375001 0.8768226562500001 0.85694444375 0.878125 0.8541666671874999 0.88203125 0.847222221875 0.88203125 0.8458333328125001 0.89296875 0.852777778125 0.89140625 0.8583333328125 0.8765625 0.8680555562500001 0.86875 0.8791666671874999 0.84921875 0.877777778125 0.84375 0.86944444375 0.84296875
7 0.9277777781250001 0.93828125 0.9277777781250001 0.92265625 0.91944444375 0.909375 0.9138888890624999 0.90625 0.88055555625 0.90625 0.8708333328125001 0.921875 0.88055555625 0.9515625 0.9069444437499999 0.9578125 0.9 0.9625 0.8819444437499999 0.96171875 0.8833333328125 0.9671875 0.897222221875 0.9734375 0.9138888890624999 0.9625 0.9083333328125001 0.9609375 0.9083333328125001 0.95625 0.91805555625 0.953125 0.9277777781250001 0.93828125
7 0.8861111109375001 0.8953125 0.9069444437499999 0.89765625 0.91944444375 0.89609375 0.9291666671875 0.871875 0.9277777781250001 0.8609375 0.91944444375 0.85703125 0.9111111109375001 0.8625 0.89444444375 0.878125 0.8861111109375001 0.8890625 0.8861111109375001 0.8953125
7 0.7208333328125 0.921875 0.73194444375 0.93046875 0.7666666671875 0.93046875 0.7736111109375 0.9265625 0.81805555625 0.915625 0.827777778125 0.909375 0.8444444437499999 0.88515625 0.8444444437499999 0.85703125 0.8361111109375001 0.8515625 0.8444444437499999 0.840625 0.8444444437499999 0.81875 0.8263888890625 0.815625 0.80694444375 0.8140625 0.797222221875 0.81796875 0.7791666671875 0.81875 0.7736111109375 0.821875 0.7708333328125 0.83203125 0.7819444437499999 0.8375 0.7819444437499999 0.84609375 0.777777778125 0.84921875 0.7638888890625 0.85078125 0.7416666671875001 0.87890625 0.725 0.88125 0.7194444437499999 0.88671875 0.7236111109375 0.89609375 0.7208333328125 0.921875
7 0.7111111109375 0.26171875 0.7194444437499999 0.2671875 0.73194444375 0.2703125 0.76944444375 0.26875 0.79305555625 0.25234375 0.827777778125 0.23515625 0.834722221875 0.21328125 0.8263888890625 0.1890625 0.8111111109375001 0.18125 0.8083333328125001 0.1703125 0.8027777781250001 0.17421875 0.7486111109375 0.17265625 0.73194444375 0.1765625 0.734722221875 0.1890625 0.7291666671875 0.19921875 0.6986111109375 0.209375 0.6958333328124999 0.2125 0.6972222218749999 0.2171875 0.70555555625 0.21875 0.7138888890625 0.2265625 0.7194444437499999 0.2546875 0.7111111109375 0.26171875
7 0.7208333328125 0.99140625 0.7208333328125 0.99921875 0.7805555562500001 0.99921875 0.7819444437499999 0.9921875 0.76944444375 0.9890625 0.7291666671875 0.9875 0.7208333328125 0.99140625
7 0.7986111109375 0.92421875 0.784722221875 0.92890625 0.76944444375 0.93046875 0.7611111109375 0.93515625 0.7611111109375 0.953125 0.75 0.96953125 0.7736111109375 0.975 0.7986111109375 0.9734375 0.83055555625 0.928125 0.83194444375 0.9234375 0.8263888890625 0.91875 0.8111111109375001 0.91796875 0.7986111109375 0.92421875
7 0.8736111109375001 0.92734375 0.86944444375 0.92578125 0.8486111109375001 0.9515625 0.8388888890624999 0.97421875 0.840277778125 0.98046875 0.85555555625 0.978125 0.8736111109375001 0.946875 0.8736111109375001 0.92734375
7 0.847222221875 0.79140625 0.8708333328125001 0.7953125 0.8861111109375001 0.79140625 0.8888888890625 0.7875 0.8847222218749999 0.7859375 0.86944444375 0.78515625 0.8611111109375 0.77890625 0.8583333328125 0.78359375 0.8486111109375001 0.7859375 0.847222221875 0.79140625
7 0.8951077937499999 0.7924207078125 0.8861111109375001 0.7953125 0.902777778125 0.7984375 0.9055555562500001 0.79609375 0.8951077937499999 0.7924207078125
7 0.91944444375 0.765625 0.9277777781250001 0.75078125 0.925 0.74921875 0.840277778125 0.7453125 0.840277778125 0.76328125 0.8458333328125001 0.76875 0.8583333328125 0.7703125 0.9069444437499999 0.77109375 0.91944444375 0.765625
7 0.95555555625 0.6828125 0.9541666671875 0.67890625 0.9444444437499999 0.6765625 0.9083333328125001 0.675 0.8986111109375001 0.67734375 0.8916666671875 0.6875 0.8819444437499999 0.690625 0.872222221875 0.6890625 0.85555555625 0.7078125 0.852777778125 0.71953125 0.8444444437499999 0.72578125 0.8444444437499999 0.73671875 0.9236111109375 0.73984375 0.93194444375 0.7375 0.9416666671874999 0.721875 0.9458333328125 0.70078125 0.95555555625 0.6828125