2 0.5513888890625 0.03125 0.5722222218749999 0.025 0.5722222218749999 0.015625 0.5666666671875 0.0125 0.5319444437499999 0.01328125 0.5236111109375 0.01640625 0.522222221875 0.025 0.5333333328125 0.0328125 0.5513888890625 0.03125
1 0.7458333328125 0.35703125 0.74444444375 0.36015625 0.730921053125 0.3631990140625 0.7291666671875 0.36640625 0.7138888890625 0.375 0.7194444437499999 0.38828125 0.7111111109375 0.40078125 0.7194444437499999 0.4015625 0.7333333328125 0.38828125 0.74444444375 0.38515625 0.89444444375 0.3828125 0.8986111109375001 0.38046875 0.8958333328125001 0.3703125 0.7458333328125 0.371875 0.7458333328125 0.35703125
1 0.9166666671874999 0.45390625 0.9166666671874999 0.4421875 0.7763888890625 0.43984375 0.7708333328125 0.4375 0.7736111109375 0.42734375 0.76944444375 0.42734375 0.7611111109375 0.43125 0.7569444437499999 0.4375 0.75 0.45234375 0.7486111109375 0.46875 0.7583333328124999 0.46796875 0.7666666671875 0.4546875 0.7833333328125 0.4515625 0.8208333328125 0.45234375 0.827777778125 0.4546875 0.9166666671874999 0.45390625
7 0.8444444437499999 0.884375 0.8458333328125001 0.8609375 0.840277778125 0.853125 0.8444444437499999 0.8421875 0.8430555562500001 0.81875 0.8138888890624999 0.81953125 0.7833333328125 0.8484375 0.765277778125 0.85 0.7583333328124999 0.8546875 0.7416666671875001 0.87734375 0.7236111109375 0.88203125 0.7194444437499999 0.88671875 0.7208333328125 0.921875 0.7333333328125 0.93046875 0.76805555625 0.9296875 0.7791666671875 0.925 0.815277778125 0.9171875 0.8263888890625 0.9109375 0.8444444437499999 0.884375
7 0.85 0.88203125 0.85694444375 0.88125 0.86944444375 0.86640625 0.8708333328125001 0.85703125 0.8791666671874999 0.85 0.8791666671874999 0.84140625 0.875 0.8390625 0.8541666671874999 0.8390625 0.847222221875 0.84375 0.8458333328125001 0.87578125 0.85 0.88203125
7 0.9263888890624999 0.85703125 0.91805555625 0.85703125 0.8958333328125001 0.875 0.8861111109375001 0.88828125 0.8861111109375001 0.89453125 0.91944444375 0.89609375 0.9291666671875 0.8734375 0.9263888890624999 0.85703125
7 0.91805555625 0.90625 0.9111111109375001 0.90546875 0.9055555562500001 0.90078125 0.897222221875 0.90625 0.8819444437499999 0.90546875 0.8736111109375001 0.91640625 0.872222221875 0.9234375 0.8791666671874999 0.93046875 0.8791666671874999 0.946875 0.8833333328125 0.95078125 0.8958333328125001 0.95390625 0.91805555625 0.95234375 0.9277777781250001 0.9390625 0.9291666671875 0.92578125 0.91805555625 0.90625
7 0.8333333328125001 0.7421875 0.834722221875 0.73828125 0.83194444375 0.7375 0.8333333328125001 0.7421875
7 0.902777778125 0.796875 0.9055555562500001 0.78828125 0.8958333328125001 0.78828125 0.89305555625 0.7921875 0.8847222218749999 0.79296875 0.902777778125 0.796875
7 0.8486111109375001 0.76796875 0.8819444437499999 0.77109375 0.91805555625 0.76796875 0.9277777781250001 0.7515625 0.9263888890624999 0.74453125 0.8430555562500001 0.74453125 0.8486111109375001 0.76796875
7 0.9444444437499999 0.8421875 0.9513888890625 0.83671875 0.9361111109375001 0.8359375 0.9305555562500001 0.83828125 0.9305555562500001 0.8421875 0.9444444437499999 0.8421875
7 0.952777778125 0.67734375 0.9444444437499999 0.6765625 0.9 0.6765625 0.89444444375 0.6859375 0.8861111109375001 0.69140625 0.8611111109375 0.696875 0.8458333328125001 0.7125 0.83194444375 0.7359375 0.89444444375 0.7375 0.9069444437499999 0.74140625 0.9277777781250001 0.74296875 0.93194444375 0.7328125 0.9416666671874999 0.7234375 0.9444444437499999 0.70078125 0.95555555625 0.68203125 0.952777778125 0.67734375
7 0.9486111109375001 0.8265625 0.95694444375 0.82421875 0.94305555625 0.82421875 0.9486111109375001 0.8265625
7 0.8111111109375001 0.81640625 0.80694444375 0.8125 0.7833333328125 0.8109375 0.74444444375 0.81015625 0.7430555562500001 0.8140625 0.73194444375 0.8171875 0.727777778125 0.8234375 0.7291666671875 0.83671875 0.722222221875 0.84140625 0.73194444375 0.846875 0.7638888890625 0.84921875 0.7805555562500001 0.84453125 0.7833333328125 0.83359375 0.8013888890624999 0.83046875 0.8083333328125001 0.8203125 0.8222222218749999 0.8171875 0.8111111109375001 0.81640625
7 0.80694444375 0.7703125 0.8444444437499999 0.76875 0.847222221875 0.76171875 0.840277778125 0.75078125 0.8166666671874999 0.7375 0.7791666671875 0.7375 0.7736111109375 0.7453125 0.777777778125 0.753125 0.7736111109375 0.76796875 0.80694444375 0.7703125
7 0.76944444375 0.790625 0.8 0.79296875 0.8208333328125 0.79140625 0.852777778125 0.79453125 0.8583333328125 0.79296875 0.8625 0.7859375 0.8486111109375001 0.78203125 0.765277778125 0.77890625 0.7458333328125 0.78046875 0.7430555562500001 0.7859375 0.76944444375 0.790625
7 0.725 0.98984375 0.725 0.99921875 0.7763888890625 0.99921875 0.7805555562500001 0.9921875 0.7597222218749999 0.9875 0.7291666671875 0.9875 0.725 0.98984375
7 0.797222221875 0.92421875 0.7916666671875 0.9296875 0.7638888890625 0.93203125 0.7597222218749999 0.93515625 0.7638888890625 0.95234375 0.752777778125 0.96953125 0.7805555562500001 0.97421875 0.79444444375 0.97421875 0.8027777781250001 0.96953125 0.83194444375 0.925 0.8291666671875 0.91953125 0.8125 0.91953125 0.797222221875 0.92421875
7 0.8736111109375001 0.92578125 0.8708333328125001 0.925 0.85694444375 0.94765625 0.8444444437499999 0.95859375 0.8388888890624999 0.971875 0.8388888890624999 0.978125 0.8430555562500001 0.9796875 0.852777778125 0.978125 0.8611111109375 0.9640625 0.8680555562500001 0.959375 0.875 0.935546875 0.8666666671875 0.934375 0.8680555562500001 0.93203125 0.875 0.9314453125 0.8736111109375001 0.92578125
4 0.1375 0.89296875 0.1291666671875 0.90078125 0.1111111109375 0.90703125 0.10833333281249999 0.9109375 0.12361111093749999 0.91953125 0.1541666671875 0.92578125 0.1833333328125 0.9375 0.24444444375000002 0.9453125 0.28055555625 0.94375 0.290277778125 0.946875 0.3013888890625 0.946875 0.302777778125 0.93828125 0.3111111109375 0.93515625 0.3125 0.93125 0.302777778125 0.9203125 0.2916666671875 0.91953125 0.272222221875 0.92265625 0.26805555625 0.91953125 0.2486111109375 0.91640625 0.24305555625 0.9125 0.20972222187499998 0.90390625 0.20277777812500003 0.9109375 0.190277778125 0.91015625 0.18055555625 0.90625 0.172222221875 0.90625 0.16388888906250001 0.90078125 0.15 0.89921875 0.147222221875 0.89140625 0.1375 0.89296875
4 0.5916666671875 0.18828125 0.6152777781250001 0.1734375 0.6541666671875 0.17421875 0.6541666671875 0.1671875 0.6319444437499999 0.15390625 0.6236111109375 0.1515625 0.58194444375 0.1515625 0.5541666671875001 0.15703125 0.502777778125 0.1546875 0.497222221875 0.1578125 0.497222221875 0.16328125 0.5097222218749999 0.16875 0.5097222218749999 0.1828125 0.515277778125 0.18203125 0.522222221875 0.17578125 0.5888888890625 0.17265625 0.5930555562500001 0.17421875 0.5861111109375 0.1828125 0.5916666671875 0.18828125
4 0.8444444437499999 0.55234375 0.8444444437499999 0.5609375 0.89305555625 0.56328125 0.8986111109375001 0.55625 0.89305555625 0.55 0.8708333328125001 0.5484375 0.8444444437499999 0.55234375