2 0.44166666718750003 0.96171875 0.42083333281249996 0.9640625 0.41944444374999995 0.975 0.4625 0.975 0.46944444374999994 0.97109375 0.46805555625000006 0.9625 0.4625 0.9578125 0.45555555625000005 0.95703125 0.44166666718750003 0.96171875
1 0.1708333328125 0.54375 0.15555555625 0.54375 0.14861111093749999 0.54609375 0.084722221875 0.5453125 0.0875 0.55703125 0.2166666671875 0.5578125 0.22777777812500002 0.56171875 0.22638888906250001 0.56875 0.23055555625 0.5703125 0.24305555625 0.56171875 0.2513888890625 0.53984375 0.23611111093749998 0.54296875 0.23611111093749998 0.53828125 0.240277778125 0.5328125 0.2513888890625 0.5328125 0.24305555625 0.53125 0.2138888890625 0.54609375 0.20277777812500003 0.54765625 0.1708333328125 0.54375
1 0.10138888906250001 0.6234375 0.10694444375 0.6296875 0.15277777812499999 0.62734375 0.2513888890625 0.62734375 0.259722221875 0.63125 0.259722221875 0.63984375 0.26527777812500003 0.640625 0.27638888906250003 0.62890625 0.2888888890625 0.62421875 0.28472222187499996 0.61171875 0.290277778125 0.60546875 0.28194444375 0.6046875 0.259722221875 0.61328125 0.23055555625 0.61484375 0.10833333281249999 0.61328125 0.10138888906250001 0.6234375
6 0.2208333328125 0.23984375 0.215277778125 0.2359375 0.215277778125 0.23828125 0.19305555624999998 0.2484375 0.190277778125 0.26328125 0.17916666718750002 0.2671875 0.1583333328125 0.26953125 0.15 0.3078125 0.165277778125 0.31953125 0.16805555625 0.33125 0.1763888890625 0.334375 0.1763888890625 0.3375 0.16944444375 0.3390625 0.17916666718750002 0.34375 0.21111111093749999 0.34453125 0.240277778125 0.3375 0.2416666671875 0.3140625 0.24722222187499998 0.303125 0.252777778125 0.3 0.272222221875 0.29765625 0.28194444375 0.2921875 0.28472222187499996 0.2796875 0.272222221875 0.2703125 0.2791666671875 0.26171875 0.2791666671875 0.24375 0.272222221875 0.23671875 0.2388888890625 0.2359375 0.2208333328125 0.23984375
6 0.190277778125 0.36328125 0.17361111093749998 0.39453125 0.15972222187500001 0.4015625 0.1611111109375 0.42421875 0.18055555625 0.43125 0.19583333281249998 0.43359375 0.21805555625 0.4328125 0.24305555625 0.42265625 0.24583333281250003 0.4140625 0.25833333281250004 0.40234375 0.259722221875 0.39453125 0.25833333281250004 0.34921875 0.2513888890625 0.34296875 0.23611111093749998 0.34296875 0.22777777812500002 0.34609375 0.222222221875 0.36328125 0.21805555625 0.365625 0.20416666718749998 0.3625 0.190277778125 0.36328125
7 0.14861111093749999 0.15703125 0.1541666671875 0.15 0.15 0.1390625 0.1541666671875 0.1078125 0.147222221875 0.11015625 0.14305555625 0.125 0.134722221875 0.12734375 0.127777778125 0.14453125 0.1208333328125 0.15 0.1208333328125 0.15703125 0.1291666671875 0.1609375 0.134722221875 0.16171875 0.14861111093749999 0.15703125
7 0.0916666671875 0.03828125 0.0958333328125 0.04296875 0.08333333281250001 0.046875 0.072222221875 0.06171875 0.072222221875 0.0765625 0.08333333281250001 0.0921875 0.11805555625 0.09375 0.1291666671875 0.07734375 0.1291666671875 0.06953125 0.125 0.06875 0.1263888890625 0.0625 0.11805555625 0.0484375 0.097222221875 0.04453125 0.0986111109375 0.03828125 0.11805555625 0.03828125 0.11805555625 0.03359375 0.102777778125 0.025 0.097222221875 0.0265625 0.0861111109375 0.0375 0.0916666671875 0.03828125
7 0.07083333281250001 0.1296875 0.07083333281250001 0.13828125 0.07638888906249999 0.14296875 0.08194444375 0.14296875 0.102777778125 0.125 0.11388888906250001 0.1109375 0.11388888906250001 0.1046875 0.08055555625000001 0.103125 0.07083333281250001 0.1296875
7 0.23194444375 0.06953125 0.2208333328125 0.075 0.1833333328125 0.08359375 0.172222221875 0.090625 0.15555555625 0.11484375 0.15555555625 0.14296875 0.165277778125 0.14921875 0.15972222187500001 0.15078125 0.15555555625 0.16171875 0.15555555625 0.18125 0.1916666671875 0.1859375 0.2208333328125 0.18125 0.22916666718749998 0.17578125 0.23055555625 0.16875 0.21805555625 0.1625 0.21805555625 0.15390625 0.23611111093749998 0.14921875 0.25833333281250004 0.121875 0.27638888906250003 0.11796875 0.28055555625 0.11328125 0.27638888906250003 0.10390625 0.2791666671875 0.078125 0.26805555625 0.06953125 0.23194444375 0.06953125
7 0.26805555625 0.01171875 0.2791666671875 0.00625 0.275 0.00078125 0.2236111109375 0.00078125 0.21805555625 0.01015625 0.2416666671875 0.0125 0.26805555625 0.01171875
7 0.1861111109375 0.08203125 0.19444444375 0.07734375 0.2125 0.075 0.2388888890625 0.06484375 0.240277778125 0.040625 0.25 0.03125 0.24305555625 0.02734375 0.2166666671875 0.0234375 0.20555555625 0.02421875 0.2 0.02734375 0.16944444375 0.07109375 0.16805555625 0.0765625 0.17361111093749998 0.08125 0.1861111109375 0.08203125
7 0.15 0.0484375 0.1611111109375 0.01953125 0.15 0.01953125 0.14444444375 0.02265625 0.1263888890625 0.05390625 0.12222222187500001 0.0671875 0.1263888890625 0.0734375 0.13055555624999998 0.0734375 0.1416666671875 0.0609375 0.14305555625 0.053125 0.15 0.0484375
7 0.1125 0.2140625 0.13055555624999998 0.215625 0.1375 0.22265625 0.14305555625 0.215625 0.1541666671875 0.2140625 0.1541666671875 0.20703125 0.1416666671875 0.2046875 0.11944444375 0.20703125 0.115277778125 0.203125 0.0958333328125 0.2015625 0.09444444375 0.2125 0.109722221875 0.20859375 0.1125 0.2140625
7 0.072222221875 0.25 0.15972222187500001 0.2546875 0.15972222187500001 0.2359375 0.15555555625 0.23125 0.13888888906250002 0.22890625 0.09444444375 0.22890625 0.08055555625000001 0.23359375 0.072222221875 0.25
7 0.0916666671875 0.325 0.102777778125 0.3203125 0.10694444375 0.3125 0.115277778125 0.309375 0.1291666671875 0.3109375 0.15555555625 0.27421875 0.15555555625 0.26328125 0.06944444375 0.2609375 0.058333332812500006 0.27890625 0.054166667187499996 0.30078125 0.04444444375 0.31796875 0.0458333328125 0.32109375 0.055555556250000006 0.3234375 0.0916666671875 0.325
4 0.627777778125 0.4421875 0.58055555625 0.434375 0.577777778125 0.4328125 0.5861111109375 0.42578125 0.597222221875 0.42265625 0.6013888890625 0.41484375 0.5930555562500001 0.41484375 0.5875 0.41875 0.5375 0.428125 0.51805555625 0.43671875 0.5097222218749999 0.43671875 0.49305555625 0.43046875 0.48055555625 0.43203125 0.48333333281249996 0.44453125 0.50555555625 0.44765625 0.5097222218749999 0.45625 0.5208333328125 0.4625 0.547222221875 0.46484375 0.5763888890625 0.46484375 0.6208333328125 0.45546875 0.6541666671875 0.45703125 0.69305555625 0.465625 0.702777778125 0.465625 0.7041666671875 0.459375 0.6972222218749999 0.44921875 0.6916666671875 0.44765625 0.6805555562500001 0.45078125 0.672222221875 0.45 0.6638888890625 0.43984375 0.64305555625 0.4375 0.6388888890625 0.4421875 0.627777778125 0.4421875