2 0.025 0.4625 0.02890625 0.46944444374999994 0.0375 0.46805555625000006 0.04140625 0.4625 0.0375 0.427777778125 0.0328125 0.41805555625 0.025 0.41944444374999995 0.025 0.4625
1 0.3859375 0.2833333328125 0.39453125 0.290277778125 0.3953125 0.2833333328125 0.3875 0.2625 0.3859375 0.24444444375000002 0.38671875 0.10833333281249999 0.3734375 0.102777778125 0.3703125 0.1111111109375 0.37265625 0.1513888890625 0.37265625 0.252777778125 0.36875 0.259722221875 0.36015625 0.259722221875 0.359375 0.26527777812500003 0.37109375 0.27638888906250003 0.37578125 0.2888888890625 0.3859375 0.2833333328125
1 0.46953125 0.24305555625 0.45703125 0.23611111093749998 0.45234375 0.215277778125 0.45625 0.16944444375 0.45390625 0.1458333328125 0.4546875 0.084722221875 0.44296875 0.0875 0.4421875 0.2166666671875 0.43828125 0.22777777812500002 0.43125 0.22638888906250001 0.4296875 0.23055555625 0.43125 0.23611111093749998 0.4390625 0.24305555625 0.4671875 0.2513888890625 0.46953125 0.24305555625
6 0.7296875 0.272222221875 0.74140625 0.2791666671875 0.76171875 0.27777777812500004 0.76328125 0.272222221875 0.7640625 0.240277778125 0.7609375 0.2236111109375 0.7625 0.2166666671875 0.75546875 0.197222221875 0.75078125 0.1916666671875 0.73984375 0.1916666671875 0.73515625 0.1875 0.73046875 0.1583333328125 0.70546875 0.15 0.69140625 0.15 0.68125 0.165277778125 0.66953125 0.16805555625 0.66640625 0.177777778125 0.65703125 0.177777778125 0.6546875 0.19583333281249998 0.6546875 0.2138888890625 0.6640625 0.2416666671875 0.68515625 0.2416666671875 0.69765625 0.24722222187499998 0.70234375 0.272222221875 0.7078125 0.28194444375 0.71953125 0.28472222187499996 0.7296875 0.272222221875
6 0.65703125 0.25 0.6546875 0.22916666718749998 0.634375 0.21944444375 0.6375 0.20277777812500003 0.6359375 0.1888888890625 0.62109375 0.184722221875 0.60546875 0.17361111093749998 0.5984375 0.15972222187500001 0.575 0.1611111109375 0.56875 0.18055555625 0.56640625 0.19583333281249998 0.56875 0.22638888906250001 0.575 0.23333333281250002 0.57578125 0.240277778125 0.59453125 0.25555555625 0.60546875 0.259722221875 0.65 0.25833333281250004 0.65703125 0.25
7 0.85 0.1208333328125 0.8421875 0.12222222187500001 0.8390625 0.134722221875 0.84453125 0.1513888890625 0.89296875 0.1541666671875 0.89140625 0.147222221875 0.8765625 0.14305555625 0.8734375 0.134722221875 0.8671875 0.13055555624999998 0.85 0.1208333328125
7 0.96953125 0.1 0.96640625 0.097222221875 0.9625 0.1041666671875 0.9625 0.11805555625 0.96875 0.1111111109375 0.96953125 0.1
7 0.9234375 0.072222221875 0.90703125 0.084722221875 0.90625 0.11944444375 0.91796875 0.127777778125 0.94296875 0.125 0.95 0.11805555625 0.95390625 0.1041666671875 0.95390625 0.0861111109375 0.93828125 0.072222221875 0.9234375 0.072222221875
7 0.85703125 0.077777778125 0.85625 0.08055555625000001 0.875 0.102777778125 0.8890625 0.11388888906250001 0.8953125 0.11388888906250001 0.896875 0.08055555625000001 0.871875 0.07083333281250001 0.8625 0.07083333281250001 0.85703125 0.077777778125
7 0.85390625 0.240277778125 0.87890625 0.25833333281250004 0.8828125 0.27777777812500004 0.921875 0.2791666671875 0.93125 0.2638888890625 0.93046875 0.23194444375 0.92734375 0.22777777812500002 0.91640625 0.1833333328125 0.909375 0.172222221875 0.8796875 0.1541666671875 0.85703125 0.15555555625 0.85390625 0.15972222187500001 0.84453125 0.15555555625 0.81953125 0.15555555625 0.81640625 0.16805555625 0.8140625 0.1916666671875 0.81875 0.2208333328125 0.821875 0.22638888906250001 0.83125 0.23055555625 0.8375 0.21805555625 0.846875 0.21944444375 0.85 0.23472222187499997 0.85390625 0.240277778125
7 0.98828125 0.26805555625 0.98984375 0.275 0.9953125 0.27777777812500004 0.99921875 0.275 0.99921875 0.222222221875 0.99140625 0.21805555625 0.9890625 0.23055555625 0.98828125 0.26805555625
7 0.975 0.22777777812500002 0.9734375 0.20138888906250002 0.925 0.16805555625 0.91953125 0.172222221875 0.91875 0.1888888890625 0.9296875 0.2125 0.93046875 0.23055555625 0.93515625 0.2388888890625 0.959375 0.2388888890625 0.96875 0.25 0.971875 0.24583333281250003 0.975 0.22777777812500002
7 0.934375 0.134722221875 0.93046875 0.13194444375 0.9296875 0.125 0.92734375 0.1263888890625 0.92578125 0.1291666671875 0.95390625 0.15 0.97265625 0.15972222187500001 0.97890625 0.1583333328125 0.97578125 0.1458333328125 0.95546875 0.13055555624999998 0.93515625 0.125 0.934375 0.134722221875
7 0.7984375 0.0958333328125 0.7875 0.09305555625 0.7890625 0.10833333281249999 0.7859375 0.1125 0.784375 0.13194444375 0.77890625 0.1375 0.78515625 0.14305555625 0.78671875 0.15277777812499999 0.7921875 0.15277777812499999 0.7984375 0.0958333328125
7 0.7671875 0.08333333281250001 0.75 0.072222221875 0.7453125 0.1583333328125 0.7640625 0.15972222187500001 0.76875 0.15555555625 0.76875 0.147222221875 0.77265625 0.1375 0.7703125 0.13333333281249998 0.77109375 0.09444444375 0.7671875 0.08333333281250001
7 0.7390625 0.06944444375 0.7171875 0.05694444375 0.69921875 0.054166667187499996 0.68203125 0.04444444375 0.67890625 0.047222221875 0.6765625 0.059722221875 0.6765625 0.097222221875 0.68828125 0.109722221875 0.69375 0.13194444375 0.70546875 0.14305555625 0.71875 0.1458333328125 0.72578125 0.15555555625 0.73671875 0.15555555625 0.7390625 0.06944444375