2 0.56805555625 0.01328125 0.527777778125 0.0140625 0.522222221875 0.01875 0.522222221875 0.025 0.5333333328125 0.0328125 0.5541666671875001 0.0296875 0.575 0.02265625 0.56805555625 0.01328125
1 0.7458333328125 0.371875 0.7458333328125 0.35703125 0.74444444375 0.36015625 0.730921053125 0.3631990140625 0.7291666671875 0.36640625 0.7138888890625 0.375 0.7194444437499999 0.3875 0.7111111109375 0.40078125 0.7194444437499999 0.4015625 0.725 0.3953125 0.74444444375 0.38515625 0.852777778125 0.38515625 0.8958333328125001 0.3828125 0.9 0.37734375 0.89444444375 0.3703125 0.7458333328125 0.371875
1 0.7805555562500001 0.45234375 0.8194444437499999 0.45234375 0.827777778125 0.4546875 0.9166666671874999 0.45390625 0.91944444375 0.44453125 0.9138888890624999 0.4421875 0.784722221875 0.44140625 0.7708333328125 0.43828125 0.7736111109375 0.4265625 0.76944444375 0.42578125 0.7666666671875 0.428125 0.772222221875 0.43046875 0.7708333328125 0.434375 0.7597222218749999 0.43203125 0.7569444437499999 0.4375 0.7486111109375 0.45703125 0.7486111109375 0.46875 0.7569444437499999 0.46875 0.765277778125 0.45546875 0.7805555562500001 0.45234375
7 0.8263888890625 0.9109375 0.840277778125 0.89296875 0.8458333328125001 0.86796875 0.8444444437499999 0.85546875 0.840277778125 0.85234375 0.8444444437499999 0.84375 0.8430555562500001 0.81875 0.8166666671874999 0.81953125 0.7958333328125 0.83359375 0.7833333328125 0.8484375 0.7666666671875 0.85 0.7583333328124999 0.8546875 0.7416666671875001 0.878125 0.725 0.88125 0.7208333328125 0.88515625 0.7236111109375 0.90703125 0.73194444375 0.9109375 0.7513888890625 0.9140625 0.76944444375 0.9265625 0.81805555625 0.915625 0.8263888890625 0.9109375
7 0.6611111109375 0.99921875 0.73194444375 0.99921875 0.7388888890625 0.9953125 0.7388888890625 0.98671875 0.6944444437499999 0.98046875 0.6583333328125 0.97890625 0.6611111109375 0.99921875
7 0.6736111109375 0.92421875 0.66805555625 0.946875 0.6583333328125 0.946875 0.64444444375 0.95625 0.6625 0.96171875 0.6972222218749999 0.9671875 0.7541666671875 0.96953125 0.76805555625 0.94296875 0.76805555625 0.93046875 0.7638888890625 0.925 0.7430555562500001 0.91328125 0.702777778125 0.9078125 0.6736111109375 0.92421875
7 0.9041666671874999 0.96171875 0.872222221875 0.96171875 0.872222221875 0.96640625 0.89305555625 0.97421875 0.9041666671874999 0.97421875 0.9111111109375001 0.96640625 0.9111111109375001 0.9625 0.9041666671874999 0.96171875
7 0.88055555625 0.90625 0.8708333328125001 0.925 0.8708333328125001 0.928125 0.877777778125 0.93125 0.88055555625 0.95 0.8958333328125001 0.95390625 0.91805555625 0.95234375 0.9291666671875 0.934375 0.9277777781250001 0.921875 0.91944444375 0.9078125 0.9069444437499999 0.90234375 0.897222221875 0.90625 0.88055555625 0.90625
7 0.8125 0.81640625 0.8055555562500001 0.8125 0.7458333328125 0.81015625 0.74444444375 0.81484375 0.73194444375 0.8171875 0.7291666671875 0.8203125 0.73055555625 0.83515625 0.7236111109375 0.84140625 0.7361111109375 0.84765625 0.76805555625 0.8484375 0.7805555562500001 0.8421875 0.7833333328125 0.8328125 0.8013888890624999 0.83046875 0.8111111109375001 0.81875 0.8263888890625 0.8171875 0.8125 0.81640625
7 0.777777778125 0.7390625 0.7736111109375 0.74375 0.777777778125 0.75703125 0.772222221875 0.76484375 0.7819444437499999 0.76796875 0.8041666671875 0.76875 0.8166666671874999 0.775 0.8430555562500001 0.76796875 0.847222221875 0.76171875 0.8361111109375001 0.74609375 0.8111111109375001 0.73671875 0.79444444375 0.7359375 0.777777778125 0.7390625
7 0.8583333328125 0.79296875 0.8611111109375 0.7859375 0.8444444437499999 0.78125 0.75 0.7796875 0.74444444375 0.78125 0.7430555562500001 0.7859375 0.765277778125 0.790625 0.85 0.7953125 0.8583333328125 0.79296875
7 0.777777778125 0.99453125 0.7736111109375 0.98984375 0.7458333328125 0.98828125 0.74444444375 0.99921875 0.772222221875 0.99921875 0.777777778125 0.99453125
7 0.79305555625 0.92890625 0.7708333328125 0.93203125 0.76944444375 0.94609375 0.7569444437499999 0.96796875 0.7597222218749999 0.971875 0.79444444375 0.97421875 0.8027777781250001 0.96953125 0.83055555625 0.92890625 0.83055555625 0.91953125 0.8111111109375001 0.91875 0.7958333328125 0.92421875 0.79305555625 0.92890625
7 0.8458333328125001 0.95703125 0.8388888890624999 0.971875 0.840277778125 0.97890625 0.85 0.97890625 0.8541666671874999 0.9765625 0.8611111109375 0.9640625 0.8666666671875 0.9609375 0.877777778125 0.9359375 0.875 0.9265625 0.86944444375 0.92578125 0.85694444375 0.9484375 0.8458333328125001 0.95703125
7 0.8328125 0.740625 0.0015625 0.003125
7 0.89444444375 0.79296875 0.9 0.79453125 0.9041666671874999 0.79140625 0.8986111109375001 0.7890625 0.89444444375 0.79296875
7 0.8486111109375001 0.76796875 0.877777778125 0.77109375 0.915277778125 0.76875 0.9277777781250001 0.74765625 0.8819444437499999 0.74453125 0.8444444437499999 0.74453125 0.8486111109375001 0.76796875
7 0.8888888890625 0.69140625 0.86944444375 0.69375 0.85694444375 0.7 0.8444444437499999 0.7140625 0.8333333328125001 0.7359375 0.8958333328125001 0.7375 0.9277777781250001 0.74140625 0.94305555625 0.71875 0.9444444437499999 0.7 0.95555555625 0.68203125 0.95 0.67734375 0.9 0.6765625 0.8888888890625 0.69140625
7 0.8486111109375001 0.859375 0.85 0.88203125 0.85694444375 0.88046875 0.86944444375 0.86640625 0.872222221875 0.85625 0.88055555625 0.8484375 0.877777778125 0.83828125 0.8638888890624999 0.83671875 0.8486111109375001 0.83984375 0.8444444437499999 0.8546875 0.8486111109375001 0.859375
7 0.8958333328125001 0.875 0.8861111109375001 0.89375 0.91944444375 0.89609375 0.9291666671875 0.8734375 0.9263888890624999 0.85703125 0.91805555625 0.85625 0.8958333328125001 0.875
4 0.76944444375 0.240625 0.74444444375 0.2390625 0.73194444375 0.2421875 0.672222221875 0.24375 0.66944444375 0.25 0.6833333328125 0.25 0.6861111109375 0.25703125 0.672222221875 0.2578125 0.66944444375 0.265625 0.6736111109375 0.26796875 0.6833333328125 0.26328125 0.74444444375 0.259375 0.79305555625 0.25078125 0.790277778125 0.246875 0.76944444375 0.240625