1 0.8458333328125001 0.3890625 0.89444444375 0.384375 0.897222221875 0.37578125 0.89305555625 0.371875 0.7458333328125 0.371875 0.7402777781250001 0.36875 0.7402777781250001 0.3578125 0.734722221875 0.3578125 0.727777778125 0.36796875 0.7138888890625 0.37578125 0.7180555562500001 0.3859375 0.7111111109375 0.39453125 0.7166666671875 0.3953125 0.7333333328125 0.38828125 0.7513888890625 0.38515625 0.7791666671875 0.38515625 0.8041666671875 0.3890625 0.8458333328125001 0.3890625
1 0.815277778125 0.45390625 0.83055555625 0.45625 0.915277778125 0.45390625 0.91944444375 0.446875 0.909722221875 0.4421875 0.8486111109375001 0.4421875 0.8375 0.4390625 0.809722221875 0.4421875 0.7833333328125 0.44140625 0.7736111109375 0.43828125 0.7736111109375 0.42890625 0.76944444375 0.42890625 0.7569444437499999 0.4375 0.75 0.4515625 0.7486111109375 0.46875 0.75555555625 0.46875 0.765277778125 0.45703125 0.777777778125 0.45390625 0.815277778125 0.45390625
6 0.7569444437499999 0.7640625 0.7819444437499999 0.76171875 0.8027777781250001 0.7515625 0.8125 0.73515625 0.8388888890624999 0.73125 0.8444444437499999 0.72734375 0.85 0.69140625 0.8361111109375001 0.67890625 0.8388888890624999 0.67421875 0.8291666671875 0.65703125 0.81805555625 0.6546875 0.7875 0.65390625 0.7625 0.6609375 0.7583333328124999 0.66875 0.7638888890625 0.6796875 0.752777778125 0.69765625 0.7430555562500001 0.70078125 0.7263888890625 0.7015625 0.7166666671875 0.7078125 0.7180555562500001 0.721875 0.73194444375 0.73046875 0.725 0.7328125 0.722222221875 0.7375 0.725 0.7625 0.7569444437499999 0.7640625
6 0.8111111109375001 0.5671875 0.7888888890625 0.56640625 0.772222221875 0.56875 0.7597222218749999 0.57578125 0.7402777781250001 0.5984375 0.7416666671875001 0.653125 0.7486111109375 0.65703125 0.76944444375 0.6546875 0.777777778125 0.6359375 0.7861111109375 0.63125 0.8125 0.62421875 0.8222222218749999 0.609375 0.8388888890624999 0.5984375 0.8388888890624999 0.57421875 0.8111111109375001 0.5671875
7 0.8708333328125001 0.85625 0.8791666671874999 0.84765625 0.8763888890624999 0.8359375 0.86944444375 0.83515625 0.8486111109375001 0.8453125 0.8458333328125001 0.88125 0.85 0.88671875 0.86944444375 0.86640625 0.8708333328125001 0.85625
7 0.902777778125 0.97265625 0.9166666671874999 0.9625 0.88055555625 0.9625 0.8819444437499999 0.96640625 0.89444444375 0.9734375 0.902777778125 0.97265625
7 0.877777778125 0.92734375 0.8791666671874999 0.9484375 0.902777778125 0.95390625 0.91805555625 0.953125 0.9277777781250001 0.93828125 0.9277777781250001 0.925 0.9166666671874999 0.90703125 0.88055555625 0.90625 0.872222221875 0.91953125 0.872222221875 0.92421875 0.877777778125 0.92734375
7 0.9069444437499999 0.89765625 0.91944444375 0.89609375 0.9277777781250001 0.875 0.9277777781250001 0.86171875 0.922222221875 0.8578125 0.91805555625 0.8578125 0.897222221875 0.875 0.8861111109375001 0.8890625 0.8861111109375001 0.8953125 0.9069444437499999 0.89765625
7 0.7236111109375 0.8953125 0.7208333328125 0.921875 0.73194444375 0.9296875 0.7666666671875 0.93046875 0.7763888890625 0.92578125 0.81805555625 0.915625 0.8263888890625 0.9109375 0.8444444437499999 0.88125 0.8444444437499999 0.85625 0.840277778125 0.85078125 0.8444444437499999 0.8484375 0.8458333328125001 0.83125 0.8444444437499999 0.81953125 0.8375 0.8171875 0.8166666671874999 0.8140625 0.8027777781250001 0.81796875 0.7833333328125 0.81796875 0.7736111109375 0.821875 0.772222221875 0.83125 0.784722221875 0.8375 0.784722221875 0.84453125 0.7791666671875 0.84921875 0.76944444375 0.84921875 0.7611111109375 0.853125 0.7416666671875001 0.878125 0.725 0.88125 0.7194444437499999 0.8859375 0.7236111109375 0.8953125
7 0.6861111109375 0.9625 0.6944444437499999 0.9671875 0.7430555562500001 0.96953125 0.73055555625 0.9609375 0.7194444437499999 0.95859375 0.6958333328124999 0.95703125 0.6861111109375 0.9625
7 0.6458333328125 0.99921875 0.777777778125 0.99765625 0.777777778125 0.99296875 0.7708333328125 0.98984375 0.7013888890625 0.98046875 0.66944444375 0.978125 0.6638888890625 0.9796875 0.6611111109375 0.98515625 0.6458333328125 0.99296875 0.6458333328125 0.99921875
7 0.8611111109375 0.1359375 0.83194444375 0.1296875 0.8027777781250001 0.1328125 0.8125 0.17265625 0.8041666671875 0.184375 0.8041666671875 0.1921875 0.8291666671875 0.20546875 0.8458333328125001 0.20546875 0.85555555625 0.20234375 0.8625 0.19296875 0.8888888890625 0.171875 0.890277778125 0.15 0.8708333328125001 0.1328125 0.8611111109375 0.1359375
7 0.83055555625 0.928125 0.83194444375 0.9203125 0.827777778125 0.91875 0.8138888890624999 0.91796875 0.8041666671875 0.92265625 0.76944444375 0.93046875 0.7611111109375 0.93515625 0.7611111109375 0.9421875 0.76944444375 0.94921875 0.76944444375 0.9546875 0.7736111109375 0.9546875 0.7708333328125 0.9625 0.7805555562500001 0.9640625 0.7875 0.96875 0.797222221875 0.9703125 0.8055555562500001 0.96640625 0.83055555625 0.928125
7 0.85694444375 0.978125 0.877777778125 0.9375 0.877777778125 0.925 0.86944444375 0.925 0.8541666671874999 0.94375 0.8541666671874999 0.95546875 0.840277778125 0.975 0.8416666671874999 0.9796875 0.85694444375 0.978125
7 0.8916666671875 0.36875 0.9069444437499999 0.38671875 0.8833333328125 0.38828125 0.8680555562500001 0.39375 0.8458333328125001 0.39375 0.8361111109375001 0.39921875 0.8194444437499999 0.4015625 0.815277778125 0.41328125 0.8236111109375001 0.42890625 0.8458333328125001 0.4390625 0.9083333328125001 0.44140625 0.91944444375 0.4453125 0.91944444375 0.45 0.915277778125 0.4546875 0.9069444437499999 0.45703125 0.8222222218749999 0.45625 0.8194444437499999 0.46015625 0.825 0.4671875 0.8736111109375001 0.478125 0.940277778125 0.478125 0.98194444375 0.47265625 0.9902777781250001 0.46796875 0.99444444375 0.43046875 0.977777778125 0.3921875 0.972222221875 0.3890625 0.95555555625 0.38828125 0.9544444437499999 0.3796875 0.9625 0.3796875 0.9625 0.375 0.9444444437499999 0.3546875 0.9486111109375001 0.34453125 0.94305555625 0.33359375 0.95694444375 0.328125 0.95 0.28671875 0.9444444437499999 0.28125 0.9208333328125 0.2796875 0.8986111109375001 0.275 0.8736111109375001 0.27421875 0.8541666671874999 0.28515625 0.83194444375 0.2890625 0.8291666671875 0.296875 0.809722221875 0.30234375 0.8055555562500001 0.30625 0.8055555562500001 0.32109375 0.8083333328125001 0.32578125 0.834722221875 0.3328125 0.83055555625 0.3484375 0.83055555625 0.3625 0.8388888890624999 0.36484375 0.834722221875 0.36875 0.8916666671875 0.36875
7 0.859722221875 0.79375 0.8861111109375001 0.79140625 0.89444444375 0.796875 0.902777778125 0.79765625 0.902777778125 0.7875 0.8916666671875 0.79140625 0.8611111109375 0.78203125 0.8486111109375001 0.78671875 0.8486111109375001 0.79140625 0.859722221875 0.79375
7 0.9125 0.7484375 0.8416666671874999 0.7453125 0.8416666671874999 0.76484375 0.8583333328125 0.76953125 0.9138888890624999 0.77109375 0.91944444375 0.76640625 0.925 0.75078125 0.9125 0.7484375
7 0.89444444375 0.6859375 0.872222221875 0.69453125 0.85694444375 0.70859375 0.85555555625 0.71640625 0.8444444437499999 0.72578125 0.8416666671874999 0.7328125 0.8458333328125001 0.7375 0.9305555562500001 0.7390625 0.952777778125 0.69375 0.95555555625 0.68046875 0.9472222218749999 0.6765625 0.8986111109375001 0.67734375 0.89444444375 0.6859375
4 0.8638888890624999 0.2796875 0.8666666671875 0.27578125 0.8513888890624999 0.26953125 0.83194444375 0.26875 0.815277778125 0.2734375 0.7819444437499999 0.27421875 0.7819444437499999 0.28203125 0.847222221875 0.28515625 0.8638888890624999 0.2796875