2 0.97109375 0.5319444437499999 0.9640625 0.5319444437499999 0.96171875 0.5375 0.9640625 0.5791666671875 0.975 0.58055555625 0.975 0.540277778125 0.97109375 0.5319444437499999
1 0.61171875 0.8458333328125001 0.6140625 0.8847222218749999 0.615625 0.89305555625 0.6203125 0.8958333328125001 0.62734375 0.8958333328125001 0.63046875 0.8888888890625 0.62734375 0.8416666671874999 0.62734375 0.7541666671875 0.63125 0.7402777781250001 0.6421875 0.7388888890625 0.63125 0.727777778125 0.625 0.7138888890625 0.61328125 0.7166666671875 0.60546875 0.7111111109375 0.60546875 0.7180555562500001 0.61328125 0.734722221875 0.61484375 0.765277778125 0.6109375 0.8041666671875 0.61484375 0.8333333328125001 0.61171875 0.8458333328125001
1 0.55703125 0.9138888890624999 0.5578125 0.784722221875 0.5625 0.7736111109375 0.56875 0.7736111109375 0.5703125 0.76944444375 0.5671875 0.7611111109375 0.56171875 0.7569444437499999 0.53359375 0.7486111109375 0.53125 0.75555555625 0.54375 0.765277778125 0.546875 0.7833333328125 0.54375 0.83194444375 0.54609375 0.8513888890624999 0.5453125 0.9166666671874999 0.55703125 0.9138888890624999
6 0.2421875 0.7875 0.2453125 0.8027777781250001 0.26484375 0.8125 0.26953125 0.8416666671874999 0.3046875 0.852777778125 0.31171875 0.8486111109375001 0.32109375 0.8333333328125001 0.3296875 0.8333333328125001 0.33515625 0.827777778125 0.3390625 0.83194444375 0.34375 0.825 0.34375 0.777777778125 0.33671875 0.7583333328124999 0.325 0.7569444437499999 0.3171875 0.7611111109375 0.3015625 0.752777778125 0.29765625 0.725 0.28828125 0.715277778125 0.2796875 0.7166666671875 0.2703125 0.7291666671875 0.2625 0.722222221875 0.2375 0.7263888890625 0.2359375 0.7583333328124999 0.23828125 0.7833333328125 0.2421875 0.7875
6 0.42421875 0.8388888890624999 0.43125 0.8194444437499999 0.434375 0.8027777781250001 0.4328125 0.7805555562500001 0.4234375 0.7597222218749999 0.4015625 0.7402777781250001 0.34921875 0.7416666671875001 0.34296875 0.7486111109375 0.34453125 0.76944444375 0.3640625 0.777777778125 0.3671875 0.7833333328125 0.36328125 0.79444444375 0.36328125 0.8083333328125001 0.39375 0.8263888890625 0.4015625 0.840277778125 0.42421875 0.8388888890624999
7 0.1171875 0.8444444437499999 0.10703125 0.847222221875 0.10859375 0.852777778125 0.1328125 0.86944444375 0.15 0.877777778125 0.1578125 0.877777778125 0.16015625 0.8736111109375001 0.1609375 0.8652777781250001 0.15625 0.8486111109375001 0.1328125 0.85 0.1171875 0.8444444437499999
7 0.03359375 0.890277778125 0.03203125 0.902777778125 0.03671875 0.9041666671874999 0.0375 0.89444444375 0.03359375 0.890277778125
7 0.0875 0.875 0.07734375 0.872222221875 0.07109375 0.8791666671874999 0.053125 0.877777778125 0.04765625 0.8833333328125 0.0453125 0.897222221875 0.0453125 0.9166666671874999 0.04765625 0.91944444375 0.06875 0.9291666671875 0.0875 0.922222221875 0.09296875 0.915277778125 0.09375 0.88055555625 0.0875 0.875
7 0.1421875 0.925 0.14375 0.91944444375 0.13515625 0.9083333328125001 0.11015625 0.8861111109375001 0.1046875 0.8861111109375001 0.10234375 0.91944444375 0.13046875 0.9291666671875 0.1421875 0.925
7 0.06953125 0.73194444375 0.06953125 0.76805555625 0.07265625 0.772222221875 0.08359375 0.8166666671874999 0.090625 0.827777778125 0.11953125 0.8444444437499999 0.18046875 0.8444444437499999 0.1828125 0.8375 0.184375 0.80694444375 0.18125 0.777777778125 0.17578125 0.7708333328125 0.16875 0.7708333328125 0.1625 0.7819444437499999 0.153125 0.7819444437499999 0.14921875 0.7638888890625 0.12890625 0.74444444375 0.12109375 0.7416666671875001 0.11796875 0.7236111109375 0.11328125 0.7194444437499999 0.10390625 0.7236111109375 0.07578125 0.722222221875 0.06953125 0.73194444375
7 0.00546875 0.722222221875 0.00078125 0.727777778125 0.00078125 0.7805555562500001 0.00703125 0.7819444437499999 0.01171875 0.7638888890625 0.0125 0.73055555625 0.00546875 0.722222221875
7 0.075 0.797222221875 0.075 0.7875 0.06484375 0.7611111109375 0.0390625 0.7611111109375 0.03046875 0.752777778125 0.028125 0.7569444437499999 0.025 0.7763888890625 0.0265625 0.797222221875 0.071875 0.83055555625 0.078125 0.83194444375 0.08125 0.8263888890625 0.08203125 0.8111111109375001 0.075 0.797222221875
7 0.03125 0.8430555562500001 0.01953125 0.840277778125 0.021875 0.85555555625 0.053125 0.8736111109375001 0.07265625 0.877777778125 0.075 0.86944444375 0.06484375 0.85694444375 0.05625 0.852777778125 0.0453125 0.8541666671874999 0.03125 0.8430555562500001
7 0.2203125 0.8611111109375 0.21328125 0.8486111109375001 0.2078125 0.8486111109375001 0.20703125 0.8791666671874999 0.2140625 0.8791666671874999 0.21484375 0.8680555562500001 0.2203125 0.8611111109375
7 0.20703125 0.890277778125 0.203125 0.8986111109375001 0.20390625 0.9041666671874999 0.209375 0.9041666671874999 0.20703125 0.890277778125
7 0.25078125 0.9236111109375 0.2546875 0.8416666671874999 0.23828125 0.840277778125 0.23125 0.8486111109375001 0.22890625 0.8625 0.22890625 0.9083333328125001 0.23359375 0.91944444375 0.25078125 0.9236111109375
7 0.32109375 0.95555555625 0.3234375 0.9513888890625 0.325 0.9069444437499999 0.32265625 0.8986111109375001 0.31328125 0.89305555625 0.309375 0.8791666671874999 0.31171875 0.8708333328125001 0.29453125 0.85694444375 0.28046875 0.852777778125 0.27421875 0.8444444437499999 0.2640625 0.8430555562500001 0.26171875 0.9305555562500001 0.27890625 0.9416666671874999 0.30546875 0.9486111109375001 0.30859375 0.952777778125 0.32109375 0.95555555625
4 0.68828125 0.8541666671874999 0.6875 0.825 0.684375 0.8208333328125 0.6890625 0.815277778125 0.68984375 0.80694444375 0.6828125 0.8222222218749999 0.68046875 0.8222222218749999 0.6765625 0.81805555625 0.67265625 0.8041666671875 0.66953125 0.8041666671875 0.66875 0.809722221875 0.675 0.8236111109375001 0.6796875 0.86944444375 0.6859375 0.8680555562500001 0.68828125 0.8541666671874999