2 0.01328125 0.43194444374999996 0.0140625 0.47222222187499996 0.01875 0.477777778125 0.025 0.477777778125 0.03203125 0.46805555625000006 0.0296875 0.4458333328125 0.0234375 0.425 0.01875 0.425 0.01328125 0.43194444374999996
1 0.3828125 0.28055555625 0.40078125 0.2888888890625 0.40078125 0.27777777812500004 0.39140625 0.26805555625 0.384375 0.2513888890625 0.384375 0.15555555625 0.38203125 0.1135416671875 0.3921875 0.1 0.3890625 0.0958333328125 0.38203125 0.10555555624999999 0.37734375 0.1 0.36953125 0.10555555624999999 0.371875 0.1208333328125 0.3703125 0.2541666671875 0.3578125 0.259722221875 0.35703125 0.2666666671875 0.36640625 0.2708333328125 0.37578125 0.2888888890625 0.3796875 0.2888888890625 0.3828125 0.28055555625
6 0.77890625 0.2736111109375 0.78203125 0.27638888906250003 0.78671875 0.2666666671875 0.78828125 0.23611111093749998 0.78515625 0.21805555625 0.78125 0.21805555625 0.78046875 0.225 0.77890625 0.2736111109375
6 0.7828125 0.21328125 0.00078125 0.0015625
6 0.7734375 0.16944444375 0.76875 0.16805555625 0.77109375 0.172222221875 0.7734375 0.16944444375
6 0.7109375 0.2388888890625 0.7171875 0.21805555625 0.72265625 0.21805555625 0.72890625 0.23194444375 0.73125 0.2666666671875 0.7375 0.27638888906250003 0.74296875 0.27777777812500004 0.75 0.2666666671875 0.75078125 0.24305555625 0.7640625 0.24305555625 0.76640625 0.23333333281250002 0.76875 0.18055555625 0.7609375 0.1708333328125 0.76171875 0.15972222187500001 0.7578125 0.1416666671875 0.75703125 0.11805555625 0.75 0.10555555624999999 0.72734375 0.0958333328125 0.70625 0.097222221875 0.7015625 0.10694444375 0.69921875 0.140277778125 0.68828125 0.15555555625 0.68359375 0.16944444375 0.6875 0.177777778125 0.6890625 0.22638888906250001 0.69453125 0.2388888890625 0.703125 0.24305555625 0.7109375 0.2388888890625
7 0.88125 0.275 0.88515625 0.2791666671875 0.90625 0.27638888906250003 0.9109375 0.2666666671875 0.9140625 0.2486111109375 0.9265625 0.23055555625 0.915625 0.18194444375000002 0.9109375 0.17361111093749998 0.89296875 0.15972222187500001 0.86796875 0.1541666671875 0.85546875 0.15555555625 0.8515625 0.16388888906250001 0.840625 0.15555555625 0.81875 0.15555555625 0.8171875 0.15972222187500001 0.81640625 0.18055555625 0.8296875 0.19583333281249998 0.83671875 0.2125 0.84921875 0.2166666671875 0.85 0.23055555625 0.85546875 0.24305555625 0.878125 0.25833333281250004 0.88125 0.275
7 0.99921875 0.3375 0.99921875 0.26805555625 0.99296875 0.259722221875 0.98671875 0.259722221875 0.98203125 0.2791666671875 0.9796875 0.34027777812500004 0.99921875 0.3375
7 0.9671875 0.302777778125 0.96953125 0.24583333281250003 0.9421875 0.23194444375 0.93046875 0.23194444375 0.91796875 0.24583333281250003 0.9078125 0.28611111093749997 0.9078125 0.29722222187499997 0.915625 0.3083333328125 0.9203125 0.322222221875 0.925 0.32777777812500003 0.94296875 0.33055555625 0.95234375 0.3541666671875 0.9578125 0.35555555625 0.9671875 0.302777778125
7 0.5046875 0.26805555625 0.50625 0.27777777812500004 0.51171875 0.27777777812500004 0.5171875 0.26527777812500003 0.51796875 0.24722222187499998 0.5109375 0.20972222187499998 0.5046875 0.20555555625 0.5046875 0.26805555625
7 0.3703125 0.18194444375000002 0.384375 0.18055555625 0.3828125 0.20277777812500003 0.38671875 0.2541666671875 0.4328125 0.272222221875 0.4375 0.27777777812500004 0.43984375 0.29305555625 0.44921875 0.30555555624999997 0.46015625 0.30416666718749996 0.465625 0.29305555625 0.47578125 0.2916666671875 0.478125 0.28611111093749997 0.4796875 0.1513888890625 0.478125 0.14305555625 0.46015625 0.1111111109375 0.45390625 0.10555555624999999 0.41640625 0.0958333328125 0.4 0.097222221875 0.3984375 0.09305555625 0.38828125 0.090277778125 0.38046875 0.10138888906250001 0.38046875 0.0888888890625 0.3609375 0.0861111109375 0.3375 0.0958333328125 0.33359375 0.102777778125 0.33125 0.11805555625 0.33046875 0.215277778125 0.3375 0.22638888906250001 0.353125 0.23333333281250002 0.35625 0.252777778125 0.3609375 0.25694444375000003 0.36953125 0.25555555625 0.371875 0.24722222187499998 0.3703125 0.18194444375000002
7 0.8484375 0.11944444375 0.83828125 0.12222222187500001 0.83515625 0.134722221875 0.83984375 0.1513888890625 0.85546875 0.1541666671875 0.884375 0.15 0.8828125 0.14444444375 0.8671875 0.13055555624999998 0.85625 0.127777778125 0.8484375 0.11944444375
7 0.965625 0.13194444375 0.975 0.10694444375 0.975 0.097222221875 0.96640625 0.0861111109375 0.96171875 0.0875 0.96015625 0.13055555624999998 0.965625 0.13194444375
7 0.9515625 0.1166666671875 0.95390625 0.0861111109375 0.95078125 0.08055555625000001 0.92890625 0.07083333281250001 0.90625 0.08194444375 0.90234375 0.0958333328125 0.90625 0.10138888906250001 0.9046875 0.115277778125 0.9078125 0.1208333328125 0.92734375 0.1291666671875 0.93125 0.12222222187500001 0.94921875 0.12222222187500001 0.9515625 0.1166666671875
7 0.87421875 0.07083333281250001 0.859375 0.072222221875 0.85625 0.08055555625000001 0.875 0.1041666671875 0.8890625 0.11388888906250001 0.89765625 0.1111111109375 0.8953125 0.1041666671875 0.8984375 0.097222221875 0.89765625 0.08055555625000001 0.87421875 0.07083333281250001
7 0.99921875 0.22777777812500002 0.9921875 0.2208333328125 0.98828125 0.23333333281250002 0.9875 0.2541666671875 0.99921875 0.25555555625 0.99921875 0.22777777812500002
7 0.96953125 0.197222221875 0.92890625 0.16944444375 0.91953125 0.16944444375 0.91875 0.1861111109375 0.9296875 0.2138888890625 0.93046875 0.22777777812500002 0.94453125 0.23055555625 0.96796875 0.24305555625 0.971875 0.2388888890625 0.97421875 0.20555555625 0.96953125 0.197222221875
7 0.96015625 0.13333333281249998 0.94296875 0.125 0.93359375 0.125 0.93203125 0.13333333281249998 0.92890625 0.125 0.9265625 0.1263888890625 0.925 0.1291666671875 0.94765625 0.14305555625 0.9578125 0.15555555625 0.96953125 0.1611111109375 0.97890625 0.15972222187500001 0.97890625 0.15 0.9765625 0.1458333328125 0.96015625 0.13333333281249998
4 0.62265625 0.1583333328125 0.625 0.1708333328125 0.61875 0.1861111109375 0.62890625 0.197222221875 0.6296875 0.2208333328125 0.6390625 0.21944444375 0.63671875 0.15694444375 0.625 0.1541666671875 0.62265625 0.1583333328125