7 0.172222221875 0.08984375 0.15694444375 0.11328125 0.1541666671875 0.134375 0.15555555625 0.14375 0.1611111109375 0.14765625 0.15555555625 0.15078125 0.1583333328125 0.17421875 0.1611111109375 0.18046875 0.16805555625 0.18359375 0.1986111109375 0.184375 0.2208333328125 0.18046875 0.2236111109375 0.171875 0.2166666671875 0.1625 0.2166666671875 0.15546875 0.2208333328125 0.1515625 0.23611111093749998 0.14921875 0.25833333281250004 0.121875 0.27638888906250003 0.1171875 0.27638888906250003 0.07578125 0.2666666671875 0.0703125 0.23055555625 0.0703125 0.18055555625 0.084375 0.172222221875 0.08984375
7 0.2986111109375 0.05 0.31805555625 0.05078125 0.33055555625 0.03828125 0.28055555625 0.03125 0.259722221875 0.03125 0.259722221875 0.03515625 0.26944444375 0.0421875 0.2986111109375 0.05
7 0.27777777812500004 0.00390625 0.26805555625 0.0046875 0.25833333281250004 0.009375 0.259722221875 0.0140625 0.27638888906250003 0.0171875 0.33194444375 0.0234375 0.3513888890625 0.00859375 0.352777778125 0.00078125 0.28055555625 0.00078125 0.27777777812500004 0.00390625
7 0.14305555625 0.153125 0.15 0.1453125 0.1541666671875 0.125 0.1513888890625 0.115625 0.1458333328125 0.11640625 0.134722221875 0.12734375 0.1263888890625 0.15 0.13055555624999998 0.15234375 0.1263888890625 0.1546875 0.1291666671875 0.15546875 0.13194444375 0.1515625 0.14305555625 0.153125
7 0.0875 0.03828125 0.1111111109375 0.04140625 0.11944444375 0.03828125 0.11805555625 0.0328125 0.10555555624999999 0.02578125 0.1 0.02578125 0.084722221875 0.0375 0.0875 0.03828125
7 0.072222221875 0.121875 0.072222221875 0.13828125 0.077777778125 0.14296875 0.08055555625000001 0.14375 0.1041666671875 0.125 0.11388888906250001 0.11171875 0.115277778125 0.10234375 0.08055555625000001 0.10234375 0.072222221875 0.121875
7 0.1263888890625 0.0546875 0.10833333281249999 0.0484375 0.08333333281250001 0.04609375 0.072222221875 0.059375 0.072222221875 0.078125 0.08055555625000001 0.08984375 0.0958333328125 0.09296875 0.1208333328125 0.09375 0.13194444375 0.075 0.1263888890625 0.06875 0.1263888890625 0.0546875
7 0.6208333328125 0.9375 0.64444444375 0.93671875 0.6152777781250001 0.9328125 0.6041666671875 0.934375 0.5888888890625 0.93125 0.584722221875 0.93359375 0.590277778125 0.9359375 0.5986111109375 0.934375 0.6083333328125 0.93671875 0.6166666671875001 0.93515625 0.6208333328125 0.9375
7 0.6041666671875 0.88984375 0.6166666671875001 0.88125 0.6208333328125 0.87421875 0.6166666671875001 0.8578125 0.597222221875 0.8578125 0.58194444375 0.86171875 0.5458333328125 0.86484375 0.5375 0.86796875 0.51805555625 0.86953125 0.5111111109375 0.8734375 0.477777778125 0.87734375 0.46666666718750005 0.8828125 0.43333333281249997 0.88359375 0.43333333281249997 0.90546875 0.4388888890625 0.9078125 0.440277778125 0.9125 0.4625 0.92421875 0.46388888906250003 0.93125 0.4513888890625 0.93671875 0.45694444375 0.9375 0.4625 0.9328125 0.46759305624999997 0.93671875 0.5 0.934375 0.5236111109375 0.9421875 0.5458333328125 0.94140625 0.5555555562500001 0.9375 0.5722222218749999 0.93984375 0.577777778125 0.9375 0.575 0.93203125 0.5583333328125 0.93203125 0.5513888890625 0.90078125 0.559722221875 0.89375 0.5916666671875 0.89375 0.6041666671875 0.88984375
7 0.55694444375 0.78046875 0.55694444375 0.76953125 0.5638888890625 0.75625 0.565277778125 0.72578125 0.5722222218749999 0.71484375 0.590277778125 0.7046875 0.5930555562500001 0.68203125 0.5791666671875 0.66953125 0.5583333328125 0.66171875 0.5541666671875001 0.65234375 0.534722221875 0.640625 0.522222221875 0.6375 0.46805555625000006 0.6359375 0.447222221875 0.63828125 0.43194444374999996 0.64375 0.41111111093749997 0.6578125 0.39305555625 0.68046875 0.36805555624999997 0.7 0.365277778125 0.70625 0.35972222187499997 0.7078125 0.3541666671875 0.7171875 0.3333333328125 0.72578125 0.3291666671875 0.73828125 0.315277778125 0.74609375 0.32777777812500003 0.753125 0.33055555625 0.76796875 0.3583333328125 0.77734375 0.3541666671875 0.78046875 0.34305555625 0.78125 0.33055555625 0.8015625 0.3083333328125 0.81484375 0.290277778125 0.8609375 0.33055555625 0.86171875 0.3416666671875 0.85703125 0.3513888890625 0.85703125 0.38333333281250004 0.8265625 0.4138888890625 0.83203125 0.41805555625 0.83515625 0.41805555625 0.85 0.41944444374999995 0.84609375 0.427777778125 0.85078125 0.527777778125 0.84375 0.5763888890625 0.83515625 0.56805555625 0.80703125 0.56805555625 0.7875 0.55694444375 0.78046875
7 0.25833333281250004 1 0.26805555625 0.98671875 0.2708333328125 0.975 0.28472222187499996 0.96875 0.28611111093749997 0.96015625 0.2958333328125 0.9484375 0.29444444375 0.93984375 0.309722221875 0.9046875 0.315277778125 0.89765625 0.32777777812500003 0.89375 0.32777777812500003 0.8875 0.28472222187499996 0.88984375 0.26944444375 0.89453125 0.2638888890625 0.91171875 0.24305555625 0.94453125 0.240277778125 0.96484375 0.2236111109375 0.9953125 0.2236111109375 1 0.25833333281250004 1
7 0.0388888890625 0.6203125 0.0375 0.625 0.055555556250000006 0.6453125 0.05 0.6515625 0.052777778124999994 0.66640625 0.04305555625 0.6703125 0.05 0.7125 0.058333332812500006 0.71875 0.10555555624999999 0.725 0.165277778125 0.725 0.17916666718750002 0.71796875 0.172222221875 0.703125 0.190277778125 0.6984375 0.19583333281249998 0.6890625 0.19305555624999998 0.67578125 0.1666666671875 0.6671875 0.1708333328125 0.65546875 0.16805555625 0.634375 0.1541666671875 0.63046875 0.11388888906250001 0.6296875 0.10555555624999999 0.6265625 0.1 0.61953125 0.0388888890625 0.6203125
7 0.16388888906250001 0.53046875 0.14444444375 0.5234375 0.10138888906250001 0.521875 0.0958333328125 0.52578125 0.08055555625000001 0.5234375 0.04305555625 0.52421875 0.009722221875000001 0.5328125 0.00555555625 0.57109375 0.019444443750000002 0.6046875 0.025 0.61015625 0.0361111109375 0.61171875 0.06527777812499999 0.60859375 0.09305555625 0.6125 0.1125 0.61171875 0.13194444375 0.60625 0.15694444375 0.60625 0.16944444375 0.6 0.18055555625 0.6 0.184722221875 0.58203125 0.17916666718750002 0.57265625 0.15555555625 0.5609375 0.1416666671875 0.55859375 0.14305555625 0.54375 0.17361111093749998 0.5421875 0.16388888906250001 0.53046875
7 0.13194444375 0.20859375 0.1291666671875 0.2109375 0.140277778125 0.21796875 0.1416666671875 0.21328125 0.134722221875 0.21328125 0.13194444375 0.20859375
7 0.1041666671875 0.203125 0.0958333328125 0.20703125 0.1 0.209375 0.0958333328125 0.2125 0.10555555624999999 0.2109375 0.1041666671875 0.203125
7 0.13194444375 0.23125 0.0861111109375 0.22734375 0.08055555625000001 0.23203125 0.075 0.25 0.125 0.25390625 0.1583333328125 0.25390625 0.15972222187500001 0.2375 0.15555555625 0.2328125 0.13888888906250002 0.2296875 0.13194444375 0.23125
7 0.10138888906250001 0.32265625 0.10555555624999999 0.31484375 0.13055555624999998 0.3046875 0.14305555625 0.2890625 0.1541666671875 0.2828125 0.15972222187500001 0.27421875 0.1583333328125 0.2640625 0.097222221875 0.26015625 0.072222221875 0.26015625 0.06805555625000001 0.2625 0.047222221875 0.3140625 0.047222221875 0.31875 0.058333332812500006 0.3234375 0.10138888906250001 0.32265625
7 0.23472222187499997 0.01171875 0.252777778125 0.0125 0.25694444375000003 0.00703125 0.24444444375000002 0.0046875 0.240277778125 0.00078125 0.22638888906250001 0.00078125 0.2208333328125 0.00625 0.23472222187499997 0.01171875
7 0.23194444375 0.06875 0.23611111093749998 0.06484375 0.23055555625 0.05078125 0.23194444375 0.03984375 0.24444444375000002 0.03359375 0.2388888890625 0.028125 0.20555555625 0.025 0.197222221875 0.03046875 0.17361111093749998 0.06484375 0.16805555625 0.075 0.16944444375 0.08046875 0.1875 0.08125 0.23194444375 0.06875
7 0.16805555625 0.03125 0.16805555625 0.02109375 0.1583333328125 0.0203125 0.14305555625 0.025 0.1263888890625 0.05234375 0.12222222187500001 0.06953125 0.125 0.075 0.1375 0.075 0.14305555625 0.06953125 0.15972222187500001 0.0390625 0.16805555625 0.03125
4 0.375 0.975 0.3958333328125 0.975 0.40555555625000006 0.97890625 0.4291666671875 0.98125 0.434722221875 0.97421875 0.45555555625000005 0.9734375 0.48194444374999995 0.96875 0.5041666671875 0.96953125 0.502777778125 0.95234375 0.5013888890625 0.95 0.43194444374999996 0.95234375 0.40555555625000006 0.95 0.38333333281250004 0.9671875 0.3708333328125 0.96875 0.375 0.975
4 0.10694444375 0.45 0.15 0.453125 0.15972222187500001 0.4515625 0.1611111109375 0.44765625 0.15555555625 0.44453125 0.11805555625 0.44140625 0.10555555624999999 0.4453125 0.10694444375 0.45