2 0.5333333328125 0.0328125 0.5555555562500001 0.0296875 0.5736111109375 0.02421875 0.575 0.01875 0.5708333328124999 0.01484375 0.5666666671875 0.0125 0.5319444437499999 0.01328125 0.522222221875 0.01875 0.522222221875 0.025 0.5333333328125 0.0328125
1 0.890277778125 0.3703125 0.7458333328125 0.371875 0.7458333328125 0.35703125 0.74444444375 0.36015625 0.730921053125 0.3631990140625 0.7291666671875 0.36640625 0.7208333328125 0.36875 0.7138888890625 0.375 0.7194444437499999 0.38828125 0.7111111109375 0.40078125 0.7194444437499999 0.4015625 0.73194444375 0.38984375 0.7430555562500001 0.38515625 0.89444444375 0.3828125 0.8986111109375001 0.38046875 0.8986111109375001 0.3734375 0.890277778125 0.3703125
1 0.91944444375 0.44453125 0.9125 0.4421875 0.784722221875 0.44140625 0.7736111109375 0.43984375 0.7736111109375 0.4296875 0.7708333328125 0.434375 0.7597222218749999 0.43203125 0.7569444437499999 0.4375 0.75 0.45234375 0.7486111109375 0.46875 0.7541666671875 0.46953125 0.7583333328124999 0.4671875 0.765277778125 0.45546875 0.7833333328125 0.4515625 0.8208333328125 0.45234375 0.8291666671875 0.4546875 0.9166666671874999 0.45390625 0.91944444375 0.44453125
7 0.6944444437499999 0.98046875 0.659722221875 0.9796875 0.6611111109375 0.99921875 0.73194444375 0.99921875 0.7402777781250001 0.99375 0.7402777781250001 0.98671875 0.7236111109375 0.9828125 0.6944444437499999 0.98046875
7 0.7 0.909375 0.6736111109375 0.9234375 0.66944444375 0.9421875 0.6486111109375 0.95 0.6458333328125 0.959375 0.70694444375 0.96796875 0.7541666671875 0.96953125 0.76805555625 0.9421875 0.76805555625 0.93046875 0.765277778125 0.92578125 0.74444444375 0.91328125 0.709722221875 0.9078125 0.7 0.909375
7 0.81805555625 0.915625 0.83194444375 0.9046875 0.8444444437499999 0.88515625 0.8458333328125001 0.8609375 0.840277778125 0.853125 0.8444444437499999 0.84609375 0.8444444437499999 0.8203125 0.81805555625 0.81953125 0.7958333328125 0.83359375 0.784722221875 0.84765625 0.765277778125 0.85 0.7597222218749999 0.85390625 0.7416666671875001 0.878125 0.7236111109375 0.88203125 0.7208333328125 0.88515625 0.7236111109375 0.90625 0.7333333328125 0.9109375 0.752777778125 0.91328125 0.7583333328124999 0.92109375 0.76944444375 0.9265625 0.81805555625 0.915625
7 0.902777778125 0.96171875 0.8736111109375001 0.96171875 0.872222221875 0.96640625 0.8861111109375001 0.96953125 0.89305555625 0.97421875 0.9041666671874999 0.97421875 0.909722221875 0.96640625 0.902777778125 0.96171875
7 0.897222221875 0.90625 0.8819444437499999 0.90546875 0.872222221875 0.9203125 0.8708333328125001 0.92890625 0.877777778125 0.93125 0.88055555625 0.95 0.8958333328125001 0.95390625 0.9166666671874999 0.95234375 0.9277777781250001 0.9390625 0.9277777781250001 0.9203125 0.9166666671874999 0.90625 0.9069444437499999 0.9015625 0.897222221875 0.90625
7 0.777777778125 0.99375 0.76944444375 0.9890625 0.7458333328125 0.98828125 0.74444444375 0.99921875 0.7708333328125 0.99921875 0.777777778125 0.99375
7 0.7638888890625 0.96015625 0.7569444437499999 0.96796875 0.7611111109375 0.971875 0.79305555625 0.97421875 0.8027777781250001 0.96953125 0.83055555625 0.928125 0.83055555625 0.91953125 0.8111111109375001 0.91953125 0.7916666671875 0.92890625 0.772222221875 0.93125 0.7638888890625 0.96015625
7 0.8486111109375001 0.9515625 0.8388888890624999 0.971875 0.8416666671874999 0.9796875 0.85 0.97890625 0.85694444375 0.9734375 0.86944444375 0.95546875 0.877777778125 0.93046875 0.8708333328125001 0.92578125 0.85694444375 0.9421875 0.85694444375 0.946875 0.8486111109375001 0.9515625
7 0.759375 0.8421875 0.0015625 0.003125
7 0.7638888890625 0.83203125 0.76805555625 0.83671875 0.7736111109375 0.8359375 0.7833333328125 0.83125 0.7958333328125 0.83125 0.8125 0.81875 0.8263888890625 0.8171875 0.8041666671875 0.8125 0.747222221875 0.81015625 0.75 0.82265625 0.73194444375 0.8234375 0.7388888890625 0.825 0.7402777781250001 0.83046875 0.73194444375 0.828125 0.73194444375 0.8328125 0.7388888890625 0.834375 0.725 0.84140625 0.7430555562500001 0.846875 0.752777778125 0.84140625 0.74444444375 0.834375 0.7486111109375 0.83125 0.7638888890625 0.83203125
7 0.7833333328125 0.73671875 0.777777778125 0.7390625 0.7736111109375 0.74453125 0.777777778125 0.75703125 0.7708333328125 0.765625 0.7763888890625 0.76796875 0.8027777781250001 0.76875 0.8083333328125001 0.7734375 0.8166666671874999 0.77421875 0.8430555562500001 0.76875 0.847222221875 0.7609375 0.8361111109375001 0.74609375 0.809722221875 0.73671875 0.7833333328125 0.73671875
7 0.7569444437499999 0.77890625 0.7458333328125 0.78046875 0.7430555562500001 0.7859375 0.7638888890625 0.790625 0.83055555625 0.79296875 0.8430555562500001 0.7953125 0.85694444375 0.79375 0.8611111109375 0.78984375 0.8625 0.7859375 0.85694444375 0.7828125 0.81805555625 0.78046875 0.7833333328125 0.78125 0.7569444437499999 0.77890625
7 0.83194444375 0.74140625 0.834722221875 0.73828125 0.83194444375 0.7375 0.83194444375 0.74140625
7 0.89444444375 0.79296875 0.902777778125 0.79296875 0.902777778125 0.7890625 0.89444444375 0.79296875
7 0.85 0.76875 0.9 0.7703125 0.9166666671874999 0.76796875 0.9277777781250001 0.75078125 0.925 0.74609375 0.909722221875 0.74765625 0.8458333328125001 0.74453125 0.8444444437499999 0.7546875 0.8486111109375001 0.7578125 0.85 0.76875
7 0.9013888890624999 0.6765625 0.8861111109375001 0.69140625 0.8708333328125001 0.69296875 0.8625 0.696875 0.8458333328125001 0.71328125 0.8333333328125001 0.73671875 0.8888888890625 0.73671875 0.9277777781250001 0.74140625 0.9416666671874999 0.7234375 0.9444444437499999 0.7 0.95555555625 0.68203125 0.9541666671875 0.67890625 0.9416666671874999 0.6765625 0.9013888890624999 0.6765625
7 0.8486111109375001 0.859375 0.8486111109375001 0.88125 0.85694444375 0.8796875 0.86944444375 0.86640625 0.872222221875 0.85625 0.8791666671874999 0.85078125 0.8763888890624999 0.83828125 0.85694444375 0.83828125 0.8486111109375001 0.84140625 0.8444444437499999 0.84921875 0.8486111109375001 0.859375
7 0.8958333328125001 0.875 0.8861111109375001 0.89375 0.91944444375 0.89609375 0.9291666671875 0.87265625 0.9263888890624999 0.85703125 0.91944444375 0.85625 0.8958333328125001 0.875