1 0.78046875 0.6541666671875 0.790625 0.665277778125 0.80234375 0.652777778125 0.82109375 0.652777778125 0.8546875 0.6319444437499999 0.85703125 0.627777778125 0.85625 0.6 0.853125 0.590277778125 0.85 0.5388888890625 0.846875 0.5291666671875 0.84375 0.49305555625 0.82109375 0.4986111109375 0.81171875 0.50555555625 0.81015625 0.54305555625 0.790625 0.597222221875 0.78671875 0.6152777781250001 0.7828125 0.6208333328125 0.7796875 0.6333333328124999 0.78046875 0.6541666671875
1 0.60859375 0.840277778125 0.61015625 0.8652777781250001 0.61484375 0.8736111109375001 0.6140625 0.8888888890625 0.6171875 0.8958333328125001 0.62578125 0.89444444375 0.6296875 0.8819444437499999 0.628125 0.7458333328125 0.63125 0.7402777781250001 0.640625 0.7402777781250001 0.6421875 0.7333333328125 0.63203125 0.727777778125 0.62421875 0.7138888890625 0.6140625 0.7166666671875 0.60625 0.709722221875 0.60625 0.7236111109375 0.61328125 0.7402777781250001 0.6140625 0.7708333328125 0.6109375 0.8055555562500001 0.6125 0.81805555625 0.60859375 0.840277778125
1 0.55078125 0.91805555625 0.5546875 0.9166666671874999 0.55703125 0.909722221875 0.56015625 0.8222222218749999 0.5578125 0.8041666671875 0.55859375 0.784722221875 0.5625 0.777777778125 0.56875 0.7763888890625 0.56953125 0.7666666671875 0.5625 0.7569444437499999 0.54921875 0.75 0.53125 0.7486111109375 0.53203125 0.7569444437499999 0.54296875 0.7666666671875 0.5453125 0.7791666671875 0.54453125 0.9069444437499999 0.55078125 0.91805555625
6 0.23828125 0.784722221875 0.25078125 0.8027777781250001 0.26484375 0.8111111109375001 0.27109375 0.8444444437499999 0.2828125 0.85 0.31875 0.85555555625 0.3265625 0.8416666671874999 0.34375 0.8416666671874999 0.34609375 0.8166666671874999 0.33984375 0.8027777781250001 0.340625 0.76805555625 0.3375 0.7597222218749999 0.31875 0.7611111109375 0.303125 0.752777778125 0.29765625 0.725 0.29140625 0.7166666671875 0.27734375 0.7180555562500001 0.2703125 0.7291666671875 0.26328125 0.722222221875 0.23828125 0.725 0.2359375 0.7416666671875001 0.23828125 0.784722221875
6 0.40859375 0.840277778125 0.42578125 0.8388888890624999 0.4328125 0.8111111109375001 0.43359375 0.7875 0.43046875 0.7708333328125 0.4234375 0.7569444437499999 0.4046875 0.7416666671875001 0.3515625 0.7416666671875001 0.34609375 0.7430555562500001 0.34296875 0.75 0.3453125 0.76944444375 0.3625 0.7763888890625 0.36875 0.7861111109375 0.375 0.815277778125 0.3921875 0.8194444437499999 0.40078125 0.8361111109375001 0.40859375 0.840277778125
7 0.11875 0.8444444437499999 0.17734375 0.8444444437499999 0.184375 0.83055555625 0.1859375 0.809722221875 0.18046875 0.7763888890625 0.1703125 0.772222221875 0.1625 0.7819444437499999 0.1546875 0.7833333328125 0.14921875 0.7638888890625 0.121875 0.7416666671875001 0.1171875 0.722222221875 0.078125 0.722222221875 0.06953125 0.734722221875 0.06953125 0.7666666671875 0.084375 0.81805555625 0.0953125 0.83194444375 0.11875 0.8444444437499999
7 0.04921875 0.659722221875 0.0390625 0.6611111109375 0.03671875 0.68194444375 0.03984375 0.6916666671875 0.0328125 0.6944444437499999 0.03359375 0.7 0.0375 0.7041666671875 0.0421875 0.6916666671875 0.046875 0.6875 0.05078125 0.6944444437499999 0.05546875 0.6944444437499999 0.0546875 0.665277778125 0.04921875 0.659722221875
7 0.0375 0.70694444375 0.0359375 0.7111111109375 0.0390625 0.709722221875 0.0375 0.70694444375
7 0.02109375 0.6611111109375 0.01484375 0.6569444437499999 0.0109375 0.6486111109375 0.00078125 0.6458333328125 0.00078125 0.7416666671875001 0.00546875 0.747222221875 0.00625 0.7569444437499999 0.01015625 0.7541666671875 0.01015625 0.7458333328125 0.0140625 0.7388888890625 0.01953125 0.7041666671875 0.0234375 0.66944444375 0.02109375 0.6611111109375
7 0.14375 0.8708333328125001 0.15 0.8791666671874999 0.16640625 0.877777778125 0.1671875 0.8680555562500001 0.15625 0.8486111109375001 0.11796875 0.8458333328125001 0.1140625 0.85 0.12734375 0.8652777781250001 0.14375 0.8708333328125001
7 0.0375 0.915277778125 0.03828125 0.9083333328125001 0.0375 0.88055555625 0.0265625 0.89305555625 0.02578125 0.9 0.0375 0.915277778125
7 0.06640625 0.877777778125 0.053125 0.877777778125 0.0453125 0.9069444437499999 0.04609375 0.91805555625 0.0609375 0.9277777781250001 0.07734375 0.9277777781250001 0.09375 0.9138888890624999 0.09453125 0.88055555625 0.0796875 0.8708333328125001 0.06953125 0.8708333328125001 0.06640625 0.877777778125
7 0.128125 0.9291666671875 0.1375 0.9291666671875 0.14296875 0.922222221875 0.1421875 0.9166666671874999 0.125 0.8958333328125001 0.1109375 0.8861111109375001 0.10234375 0.8861111109375001 0.103125 0.91944444375 0.128125 0.9291666671875
7 0.9859375 0.59921875 0.003125 0.0015625
7 0.9921875 0.5944444437499999 0.9890625 0.6 1 0.597222221875 0.9921875 0.5944444437499999
7 1 0.44444444375 0.98203125 0.44444444375 0.975 0.4375 0.96875 0.4375 0.9671875 0.45277777812500003 0.9625 0.4583333328125 0.9421875 0.4583333328125 0.93984375 0.447222221875 0.94140625 0.41805555625 0.93671875 0.3986111109375 0.93671875 0.34722222187499996 0.9328125 0.3791666671875 0.93203125 0.42083333281249996 0.9296875 0.4236111109375 0.92890625 0.440277778125 0.92421875 0.4458333328125 0.90859375 0.45 0.89453125 0.4458333328125 0.89375 0.40555555625000006 0.88984375 0.39444444375 0.88203125 0.38333333281250004 0.87265625 0.377777778125 0.8578125 0.38194444375000003 0.85859375 0.41805555625 0.8625 0.43055555625 0.86953125 0.48472222187499997 0.8734375 0.49583333281249997 0.87734375 0.5236111109375 0.884375 0.527777778125 0.87734375 0.55694444375 0.88359375 0.6083333328125 0.89296875 0.60694444375 0.9265625 0.58194444375 0.95546875 0.5666666671875 0.96875 0.5527777781250001 0.96953125 0.5458333328125 0.97734375 0.5333333328125 0.9796875 0.54444444375 0.98671875 0.5458333328125 0.9859375 0.5375 0.9796875 0.5291666671875 0.98203125 0.51944444375 1 0.5069444437499999 0.99453125 0.5 0.9953125 0.49583333281249997 0.9921875 0.490277778125 0.99375 0.4791666671875 1 0.477777778125 1 0.47361111093749997 0.996875 0.47222222187499996 1 0.46944444374999994 1 0.44444444375
7 0.6859375 0.40833333281249995 0.6828125 0.42222222187499997 0.68203125 0.44444444375 0.68984375 0.490277778125 0.6875 0.540277778125 0.69375 0.5555555562500001 0.69296875 0.5694444437499999 0.6859375 0.577777778125 0.678125 0.575 0.67421875 0.56805555625 0.675 0.5555555562500001 0.6640625 0.5305555562500001 0.6625 0.4458333328125 0.6578125 0.44444444375 0.6453125 0.45694444375 0.6359375 0.48472222187499997 0.6359375 0.5333333328125 0.6390625 0.5555555562500001 0.64375 0.56805555625 0.6578125 0.5888888890625 0.6921875 0.6208333328125 0.72578125 0.6666666671875 0.73984375 0.672222221875 0.74453125 0.6861111109375 0.75234375 0.672222221875 0.76875 0.66944444375 0.77578125 0.652777778125 0.78984375 0.6611111109375 0.8078125 0.6486111109375 0.81875 0.652777778125 0.85546875 0.6291666671875 0.8546875 0.5958333328125 0.8515625 0.590277778125 0.84921875 0.5722222218749999 0.85 0.54444444375 0.84609375 0.5305555562500001 0.84375 0.47361111093749997 0.83515625 0.4236111109375 0.78671875 0.43194444374999996 0.78046875 0.44166666718750003 0.77109375 0.44305555625000004 0.76328125 0.4361111109375 0.72421875 0.43333333281249997 0.70546875 0.40833333281249995 0.6859375 0.40833333281249995
7 0.63671875 0.85694444375 0.63125 0.85 0.63359375 0.85694444375 0.63125 0.859027778125 0.6328125 0.8708333328125001 0.6296875 0.8875 0.6265625 0.89444444375 0.61953125 0.897222221875 0.61875 0.902777778125 0.6203125 0.965277778125 0.6359375 0.95555555625 0.6453125 0.9444444437499999 0.66640625 0.9444444437499999 0.67109375 0.95694444375 0.71328125 0.95 0.71875 0.9444444437499999 0.725 0.9041666671874999 0.72578125 0.8458333328125001 0.725 0.8375 0.71875 0.8291666671875 0.71796875 0.8194444437499999 0.7125 0.8263888890625 0.7046875 0.8263888890625 0.7 0.8194444437499999 0.69765625 0.8083333328125001 0.69375 0.8055555562500001 0.67578125 0.80694444375 0.66875 0.83194444375 0.65703125 0.8416666671874999 0.6546875 0.852777778125 0.63671875 0.85694444375
7 0.56015625 0.8888888890625 0.55703125 0.9083333328125001 0.55234375 0.9166666671874999 0.54609375 0.9138888890624999 0.54375 0.9083333328125001 0.54296875 0.8236111109375001 0.5390625 0.8208333328125 0.53203125 0.8263888890625 0.5234375 0.85 0.521875 0.88055555625 0.521875 0.91944444375 0.52578125 0.9458333328125 0.52578125 0.9666666671874999 0.53203125 0.9888888890624999 0.5375 0.9930555562500001 0.56953125 0.99444444375 0.6046875 0.98055555625 0.61171875 0.972222221875 0.61015625 0.909722221875 0.6140625 0.9041666671874999 0.61171875 0.8833333328125 0.60625 0.8680555562500001 0.60625 0.8444444437499999 0.6 0.827777778125 0.6 0.8194444437499999 0.57890625 0.8166666671874999 0.57109375 0.8208333328125 0.56484375 0.83194444375 0.56171875 0.827777778125 0.56171875 0.840277778125 0.55859375 0.85 0.56015625 0.8888888890625
7 0.00625 0.7611111109375 0.00390625 0.772222221875 0.00703125 0.7763888890625 0.01015625 0.76944444375 0.00625 0.7611111109375
7 0.0765625 0.8027777781250001 0.0734375 0.7833333328125 0.0671875 0.7666666671875 0.05078125 0.7541666671875 0.046875 0.75555555625 0.04140625 0.7666666671875 0.0296875 0.7569444437499999 0.025 0.7819444437499999 0.0265625 0.797222221875 0.07109375 0.83055555625 0.08125 0.83194444375 0.08203125 0.8125 0.0765625 0.8027777781250001
7 0.02265625 0.85694444375 0.0640625 0.877777778125 0.075 0.875 0.075 0.86944444375 0.0578125 0.8541666671874999 0.046875 0.8541666671874999 0.02421875 0.8361111109375001 0.01953125 0.8388888890624999 0.02265625 0.85694444375
7 0.209375 0.8986111109375001 0.21171875 0.902777778125 0.2078125 0.8888888890625 0.21171875 0.8847222218749999 0.21484375 0.8666666671875 0.21875 0.8625 0.21484375 0.85694444375 0.21328125 0.847222221875 0.2078125 0.847222221875 0.20546875 0.8583333328125 0.20703125 0.8888888890625 0.203125 0.89305555625 0.20234375 0.9 0.203125 0.9041666671874999 0.20703125 0.9041666671874999 0.209375 0.8986111109375001
7 0.23515625 0.840277778125 0.23203125 0.8444444437499999 0.2296875 0.859722221875 0.2296875 0.9041666671874999 0.22734375 0.9111111109375001 0.23125 0.91805555625 0.2390625 0.922222221875 0.24921875 0.925 0.25078125 0.9208333328125 0.2546875 0.8430555562500001 0.2515625 0.8388888890624999 0.23515625 0.840277778125
7 0.3125 0.8916666671875 0.3046875 0.872222221875 0.29375 0.8611111109375 0.2796875 0.85694444375 0.27421875 0.8458333328125001 0.265625 0.8416666671874999 0.2625 0.85694444375 0.2609375 0.9305555562500001 0.31171875 0.952777778125 0.32109375 0.9541666671875 0.3234375 0.95 0.3234375 0.9 0.3125 0.8916666671875
4 0.05546875 0.66944444375 0.0515625 0.6611111109375 0.04296875 0.659722221875 0.03828125 0.6625 0.0359375 0.702777778125 0.0328125 0.70694444375 0.03203125 0.7541666671875 0.04140625 0.7611111109375 0.0484375 0.7402777781250001 0.05078125 0.70694444375 0.05625 0.69305555625 0.05546875 0.66944444375
4 0.65390625 0.40416666718750005 0.6515625 0.3916666671875 0.646875 0.3986111109375 0.64609375 0.41944444374999995 0.659375 0.434722221875 0.6640625 0.4486111109375 0.66328125 0.5166666671875 0.66875 0.54305555625 0.67578125 0.5541666671875001 0.67578125 0.5694444437499999 0.68515625 0.575 0.6921875 0.56805555625 0.69296875 0.5555555562500001 0.6859375 0.534722221875 0.6890625 0.497222221875 0.6828125 0.459722221875 0.6828125 0.40694444374999994 0.68046875 0.3916666671875 0.68125 0.375 0.6875 0.36805555624999997 0.6875 0.3625 0.68125 0.35972222187499997 0.66875 0.36944444375 0.66875 0.41944444374999995 0.66328125 0.41944444374999995 0.65390625 0.40416666718750005
4 0.9015625 0.93194444375 0.90625 0.95694444375 0.91328125 0.9541666671875 0.91328125 0.9416666671874999 0.91953125 0.9305555562500001 0.92109375 0.9013888890624999 0.91953125 0.8916666671875 0.9140625 0.8888888890625 0.9171875 0.85694444375 0.915625 0.8430555562500001 0.91328125 0.8388888890624999 0.90546875 0.840277778125 0.903125 0.8430555562500001 0.90546875 0.847222221875 0.903125 0.85694444375 0.903125 0.89305555625 0.90546875 0.8986111109375001 0.9015625 0.9083333328125001 0.9015625 0.93194444375