2 0.42222222187499997 0.96328125 0.41805555625 0.96640625 0.41944444374999995 0.975 0.4625 0.975 0.46944444374999994 0.96875 0.46527777812500004 0.95703125 0.447222221875 0.95546875 0.440277778125 0.9609375 0.42222222187499997 0.96328125
1 0.102777778125 0.62421875 0.10833333281249999 0.6296875 0.20277777812500003 0.6265625 0.2541666671875 0.62734375 0.2611111109375 0.63125 0.259722221875 0.640625 0.26527777812500003 0.6421875 0.2708333328125 0.6328125 0.28611111093749997 0.62421875 0.2833333328125 0.61328125 0.290277778125 0.60546875 0.2833333328125 0.6046875 0.2625 0.61328125 0.115277778125 0.61484375 0.1041666671875 0.61953125 0.102777778125 0.62421875
1 0.084722221875 0.5453125 0.0875 0.55703125 0.2166666671875 0.5578125 0.22777777812500002 0.5625 0.22638888906250001 0.56875 0.23055555625 0.5703125 0.2388888890625 0.5671875 0.24305555625 0.56171875 0.2513888890625 0.5328125 0.24583333281250003 0.53046875 0.23611111093749998 0.54296875 0.2166666671875 0.54765625 0.1986111109375 0.54765625 0.172222221875 0.54375 0.13888888906250002 0.54609375 0.084722221875 0.5453125
6 0.20833333281250002 0.2421875 0.197222221875 0.24453125 0.1916666671875 0.25 0.190277778125 0.26328125 0.17916666718750002 0.2671875 0.1583333328125 0.26953125 0.15 0.3078125 0.15277777812499999 0.3125 0.165277778125 0.31875 0.1666666671875 0.3296875 0.1763888890625 0.3359375 0.16805555625 0.3390625 0.177777778125 0.34375 0.222222221875 0.34375 0.2416666671875 0.33671875 0.2416666671875 0.31328125 0.24722222187499998 0.30234375 0.272222221875 0.29765625 0.28472222187499996 0.28828125 0.28472222187499996 0.2796875 0.272222221875 0.2703125 0.2791666671875 0.2609375 0.275 0.2375 0.240277778125 0.2359375 0.21805555625 0.2390625 0.2166666671875 0.23671875 0.20833333281250002 0.2421875
6 0.15972222187500001 0.4015625 0.1611111109375 0.42421875 0.18055555625 0.43125 0.19583333281249998 0.43359375 0.21805555625 0.4328125 0.22638888906250001 0.43125 0.24305555625 0.42109375 0.25833333281250004 0.4015625 0.259722221875 0.39453125 0.25833333281250004 0.35078125 0.2541666671875 0.34375 0.23055555625 0.34453125 0.21944444375 0.365625 0.20138888906250002 0.3625 0.190277778125 0.36328125 0.1763888890625 0.390625 0.15972222187500001 0.4015625
7 0.1291666671875 0.15703125 0.134722221875 0.1609375 0.15 0.15625 0.1513888890625 0.1203125 0.1458333328125 0.11796875 0.1541666671875 0.1140625 0.15555555625 0.109375 0.1513888890625 0.10703125 0.1416666671875 0.1234375 0.13055555624999998 0.1328125 0.1263888890625 0.146875 0.1208333328125 0.15078125 0.12361111093749999 0.15703125 0.1291666671875 0.15703125
7 0.11805555625 0.0359375 0.10138888906250001 0.0265625 0.090277778125 0.0375 0.11805555625 0.03828125 0.11805555625 0.0359375
7 0.1291666671875 0.06953125 0.11944444375 0.04921875 0.097222221875 0.04375 0.08194444375 0.04765625 0.072222221875 0.06171875 0.072222221875 0.0765625 0.08055555625000001 0.090625 0.0861111109375 0.09375 0.11944444375 0.09375 0.127777778125 0.08203125 0.1291666671875 0.06953125
7 0.08055555625000001 0.103125 0.07083333281250001 0.128125 0.075 0.1421875 0.08055555625000001 0.14375 0.102777778125 0.125 0.11388888906250001 0.1109375 0.11388888906250001 0.10546875 0.09305555625 0.10234375 0.08055555625000001 0.103125
7 0.26805555625 0.06953125 0.23333333281250002 0.06953125 0.2236111109375 0.07421875 0.18194444375000002 0.084375 0.172222221875 0.090625 0.1541666671875 0.1203125 0.15555555625 0.14375 0.15972222187500001 0.14609375 0.15555555625 0.15234375 0.15555555625 0.18125 0.1625 0.1828125 0.19305555624999998 0.1859375 0.20972222187499998 0.18125 0.21944444375 0.18125 0.22777777812500002 0.1765625 0.23055555625 0.16875 0.21805555625 0.1625 0.21805555625 0.15390625 0.23611111093749998 0.14921875 0.25833333281250004 0.121875 0.275 0.11875 0.28055555625 0.11328125 0.27638888906250003 0.1046875 0.2791666671875 0.07734375 0.26805555625 0.06953125
7 0.28055555625 0.75546875 0.28055555625 0.7453125 0.28611111093749997 0.73671875 0.28055555625 0.7328125 0.26805555625 0.7296875 0.23194444375 0.73125 0.17361111093749998 0.7640625 0.165277778125 0.78046875 0.17361111093749998 0.8109375 0.1888888890625 0.81875 0.190277778125 0.8265625 0.19444444375 0.8265625 0.1916666671875 0.8296875 0.20277777812500003 0.82578125 0.252777778125 0.82734375 0.26805555625 0.8234375 0.26527777812500003 0.809375 0.2708333328125 0.80078125 0.30416666718749996 0.7875 0.302777778125 0.7828125 0.290277778125 0.77890625 0.28611111093749997 0.77265625 0.28055555625 0.75546875
7 0.222222221875 0.01015625 0.24305555625 0.0125 0.26527777812500003 0.01171875 0.275 0.00625 0.2708333328125 0.00078125 0.21944444375 0.00078125 0.21805555625 0.00859375 0.222222221875 0.01015625
7 0.17361111093749998 0.08125 0.1875 0.08203125 0.197222221875 0.0765625 0.2125 0.075 0.2166666671875 0.07109375 0.23055555625 0.06953125 0.2388888890625 0.06484375 0.23611111093749998 0.04765625 0.24722222187499998 0.03125 0.24444444375000002 0.028125 0.2236111109375 0.025 0.20138888906250002 0.0265625 0.16944444375 0.071875 0.16805555625 0.0765625 0.17361111093749998 0.08125
7 0.1513888890625 0.0484375 0.1611111109375 0.02578125 0.15972222187500001 0.01953125 0.1458333328125 0.02109375 0.134722221875 0.0375 0.125 0.05703125 0.1263888890625 0.07265625 0.1291666671875 0.07421875 0.1375 0.06640625 0.14444444375 0.053125 0.1513888890625 0.0484375
7 0.1541666671875 0.209375 0.15 0.20625 0.1291666671875 0.2046875 0.11388888906250001 0.209375 0.115277778125 0.2140625 0.1291666671875 0.21484375 0.1375 0.22265625 0.14305555625 0.215625 0.1541666671875 0.2140625 0.1541666671875 0.209375
7 0.115277778125 0.20390625 0.097222221875 0.2015625 0.09305555625 0.2109375 0.1041666671875 0.2109375 0.115277778125 0.20390625
7 0.1583333328125 0.23359375 0.13888888906250002 0.22890625 0.09305555625 0.22890625 0.077777778125 0.23828125 0.07638888906249999 0.25078125 0.1583333328125 0.2546875 0.1583333328125 0.23359375
7 0.04444444375 0.31796875 0.047222221875 0.32265625 0.055555556250000006 0.3234375 0.09305555625 0.325 0.1041666671875 0.31953125 0.109722221875 0.3125 0.1166666671875 0.309375 0.1291666671875 0.30859375 0.140277778125 0.2984375 0.147222221875 0.28203125 0.15555555625 0.27421875 0.15555555625 0.26328125 0.075 0.26015625 0.06805555625000001 0.2625 0.058333332812500006 0.27734375 0.054166667187499996 0.3 0.04444444375 0.31796875