2 0.5611111109375 0.0390625 0.58055555625 0.03515625 0.58055555625 0.025 0.5375 0.025 0.5319444437499999 0.0296875 0.534722221875 0.04296875 0.54444444375 0.046875 0.5527777781250001 0.046875 0.5611111109375 0.0390625
1 0.8958333328125001 0.37265625 0.8847222218749999 0.36953125 0.8416666671874999 0.37265625 0.7458333328125 0.37265625 0.7388888890625 0.36875 0.7402777781250001 0.359375 0.734722221875 0.3578125 0.727777778125 0.36875 0.7138888890625 0.37578125 0.7166666671875 0.38671875 0.709722221875 0.39453125 0.7236111109375 0.39375 0.7361111109375 0.38671875 0.852777778125 0.38671875 0.8916666671875 0.384375 0.8958333328125001 0.37265625
1 0.9125 0.44296875 0.7833333328125 0.4421875 0.772222221875 0.4375 0.7736111109375 0.43125 0.765277778125 0.43046875 0.7569444437499999 0.43828125 0.7486111109375 0.4671875 0.75555555625 0.46875 0.7638888890625 0.45703125 0.7833333328125 0.45234375 0.8027777781250001 0.45234375 0.827777778125 0.45625 0.859722221875 0.45390625 0.915277778125 0.4546875 0.9125 0.44296875
6 0.7861111109375 0.76171875 0.8083333328125001 0.75078125 0.809722221875 0.73671875 0.8194444437499999 0.7328125 0.8416666671874999 0.73046875 0.85 0.7046875 0.85 0.69140625 0.834722221875 0.68046875 0.8333333328125001 0.66953125 0.8263888890625 0.66328125 0.83194444375 0.6609375 0.825 0.65625 0.7861111109375 0.65546875 0.7597222218749999 0.6625 0.752777778125 0.69765625 0.7291666671875 0.7015625 0.715277778125 0.71171875 0.7166666671875 0.721875 0.727777778125 0.72890625 0.7208333328125 0.73828125 0.7208333328125 0.75625 0.725 0.7625 0.7611111109375 0.7640625 0.7791666671875 0.7609375 0.7861111109375 0.7640625 0.7861111109375 0.76171875
6 0.8388888890624999 0.57578125 0.8194444437499999 0.56875 0.8041666671875 0.56640625 0.7736111109375 0.56875 0.76944444375 0.5734375 0.7597222218749999 0.5765625 0.74444444375 0.59453125 0.7402777781250001 0.60546875 0.7416666671875001 0.65078125 0.7486111109375 0.65703125 0.7708333328125 0.6546875 0.7791666671875 0.63515625 0.8111111109375001 0.63671875 0.8236111109375001 0.6078125 0.840277778125 0.59765625 0.8388888890624999 0.57578125
7 0.8791666671874999 0.85 0.8763888890624999 0.84296875 0.86944444375 0.8421875 0.8652777781250001 0.83828125 0.85 0.84296875 0.8458333328125001 0.8484375 0.85 0.86015625 0.8486111109375001 0.8768226562500001 0.8541666671874999 0.8796875 0.852777778125 0.88203125 0.847222221875 0.88203125 0.847222221875 0.89296875 0.852777778125 0.88984375 0.85694444375 0.87578125 0.8652777781250001 0.87265625 0.8791666671874999 0.85
7 0.9069444437499999 0.96640625 0.897222221875 0.9625 0.8833333328125 0.96171875 0.8833333328125 0.96640625 0.902777778125 0.9703125 0.9069444437499999 0.96640625
7 0.88055555625 0.90625 0.872222221875 0.91796875 0.8708333328125001 0.92890625 0.875 0.93046875 0.875 0.94140625 0.88055555625 0.95 0.902777778125 0.95625 0.9166666671874999 0.953125 0.9277777781250001 0.93828125 0.9277777781250001 0.9234375 0.91944444375 0.909375 0.9138888890624999 0.90625 0.88055555625 0.90625
7 0.9069444437499999 0.89765625 0.91944444375 0.896875 0.9291666671875 0.8703125 0.9291666671875 0.8625 0.922222221875 0.85703125 0.91944444375 0.85625 0.897222221875 0.875 0.8861111109375001 0.8890625 0.8861111109375001 0.89453125 0.9069444437499999 0.89765625
7 0.7208333328125 0.921875 0.73194444375 0.93046875 0.76805555625 0.93046875 0.7763888890625 0.92578125 0.8166666671874999 0.91640625 0.83055555625 0.90625 0.8444444437499999 0.88515625 0.8458333328125001 0.86796875 0.8444444437499999 0.85625 0.8361111109375001 0.8515625 0.8444444437499999 0.8390625 0.8444444437499999 0.81875 0.8291666671875 0.815625 0.80694444375 0.8140625 0.79444444375 0.81796875 0.7791666671875 0.81875 0.7708333328125 0.82421875 0.76944444375 0.83125 0.7736111109375 0.83515625 0.7819444437499999 0.83671875 0.7805555562500001 0.846875 0.7638888890625 0.85078125 0.7416666671875001 0.878125 0.725 0.88125 0.7194444437499999 0.88671875 0.7236111109375 0.89609375 0.7208333328125 0.921875
7 0.7111111109375 0.26171875 0.7194444437499999 0.2671875 0.73194444375 0.2703125 0.76944444375 0.26875 0.79305555625 0.25234375 0.8263888890625 0.2359375 0.834722221875 0.21875 0.8263888890625 0.1890625 0.8111111109375001 0.18125 0.8083333328125001 0.1703125 0.8027777781250001 0.17421875 0.7541666671875 0.171875 0.73194444375 0.1765625 0.7333333328125 0.190625 0.7291666671875 0.19921875 0.7 0.2078125 0.6958333328124999 0.2125 0.6972222218749999 0.2171875 0.7083333328125 0.2203125 0.715277778125 0.23203125 0.7194444437499999 0.2546875 0.7111111109375 0.26171875
7 0.7194444437499999 0.99375 0.722222221875 0.99921875 0.7791666671875 0.99921875 0.7819444437499999 0.99296875 0.76805555625 0.9890625 0.7291666671875 0.9875 0.7194444437499999 0.99375
7 0.76944444375 0.93046875 0.7611111109375 0.93515625 0.7583333328124999 0.9609375 0.75 0.96953125 0.7763888890625 0.975 0.7986111109375 0.9734375 0.83055555625 0.928125 0.83194444375 0.9234375 0.8263888890625 0.91875 0.8111111109375001 0.91796875 0.7875 0.92890625 0.76944444375 0.93046875
7 0.8736111109375001 0.92734375 0.8708333328125001 0.92578125 0.85 0.95078125 0.8388888890624999 0.97421875 0.840277778125 0.9796875 0.85555555625 0.97734375 0.8736111109375001 0.94609375 0.8736111109375001 0.92734375
7 0.8736111109375001 0.7859375 0.8611111109375 0.7796875 0.85694444375 0.78515625 0.847222221875 0.7859375 0.8458333328125001 0.790625 0.8583333328125 0.7953125 0.88055555625 0.79453125 0.902777778125 0.7984375 0.9041666671874999 0.7875 0.89305555625 0.7890625 0.8847222218749999 0.7859375 0.8736111109375001 0.7859375
7 0.8416666671874999 0.76640625 0.8583333328125 0.7703125 0.9083333328125001 0.77109375 0.91944444375 0.76640625 0.9236111109375 0.74921875 0.8416666671874999 0.74453125 0.8416666671874999 0.76640625
7 0.9305555562500001 0.84296875 0.9444444437499999 0.8421875 0.95 0.8375 0.9333333328125001 0.83671875 0.9305555562500001 0.84296875
7 0.9444444437499999 0.6765625 0.9069444437499999 0.675 0.8986111109375001 0.67734375 0.89444444375 0.68359375 0.8833333328125 0.6890625 0.872222221875 0.68828125 0.8444444437499999 0.72578125 0.8444444437499999 0.73671875 0.925 0.73984375 0.9333333328125001 0.73671875 0.9444444437499999 0.7171875 0.9458333328125 0.70078125 0.95555555625 0.6828125 0.952777778125 0.67734375 0.9444444437499999 0.6765625