2 0.575 0.0234375 0.575 0.01875 0.56805555625 0.01328125 0.5291666671875 0.0140625 0.522222221875 0.01875 0.522222221875 0.025 0.5333333328125 0.0328125 0.5555555562500001 0.0296875 0.575 0.0234375
1 0.8986111109375001 0.3859375 0.8958333328125001 0.3828125 0.9 0.38203125 0.9 0.3765625 0.89444444375 0.36953125 0.83055555625 0.36953125 0.8055555562500001 0.371875 0.7458333328125 0.3703125 0.7402777781250001 0.3578125 0.7333333328125 0.35703125 0.7291666671875 0.36640625 0.7111111109375 0.37578125 0.7111111109375 0.3796875 0.7194444437499999 0.38359375 0.7111111109375 0.4 0.7194444437499999 0.4015625 0.7458333328125 0.38515625 0.8864583328125001 0.38203125 0.8986111109375001 0.3859375
6 0.7236111109375 0.78203125 0.7333333328125 0.78671875 0.765277778125 0.78828125 0.7819444437499999 0.78359375 0.7708333328125 0.78046875 0.7263888890625 0.77890625 0.7236111109375 0.78203125
6 0.8194444437499999 0.78203125 0.8222222218749999 0.778125 0.8194444437499999 0.77421875 0.8194444437499999 0.78203125
6 0.8296875 0.771875 0.0015625 0.003125
6 0.722222221875 0.74296875 0.73194444375 0.74921875 0.7569444437499999 0.75 0.7583333328124999 0.7640625 0.7708333328125 0.76640625 0.8194444437499999 0.76953125 0.83194444375 0.76015625 0.8819444437499999 0.75703125 0.89444444375 0.74921875 0.9041666671874999 0.72578125 0.902777778125 0.70625 0.89305555625 0.7015625 0.859722221875 0.69921875 0.8444444437499999 0.68828125 0.83055555625 0.68359375 0.8222222218749999 0.6875 0.775 0.68828125 0.7611111109375 0.69453125 0.7583333328124999 0.70625 0.7611111109375 0.7109375 0.7819444437499999 0.7171875 0.7819444437499999 0.72265625 0.76805555625 0.72890625 0.7333333328125 0.73125 0.7236111109375 0.7375 0.722222221875 0.74296875
7 0.722222221875 0.98046875 0.709722221875 0.9828125 0.659722221875 0.97890625 0.6611111109375 0.99921875 0.73194444375 0.99921875 0.7402777781250001 0.99296875 0.7402777781250001 0.9875 0.722222221875 0.98046875
7 0.7541666671875 0.91796875 0.7375 0.9125 0.70694444375 0.90703125 0.6972222218749999 0.91015625 0.672222221875 0.925 0.66944444375 0.94296875 0.6486111109375 0.95078125 0.64444444375 0.95703125 0.6708333328125 0.96328125 0.7194444437499999 0.96875 0.722222221875 0.971875 0.7291666671875 0.96953125 0.7541666671875 0.96953125 0.76805555625 0.9421875 0.76805555625 0.93046875 0.7541666671875 0.91796875
7 0.81805555625 0.915625 0.83055555625 0.90625 0.8416666671874999 0.890625 0.8444444437499999 0.85703125 0.83055555625 0.8515625 0.8388888890624999 0.846875 0.8444444437499999 0.83828125 0.8444444437499999 0.81875 0.840277778125 0.8171875 0.8208333328125 0.81640625 0.8166666671874999 0.81875 0.8055555562500001 0.82890625 0.7861111109375 0.83828125 0.784722221875 0.8484375 0.7708333328125 0.85 0.7583333328124999 0.8546875 0.7416666671875001 0.878125 0.725 0.88125 0.7208333328125 0.88515625 0.7236111109375 0.90703125 0.752777778125 0.9140625 0.76944444375 0.9265625 0.81805555625 0.915625
7 0.7486111109375 0.51796875 0.7791666671875 0.51328125 0.79305555625 0.5078125 0.79305555625 0.5046875 0.73194444375 0.5046875 0.7236111109375 0.50625 0.722222221875 0.51015625 0.73194444375 0.51640625 0.7486111109375 0.51796875
7 0.6958333328124999 0.46015625 0.70694444375 0.4640625 0.7083333328125 0.4765625 0.7361111109375 0.4796875 0.8486111109375001 0.4796875 0.85694444375 0.478125 0.8888888890625 0.46015625 0.89444444375 0.45390625 0.909722221875 0.38828125 0.8986111109375001 0.38046875 0.9111111109375001 0.38046875 0.9138888890624999 0.3609375 0.9055555562500001 0.33828125 0.897222221875 0.33359375 0.8819444437499999 0.33125 0.784722221875 0.33046875 0.7736111109375 0.3375 0.7666666671875 0.353125 0.7458333328125 0.35703125 0.74444444375 0.36875 0.7569444437499999 0.371875 0.7597222218749999 0.38515625 0.74444444375 0.3890625 0.7430555562500001 0.4 0.7333333328125 0.41328125 0.725 0.4359375 0.7083333328125 0.4390625 0.6944444437499999 0.44921875 0.6958333328124999 0.46015625
7 0.7819444437499999 0.99375 0.7763888890625 0.98984375 0.7458333328125 0.98828125 0.74444444375 0.99921875 0.772222221875 0.99921875 0.7819444437499999 0.99375
7 0.797222221875 0.92421875 0.7916666671875 0.9296875 0.772222221875 0.93125 0.76944444375 0.94609375 0.7569444437499999 0.96796875 0.7611111109375 0.971875 0.79444444375 0.97421875 0.8027777781250001 0.96953125 0.83194444375 0.921875 0.8291666671875 0.91875 0.8125 0.91875 0.797222221875 0.92421875
7 0.8444444437499999 0.95625 0.8361111109375001 0.975 0.8388888890624999 0.97890625 0.852777778125 0.978125 0.8666666671875 0.96015625 0.877777778125 0.9359375 0.875 0.92734375 0.86944444375 0.92578125 0.85694444375 0.946875 0.85 0.94921875 0.8444444437499999 0.95625
7 0.8444444437499999 0.85234375 0.8486111109375001 0.8578125 0.85 0.88203125 0.85694444375 0.88046875 0.86944444375 0.8671875 0.872222221875 0.85625 0.8791666671874999 0.85 0.8791666671874999 0.84140625 0.875 0.8390625 0.852777778125 0.8390625 0.847222221875 0.84375 0.8444444437499999 0.85234375
7 0.9263888890624999 0.85703125 0.91944444375 0.85625 0.8958333328125001 0.87578125 0.8861111109375001 0.88828125 0.8861111109375001 0.89375 0.91944444375 0.89609375 0.9291666671875 0.87265625 0.9263888890624999 0.85703125