1 0.43203125 0.2388888890625 0.4375 0.24305555625 0.45625 0.2513888890625 0.46875 0.2513888890625 0.46953125 0.24583333281250003 0.45703125 0.23472222187499997 0.45390625 0.225 0.45390625 0.1861111109375 0.45625 0.16805555625 0.45390625 0.0861111109375 0.44765625 0.08055555625000001 0.4421875 0.0916666671875 0.4421875 0.147222221875 0.4390625 0.1611111109375 0.4421875 0.1916666671875 0.44140625 0.21805555625 0.43828125 0.22638888906250001 0.43125 0.2236111109375 0.42890625 0.23055555625 0.43203125 0.2388888890625
1 0.39453125 0.2888888890625 0.39375 0.27638888906250003 0.3859375 0.2541666671875 0.3859375 0.21805555625 0.38984375 0.19444444375 0.38984375 0.15 0.38515625 0.127777778125 0.384375 0.10555555624999999 0.37734375 0.102777778125 0.371875 0.10694444375 0.371875 0.2541666671875 0.3671875 0.259722221875 0.3578125 0.259722221875 0.3578125 0.26527777812500003 0.37109375 0.275 0.375 0.28472222187499996 0.38671875 0.2833333328125 0.39453125 0.2888888890625
6 0.7296875 0.26944444375 0.7375 0.27777777812500004 0.75703125 0.27777777812500004 0.7625 0.2736111109375 0.7640625 0.2388888890625 0.76171875 0.2166666671875 0.75390625 0.19583333281249998 0.7375 0.190277778125 0.73046875 0.1583333328125 0.72734375 0.15555555625 0.69140625 0.15 0.67890625 0.165277778125 0.66796875 0.1611111109375 0.65703125 0.1708333328125 0.65546875 0.18055555625 0.65390625 0.20833333281250002 0.66171875 0.2388888890625 0.684375 0.2388888890625 0.6984375 0.24722222187499998 0.70234375 0.275 0.7078125 0.2833333328125 0.7203125 0.2833333328125 0.7296875 0.26944444375
6 0.6359375 0.222222221875 0.6328125 0.2166666671875 0.634375 0.20555555625 0.62890625 0.1888888890625 0.6078125 0.177777778125 0.59921875 0.1611111109375 0.575 0.1611111109375 0.56953125 0.175 0.5671875 0.190277778125 0.56875 0.22777777812500002 0.5765625 0.2416666671875 0.5984375 0.259722221875 0.65 0.25833333281250004 0.6546875 0.25694444375000003 0.65703125 0.2513888890625 0.65546875 0.23055555625 0.6359375 0.222222221875
7 0.8921875 0.1513888890625 0.8671875 0.13055555624999998 0.8375 0.1208333328125 0.8390625 0.1361111109375 0.84453125 0.1513888890625 0.8921875 0.1513888890625
7 0.96640625 0.1166666671875 0.96953125 0.10694444375 0.96953125 0.0958333328125 0.9640625 0.090277778125 0.9625 0.08333333281250001 0.96171875 0.11805555625 0.96640625 0.1166666671875
7 0.953125 0.08194444375 0.9390625 0.072222221875 0.9234375 0.072222221875 0.90703125 0.08333333281250001 0.90625 0.11944444375 0.91953125 0.127777778125 0.925 0.127777778125 0.93125 0.1208333328125 0.94609375 0.12222222187500001 0.95 0.11805555625 0.9546875 0.097222221875 0.953125 0.08194444375
7 0.8578125 0.08055555625000001 0.8640625 0.090277778125 0.875 0.102777778125 0.88984375 0.11388888906250001 0.8953125 0.11388888906250001 0.896875 0.08055555625000001 0.8625 0.07083333281250001 0.8578125 0.08055555625000001
7 0.84921875 0.23055555625 0.853125 0.2388888890625 0.878125 0.25833333281250004 0.88125 0.275 0.88671875 0.28055555625 0.89609375 0.27638888906250003 0.925 0.27638888906250003 0.92890625 0.26805555625 0.93125 0.2513888890625 0.93046875 0.23194444375 0.92734375 0.22777777812500002 0.91640625 0.1833333328125 0.9109375 0.17361111093749998 0.88359375 0.15555555625 0.85078125 0.1583333328125 0.83125 0.1541666671875 0.81953125 0.15555555625 0.81796875 0.15972222187500001 0.8140625 0.1833333328125 0.8171875 0.197222221875 0.8171875 0.21805555625 0.8203125 0.22638888906250001 0.83125 0.22777777812500002 0.8375 0.215277778125 0.8484375 0.21805555625 0.84921875 0.23055555625
7 0.20546875 0.1708333328125 0.2046875 0.147222221875 0.171875 0.1111111109375 0.15546875 0.10833333281249999 0.15078125 0.1111111109375 0.1453125 0.125 0.1484375 0.16388888906250001 0.15390625 0.16805555625 0.15859375 0.1833333328125 0.1625 0.1875 0.17421875 0.1875 0.18515625 0.197222221875 0.1921875 0.19583333281249998 0.20546875 0.1708333328125
7 0.32578125 0.1916666671875 0.33203125 0.165277778125 0.34140625 0.16388888906250001 0.36171875 0.1513888890625 0.36484375 0.1458333328125 0.36875 0.147222221875 0.36953125 0.10833333281249999 0.38125 0.0986111109375 0.3796875 0.0388888890625 0.375 0.0375 0.3640625 0.04444444375 0.35546875 0.055555556250000006 0.3421875 0.052777778124999994 0.3375 0.058333332812500006 0.33359375 0.058333332812500006 0.328125 0.04305555625 0.28671875 0.05 0.28125 0.05694444375 0.27890625 0.06805555625000001 0.28046875 0.075 0.27578125 0.09305555625 0.275 0.1666666671875 0.2796875 0.16944444375 0.28203125 0.177777778125 0.29765625 0.17361111093749998 0.30234375 0.190277778125 0.30625 0.19444444375 0.32265625 0.19444444375 0.32578125 0.1916666671875
7 0.41875 0.184722221875 0.42890625 0.177777778125 0.43828125 0.15555555625 0.44140625 0.1263888890625 0.4390625 0.115277778125 0.4421875 0.102777778125 0.44140625 0.0916666671875 0.4453125 0.08055555625000001 0.4515625 0.08194444375 0.4578125 0.09444444375 0.45546875 0.1263888890625 0.45625 0.17916666718750002 0.465625 0.177777778125 0.47421875 0.15277777812499999 0.478125 0.1291666671875 0.478125 0.0666666671875 0.47265625 0.01805555625 0.46328125 0.006944443749999999 0.43046875 0.00555555625 0.39375 0.0208333328125 0.3890625 0.0333333328125 0.3890625 0.0916666671875 0.38671875 0.09305555625 0.38671875 0.1041666671875 0.39453125 0.134722221875 0.39375 0.1541666671875 0.39921875 0.16388888906250001 0.4015625 0.18055555625 0.41875 0.184722221875
7 0.99375 0.275 0.99921875 0.26527777812500003 0.99921875 0.22916666718749998 0.99453125 0.21944444375 0.98828125 0.2375 0.9875 0.26805555625 0.99375 0.275
7 0.97421875 0.20555555625 0.96796875 0.19583333281249998 0.928125 0.16944444375 0.92265625 0.16805555625 0.91875 0.172222221875 0.91875 0.1888888890625 0.92421875 0.20138888906250002 0.93046875 0.23055555625 0.93515625 0.2388888890625 0.9609375 0.23472222187499997 0.96953125 0.24722222187499998 0.9734375 0.23055555625 0.97421875 0.20555555625
7 0.9375 0.12222222187500001 0.93203125 0.12222222187500001 0.9296875 0.13194444375 0.92578125 0.12361111093749999 0.92578125 0.13055555624999998 0.9390625 0.14305555625 0.95390625 0.14444444375 0.9671875 0.15555555625 0.98046875 0.15972222187500001 0.97734375 0.14444444375 0.9609375 0.13333333281249998 0.9375 0.12222222187500001
7 0.79140625 0.1166666671875 0.796875 0.10555555624999999 0.79765625 0.097222221875 0.7875 0.097222221875 0.790625 0.11388888906250001 0.7859375 0.1166666671875 0.78515625 0.1291666671875 0.78046875 0.13888888906250002 0.78984375 0.15277777812499999 0.79296875 0.1513888890625 0.79375 0.14444444375 0.79140625 0.1166666671875
7 0.7453125 0.134722221875 0.7453125 0.1583333328125 0.7625 0.15972222187500001 0.76875 0.15277777812499999 0.77109375 0.097222221875 0.76875 0.08194444375 0.74921875 0.07638888906249999 0.7484375 0.1166666671875 0.7453125 0.134722221875
7 0.7375 0.15555555625 0.7390625 0.06944444375 0.69296875 0.047222221875 0.6796875 0.0458333328125 0.6765625 0.055555556250000006 0.6765625 0.097222221875 0.68046875 0.1041666671875 0.6875 0.10694444375 0.6953125 0.1291666671875 0.70625 0.1416666671875 0.71640625 0.14444444375 0.7265625 0.15555555625 0.7375 0.15555555625
7 0.96953125 0.2513888890625 0.97421875 0.23194444375 0.97421875 0.20277777812500003 0.96875 0.20277777812500003 0.96328125 0.222222221875 0.9625 0.240277778125 0.96953125 0.2513888890625
4 0.9421875 0.309722221875 0.94296875 0.28472222187499996 0.93828125 0.25833333281250004 0.9328125 0.259722221875 0.93359375 0.275 0.925 0.2958333328125 0.925 0.3263888890625 0.91796875 0.3458333328125 0.92421875 0.34861111093749997 0.92890625 0.33888888906250003 0.93046875 0.3583333328125 0.9359375 0.35972222187499997 0.9375 0.322222221875 0.9421875 0.309722221875