2 0.02421875 0.42222222187499997 0.02578125 0.4625 0.0296875 0.46805555625000006 0.03671875 0.46805555625000006 0.0390625 0.459722221875 0.0359375 0.42083333281249996 0.02578125 0.41805555625 0.02421875 0.42222222187499997
1 0.38515625 0.140277778125 0.38515625 0.115277778125 0.3796875 0.102777778125 0.3703125 0.10555555624999999 0.36875 0.115277778125 0.37265625 0.15277777812499999 0.37265625 0.24722222187499998 0.36875 0.259722221875 0.36015625 0.259722221875 0.359375 0.26527777812500003 0.3671875 0.2708333328125 0.37734375 0.2888888890625 0.3859375 0.2833333328125 0.39453125 0.2888888890625 0.39453125 0.28194444375 0.38671875 0.26527777812500003 0.38515625 0.15694444375 0.3875 0.1513888890625 0.38515625 0.140277778125
1 0.4375 0.22638888906250001 0.43046875 0.22638888906250001 0.4296875 0.23055555625 0.4328125 0.2388888890625 0.46015625 0.2513888890625 0.4625 0.2388888890625 0.46453125 0.2388888890625 0.4546875 0.22916666718749998 0.45234375 0.215277778125 0.45625 0.16805555625 0.45390625 0.14861111093749999 0.4546875 0.084722221875 0.44296875 0.0861111109375 0.4421875 0.215277778125 0.4375 0.22638888906250001
6 0.73515625 0.1875 0.73046875 0.1583333328125 0.70625 0.15 0.69140625 0.15 0.67890625 0.16805555625 0.6703125 0.16805555625 0.66484375 0.1763888890625 0.65703125 0.17361111093749998 0.65625 0.177777778125 0.65703125 0.22916666718749998 0.66640625 0.24305555625 0.6828125 0.2388888890625 0.6984375 0.24722222187499998 0.70234375 0.275 0.7078125 0.2833333328125 0.71875 0.28472222187499996 0.7296875 0.2708333328125 0.7375 0.27777777812500004 0.7625 0.275 0.7640625 0.240277778125 0.76171875 0.21805555625 0.7546875 0.197222221875 0.73515625 0.1875
6 0.5984375 0.15972222187500001 0.57578125 0.1611111109375 0.56875 0.18055555625 0.56875 0.22638888906250001 0.5734375 0.23055555625 0.5765625 0.240277778125 0.58828125 0.24722222187499998 0.59453125 0.25694444375000003 0.65078125 0.25833333281250004 0.65703125 0.25 0.6546875 0.22916666718749998 0.6375 0.2236111109375 0.6328125 0.215277778125 0.63671875 0.20555555625 0.63671875 0.1916666671875 0.60546875 0.17361111093749998 0.5984375 0.15972222187500001
7 0.883309659375 0.14381313125 0.86640625 0.13055555624999998 0.85625 0.1291666671875 0.85 0.12222222187500001 0.84375 0.12361111093749999 0.83984375 0.1375 0.8453125 0.1513888890625 0.865625 0.15 0.88203125 0.15555555625 0.88203125 0.14305555625 0.883309659375 0.14381313125
7 0.9578125 0.090277778125 0.940625 0.072222221875 0.9234375 0.072222221875 0.90703125 0.08333333281250001 0.90625 0.11944444375 0.91796875 0.127777778125 0.9234375 0.127777778125 0.9265625 0.12222222187500001 0.946875 0.12222222187500001 0.95390625 0.11388888906250001 0.95625 0.1 0.96171875 0.10138888906250001 0.96171875 0.11805555625 0.9671875 0.1166666671875 0.9734375 0.10555555624999999 0.9734375 0.097222221875 0.9625 0.084722221875 0.9578125 0.090277778125
7 0.8890625 0.11388888906250001 0.8953125 0.11388888906250001 0.89765625 0.09305555625 0.89609375 0.08055555625000001 0.86875 0.07083333281250001 0.86171875 0.072222221875 0.8578125 0.077777778125 0.85703125 0.08055555625000001 0.86328125 0.090277778125 0.87578125 0.1041666671875 0.8890625 0.11388888906250001
7 0.93046875 0.2666666671875 0.93046875 0.23333333281250002 0.92578125 0.2236111109375 0.915625 0.18194444375000002 0.909375 0.172222221875 0.8796875 0.15555555625 0.85625 0.15555555625 0.85234375 0.1611111109375 0.84296875 0.15555555625 0.81953125 0.15555555625 0.81640625 0.16805555625 0.81796875 0.21805555625 0.825 0.22916666718749998 0.8328125 0.22777777812500002 0.83671875 0.21805555625 0.8453125 0.21805555625 0.8484375 0.222222221875 0.85078125 0.23611111093749998 0.87109375 0.25555555625 0.87890625 0.25833333281250004 0.88125 0.275 0.88671875 0.28055555625 0.89609375 0.27638888906250003 0.92109375 0.2791666671875 0.93046875 0.2666666671875
7 0.99296875 0.21805555625 0.98828125 0.23611111093749998 0.98828125 0.26805555625 0.99921875 0.26805555625 0.99921875 0.21944444375 0.99296875 0.21805555625
7 0.9234375 0.2 0.93359375 0.2388888890625 0.9625 0.240277778125 0.96953125 0.24722222187499998 0.971875 0.24305555625 0.975 0.2236111109375 0.97421875 0.20416666718749998 0.965625 0.19444444375 0.92890625 0.16944444375 0.921875 0.16805555625 0.91875 0.17361111093749998 0.91875 0.1916666671875 0.9234375 0.2
7 0.98046875 0.15972222187500001 0.97578125 0.14305555625 0.94609375 0.1263888890625 0.93125 0.12222222187500001 0.9265625 0.125 0.925 0.13194444375 0.93515625 0.1416666671875 0.95546875 0.1458333328125 0.96484375 0.1541666671875 0.98046875 0.15972222187500001
7 0.78046875 0.13888888906250002 0.78671875 0.1513888890625 0.79296875 0.1513888890625 0.79296875 0.12222222187500001 0.78671875 0.1208333328125 0.78515625 0.13194444375 0.78046875 0.13888888906250002
7 0.78828125 0.09305555625 0.790625 0.1041666671875 0.7890625 0.1166666671875 0.79296875 0.11805555625 0.7921875 0.10833333281249999 0.796875 0.10555555624999999 0.79765625 0.097222221875 0.78828125 0.09305555625
7 0.77109375 0.0916666671875 0.76875 0.08333333281250001 0.75390625 0.075 0.74921875 0.07638888906249999 0.7484375 0.0861111109375 0.7453125 0.1583333328125 0.76328125 0.15972222187500001 0.76875 0.1541666671875 0.7703125 0.1416666671875 0.77109375 0.0916666671875
7 0.68203125 0.04444444375 0.67734375 0.047222221875 0.6765625 0.055555556250000006 0.675 0.09305555625 0.67734375 0.1 0.68671875 0.10694444375 0.690625 0.11805555625 0.69140625 0.13055555624999998 0.70234375 0.1416666671875 0.71953125 0.147222221875 0.72578125 0.15555555625 0.73671875 0.15555555625 0.7390625 0.0861111109375 0.7375 0.06805555625000001 0.721875 0.058333332812500006 0.7015625 0.054166667187499996 0.68203125 0.04444444375