2 0.9765625 0.575 0.98125 0.575 0.98671875 0.56805555625 0.9859375 0.527777778125 0.98125 0.522222221875 0.975 0.522222221875 0.96796875 0.5319444437499999 0.9703125 0.5541666671875001 0.9765625 0.575
1 0.61796875 0.8864583328125001 0.6078125 0.9 0.6109375 0.9041666671874999 0.61796875 0.89444444375 0.62265625 0.9 0.63046875 0.89444444375 0.628125 0.8791666671874999 0.6296875 0.7458333328125 0.6421875 0.7402777781250001 0.64296875 0.7333333328125 0.63359375 0.7291666671875 0.62421875 0.7111111109375 0.6203125 0.7111111109375 0.6171875 0.7194444437499999 0.59921875 0.7111111109375 0.59921875 0.722222221875 0.60859375 0.73194444375 0.615625 0.7486111109375 0.615625 0.8444444437499999 0.61796875 0.8864583328125001
6 0.21953125 0.775 0.22109375 0.7263888890625 0.21796875 0.7236111109375 0.21328125 0.7333333328125 0.21171875 0.7638888890625 0.21484375 0.7819444437499999 0.21875 0.7819444437499999 0.21953125 0.775
6 0.2265625 0.83055555625 0.23125 0.83194444375 0.22890625 0.827777778125 0.2265625 0.83055555625
6 0.25703125 0.722222221875 0.25 0.7333333328125 0.24921875 0.7569444437499999 0.2359375 0.7569444437499999 0.23359375 0.7666666671875 0.23125 0.8194444437499999 0.2390625 0.8291666671875 0.23828125 0.840277778125 0.2421875 0.8583333328125 0.24296875 0.8819444437499999 0.25 0.89444444375 0.27265625 0.9041666671874999 0.29375 0.902777778125 0.2984375 0.89305555625 0.30078125 0.859722221875 0.31171875 0.8444444437499999 0.31640625 0.83055555625 0.3125 0.8222222218749999 0.3109375 0.7736111109375 0.30546875 0.7611111109375 0.296875 0.7569444437499999 0.2890625 0.7611111109375 0.2828125 0.7819444437499999 0.27734375 0.7819444437499999 0.27109375 0.76805555625 0.26875 0.7333333328125 0.2625 0.7236111109375 0.25703125 0.722222221875
7 0.084375 0.81805555625 0.0890625 0.8263888890625 0.10703125 0.840277778125 0.13203125 0.8458333328125001 0.14453125 0.8444444437499999 0.1484375 0.8361111109375001 0.159375 0.8444444437499999 0.18125 0.8444444437499999 0.1828125 0.840277778125 0.18359375 0.8194444437499999 0.1703125 0.8041666671875 0.16328125 0.7875 0.15078125 0.7833333328125 0.15 0.76944444375 0.14453125 0.7569444437499999 0.121875 0.7416666671875001 0.11875 0.725 0.11484375 0.7208333328125 0.09375 0.7236111109375 0.0890625 0.7333333328125 0.0859375 0.7513888890625 0.0734375 0.76944444375 0.084375 0.81805555625
7 0.00078125 0.6625 0.00078125 0.73194444375 0.00703125 0.7402777781250001 0.01328125 0.7402777781250001 0.01796875 0.7208333328125 0.0203125 0.659722221875 0.00078125 0.6625
7 0.0921875 0.702777778125 0.084375 0.6916666671875 0.0796875 0.6777777781250001 0.075 0.672222221875 0.05703125 0.66944444375 0.04765625 0.6458333328125 0.0421875 0.64444444375 0.0328125 0.6972222218749999 0.03046875 0.7541666671875 0.0578125 0.76805555625 0.06953125 0.76805555625 0.08203125 0.7541666671875 0.0921875 0.7138888890625 0.0921875 0.702777778125
7 0.4953125 0.79444444375 0.4953125 0.73194444375 0.49375 0.722222221875 0.48828125 0.722222221875 0.4828125 0.734722221875 0.48203125 0.752777778125 0.4890625 0.790277778125 0.4953125 0.79444444375
7 0.56015625 0.70694444375 0.55078125 0.6944444437499999 0.53984375 0.6958333328124999 0.534375 0.70694444375 0.52421875 0.7083333328125 0.521875 0.7138888890625 0.5203125 0.8486111109375001 0.521875 0.85694444375 0.53984375 0.8888888890625 0.54609375 0.89444444375 0.58359375 0.9041666671874999 0.6 0.902777778125 0.6015625 0.9069444437499999 0.61171875 0.909722221875 0.61953125 0.8986111109375001 0.61953125 0.9111111109375001 0.6390625 0.9138888890624999 0.6625 0.9041666671874999 0.66640625 0.897222221875 0.66875 0.8819444437499999 0.66953125 0.784722221875 0.6625 0.7736111109375 0.646875 0.7666666671875 0.64375 0.747222221875 0.6390625 0.7430555562500001 0.63046875 0.74444444375 0.628125 0.752777778125 0.6296875 0.81805555625 0.615625 0.8194444437499999 0.6171875 0.797222221875 0.61328125 0.7458333328125 0.5671875 0.727777778125 0.5625 0.722222221875 0.56015625 0.70694444375
7 0.1171875 0.85555555625 0.1328125 0.86944444375 0.14375 0.872222221875 0.1515625 0.88055555625 0.16171875 0.877777778125 0.16484375 0.8652777781250001 0.16015625 0.8486111109375001 0.14453125 0.8458333328125001 0.115625 0.85 0.1171875 0.85555555625
7 0.034375 0.8680555562500001 0.025 0.89305555625 0.025 0.902777778125 0.03359375 0.9138888890624999 0.03828125 0.9125 0.03984375 0.86944444375 0.034375 0.8680555562500001
7 0.09375 0.8986111109375001 0.0953125 0.8847222218749999 0.0921875 0.8791666671874999 0.07265625 0.8708333328125001 0.06875 0.877777778125 0.05078125 0.877777778125 0.0484375 0.8833333328125 0.04609375 0.9138888890624999 0.04921875 0.91944444375 0.07109375 0.9291666671875 0.09375 0.91805555625 0.09765625 0.9041666671874999 0.09375 0.8986111109375001
7 0.1046875 0.8958333328125001 0.1015625 0.902777778125 0.10234375 0.91944444375 0.12578125 0.9291666671875 0.140625 0.9277777781250001 0.14375 0.91944444375 0.125 0.8958333328125001 0.1109375 0.8861111109375001 0.10234375 0.8888888890625 0.1046875 0.8958333328125001
7 0.0078125 0.7791666671875 0.01171875 0.7666666671875 0.0125 0.7458333328125 0.00078125 0.74444444375 0.00078125 0.772222221875 0.0078125 0.7791666671875
7 0.05546875 0.76944444375 0.03203125 0.7569444437499999 0.028125 0.7611111109375 0.02578125 0.79444444375 0.03046875 0.8027777781250001 0.07109375 0.83055555625 0.08046875 0.83055555625 0.08125 0.8138888890624999 0.0703125 0.7861111109375 0.06953125 0.772222221875 0.05546875 0.76944444375
7 0.075 0.8708333328125001 0.05234375 0.85694444375 0.0421875 0.8444444437499999 0.03046875 0.8388888890624999 0.02109375 0.840277778125 0.02109375 0.85 0.0234375 0.8541666671874999 0.03984375 0.8666666671875 0.05703125 0.875 0.06640625 0.875 0.06796875 0.8666666671875 0.07109375 0.875 0.0734375 0.8736111109375001 0.075 0.8708333328125001
4 0.36328125 0.8430555562500001 0.375 0.8458333328125001 0.37734375 0.8416666671874999 0.375 0.8291666671875 0.38125 0.8138888890624999 0.37109375 0.8027777781250001 0.3703125 0.7791666671875 0.3609375 0.7805555562500001 0.36328125 0.8430555562500001