1 0.3765625 0.28611111093749997 0.38671875 0.2833333328125 0.39375 0.2888888890625 0.39375 0.27777777812500004 0.38671875 0.2625 0.3859375 0.24444444375000002 0.38671875 0.2125 0.38984375 0.19444444375 0.38984375 0.15277777812499999 0.3859375 0.127777778125 0.38671875 0.115277778125 0.3828125 0.10833333281249999 0.37734375 0.10694444375 0.371875 0.11944444375 0.37265625 0.2416666671875 0.371875 0.252777778125 0.36796875 0.259722221875 0.3625 0.2611111109375 0.36171875 0.2666666671875 0.36640625 0.26805555625 0.36953125 0.27777777812500004 0.3765625 0.28611111093749997
1 0.11640625 0.447222221875 0.11640625 0.43333333281249997 0.08984375 0.43333333281249997 0.071875 0.47361111093749997 0.06796875 0.47083333281249995 0.0671875 0.434722221875 0.06328125 0.434722221875 0.0609375 0.44305555625000004 0.0625 0.48333333281249996 0.065625 0.502777778125 0.0578125 0.525 0.05859375 0.5416666671875 0.0625 0.5527777781250001 0.0921875 0.55 0.11015625 0.477777778125 0.11640625 0.447222221875
1 0.15 0.45416666718750004 0.15625 0.50555555625 0.1796875 0.502777778125 0.1828125 0.48333333281249996 0.18671875 0.4763888890625 0.18828125 0.4583333328125 0.21875 0.3791666671875 0.21875 0.35555555625 0.2125 0.34722222187499996 0.18984375 0.34305555625 0.18125 0.33194444375 0.1421875 0.33055555625 0.13984375 0.33194444375 0.13984375 0.3458333328125 0.14453125 0.3888888890625 0.16640625 0.397222221875 0.1734375 0.40416666718750005 0.165625 0.427777778125 0.15 0.43194444374999996 0.15 0.45416666718750004
1 0.45703125 0.2513888890625 0.46796875 0.2513888890625 0.46875 0.24305555625 0.45859375 0.23333333281250002 0.4546875 0.2208333328125 0.45625 0.09305555625 0.44921875 0.08194444375 0.44296875 0.0875 0.4421875 0.15 0.43984375 0.16805555625 0.44140625 0.215277778125 0.4375 0.22638888906250001 0.43125 0.22638888906250001 0.43046875 0.23055555625 0.4390625 0.24305555625 0.45703125 0.2513888890625
7 0.84609375 0.1208333328125 0.8375 0.12361111093749999 0.8359375 0.1291666671875 0.84296875 0.15 0.87265625 0.1541666671875 0.88125 0.1541666671875 0.88515625 0.15 0.8671875 0.13055555624999998 0.85390625 0.127777778125 0.84609375 0.1208333328125
7 0.9671875 0.11805555625 0.97421875 0.10555555624999999 0.9734375 0.0958333328125 0.96953125 0.09444444375 0.9625 0.08194444375 0.95078125 0.08055555625000001 0.9390625 0.072222221875 0.92265625 0.072222221875 0.909375 0.08055555625000001 0.90625 0.0875 0.90546875 0.1208333328125 0.91796875 0.13055555624999998 0.9484375 0.11944444375 0.95390625 0.10694444375 0.95625 0.0888888890625 0.9609375 0.0916666671875 0.96171875 0.11805555625 0.9671875 0.11805555625
7 0.8578125 0.077777778125 0.8578125 0.08194444375 0.875 0.10555555624999999 0.88828125 0.115277778125 0.8984375 0.115277778125 0.896875 0.0791666671875 0.871875 0.07083333281250001 0.86328125 0.07083333281250001 0.8578125 0.077777778125
7 0.87109375 0.25555555625 0.878125 0.25833333281250004 0.88125 0.272222221875 0.8859375 0.2791666671875 0.8953125 0.275 0.925 0.275 0.92890625 0.26805555625 0.9296875 0.23194444375 0.915625 0.18194444375000002 0.9109375 0.17361111093749998 0.88125 0.15555555625 0.83125 0.1541666671875 0.8203125 0.15555555625 0.8171875 0.1611111109375 0.8140625 0.17916666718750002 0.8140625 0.20138888906250002 0.81953125 0.222222221875 0.83046875 0.2236111109375 0.8375 0.215277778125 0.84765625 0.2166666671875 0.8515625 0.23611111093749998 0.87109375 0.25555555625
7 0.9765625 0.33055555625 0.99140625 0.3513888890625 0.99921875 0.352777778125 0.99921875 0.28055555625 0.99296875 0.25833333281250004 0.98671875 0.25833333281250004 0.9828125 0.272222221875 0.9765625 0.33055555625
7 0.95703125 0.3 0.95625 0.26944444375 0.96171875 0.252777778125 0.96796875 0.2513888890625 0.95859375 0.24305555625 0.95 0.2611111109375 0.9484375 0.3166666671875 0.9546875 0.3236111109375 0.95625 0.33194444375 0.9609375 0.3333333328125 0.96171875 0.3291666671875 0.95625 0.322222221875 0.96015625 0.3125 0.95703125 0.3
7 0.10625 0.5555555562500001 0.1078125 0.602777778125 0.125 0.6208333328125 0.14140625 0.6180555562500001 0.1421875 0.5930555562500001 0.12734375 0.5069444437499999 0.12734375 0.490277778125 0.1234375 0.46944444374999994 0.115625 0.4583333328125 0.11875 0.4458333328125 0.11796875 0.43333333281249997 0.0921875 0.43055555625 0.0796875 0.45277777812500003 0.075 0.45555555625000005 0.06875 0.45416666718750004 0.0671875 0.440277778125 0.06328125 0.4388888890625 0.0609375 0.447222221875 0.0640625 0.502777778125 0.05703125 0.527777778125 0.0578125 0.5416666671875 0.0609375 0.55 0.06328125 0.5541666671875001 0.075 0.5541666671875001 0.09921875 0.547222221875 0.10625 0.5555555562500001
7 0.1015625 0.3861111109375 0.109375 0.3861111109375 0.115625 0.36805555624999997 0.11171875 0.33055555625 0.0078125 0.33055555625 0.0015625 0.34305555625 0 0.35694444375 0.0046875 0.36666666718749996 0.04375 0.3708333328125 0.05390625 0.377777778125 0.065625 0.36944444375 0.08828125 0.36944444375 0.0921875 0.3708333328125 0.1015625 0.3861111109375
7 0.16875 0.41805555625 0.1625 0.43055555625 0.15 0.43194444374999996 0.15 0.45555555625000005 0.153125 0.46666666718750005 0.1578125 0.5375 0.1640625 0.5763888890625 0.19453125 0.56805555625 0.2125 0.56805555625 0.21953125 0.5555555562500001 0.23046875 0.5555555562500001 0.24921875 0.5638888890625 0.27734375 0.565277778125 0.2984375 0.5930555562500001 0.31796875 0.5930555562500001 0.33046875 0.577777778125 0.3359375 0.5583333328125 0.34375 0.5555555562500001 0.35390625 0.54305555625 0.3625 0.51805555625 0.3640625 0.47083333281249995 0.3609375 0.44444444375 0.35703125 0.434722221875 0.340625 0.40972222187499996 0.31953125 0.39305555625 0.29140625 0.35972222187499997 0.2828125 0.35555555625 0.275 0.334722221875 0.2609375 0.3291666671875 0.25546875 0.3138888890625 0.246875 0.32777777812500003 0.23125 0.33194444375 0.22578125 0.352777778125 0.21953125 0.3583333328125 0.2171875 0.34722222187499996 0.18984375 0.34305555625 0.17890625 0.33194444375 0.14296875 0.33055555625 0.13984375 0.3333333328125 0.13984375 0.34722222187499996 0.1453125 0.39027777812500003 0.14921875 0.39444444375 0.15 0.40138888906250003 0.1609375 0.397222221875 0.16875 0.41111111093749997 0.16875 0.41805555625
7 0.45625 0.15694444375 0.45703125 0.16944444375 0.46015625 0.17361111093749998 0.46796875 0.1666666671875 0.46953125 0.1458333328125 0.46640625 0.13333333281249998 0.4578125 0.127777778125 0.45625 0.15694444375
7 0.32421875 0.19305555624999998 0.33046875 0.16944444375 0.3328125 0.165277778125 0.34140625 0.16388888906250001 0.34375 0.15277777812499999 0.34921875 0.15 0.35078125 0.14305555625 0.36015625 0.140277778125 0.36171875 0.1361111109375 0.36484375 0.14444444375 0.36875 0.14305555625 0.36875 0.11944444375 0.375 0.10694444375 0.38046875 0.1041666671875 0.378125 0.0375 0.3640625 0.04444444375 0.3546875 0.055555556250000006 0.33359375 0.055555556250000006 0.3296875 0.04444444375 0.3203125 0.04305555625 0.2953125 0.047222221875 0.28125 0.058333332812500006 0.27890625 0.09305555625 0.275 0.10694444375 0.275 0.1541666671875 0.28046875 0.16388888906250001 0.28203125 0.177777778125 0.29609375 0.172222221875 0.30390625 0.19305555624999998 0.32421875 0.19305555624999998
7 0.43671875 0.16805555625 0.43671875 0.1583333328125 0.44140625 0.1416666671875 0.44296875 0.0861111109375 0.45 0.08333333281250001 0.45625 0.0916666671875 0.46171875 0.0916666671875 0.47421875 0.08194444375 0.47421875 0.04305555625 0.4703125 0.019444443750000002 0.4625 0.006944443749999999 0.4296875 0.00555555625 0.41015625 0.0166666671875 0.3953125 0.019444443750000002 0.38984375 0.025 0.38828125 0.0361111109375 0.3890625 0.090277778125 0.38671875 0.109722221875 0.38984375 0.125 0.3953125 0.13055555624999998 0.3953125 0.15555555625 0.40078125 0.177777778125 0.4296875 0.177777778125 0.43671875 0.16805555625
7 0.9890625 0.2541666671875 0.99296875 0.25555555625 0.99453125 0.24444444375000002 0.99921875 0.240277778125 0.99921875 0.22638888906250001 0.99375 0.2208333328125 0.98984375 0.22916666718749998 0.9890625 0.2541666671875
7 0.96796875 0.2416666671875 0.971875 0.23611111093749998 0.975 0.20555555625 0.96953125 0.197222221875 0.928125 0.16944444375 0.91875 0.16944444375 0.91875 0.1888888890625 0.9234375 0.197222221875 0.93046875 0.23055555625 0.9421875 0.240277778125 0.95234375 0.240277778125 0.95703125 0.23472222187499997 0.96171875 0.2416666671875 0.96796875 0.2416666671875
7 0.94375 0.125 0.925 0.12361111093749999 0.92421875 0.13333333281249998 0.9265625 0.1375 0.94375 0.1513888890625 0.9671875 0.165277778125 0.97890625 0.165277778125 0.978125 0.14444444375 0.975 0.140277778125 0.94375 0.125
7 0.79296875 0.15 0.79296875 0.1208333328125 0.78828125 0.12222222187500001 0.78125 0.140277778125 0.78984375 0.1513888890625 0.79296875 0.15
7 0.7875 0.0958333328125 0.7890625 0.11805555625 0.79296875 0.11805555625 0.79296875 0.109722221875 0.796875 0.10555555624999999 0.796875 0.097222221875 0.79296875 0.0958333328125 0.7875 0.0958333328125
7 0.74765625 0.09305555625 0.7453125 0.1583333328125 0.75546875 0.1611111109375 0.76796875 0.15555555625 0.7703125 0.13888888906250002 0.7703125 0.084722221875 0.76796875 0.08055555625000001 0.75 0.075 0.74765625 0.09305555625
7 0.74140625 0.08333333281250001 0.73984375 0.07083333281250001 0.70078125 0.054166667187499996 0.69296875 0.047222221875 0.68125 0.04444444375 0.6765625 0.05 0.67734375 0.102777778125 0.68359375 0.10555555624999999 0.6921875 0.12361111093749999 0.71640625 0.1541666671875 0.734375 0.15972222187500001 0.7375 0.1541666671875 0.7375 0.1125 0.74140625 0.08333333281250001
4 0.9609375 0.24722222187499998 0.9578125 0.2513888890625 0.95546875 0.26805555625 0.95625 0.3 0.95390625 0.3263888890625 0.95625 0.3333333328125 0.96015625 0.334722221875 0.9625 0.33194444375 0.96640625 0.30555555624999997 0.96953125 0.2541666671875 0.9609375 0.24722222187499998
4 0.0625 0.7166666671875 0.0671875 0.7180555562500001 0.0765625 0.70555555625 0.0796875 0.6944444437499999 0.0703125 0.6569444437499999 0.06640625 0.58055555625 0.06171875 0.5555555562500001 0.0546875 0.54305555625 0.0421875 0.5333333328125 0.04375 0.51805555625 0.04140625 0.50555555625 0.03203125 0.5041666671875 0.028125 0.5166666671875 0.03125 0.5375 0.025 0.5527777781250001 0.02578125 0.5986111109375 0.02890625 0.60555555625 0.0359375 0.609722221875 0.05234375 0.6833333328125 0.06171875 0.70694444375 0.0625 0.7166666671875