1 0.225 0.54609375 0.1861111109375 0.54609375 0.16805555625 0.54375 0.0861111109375 0.54609375 0.08055555625000001 0.55234375 0.0916666671875 0.5578125 0.147222221875 0.5578125 0.1611111109375 0.5609375 0.1916666671875 0.5578125 0.21805555625 0.55859375 0.22638888906250001 0.56171875 0.2236111109375 0.56875 0.23055555625 0.57109375 0.2388888890625 0.56796875 0.24305555625 0.5625 0.2513888890625 0.54375 0.2513888890625 0.53125 0.24583333281250003 0.53046875 0.23472222187499997 0.54296875 0.225 0.54609375
1 0.127777778125 0.61484375 0.10555555624999999 0.615625 0.102777778125 0.62265625 0.10694444375 0.628125 0.2541666671875 0.628125 0.259722221875 0.6328125 0.259722221875 0.6421875 0.26527777812500003 0.6421875 0.275 0.62890625 0.28472222187499996 0.625 0.2833333328125 0.61328125 0.2888888890625 0.60546875 0.27638888906250003 0.60625 0.2541666671875 0.6140625 0.21805555625 0.6140625 0.19444444375 0.61015625 0.15 0.61015625 0.127777778125 0.61484375
6 0.19583333281249998 0.24609375 0.190277778125 0.2625 0.1583333328125 0.26953125 0.15555555625 0.27265625 0.15 0.30859375 0.165277778125 0.32109375 0.1611111109375 0.33203125 0.1708333328125 0.34296875 0.18055555625 0.34453125 0.20833333281250002 0.34609375 0.2388888890625 0.33828125 0.2388888890625 0.315625 0.24722222187499998 0.3015625 0.275 0.29765625 0.2833333328125 0.2921875 0.2833333328125 0.2796875 0.26944444375 0.2703125 0.27777777812500004 0.2625 0.27777777812500004 0.24296875 0.2736111109375 0.2375 0.2388888890625 0.2359375 0.2166666671875 0.23828125 0.19583333281249998 0.24609375
6 0.1611111109375 0.425 0.175 0.43046875 0.190277778125 0.4328125 0.22777777812500002 0.43125 0.2416666671875 0.4234375 0.259722221875 0.4015625 0.25833333281250004 0.35 0.25694444375000003 0.3453125 0.2513888890625 0.34296875 0.23055555625 0.34453125 0.222222221875 0.3640625 0.2166666671875 0.3671875 0.20555555625 0.365625 0.1888888890625 0.37109375 0.177777778125 0.3921875 0.1611111109375 0.40078125 0.1611111109375 0.425
7 0.13055555624999998 0.1328125 0.1208333328125 0.1625 0.1361111109375 0.1609375 0.1513888890625 0.15546875 0.1513888890625 0.1078125 0.13055555624999998 0.1328125
7 0.1166666671875 0.03359375 0.10694444375 0.03046875 0.0958333328125 0.03046875 0.090277778125 0.0359375 0.08333333281250001 0.0375 0.11805555625 0.03828125 0.1166666671875 0.03359375
7 0.127777778125 0.075 0.1208333328125 0.06875 0.12222222187500001 0.05390625 0.11805555625 0.05 0.097222221875 0.0453125 0.08194444375 0.046875 0.072222221875 0.0609375 0.072222221875 0.0765625 0.08333333281250001 0.09296875 0.11944444375 0.09375 0.127777778125 0.08046875 0.127777778125 0.075
7 0.07083333281250001 0.1375 0.08055555625000001 0.1421875 0.090277778125 0.1359375 0.102777778125 0.125 0.11388888906250001 0.11015625 0.11388888906250001 0.1046875 0.08055555625000001 0.103125 0.07083333281250001 0.1375
7 0.27638888906250003 0.075 0.26805555625 0.07109375 0.2513888890625 0.06875 0.23194444375 0.06953125 0.22777777812500002 0.07265625 0.1833333328125 0.08359375 0.17361111093749998 0.0890625 0.15555555625 0.11640625 0.1583333328125 0.14921875 0.1541666671875 0.16875 0.15555555625 0.18046875 0.15972222187500001 0.18203125 0.1833333328125 0.1859375 0.197222221875 0.1828125 0.21805555625 0.1828125 0.22638888906250001 0.1796875 0.22777777812500002 0.16875 0.215277778125 0.1625 0.21805555625 0.1515625 0.23055555625 0.15078125 0.2388888890625 0.146875 0.25833333281250004 0.121875 0.275 0.11875 0.28055555625 0.11328125 0.27638888906250003 0.10390625 0.27638888906250003 0.075
7 0.16388888906250001 0.8515625 0.16805555625 0.84609375 0.1833333328125 0.84140625 0.1875 0.8375 0.1875 0.82578125 0.197222221875 0.81484375 0.19583333281249998 0.8078125 0.1708333328125 0.79453125 0.147222221875 0.7953125 0.1111111109375 0.828125 0.10833333281249999 0.84453125 0.1111111109375 0.84921875 0.125 0.8546875 0.16388888906250001 0.8515625
7 0.10833333281249999 0.63046875 0.0986111109375 0.61875 0.0388888890625 0.6203125 0.0375 0.625 0.04444444375 0.6359375 0.055555556250000006 0.64453125 0.052777778124999994 0.6578125 0.058333332812500006 0.6625 0.058333332812500006 0.66640625 0.04305555625 0.671875 0.05 0.71328125 0.05694444375 0.71875 0.06805555625000001 0.72109375 0.075 0.71953125 0.09305555625 0.72421875 0.1666666671875 0.725 0.16944444375 0.7203125 0.177777778125 0.71796875 0.17361111093749998 0.70234375 0.190277778125 0.69765625 0.19444444375 0.69375 0.19444444375 0.67734375 0.1916666671875 0.67421875 0.165277778125 0.66796875 0.16388888906250001 0.65859375 0.1513888890625 0.63828125 0.1458333328125 0.63515625 0.147222221875 0.63125 0.10833333281249999 0.63046875
7 0.0916666671875 0.55859375 0.08055555625000001 0.5546875 0.08194444375 0.5484375 0.09444444375 0.5421875 0.1263888890625 0.54453125 0.17916666718750002 0.54375 0.177777778125 0.534375 0.15277777812499999 0.52578125 0.1291666671875 0.521875 0.0666666671875 0.521875 0.01805555625 0.52734375 0.006944443749999999 0.53671875 0.00555555625 0.56953125 0.0208333328125 0.60625 0.0333333328125 0.6109375 0.0916666671875 0.6109375 0.09305555625 0.61328125 0.1041666671875 0.61328125 0.134722221875 0.60546875 0.1541666671875 0.60625 0.16388888906250001 0.60078125 0.18055555625 0.5984375 0.184722221875 0.58125 0.177777778125 0.57109375 0.15555555625 0.56171875 0.1263888890625 0.55859375 0.115277778125 0.5609375 0.102777778125 0.5578125 0.0916666671875 0.55859375
7 0.275 0.00625 0.26527777812500003 0.00078125 0.22916666718749998 0.00078125 0.21944444375 0.00546875 0.2375 0.01171875 0.26805555625 0.0125 0.275 0.00625
7 0.20138888906250002 0.07578125 0.23055555625 0.06953125 0.2388888890625 0.06484375 0.23472222187499997 0.0390625 0.24722222187499998 0.03046875 0.23055555625 0.0265625 0.20555555625 0.02578125 0.19583333281249998 0.03203125 0.16944444375 0.071875 0.16805555625 0.07734375 0.172222221875 0.08125 0.1888888890625 0.08125 0.20138888906250002 0.07578125
7 0.14444444375 0.04609375 0.15555555625 0.0328125 0.15972222187500001 0.01953125 0.14444444375 0.02265625 0.13333333281249998 0.0390625 0.12222222187500001 0.0625 0.12222222187500001 0.06796875 0.13194444375 0.0703125 0.12361111093749999 0.07421875 0.13055555624999998 0.07421875 0.14305555625 0.0609375 0.14444444375 0.04609375
7 0.1291666671875 0.21484375 0.13888888906250002 0.21953125 0.15277777812499999 0.21015625 0.1513888890625 0.20703125 0.14444444375 0.20625 0.1166666671875 0.20859375 0.10555555624999999 0.203125 0.097222221875 0.20234375 0.097222221875 0.2125 0.11388888906250001 0.209375 0.1166666671875 0.2140625 0.1291666671875 0.21484375
7 0.07638888906249999 0.25078125 0.1166666671875 0.2515625 0.134722221875 0.2546875 0.1583333328125 0.2546875 0.15972222187500001 0.2375 0.15277777812499999 0.23125 0.097222221875 0.22890625 0.08194444375 0.23125 0.07638888906249999 0.25078125
7 0.1041666671875 0.31953125 0.10694444375 0.3125 0.1291666671875 0.3046875 0.1416666671875 0.29375 0.14444444375 0.28359375 0.15555555625 0.2734375 0.15555555625 0.2625 0.06944444375 0.2609375 0.047222221875 0.30703125 0.0458333328125 0.3203125 0.055555556250000006 0.3234375 0.097222221875 0.3234375 0.1041666671875 0.31953125
7 0.2513888890625 0.03046875 0.23194444375 0.02578125 0.20277777812500003 0.02578125 0.20277777812500003 0.03125 0.222222221875 0.03671875 0.240277778125 0.0375 0.2513888890625 0.03046875
4 0.3263888890625 0.075 0.3458333328125 0.08203125 0.34861111093749997 0.07578125 0.33888888906250003 0.07109375 0.3583333328125 0.06953125 0.35972222187499997 0.0640625 0.322222221875 0.0625 0.309722221875 0.0578125 0.28472222187499996 0.05703125 0.25833333281250004 0.06171875 0.259722221875 0.0671875 0.275 0.06640625 0.2958333328125 0.075 0.3263888890625 0.075