2 0.46527777812500004 0.95703125 0.45555555625000005 0.953125 0.447222221875 0.953125 0.434722221875 0.9625 0.427777778125 0.9625 0.41805555625 0.9671875 0.41944444374999995 0.975 0.4375 0.9765625 0.46666666718750005 0.9734375 0.46944444374999994 0.96640625 0.46527777812500004 0.95703125
1 0.109722221875 0.61484375 0.10555555624999999 0.61640625 0.102777778125 0.625 0.10694444375 0.628125 0.11805555625 0.6296875 0.15694444375 0.62734375 0.2513888890625 0.62734375 0.259722221875 0.63125 0.259722221875 0.640625 0.2638888890625 0.6421875 0.2708333328125 0.6328125 0.2888888890625 0.62421875 0.2833333328125 0.6140625 0.290277778125 0.60546875 0.2833333328125 0.6046875 0.2611111109375 0.61328125 0.1875 0.615625 0.1541666671875 0.61328125 0.109722221875 0.61484375
1 0.0875 0.55703125 0.2166666671875 0.5578125 0.22777777812500002 0.5625 0.22638888906250001 0.56875 0.23055555625 0.5703125 0.24305555625 0.56171875 0.2513888890625 0.53203125 0.2416666671875 0.53203125 0.23333333281250002 0.54453125 0.215277778125 0.54765625 0.1708333328125 0.54375 0.1458333328125 0.54609375 0.0861111109375 0.5453125 0.08333333281250001 0.55078125 0.0875 0.55703125
6 0.21944444375 0.2390625 0.215277778125 0.2359375 0.20833333281250002 0.2421875 0.19444444375 0.246875 0.190277778125 0.26328125 0.18055555625 0.2671875 0.1583333328125 0.26953125 0.15 0.3078125 0.165277778125 0.31875 0.16805555625 0.33203125 0.1763888890625 0.334375 0.1763888890625 0.33671875 0.16805555625 0.3390625 0.17916666718750002 0.34375 0.2138888890625 0.34453125 0.2388888890625 0.33828125 0.24305555625 0.33359375 0.2416666671875 0.31328125 0.24722222187499998 0.30234375 0.272222221875 0.29765625 0.28194444375 0.2921875 0.28472222187499996 0.28046875 0.272222221875 0.27109375 0.2791666671875 0.26171875 0.27777777812500004 0.240625 0.272222221875 0.23671875 0.23611111093749998 0.2359375 0.21944444375 0.2390625
6 0.15972222187500001 0.40234375 0.1611111109375 0.42421875 0.18055555625 0.43125 0.19583333281249998 0.43359375 0.2236111109375 0.43125 0.24444444375000002 0.41875 0.24722222187499998 0.41171875 0.25555555625 0.40546875 0.259722221875 0.39453125 0.25833333281250004 0.35 0.2513888890625 0.34296875 0.23055555625 0.34453125 0.21944444375 0.365625 0.20277777812500003 0.3625 0.190277778125 0.36328125 0.1763888890625 0.3921875 0.15972222187500001 0.40234375
7 0.13055555624999998 0.13359375 0.1208333328125 0.15 0.1208333328125 0.16171875 0.134722221875 0.1625 0.1513888890625 0.15625 0.1541666671875 0.10703125 0.147222221875 0.11015625 0.1458333328125 0.1203125 0.13055555624999998 0.13359375
7 0.09305555625 0.03203125 0.0916666671875 0.0375 0.11805555625 0.03828125 0.11805555625 0.034375 0.10138888906250001 0.02734375 0.09305555625 0.03203125
7 0.115277778125 0.04765625 0.097222221875 0.04453125 0.0861111109375 0.0453125 0.077777778125 0.053125 0.072222221875 0.06171875 0.072222221875 0.0765625 0.08055555625000001 0.090625 0.0861111109375 0.09375 0.1208333328125 0.09296875 0.1291666671875 0.06953125 0.115277778125 0.04765625
7 0.08333333281250001 0.10234375 0.077777778125 0.10625 0.07083333281250001 0.1296875 0.07083333281250001 0.1375 0.077777778125 0.14296875 0.08055555625000001 0.14375 0.102777778125 0.125 0.11388888906250001 0.1109375 0.11388888906250001 0.10546875 0.08333333281250001 0.10234375
7 0.27638888906250003 0.10390625 0.2791666671875 0.07734375 0.26805555625 0.06953125 0.23333333281250002 0.06953125 0.22638888906250001 0.0734375 0.1833333328125 0.08359375 0.16944444375 0.09375 0.15555555625 0.11484375 0.15555555625 0.14296875 0.16388888906250001 0.1484375 0.15555555625 0.1609375 0.15555555625 0.18125 0.16805555625 0.18359375 0.19444444375 0.184375 0.2208333328125 0.18125 0.22916666718749998 0.17578125 0.23055555625 0.16875 0.22638888906250001 0.16484375 0.21805555625 0.16328125 0.21944444375 0.153125 0.23611111093749998 0.14921875 0.252777778125 0.13203125 0.25833333281250004 0.12109375 0.275 0.11875 0.28055555625 0.11328125 0.28055555625 0.10625 0.27638888906250003 0.10390625
7 0.27777777812500004 0.00546875 0.272222221875 0.00078125 0.2236111109375 0.00078125 0.215277778125 0.00625 0.21944444375 0.0109375 0.26527777812500003 0.0125 0.27777777812500004 0.00546875
7 0.20833333281250002 0.07109375 0.23055555625 0.06953125 0.2388888890625 0.06484375 0.2388888890625 0.04453125 0.24722222187499998 0.03125 0.24305555625 0.02734375 0.2166666671875 0.0234375 0.2 0.02734375 0.16944444375 0.071875 0.16805555625 0.07734375 0.17361111093749998 0.08125 0.1888888890625 0.08125 0.20833333281250002 0.07109375
7 0.125 0.07265625 0.1291666671875 0.07421875 0.15 0.04921875 0.1611111109375 0.01953125 0.15 0.0203125 0.14305555625 0.025 0.12222222187500001 0.0640625 0.125 0.07265625
7 0.10694444375 0.2109375 0.1111111109375 0.2140625 0.1291666671875 0.21484375 0.13888888906250002 0.22265625 0.1416666671875 0.21640625 0.1541666671875 0.2140625 0.1541666671875 0.209375 0.15277777812499999 0.20703125 0.13194444375 0.2046875 0.11944444375 0.20703125 0.11388888906250001 0.203125 0.0958333328125 0.2015625 0.09305555625 0.2125 0.10694444375 0.2109375
7 0.1375 0.22734375 0.13333333281249998 0.2296875 0.0916666671875 0.2296875 0.077777778125 0.23828125 0.075 0.25 0.1583333328125 0.2546875 0.15972222187500001 0.23515625 0.15555555625 0.23125 0.1458333328125 0.23125 0.1375 0.22734375
7 0.0916666671875 0.325 0.1041666671875 0.31953125 0.10694444375 0.31328125 0.11944444375 0.30859375 0.1291666671875 0.309375 0.15555555625 0.27421875 0.15555555625 0.2640625 0.06944444375 0.2609375 0.059722221875 0.27578125 0.054166667187499996 0.30078125 0.04444444375 0.31796875 0.0458333328125 0.32109375 0.055555556250000006 0.3234375 0.0916666671875 0.325