2 0.425 0.9765625 0.425 0.98125 0.43194444374999996 0.98671875 0.47083333281249995 0.9859375 0.477777778125 0.98125 0.477777778125 0.975 0.46666666718750005 0.9671875 0.4486111109375 0.96953125 0.425 0.9765625
1 0.2513888890625 0.615625 0.15555555625 0.615625 0.13888888906250002 0.61796875 0.1041666671875 0.61796875 0.10138888906250001 0.615625 0.1 0.6234375 0.10555555624999999 0.63046875 0.1208333328125 0.628125 0.1916666671875 0.6296875 0.20138888906250002 0.62734375 0.25555555625 0.6296875 0.259722221875 0.6421875 0.26527777812500003 0.64296875 0.2708333328125 0.63359375 0.2888888890625 0.62421875 0.2888888890625 0.6203125 0.28055555625 0.61640625 0.2888888890625 0.6 0.28055555625 0.5984375 0.2638888890625 0.61171875 0.2513888890625 0.615625
6 0.22916666718749998 0.21953125 0.2736111109375 0.22109375 0.27638888906250003 0.21796875 0.2666666671875 0.21328125 0.23611111093749998 0.21171875 0.2236111109375 0.215625 0.222222221875 0.21796875 0.22916666718749998 0.21953125
6 0.18055555625 0.2203125 0.177777778125 0.22421875 0.17916666718750002 0.22578125 0.18055555625 0.2203125
6 0.27777777812500004 0.25703125 0.26527777812500003 0.25 0.24305555625 0.24921875 0.24305555625 0.2359375 0.23194444375 0.23359375 0.18055555625 0.23125 0.1763888890625 0.23671875 0.16805555625 0.23984375 0.11805555625 0.24296875 0.10555555624999999 0.25 0.0958333328125 0.27421875 0.097222221875 0.29375 0.10555555624999999 0.2984375 0.14305555625 0.3015625 0.15555555625 0.31171875 0.16944444375 0.31640625 0.177777778125 0.3125 0.22638888906250001 0.3109375 0.2388888890625 0.30546875 0.24305555625 0.2953125 0.2388888890625 0.28828125 0.21805555625 0.28203125 0.21805555625 0.27734375 0.23194444375 0.271875 0.2666666671875 0.26875 0.27638888906250003 0.2625 0.27777777812500004 0.25703125
7 0.27638888906250003 0.01875 0.290277778125 0.0171875 0.33888888906250003 0.021875 0.34305555625 0.01953125 0.34027777812500004 0.00078125 0.26805555625 0.00078125 0.25833333281250004 0.01015625 0.27638888906250003 0.01875
7 0.29722222187499997 0.0921875 0.3083333328125 0.084375 0.322222221875 0.0796875 0.32777777812500003 0.075 0.33055555625 0.05859375 0.3513888890625 0.05 0.35555555625 0.0421875 0.27777777812500004 0.0296875 0.24583333281250003 0.03046875 0.23194444375 0.0578125 0.23194444375 0.06953125 0.24583333281250003 0.08203125 0.28611111093749997 0.0921875 0.29722222187499997 0.0921875
7 0.090277778125 0.03828125 0.13055555624999998 0.03984375 0.13194444375 0.0328125 0.10694444375 0.025 0.097222221875 0.025 0.0861111109375 0.03359375 0.0861111109375 0.0375 0.090277778125 0.03828125
7 0.10138888906250001 0.09453125 0.11805555625 0.0953125 0.1291666671875 0.075 0.1291666671875 0.07109375 0.12222222187500001 0.06875 0.1208333328125 0.05 0.1041666671875 0.04609375 0.08055555625000001 0.0484375 0.07083333281250001 0.0671875 0.08055555625000001 0.09296875 0.09305555625 0.0984375 0.097222221875 0.09921875 0.10138888906250001 0.09453125
7 0.17361111093749998 0.0890625 0.1583333328125 0.109375 0.1541666671875 0.1375 0.15555555625 0.14296875 0.16388888906250001 0.1484375 0.1583333328125 0.1515625 0.15555555625 0.159375 0.1583333328125 0.1828125 0.18055555625 0.18359375 0.197222221875 0.16953125 0.2138888890625 0.1625 0.2166666671875 0.15078125 0.23611111093749998 0.1484375 0.24305555625 0.14453125 0.25833333281250004 0.121875 0.275 0.11875 0.2791666671875 0.11484375 0.27777777812500004 0.09375 0.2486111109375 0.0859375 0.23055555625 0.0734375 0.18194444375000002 0.084375 0.17361111093749998 0.0890625
7 0.27777777812500004 0.49140625 0.2666666671875 0.4828125 0.25 0.48203125 0.20972222187499998 0.4890625 0.20555555625 0.4953125 0.26805555625 0.4953125 0.27777777812500004 0.49140625
7 0.275 0.5640625 0.2916666671875 0.5609375 0.30555555624999997 0.55078125 0.30416666718749996 0.53984375 0.29305555625 0.5359375 0.2916666671875 0.52421875 0.28611111093749997 0.521875 0.1513888890625 0.5203125 0.13333333281249998 0.52578125 0.1111111109375 0.53984375 0.10555555624999999 0.54609375 0.10138888906250001 0.57109375 0.097222221875 0.575 0.0861111109375 0.63984375 0.0958333328125 0.6625 0.102777778125 0.66640625 0.11805555625 0.66875 0.21805555625 0.66875 0.22638888906250001 0.6625 0.23333333281250002 0.646875 0.252777778125 0.64375 0.25833333281250004 0.6375 0.25555555625 0.63046875 0.24583333281250003 0.628125 0.1986111109375 0.628125 0.20138888906250002 0.6171875 0.25 0.61484375 0.25555555625 0.6125 0.25694444375000003 0.60078125 0.2666666671875 0.5875 0.275 0.5640625
7 0.222222221875 0.00546875 0.22638888906250001 0.01015625 0.2541666671875 0.01171875 0.25555555625 0.00078125 0.22777777812500002 0.00078125 0.222222221875 0.00546875
7 0.23194444375 0.05234375 0.24305555625 0.03203125 0.240277778125 0.028125 0.20555555625 0.02578125 0.197222221875 0.03046875 0.16944444375 0.07109375 0.16944444375 0.08046875 0.1888888890625 0.08125 0.20972222187499998 0.07109375 0.22916666718749998 0.06875 0.23194444375 0.05234375
7 0.14444444375 0.05234375 0.15277777812499999 0.0484375 0.16388888906250001 0.025 0.15972222187500001 0.02109375 0.147222221875 0.021875 0.13055555624999998 0.04453125 0.125 0.06875 0.13194444375 0.06953125 0.1263888890625 0.07421875 0.1291666671875 0.075 0.140277778125 0.06171875 0.14444444375 0.05234375
7 0.15277777812499999 0.11953125 0.147222221875 0.1171875 0.134722221875 0.1265625 0.127777778125 0.14375 0.1208333328125 0.14921875 0.1208333328125 0.16015625 0.127777778125 0.16171875 0.147222221875 0.1609375 0.15555555625 0.15 0.1513888890625 0.13828125 0.15277777812499999 0.11953125
7 0.0736111109375 0.14296875 0.08055555625000001 0.14375 0.1 0.12890625 0.11388888906250001 0.10625 0.0916666671875 0.10234375 0.08055555625000001 0.10390625 0.07083333281250001 0.1265625 0.0736111109375 0.14296875
4 0.20972222187499998 0.6890625 0.23611111093749998 0.68984375 0.23611111093749998 0.68203125 0.23333333281250002 0.678125 0.15555555625 0.68046875 0.14444444375 0.68671875 0.15 0.6921875 0.1583333328125 0.6890625 0.172222221875 0.69453125 0.17916666718750002 0.69453125 0.20972222187499998 0.6890625
4 0.16944444375 0.725 0.1875 0.725 0.197222221875 0.721875 0.23472222187499997 0.7203125 0.2388888890625 0.71875 0.2388888890625 0.71328125 0.23333333281250002 0.70859375 0.1708333328125 0.70859375 0.16388888906250001 0.7125 0.15555555625 0.71171875 0.15555555625 0.71875 0.16388888906250001 0.7203125 0.16944444375 0.725
4 0.2166666671875 0.725 0.1666666671875 0.725 0.15 0.72734375 0.1458333328125 0.73046875 0.15 0.7328125 0.1875 0.73359375 0.23055555625 0.73046875 0.23472222187499997 0.72578125 0.23194444375 0.721875 0.2166666671875 0.725
4 0.1416666671875 0.71328125 0.1541666671875 0.71796875 0.15555555625 0.7140625 0.1666666671875 0.71171875 0.16944444375 0.70859375 0.190277778125 0.7078125 0.20277777812500003 0.703125 0.2236111109375 0.7 0.22638888906250001 0.69609375 0.17916666718750002 0.7015625 0.15555555625 0.6984375 0.13055555624999998 0.70859375 0.13194444375 0.71328125 0.1416666671875 0.71328125