1 0.43828125 0.24305555625 0.45625 0.2513888890625 0.46875 0.2513888890625 0.46875 0.24305555625 0.45390625 0.22916666718749998 0.45390625 0.1833333328125 0.45625 0.16805555625 0.45390625 0.084722221875 0.446875 0.08055555625000001 0.4421875 0.0916666671875 0.4421875 0.1541666671875 0.43984375 0.15972222187500001 0.44140625 0.215277778125 0.4375 0.222222221875 0.43125 0.222222221875 0.42890625 0.22777777812500002 0.4328125 0.2388888890625 0.43828125 0.24305555625
1 0.39375 0.2888888890625 0.39375 0.27777777812500004 0.3859375 0.252777778125 0.38671875 0.20972222187499998 0.38984375 0.19444444375 0.38984375 0.15 0.38515625 0.10555555624999999 0.3765625 0.102777778125 0.371875 0.10833333281249999 0.371875 0.2541666671875 0.36875 0.259722221875 0.359375 0.259722221875 0.3578125 0.26527777812500003 0.36796875 0.272222221875 0.37578125 0.28611111093749997 0.38671875 0.2833333328125 0.39375 0.2888888890625
6 0.6546875 0.23055555625 0.634375 0.21944444375 0.634375 0.20972222187499998 0.63671875 0.20555555625 0.6296875 0.1888888890625 0.615625 0.18055555625 0.60703125 0.18055555625 0.6 0.16388888906250001 0.58359375 0.15972222187500001 0.57421875 0.165277778125 0.5703125 0.16944444375 0.5671875 0.1916666671875 0.5671875 0.21805555625 0.56953125 0.22916666718749998 0.57578125 0.240277778125 0.5953125 0.25833333281250004 0.64921875 0.25833333281250004 0.6546875 0.25694444375000003 0.65703125 0.2513888890625 0.6546875 0.23055555625
6 0.7078125 0.2833333328125 0.721875 0.28194444375 0.73046875 0.26805555625 0.7375 0.27777777812500004 0.7625 0.275 0.7640625 0.24305555625 0.76171875 0.215277778125 0.753125 0.197222221875 0.73671875 0.190277778125 0.73125 0.1611111109375 0.72734375 0.15555555625 0.690625 0.15 0.67890625 0.16805555625 0.66015625 0.16805555625 0.65625 0.17361111093749998 0.6546875 0.1861111109375 0.65390625 0.21111111093749999 0.6609375 0.23611111093749998 0.6640625 0.2416666671875 0.684375 0.2388888890625 0.69765625 0.24722222187499998 0.70078125 0.25694444375000003 0.7015625 0.2736111109375 0.7078125 0.2833333328125
7 0.85546875 0.1291666671875 0.8484375 0.1208333328125 0.83671875 0.1208333328125 0.83515625 0.13055555624999998 0.84375 0.15 0.880078125 0.1541666671875 0.88203125 0.1458333328125 0.88515625 0.1541666671875 0.88828125 0.1513888890625 0.87265625 0.134722221875 0.85546875 0.1291666671875
7 0.96171875 0.08194444375 0.9609375 0.1125 0.96171875 0.11805555625 0.9640625 0.11805555625 0.97265625 0.10555555624999999 0.97265625 0.10138888906250001 0.96640625 0.0861111109375 0.96171875 0.0861111109375 0.96171875 0.08194444375
7 0.92265625 0.072222221875 0.90703125 0.084722221875 0.90625 0.1208333328125 0.92265625 0.1291666671875 0.93046875 0.12222222187500001 0.9484375 0.1208333328125 0.9546875 0.0916666671875 0.95390625 0.08194444375 0.9390625 0.072222221875 0.92265625 0.072222221875
7 0.8578125 0.07638888906249999 0.8578125 0.08194444375 0.87578125 0.1041666671875 0.8890625 0.11388888906250001 0.89609375 0.11388888906250001 0.896875 0.08055555625000001 0.8703125 0.07083333281250001 0.8625 0.07083333281250001 0.8578125 0.07638888906249999
7 0.1921875 0.19583333281249998 0.19765625 0.1888888890625 0.19765625 0.18194444375000002 0.20546875 0.1666666671875 0.203125 0.14444444375 0.19453125 0.13888888906250002 0.171875 0.1111111109375 0.15390625 0.109722221875 0.14765625 0.12361111093749999 0.146875 0.14444444375 0.14921875 0.16388888906250001 0.1546875 0.16805555625 0.1578125 0.18194444375000002 0.1625 0.1875 0.17578125 0.1875 0.18125 0.19444444375 0.1921875 0.19583333281249998
7 0.84921875 0.21805555625 0.85078125 0.23611111093749998 0.86875 0.2541666671875 0.878125 0.25833333281250004 0.88125 0.275 0.88671875 0.28055555625 0.89609375 0.27638888906250003 0.925 0.27777777812500004 0.9296875 0.2666666671875 0.93046875 0.23333333281250002 0.91640625 0.1833333328125 0.9046875 0.16805555625 0.8859375 0.15694444375 0.865625 0.1541666671875 0.85546875 0.15555555625 0.853125 0.15972222187500001 0.85 0.15555555625 0.82421875 0.15555555625 0.8203125 0.15694444375 0.815625 0.16805555625 0.8140625 0.18194444375000002 0.8171875 0.197222221875 0.8171875 0.2138888890625 0.82421875 0.22777777812500002 0.83125 0.22638888906250001 0.8375 0.20972222187499998 0.8421875 0.20972222187499998 0.84921875 0.21805555625
7 0.96015625 0.315277778125 0.9671875 0.30416666718749996 0.96953125 0.272222221875 0.96640625 0.272222221875 0.9625 0.28611111093749997 0.95859375 0.30555555624999997 0.96015625 0.315277778125
7 0.984375 0.2833333328125 0.98046875 0.2986111109375 0.97890625 0.3361111109375 0.984375 0.33888888906250003 0.98984375 0.3513888890625 0.99921875 0.3541666671875 0.99921875 0.2236111109375 0.99296875 0.2236111109375 0.98828125 0.23472222187499997 0.984375 0.2833333328125
7 0.35625 0.1708333328125 0.36875 0.16805555625 0.36953125 0.109722221875 0.38125 0.0986111109375 0.3796875 0.0388888890625 0.375 0.0375 0.3640625 0.04444444375 0.35546875 0.055555556250000006 0.34140625 0.052777778124999994 0.33515625 0.058333332812500006 0.328125 0.04305555625 0.28671875 0.05 0.28125 0.055555556250000006 0.2796875 0.08055555625000001 0.27578125 0.09305555625 0.275 0.165277778125 0.27890625 0.165277778125 0.28203125 0.177777778125 0.2953125 0.17361111093749998 0.30625 0.19444444375 0.325 0.19305555624999998 0.3328125 0.165277778125 0.35625 0.1708333328125
7 0.425 0.18055555625 0.4390625 0.1541666671875 0.4421875 0.1208333328125 0.45546875 0.1208333328125 0.4578125 0.1763888890625 0.465625 0.1708333328125 0.46953125 0.1583333328125 0.47578125 0.1513888890625 0.478125 0.13055555624999998 0.4765625 0.047222221875 0.4671875 0.009722221875000001 0.42578125 0.006944443749999999 0.41640625 0.013888889062500001 0.39375 0.0208333328125 0.3890625 0.027777778125000003 0.38828125 0.0388888890625 0.39140625 0.06944444375 0.38671875 0.10555555624999999 0.39375 0.13194444375 0.39375 0.15277777812499999 0.3984375 0.1611111109375 0.4 0.177777778125 0.40703125 0.1833333328125 0.425 0.18055555625
7 0.953125 0.23194444375 0.9609375 0.23055555625 0.96484375 0.240277778125 0.9703125 0.24305555625 0.9734375 0.23055555625 0.97421875 0.20555555625 0.96953125 0.197222221875 0.92890625 0.16944444375 0.91875 0.1708333328125 0.91875 0.1888888890625 0.925 0.20555555625 0.9296875 0.20972222187499998 0.92890625 0.21805555625 0.9328125 0.23333333281250002 0.9375 0.2388888890625 0.94921875 0.2416666671875 0.953125 0.23194444375
7 0.9359375 0.12222222187500001 0.92578125 0.12361111093749999 0.925 0.13055555624999998 0.940625 0.14305555625 0.95546875 0.1458333328125 0.97265625 0.15694444375 0.97890625 0.15555555625 0.975 0.14305555625 0.959375 0.13194444375 0.9359375 0.12222222187500001
7 0.790625 0.1263888890625 0.7890625 0.125 0.78828125 0.13055555624999998 0.790625 0.1263888890625
7 0.7921875 0.11484375 0.0015625 0.0015625
7 0.796875 0.0958333328125 0.78828125 0.0958333328125 0.79296875 0.109722221875 0.796875 0.10555555624999999 0.796875 0.0958333328125
7 0.7453125 0.1583333328125 0.7640625 0.15972222187500001 0.7671875 0.15555555625 0.76953125 0.140277778125 0.7703125 0.084722221875 0.75078125 0.075 0.7484375 0.084722221875 0.7453125 0.1583333328125
7 0.73671875 0.15555555625 0.73984375 0.09305555625 0.73828125 0.06805555625000001 0.6890625 0.047222221875 0.67890625 0.047222221875 0.6765625 0.054166667187499996 0.675 0.0875 0.67734375 0.10138888906250001 0.6875 0.10833333281249999 0.69375 0.11944444375 0.6953125 0.1291666671875 0.70625 0.140277778125 0.73203125 0.1583333328125 0.73671875 0.15555555625
4 0.95 0.29305555625 0.94921875 0.31805555625 0.95625 0.322222221875 0.96328125 0.28194444375 0.96953125 0.2638888890625 0.965625 0.24305555625 0.96171875 0.24305555625 0.95625 0.25694444375000003 0.95 0.29305555625
4 0.9546875 0.23194444375 0.95390625 0.240277778125 0.94921875 0.24583333281250003 0.9453125 0.26805555625 0.946875 0.275 0.94375 0.2833333328125 0.9421875 0.30555555624999997 0.94375 0.309722221875 0.9484375 0.309722221875 0.95625 0.25555555625 0.96015625 0.2513888890625 0.96171875 0.24305555625 0.9609375 0.23194444375 0.9546875 0.23194444375
4 0.56328125 0.1111111109375 0.55859375 0.127777778125 0.55625 0.1833333328125 0.5625 0.1888888890625 0.56875 0.18055555625 0.56953125 0.1583333328125 0.57578125 0.13194444375 0.57421875 0.10694444375 0.56796875 0.10555555624999999 0.56328125 0.1111111109375