2 0.97578125 0.577777778125 0.97421875 0.5375 0.97109375 0.5319444437499999 0.96328125 0.5319444437499999 0.96171875 0.547222221875 0.9640625 0.5791666671875 0.97421875 0.58194444375 0.97578125 0.577777778125
1 0.61171875 0.8055555562500001 0.61484375 0.8388888890624999 0.6109375 0.8458333328125001 0.61328125 0.85555555625 0.6140625 0.8861111109375001 0.615625 0.89305555625 0.625 0.897222221875 0.6296875 0.89305555625 0.63125 0.8819444437499999 0.62734375 0.840277778125 0.62734375 0.752777778125 0.63125 0.7402777781250001 0.640625 0.7402777781250001 0.6421875 0.7361111109375 0.63125 0.727777778125 0.62421875 0.7111111109375 0.61484375 0.7166666671875 0.60546875 0.7111111109375 0.60546875 0.7180555562500001 0.61328125 0.7361111109375 0.61484375 0.7583333328124999 0.6140625 0.79444444375 0.61171875 0.8055555562500001
1 0.5453125 0.915277778125 0.55078125 0.91805555625 0.55703125 0.9138888890624999 0.5578125 0.784722221875 0.56328125 0.7736111109375 0.56875 0.7736111109375 0.5703125 0.76944444375 0.5671875 0.7611111109375 0.56015625 0.7569444437499999 0.53359375 0.7486111109375 0.53125 0.75 0.53125 0.7569444437499999 0.54375 0.765277778125 0.54765625 0.784722221875 0.54375 0.83055555625 0.54609375 0.8513888890624999 0.5453125 0.915277778125
6 0.4015625 0.840277778125 0.4234375 0.840277778125 0.43125 0.8194444437499999 0.43359375 0.8027777781250001 0.43125 0.7736111109375 0.42265625 0.7569444437499999 0.41328125 0.7541666671875 0.4015625 0.7402777781250001 0.3484375 0.7416666671875001 0.34296875 0.75 0.3453125 0.7708333328125 0.3640625 0.777777778125 0.3671875 0.7833333328125 0.36328125 0.79444444375 0.36328125 0.8083333328125001 0.39375 0.8263888890625 0.4015625 0.840277778125
6 0.23828125 0.7819444437499999 0.24609375 0.8027777781250001 0.26484375 0.8125 0.26953125 0.8416666671874999 0.30546875 0.852777778125 0.31171875 0.8486111109375001 0.31875 0.834722221875 0.3390625 0.83194444375 0.34375 0.8263888890625 0.3453125 0.79305555625 0.3421875 0.772222221875 0.33671875 0.7597222218749999 0.325 0.7569444437499999 0.3171875 0.7611111109375 0.3015625 0.752777778125 0.29921875 0.73194444375 0.29375 0.7180555562500001 0.2796875 0.7166666671875 0.2703125 0.73055555625 0.2625 0.722222221875 0.2375 0.725 0.2359375 0.7597222218749999 0.23828125 0.7819444437499999
7 0.10703125 0.847222221875 0.10859375 0.852777778125 0.1328125 0.86944444375 0.15 0.877777778125 0.15703125 0.8763888890624999 0.16015625 0.8625 0.15625 0.85 0.13359375 0.85 0.11875 0.8444444437499999 0.10703125 0.847222221875
7 0.03359375 0.890277778125 0.03125 0.8986111109375001 0.03515625 0.9055555562500001 0.0375 0.89444444375 0.03359375 0.890277778125
7 0.07734375 0.872222221875 0.07421875 0.877777778125 0.05703125 0.877777778125 0.04765625 0.8833333328125 0.04609375 0.9166666671874999 0.0609375 0.9277777781250001 0.07734375 0.9277777781250001 0.0875 0.922222221875 0.09296875 0.909722221875 0.09375 0.88055555625 0.0875 0.875 0.07734375 0.872222221875
7 0.13046875 0.9291666671875 0.1375 0.9291666671875 0.14296875 0.9236111109375 0.14375 0.91944444375 0.12421875 0.897222221875 0.11015625 0.8861111109375001 0.1046875 0.8861111109375001 0.103125 0.91944444375 0.13046875 0.9291666671875
7 0.06953125 0.7666666671875 0.07421875 0.7763888890625 0.08359375 0.8166666671874999 0.0890625 0.8263888890625 0.11953125 0.8444444437499999 0.14375 0.8444444437499999 0.146875 0.840277778125 0.15625 0.8444444437499999 0.18046875 0.8444444437499999 0.1828125 0.8375 0.1859375 0.8166666671874999 0.18125 0.777777778125 0.178125 0.7736111109375 0.16875 0.7708333328125 0.16328125 0.7819444437499999 0.153125 0.7819444437499999 0.14921875 0.7638888890625 0.121875 0.7416666671875001 0.11875 0.725 0.11328125 0.7194444437499999 0.1046875 0.7236111109375 0.07578125 0.722222221875 0.06953125 0.7333333328125 0.06953125 0.7666666671875
7 0.00625 0.722222221875 0.00078125 0.7291666671875 0.00078125 0.7791666671875 0.00703125 0.7819444437499999 0.01171875 0.765277778125 0.0125 0.73194444375 0.00625 0.722222221875
7 0.07578125 0.7986111109375 0.075 0.7875 0.0671875 0.7638888890625 0.0625 0.7597222218749999 0.0390625 0.7611111109375 0.03046875 0.752777778125 0.02578125 0.7708333328125 0.0265625 0.797222221875 0.07109375 0.83055555625 0.078125 0.83194444375 0.08125 0.8263888890625 0.08203125 0.8111111109375001 0.07578125 0.7986111109375
7 0.07265625 0.877777778125 0.075 0.86944444375 0.05625 0.85 0.01953125 0.840277778125 0.02109375 0.85555555625 0.0265625 0.859722221875 0.053125 0.8736111109375001 0.07265625 0.877777778125
7 0.21953125 0.8625 0.2140625 0.85 0.20859375 0.8486111109375001 0.20703125 0.877777778125 0.2140625 0.8791666671874999 0.21484375 0.8680555562500001 0.21953125 0.8625
7 0.203125 0.9041666671874999 0.2109375 0.9069444437499999 0.21171875 0.9013888890624999 0.20859375 0.89305555625 0.203125 0.89444444375 0.203125 0.9041666671874999
7 0.246875 0.925 0.25078125 0.9236111109375 0.2515625 0.9138888890624999 0.2546875 0.8416666671874999 0.23828125 0.840277778125 0.23125 0.8486111109375001 0.22890625 0.909722221875 0.23359375 0.91944444375 0.246875 0.925
7 0.31953125 0.8958333328125001 0.31484375 0.89305555625 0.3125 0.8708333328125001 0.29453125 0.85694444375 0.28359375 0.8541666671874999 0.27421875 0.8444444437499999 0.2640625 0.8430555562500001 0.26171875 0.9305555562500001 0.27578125 0.940277778125 0.3171875 0.95555555625 0.3234375 0.9513888890625 0.325 0.9083333328125001 0.31953125 0.8958333328125001