0 0.5046875 0.26805555625 0.50625 0.27777777812500004 0.50859375 0.2791666671875 0.51640625 0.26805555625 0.51796875 0.2541666671875 0.51328125 0.21944444375 0.50546875 0.20555555625 0.5046875 0.26805555625
0 0.3734375 0.10138888906250001 0.38046875 0.1 0.384375 0.1458333328125 0.384375 0.21944444375 0.38671875 0.252777778125 0.403125 0.25833333281250004 0.41328125 0.2666666671875 0.43359375 0.272222221875 0.43671875 0.27638888906250003 0.43984375 0.29305555625 0.44921875 0.30555555624999997 0.45859375 0.30416666718749996 0.46640625 0.2916666671875 0.4765625 0.290277778125 0.47890625 0.2513888890625 0.48125 0.24444444375000002 0.47890625 0.2138888890625 0.47890625 0.1458333328125 0.45546875 0.10694444375 0.42890625 0.10138888906250001 0.425 0.097222221875 0.3609375 0.0861111109375 0.3375 0.0958333328125 0.33359375 0.102777778125 0.33125 0.11805555625 0.33125 0.21944444375 0.33828125 0.22638888906250001 0.353125 0.23194444375 0.35703125 0.2513888890625 0.3671875 0.25555555625 0.36953125 0.25 0.36953125 0.10694444375 0.3734375 0.10138888906250001
2 0.01328125 0.43194444374999996 0.0140625 0.47083333281249995 0.01796875 0.477777778125 0.025 0.477777778125 0.0328125 0.46666666718750005 0.03046875 0.4486111109375 0.0234375 0.425 0.01875 0.425 0.01328125 0.43194444374999996
1 0.3828125 0.28055555625 0.40078125 0.2888888890625 0.4015625 0.28055555625 0.39140625 0.26805555625 0.38515625 0.2541666671875 0.3828125 0.21111111093749999 0.384375 0.15555555625 0.38203125 0.1375 0.38203125 0.1041666671875 0.384375 0.10138888906250001 0.37734375 0.1 0.36953125 0.10555555624999999 0.371875 0.19444444375 0.3703125 0.25555555625 0.35703125 0.259722221875 0.35703125 0.2666666671875 0.36640625 0.2708333328125 0.37578125 0.2888888890625 0.3796875 0.2888888890625 0.3828125 0.28055555625
6 0.78203125 0.27638888906250003 0.7875 0.26527777812500003 0.78828125 0.23333333281250002 0.78203125 0.21805555625 0.78046875 0.22777777812500002 0.77890625 0.2736111109375 0.78203125 0.27638888906250003
6 0.78125 0.1796875 0.0015625 0.0015625
6 0.78125 0.1703125 0.00078125 0.0015625
6 0.7109375 0.2388888890625 0.71484375 0.222222221875 0.721875 0.2166666671875 0.72890625 0.23333333281250002 0.73203125 0.26805555625 0.7375 0.27638888906250003 0.74296875 0.27777777812500004 0.75 0.26527777812500003 0.75 0.24305555625 0.7640625 0.24305555625 0.76640625 0.23194444375 0.76875 0.18055555625 0.76328125 0.1763888890625 0.76015625 0.16805555625 0.7609375 0.1541666671875 0.7578125 0.1416666671875 0.75703125 0.11805555625 0.75 0.10555555624999999 0.72734375 0.0958333328125 0.71015625 0.0958333328125 0.70234375 0.1041666671875 0.6984375 0.14305555625 0.69375 0.1458333328125 0.68359375 0.16944444375 0.6875 0.17916666718750002 0.68828125 0.225 0.69453125 0.2388888890625 0.703125 0.24305555625 0.7109375 0.2388888890625
7 0.99765625 0.33888888906250003 0.99921875 0.26805555625 0.99296875 0.259722221875 0.9875 0.259722221875 0.9828125 0.27638888906250003 0.97890625 0.34027777812500004 0.99765625 0.33888888906250003
7 0.9421875 0.23194444375 0.93046875 0.23194444375 0.91796875 0.24583333281250003 0.9125 0.2625 0.9078125 0.29722222187499997 0.9234375 0.3263888890625 0.94140625 0.33055555625 0.95 0.3513888890625 0.95703125 0.35555555625 0.96640625 0.30694444375 0.96953125 0.24583333281250003 0.9421875 0.23194444375
7 0.8828125 0.27777777812500004 0.89140625 0.28055555625 0.89609375 0.27638888906250003 0.90625 0.27638888906250003 0.91484375 0.2486111109375 0.9265625 0.23055555625 0.915625 0.18194444375000002 0.90625 0.16944444375 0.890625 0.1583333328125 0.85546875 0.15555555625 0.85078125 0.16805555625 0.84921875 0.15972222187500001 0.8484375 0.1625 0.840625 0.15555555625 0.81875 0.15555555625 0.8171875 0.15972222187500001 0.81640625 0.17916666718750002 0.8234375 0.184722221875 0.83828125 0.2125 0.8484375 0.215277778125 0.85 0.22916666718749998 0.8546875 0.2416666671875 0.878125 0.25833333281250004 0.8828125 0.27777777812500004
7 0.96015625 0.13055555624999998 0.96640625 0.13333333281249998 0.975 0.10694444375 0.975 0.097222221875 0.96796875 0.0916666671875 0.96640625 0.0861111109375 0.9625 0.0861111109375 0.96015625 0.13055555624999998
7 0.94921875 0.1208333328125 0.9546875 0.10138888906250001 0.95234375 0.08194444375 0.9390625 0.072222221875 0.92734375 0.07083333281250001 0.90625 0.08194444375 0.9046875 0.090277778125 0.90078125 0.09444444375 0.90546875 0.10138888906250001 0.9046875 0.1166666671875 0.91953125 0.127777778125 0.92890625 0.1291666671875 0.93125 0.12222222187500001 0.94921875 0.1208333328125
7 0.99921875 0.22777777812500002 0.9921875 0.222222221875 0.98828125 0.23472222187499997 0.98828125 0.2541666671875 0.99921875 0.25555555625 0.99921875 0.22777777812500002
7 0.99609375 0.177777778125 0.99296875 0.172222221875 0.99375 0.1833333328125 0.99609375 0.177777778125
7 0.97421875 0.20555555625 0.96953125 0.197222221875 0.93515625 0.17361111093749998 0.9203125 0.16805555625 0.91875 0.1888888890625 0.925 0.20555555625 0.92890625 0.20833333281250002 0.93046875 0.22777777812500002 0.9484375 0.23194444375 0.96796875 0.24305555625 0.971875 0.2388888890625 0.97421875 0.20555555625
7 0.978125 0.16388888906250001 0.978125 0.147222221875 0.96015625 0.13333333281249998 0.94296875 0.125 0.93359375 0.125 0.9320398359375 0.1332875453125 0.946875 0.14305555625 0.95703125 0.15555555625 0.978125 0.16388888906250001
7 0.87265625 0.134722221875 0.8578125 0.1291666671875 0.85078125 0.1208333328125 0.83984375 0.1208333328125 0.83828125 0.125 0.83671875 0.1375 0.8390625 0.147222221875 0.84375 0.15277777812499999 0.853125 0.15555555625 0.859375 0.1513888890625 0.88203125 0.15 0.88046875 0.14305555625 0.87265625 0.134722221875
7 0.85625 0.08055555625000001 0.8625 0.0888888890625 0.87578125 0.1041666671875 0.89375 0.11388888906250001 0.89609375 0.08055555625000001 0.88046875 0.072222221875 0.859375 0.07083333281250001 0.85625 0.08055555625000001
4 0.66171875 0.1986111109375 0.66640625 0.1916666671875 0.66640625 0.1833333328125 0.65390625 0.18055555625 0.6421875 0.20972222187499998 0.64375 0.2625 0.6453125 0.26805555625 0.65390625 0.26805555625 0.65234375 0.225 0.65390625 0.222222221875 0.65703125 0.22777777812500002 0.6609375 0.222222221875 0.66171875 0.1986111109375