0 0.33888888906250003 0.00078125 0.2666666671875 0.00078125 0.25833333281250004 0.00625 0.25694444375000003 0.0125 0.27777777812500004 0.0171875 0.33888888906250003 0.02109375 0.33888888906250003 0.00078125
0 0.29444444375 0.0921875 0.322222221875 0.0796875 0.33194444375 0.05546875 0.34027777812500004 0.05546875 0.35555555625 0.04375 0.3375 0.03828125 0.3111111109375 0.0359375 0.302777778125 0.0328125 0.24722222187499998 0.0296875 0.23194444375 0.0578125 0.23194444375 0.06953125 0.24444444375000002 0.08125 0.259722221875 0.0875 0.29444444375 0.0921875
2 0.425 0.9765625 0.425 0.98125 0.43194444374999996 0.98671875 0.47222222187499996 0.9859375 0.477777778125 0.98203125 0.477777778125 0.975 0.46666666718750005 0.9671875 0.4458333328125 0.9703125 0.425 0.9765625
2 0.13055555624999998 0.61640625 0.15277777812499999 0.6171875 0.16388888906250001 0.61328125 0.15694444375 0.60859375 0.1458333328125 0.6078125 0.13194444375 0.6109375 0.127777778125 0.61328125 0.13055555624999998 0.61640625
1 0.215277778125 0.55859375 0.22638888906250001 0.56015625 0.22638888906250001 0.5703125 0.240277778125 0.56796875 0.24305555625 0.5625 0.25 0.54765625 0.2513888890625 0.53125 0.2416666671875 0.53203125 0.23472222187499997 0.54453125 0.2166666671875 0.5484375 0.17916666718750002 0.54765625 0.1708333328125 0.5453125 0.08333333281250001 0.54609375 0.08055555625000001 0.55546875 0.0861111109375 0.5578125 0.215277778125 0.55859375
1 0.13888888906250002 0.6171875 0.10555555624999999 0.6171875 0.1 0.6203125 0.10555555624999999 0.6296875 0.24722222187499998 0.62734375 0.259722221875 0.63125 0.259722221875 0.63828125 0.2541666671875 0.64296875 0.26527777812500003 0.64375 0.2708333328125 0.63359375 0.28611111093749997 0.625 0.28055555625 0.61171875 0.2888888890625 0.59921875 0.28055555625 0.5984375 0.26805555625 0.61015625 0.25694444375000003 0.61484375 0.15277777812499999 0.61484375 0.13888888906250002 0.6171875
7 0.17361111093749998 0.0890625 0.15972222187500001 0.10703125 0.1541666671875 0.13046875 0.15555555625 0.14453125 0.15972222187500001 0.14765625 0.15555555625 0.1578125 0.15555555625 0.18046875 0.1833333328125 0.18046875 0.20555555625 0.16484375 0.215277778125 0.15234375 0.23472222187499997 0.15 0.240277778125 0.146875 0.25833333281250004 0.121875 0.275 0.11875 0.28055555625 0.11328125 0.27638888906250003 0.09375 0.26805555625 0.0890625 0.2486111109375 0.0859375 0.23055555625 0.0734375 0.18194444375000002 0.084375 0.17361111093749998 0.0890625
7 0.0861111109375 0.03359375 0.0861111109375 0.0375 0.09305555625 0.03828125 0.127777778125 0.03828125 0.13055555624999998 0.03359375 0.1 0.025 0.09305555625 0.0265625 0.0916666671875 0.03203125 0.0861111109375 0.03359375
7 0.10138888906250001 0.09375 0.11805555625 0.09453125 0.125 0.0859375 0.1291666671875 0.07109375 0.12222222187500001 0.06953125 0.1208333328125 0.05078125 0.11388888906250001 0.04765625 0.08333333281250001 0.04765625 0.072222221875 0.06171875 0.072222221875 0.07734375 0.08333333281250001 0.09375 0.09305555625 0.09765625 0.10138888906250001 0.09375
7 0.222222221875 0.00703125 0.23472222187499997 0.01171875 0.2541666671875 0.01171875 0.25555555625 0.00078125 0.22777777812500002 0.00078125 0.222222221875 0.00703125
7 0.23055555625 0.05390625 0.24305555625 0.03203125 0.240277778125 0.028125 0.20555555625 0.02578125 0.197222221875 0.03046875 0.16944444375 0.071875 0.16944444375 0.08046875 0.190277778125 0.08046875 0.20833333281250002 0.07109375 0.22777777812500002 0.06875 0.23055555625 0.05390625
7 0.140277778125 0.06171875 0.14305555625 0.05234375 0.1541666671875 0.04296875 0.1611111109375 0.0265625 0.1583333328125 0.0203125 0.147222221875 0.021875 0.13333333281249998 0.03984375 0.12222222187500001 0.0640625 0.13333333281249998 0.0671875 0.13055555624999998 0.0703125 0.12222222187500001 0.0703125 0.1291666671875 0.075 0.140277778125 0.06171875
7 0.252777778125 0.16953125 0.259722221875 0.17109375 0.2611111109375 0.1765625 0.252777778125 0.175 0.259722221875 0.17734375 0.259722221875 0.18046875 0.2611111109375 0.17734375 0.26805555625 0.17578125 0.26805555625 0.1625 0.275 0.15859375 0.2638888890625 0.153125 0.25555555625 0.153125 0.24444444375000002 0.15703125 0.240277778125 0.15546875 0.240277778125 0.15859375 0.24722222187499998 0.159375 0.252777778125 0.1640625 0.252777778125 0.16953125
7 0.1861111109375 0.18203125 0.19444444375 0.1875 0.252777778125 0.18984375 0.2541666671875 0.1765625 0.2486111109375 0.178125 0.2416666671875 0.175 0.25 0.16875 0.23611111093749998 0.16875 0.23194444375 0.1640625 0.22638888906250001 0.1640625 0.222222221875 0.16953125 0.20555555625 0.16875 0.197222221875 0.17109375 0.1916666671875 0.1796875 0.1763888890625 0.1828125 0.1861111109375 0.18203125
7 0.222222221875 0.2609375 0.22638888906250001 0.2546875 0.222222221875 0.246875 0.22638888906250001 0.2328125 0.197222221875 0.23125 0.1833333328125 0.22578125 0.15555555625 0.23125 0.15277777812499999 0.23984375 0.1583333328125 0.2484375 0.16388888906250001 0.25390625 0.1833333328125 0.2625 0.20555555625 0.2640625 0.222222221875 0.2609375
7 0.23472222187499997 0.209375 0.15972222187500001 0.20546875 0.147222221875 0.20546875 0.140277778125 0.209375 0.13888888906250002 0.2140625 0.147222221875 0.2171875 0.1833333328125 0.21953125 0.25 0.2203125 0.25555555625 0.21875 0.25694444375000003 0.2140625 0.23472222187499997 0.209375
7 0.1671875 0.259375 0.0015625 0.003125
7 0.10555555624999999 0.20546875 0.097222221875 0.2046875 0.09444444375 0.2109375 0.10138888906250001 0.21171875 0.10555555624999999 0.20546875
7 0.15 0.23125 0.1166666671875 0.22890625 0.08333333281250001 0.23125 0.072222221875 0.2484375 0.07638888906249999 0.2546875 0.0888888890625 0.25234375 0.11805555625 0.25546875 0.1541666671875 0.25546875 0.15694444375 0.25078125 0.15 0.23125
7 0.0458333328125 0.32109375 0.055555556250000006 0.3234375 0.0875 0.325 0.10138888906250001 0.32265625 0.10555555624999999 0.3140625 0.11388888906250001 0.30859375 0.127777778125 0.3078125 0.14305555625 0.3 0.1666666671875 0.2640625 0.102777778125 0.2625 0.0791666671875 0.2578125 0.072222221875 0.25859375 0.058333332812500006 0.27578125 0.055555556250000006 0.29921875 0.04444444375 0.31796875 0.0458333328125 0.32109375
7 0.1513888890625 0.140625 0.15 0.1171875 0.14305555625 0.11953125 0.13055555624999998 0.1328125 0.1291666671875 0.1421875 0.1208333328125 0.15 0.12222222187500001 0.1609375 0.15 0.1609375 0.15277777812499999 0.15703125 0.15555555625 0.14609375 0.1513888890625 0.140625
7 0.1041666671875 0.125 0.11388888906250001 0.10625 0.08055555625000001 0.10390625 0.072222221875 0.1203125 0.072222221875 0.140625 0.08055555625000001 0.14375 0.1041666671875 0.125
4 0.22638888906250001 0.67265625 0.23472222187499997 0.68125 0.24305555625 0.68203125 0.24722222187499998 0.67734375 0.25833333281250004 0.67578125 0.32777777812500003 0.6765625 0.3416666671875 0.68203125 0.34305555625 0.6765625 0.334722221875 0.6703125 0.3416666671875 0.6640625 0.2875 0.65859375 0.26527777812500003 0.6515625 0.24722222187499998 0.65234375 0.2125 0.66484375 0.2138888890625 0.66875 0.22638888906250001 0.67265625
4 0.34722222187499996 0.69296875 0.302777778125 0.69921875 0.275 0.69609375 0.2541666671875 0.70625 0.23333333281250002 0.709375 0.23611111093749998 0.7140625 0.2513888890625 0.71640625 0.25833333281250004 0.72109375 0.26944444375 0.721875 0.2791666671875 0.71875 0.3166666671875 0.71640625 0.3291666671875 0.7140625 0.3333333328125 0.70703125 0.3416666671875 0.70546875 0.3458333328125 0.70546875 0.34305555625 0.71328125 0.3625 0.7078125 0.35694444375 0.6984375 0.3638888890625 0.69609375 0.3625 0.68828125 0.35694444375 0.68671875 0.34722222187499996 0.69296875