0 0.50546875 0.20694444375 0.50546875 0.26944444375 0.50625 0.27638888906250003 0.509375 0.27777777812500004 0.51640625 0.26805555625 0.51796875 0.252777778125 0.51328125 0.21944444375 0.509375 0.20694444375 0.50546875 0.20694444375
0 0.36953125 0.21805555625 0.371875 0.197222221875 0.36953125 0.1875 0.36953125 0.10694444375 0.38046875 0.10138888906250001 0.384375 0.147222221875 0.3859375 0.2513888890625 0.4328125 0.272222221875 0.43671875 0.27638888906250003 0.4390625 0.290277778125 0.44921875 0.30555555624999997 0.45703125 0.30555555624999997 0.465625 0.2916666671875 0.4765625 0.2888888890625 0.47890625 0.26944444375 0.4796875 0.1541666671875 0.478125 0.14305555625 0.46015625 0.1111111109375 0.45390625 0.10555555624999999 0.4296875 0.10138888906250001 0.425 0.097222221875 0.37890625 0.0888888890625 0.378125 0.1 0.37421875 0.10138888906250001 0.3703125 0.0861111109375 0.3609375 0.0861111109375 0.3375 0.0958333328125 0.3328125 0.10555555624999999 0.33125 0.1208333328125 0.33125 0.21944444375 0.3375 0.22638888906250001 0.353125 0.23333333281250002 0.35546875 0.24722222187499998 0.36015625 0.25555555625 0.36796875 0.25555555625 0.3703125 0.24722222187499998 0.36953125 0.21805555625
2 0.01328125 0.43194444374999996 0.0140625 0.47222222187499996 0.01796875 0.477777778125 0.025 0.477777778125 0.0328125 0.46805555625000006 0.03046875 0.447222221875 0.0234375 0.425 0.01875 0.425 0.01328125 0.43194444374999996
1 0.37578125 0.2888888890625 0.3796875 0.2888888890625 0.3828125 0.28055555625 0.40078125 0.2888888890625 0.4015625 0.2791666671875 0.39140625 0.26805555625 0.384375 0.2513888890625 0.384375 0.15555555625 0.38203125 0.13888888906250002 0.38203125 0.11203749999999998 0.384375 0.10138888906250001 0.37734375 0.1 0.36953125 0.10555555624999999 0.371875 0.134722221875 0.3703125 0.190277778125 0.37265625 0.20138888906250002 0.3703125 0.25555555625 0.3578125 0.25833333281250004 0.35703125 0.2666666671875 0.36796875 0.272222221875 0.37578125 0.2888888890625
6 0.77890625 0.275 0.78203125 0.27638888906250003 0.7875 0.2611111109375 0.78828125 0.2125 0.7859375 0.20833333281250002 0.78203125 0.20833333281250002 0.78046875 0.22777777812500002 0.77890625 0.275
6 0.784375 0.197222221875 0.78203125 0.197222221875 0.78203125 0.20555555625 0.784375 0.20416666718749998 0.784375 0.197222221875
6 0.78125 0.18055555625 0.784375 0.1833333328125 0.78203125 0.1916666671875 0.78671875 0.1888888890625 0.78359375 0.16805555625 0.78125 0.16805555625 0.78125 0.18055555625
6 0.71171875 0.2388888890625 0.71640625 0.21944444375 0.721875 0.2166666671875 0.72890625 0.23194444375 0.73125 0.2666666671875 0.7375 0.27638888906250003 0.74296875 0.27777777812500004 0.75 0.26527777812500003 0.75 0.24444444375000002 0.75390625 0.240277778125 0.76328125 0.24305555625 0.76640625 0.23472222187499997 0.76875 0.17916666718750002 0.7609375 0.1708333328125 0.75625 0.11388888906250001 0.75 0.10555555624999999 0.72578125 0.0958333328125 0.7125 0.09444444375 0.70625 0.097222221875 0.70234375 0.1041666671875 0.69921875 0.1416666671875 0.68828125 0.15555555625 0.68359375 0.16944444375 0.6875 0.177777778125 0.68828125 0.225 0.69453125 0.2388888890625 0.70390625 0.24305555625 0.71171875 0.2388888890625
7 0.90625 0.27777777812500004 0.9109375 0.26805555625 0.9140625 0.2486111109375 0.9265625 0.23055555625 0.915625 0.18194444375000002 0.9109375 0.17361111093749998 0.890625 0.1583333328125 0.85546875 0.15555555625 0.85234375 0.1666666671875 0.8484375 0.15972222187500001 0.8390625 0.15555555625 0.81875 0.15555555625 0.8171875 0.15972222187500001 0.81640625 0.17916666718750002 0.83125 0.197222221875 0.8375 0.2138888890625 0.84921875 0.2166666671875 0.8546875 0.2416666671875 0.878125 0.25833333281250004 0.8828125 0.27777777812500004 0.90625 0.27777777812500004
7 0.99921875 0.33888888906250003 0.99921875 0.26805555625 0.98984375 0.25833333281250004 0.98671875 0.2611111109375 0.98203125 0.27777777812500004 0.97890625 0.34027777812500004 0.99921875 0.33888888906250003
7 0.96875 0.2888888890625 0.96953125 0.24583333281250003 0.9421875 0.23194444375 0.93046875 0.23194444375 0.91796875 0.24583333281250003 0.9078125 0.28472222187499996 0.9078125 0.29722222187499997 0.915625 0.3083333328125 0.9203125 0.322222221875 0.925 0.32777777812500003 0.9421875 0.33055555625 0.95390625 0.35555555625 0.9578125 0.35555555625 0.96875 0.2888888890625
7 0.99921875 0.22777777812500002 0.99296875 0.222222221875 0.98828125 0.23472222187499997 0.98828125 0.2541666671875 0.99921875 0.2541666671875 0.99921875 0.22777777812500002
7 0.97421875 0.20555555625 0.96953125 0.197222221875 0.928125 0.16944444375 0.91953125 0.16944444375 0.91953125 0.190277778125 0.92421875 0.20416666718749998 0.9296875 0.20972222187499998 0.93203125 0.22916666718749998 0.94453125 0.23055555625 0.96796875 0.24305555625 0.971875 0.2388888890625 0.97421875 0.20555555625
7 0.975 0.14444444375 0.96328125 0.13888888906250002 0.95625 0.13055555624999998 0.9359375 0.12222222187500001 0.92578125 0.1263888890625 0.925 0.1291666671875 0.9421875 0.14305555625 0.946875 0.14305555625 0.95625 0.15555555625 0.9734375 0.16388888906250001 0.978125 0.15972222187500001 0.97890625 0.15 0.975 0.14444444375
7 0.85625 0.127777778125 0.8484375 0.11944444375 0.83828125 0.12222222187500001 0.83671875 0.13888888906250002 0.84140625 0.1513888890625 0.85234375 0.15555555625 0.859375 0.1513888890625 0.88203125 0.15 0.88046875 0.14305555625 0.86640625 0.13055555624999998 0.85625 0.127777778125
7 0.86015625 0.07083333281250001 0.85625 0.07638888906249999 0.85546875 0.08055555625000001 0.87578125 0.1041666671875 0.8890625 0.11388888906250001 0.89453125 0.1125 0.89765625 0.09305555625 0.896875 0.08055555625000001 0.8734375 0.07083333281250001 0.86015625 0.07083333281250001
4 0.20390625 0.34444444375 0.20546875 0.34722222187499996 0.209375 0.33888888906250003 0.21171875 0.34722222187499996 0.2125 0.34305555625 0.20078125 0.3013888890625 0.20234375 0.27777777812500004 0.1984375 0.22916666718749998 0.1921875 0.23055555625 0.18515625 0.2611111109375 0.18515625 0.27638888906250003 0.19296875 0.302777778125 0.18125 0.3333333328125 0.18828125 0.34305555625 0.18828125 0.3333333328125 0.1953125 0.31805555625 0.19765625 0.31805555625 0.20390625 0.34444444375