2 0.56805555625 0.01328125 0.5291666671875 0.0140625 0.5236111109375 0.01640625 0.522222221875 0.025 0.5319444437499999 0.0328125 0.5541666671875001 0.0296875 0.575 0.02265625 0.56805555625 0.01328125
1 0.89444444375 0.36953125 0.8791666671874999 0.371875 0.74444444375 0.3703125 0.7402777781250001 0.3578125 0.7333333328125 0.35703125 0.7291666671875 0.3671875 0.7194444437499999 0.3703125 0.7111111109375 0.3796875 0.7208333328125 0.3859375 0.7111111109375 0.40078125 0.7194444437499999 0.4015625 0.725 0.3953125 0.7458333328125 0.38515625 0.8986111109375001 0.38203125 0.89444444375 0.36953125
6 0.7805555562500001 0.78671875 0.7819444437499999 0.7828125 0.7875 0.784375 0.7875 0.78203125 0.772222221875 0.78046875 0.725 0.77890625 0.7236111109375 0.78203125 0.734722221875 0.7875 0.7541666671875 0.78828125 0.7805555562500001 0.78671875
6 0.81805555625 0.7828125 0.8236111109375001 0.78125 0.8194444437499999 0.77890625 0.81805555625 0.7828125
6 0.722222221875 0.74296875 0.7333333328125 0.75 0.7569444437499999 0.75078125 0.7569444437499999 0.7640625 0.7666666671875 0.76640625 0.8194444437499999 0.76875 0.8236111109375001 0.76328125 0.83194444375 0.76015625 0.8819444437499999 0.75703125 0.89444444375 0.75 0.9041666671874999 0.72734375 0.902777778125 0.70625 0.89444444375 0.70234375 0.85694444375 0.6984375 0.8444444437499999 0.68828125 0.83055555625 0.68359375 0.8208333328125 0.6875 0.7736111109375 0.6890625 0.7611111109375 0.69453125 0.7583333328124999 0.70703125 0.7611111109375 0.71171875 0.7819444437499999 0.7171875 0.7819444437499999 0.72265625 0.7666666671875 0.72890625 0.7333333328125 0.73125 0.7236111109375 0.7375 0.722222221875 0.74296875
7 0.7208333328125 0.98125 0.7111111109375 0.9828125 0.6583333328125 0.978125 0.6611111109375 0.99921875 0.73194444375 0.99921875 0.7402777781250001 0.99296875 0.7416666671875001 0.9875 0.7208333328125 0.98125
7 0.66944444375 0.9421875 0.6458333328125 0.9515625 0.64444444375 0.9578125 0.6986111109375 0.9671875 0.7541666671875 0.96953125 0.76805555625 0.9421875 0.7666666671875 0.92734375 0.74444444375 0.9140625 0.7138888890625 0.9078125 0.7041666671875 0.90703125 0.672222221875 0.92421875 0.66944444375 0.9421875
7 0.8416666671874999 0.890625 0.8444444437499999 0.85546875 0.83194444375 0.85234375 0.8444444437499999 0.8390625 0.8416666671874999 0.8171875 0.8194444437499999 0.81640625 0.8041666671875 0.8296875 0.7875 0.83671875 0.7833333328125 0.84921875 0.7708333328125 0.85 0.7569444437499999 0.85546875 0.7416666671875001 0.878125 0.722222221875 0.8828125 0.722222221875 0.90625 0.7513888890625 0.9140625 0.76944444375 0.9265625 0.8166666671874999 0.91640625 0.8263888890625 0.9109375 0.8416666671874999 0.890625
7 0.777777778125 0.9921875 0.7666666671875 0.98828125 0.7458333328125 0.9875 0.74444444375 0.99921875 0.772222221875 0.99921875 0.777777778125 0.9921875
7 0.8194444437499999 0.99921875 0.827777778125 0.99296875 0.8166666671874999 0.99296875 0.8194444437499999 0.99921875
7 0.7916666671875 0.92890625 0.772222221875 0.93046875 0.7638888890625 0.95859375 0.7569444437499999 0.96796875 0.7597222218749999 0.971875 0.79444444375 0.97421875 0.8027777781250001 0.96953125 0.83055555625 0.9296875 0.83194444375 0.9203125 0.8125 0.91875 0.7986111109375 0.9234375 0.7916666671875 0.92890625
7 0.83194444375 0.98046875 0.8486111109375001 0.97890625 0.85694444375 0.9734375 0.8736111109375001 0.946875 0.875 0.93125 0.86944444375 0.9296875 0.875 0.92734375 0.8708333328125001 0.925 0.85694444375 0.94609375 0.847222221875 0.9515625 0.83194444375 0.98046875
7 0.847222221875 0.84375 0.847222221875 0.8796875 0.8541666671874999 0.884375 0.88055555625 0.8484375 0.877777778125 0.8375 0.859722221875 0.8375 0.847222221875 0.84375
7 0.8958333328125001 0.875 0.8861111109375001 0.89375 0.91944444375 0.89609375 0.9291666671875 0.8734375 0.9263888890624999 0.85703125 0.91944444375 0.85546875 0.8958333328125001 0.875
4 0.7611111109375 0.5671875 0.8263888890625 0.5703125 0.8541666671874999 0.56796875 0.8541666671874999 0.56328125 0.834722221875 0.55546875 0.7833333328125 0.55546875 0.76944444375 0.55234375 0.76944444375 0.56015625 0.7611111109375 0.5625 0.7611111109375 0.5671875