2 0.95234375 0.54444444375 0.953125 0.5541666671875001 0.9625 0.565277778125 0.9640625 0.5791666671875 0.975 0.58055555625 0.9765625 0.5611111109375 0.9734375 0.534722221875 0.96875 0.5305555562500001 0.95703125 0.5333333328125 0.95234375 0.54444444375
1 0.6140625 0.8430555562500001 0.6109375 0.8458333328125001 0.61328125 0.8583333328125 0.6125 0.890277778125 0.6203125 0.897222221875 0.6265625 0.897222221875 0.6296875 0.8861111109375001 0.62734375 0.85 0.62734375 0.7458333328125 0.63125 0.7402777781250001 0.6390625 0.7402777781250001 0.640625 0.734722221875 0.6328125 0.7291666671875 0.625 0.7138888890625 0.6203125 0.7111111109375 0.6140625 0.7166666671875 0.60546875 0.709722221875 0.6046875 0.7166666671875 0.61328125 0.7402777781250001 0.61484375 0.7611111109375 0.6140625 0.8430555562500001
1 0.54609375 0.8513888890624999 0.5453125 0.915277778125 0.55703125 0.9125 0.5578125 0.7833333328125 0.56171875 0.772222221875 0.56875 0.7736111109375 0.5703125 0.76944444375 0.56796875 0.7611111109375 0.56171875 0.7569444437499999 0.53203125 0.7486111109375 0.53046875 0.75555555625 0.54296875 0.7638888890625 0.54609375 0.775 0.54609375 0.8194444437499999 0.54375 0.8291666671875 0.54375 0.8444444437499999 0.54609375 0.8513888890624999
6 0.24921875 0.8083333328125001 0.26328125 0.809722221875 0.2671875 0.8208333328125 0.26953125 0.8416666671874999 0.28828125 0.8486111109375001 0.3078125 0.85 0.31875 0.834722221875 0.33046875 0.8333333328125001 0.3359375 0.8263888890625 0.33828125 0.83194444375 0.34375 0.8222222218749999 0.34375 0.7819444437499999 0.33671875 0.7597222218749999 0.31484375 0.7583333328124999 0.30234375 0.752777778125 0.29921875 0.7333333328125 0.29375 0.7194444437499999 0.28046875 0.715277778125 0.27109375 0.727777778125 0.26171875 0.7208333328125 0.2375 0.725 0.2359375 0.7611111109375 0.2390625 0.7819444437499999 0.23671875 0.784722221875 0.24921875 0.8083333328125001
6 0.390625 0.8236111109375001 0.4015625 0.840277778125 0.425 0.8388888890624999 0.43125 0.8194444437499999 0.43359375 0.8027777781250001 0.4328125 0.7819444437499999 0.4234375 0.7583333328124999 0.41171875 0.752777778125 0.4015625 0.7416666671875001 0.39453125 0.7402777781250001 0.35 0.7416666671875001 0.34296875 0.7486111109375 0.3453125 0.7708333328125 0.36328125 0.7763888890625 0.365625 0.7805555562500001 0.3625 0.7958333328125 0.36484375 0.8111111109375001 0.390625 0.8236111109375001
7 0.16328125 0.877777778125 0.16484375 0.86944444375 0.15546875 0.8486111109375001 0.12630234375 0.8486111109375001 0.125 0.85694444375 0.12135390625 0.8486111109375001 0.11875 0.8541666671874999 0.11484375 0.852777778125 0.11640625 0.8486111109375001 0.1140625 0.8458333328125001 0.1078125 0.8458333328125001 0.11015625 0.852777778125 0.121875 0.85694444375 0.146875 0.877777778125 0.16328125 0.877777778125
7 0.02578125 0.89444444375 0.028125 0.902777778125 0.0375 0.909722221875 0.0375 0.88055555625 0.02578125 0.89444444375
7 0.04609375 0.8958333328125001 0.04609375 0.915277778125 0.06171875 0.9277777781250001 0.0765625 0.9277777781250001 0.09296875 0.915277778125 0.09375 0.88055555625 0.0796875 0.8708333328125001 0.0703125 0.86944444375 0.05078125 0.88055555625 0.04609375 0.8958333328125001
7 0.1296875 0.9291666671875 0.1375 0.9291666671875 0.14296875 0.922222221875 0.14375 0.91944444375 0.125 0.897222221875 0.1109375 0.8861111109375001 0.1046875 0.8861111109375001 0.103125 0.91944444375 0.1296875 0.9291666671875
7 0.10390625 0.7236111109375 0.07890625 0.7208333328125 0.06953125 0.7333333328125 0.06953125 0.76805555625 0.0734375 0.7736111109375 0.08359375 0.8166666671874999 0.090625 0.827777778125 0.11484375 0.8444444437499999 0.13515625 0.8458333328125001 0.14375 0.8444444437499999 0.14609375 0.840277778125 0.15625 0.8444444437499999 0.18125 0.8444444437499999 0.184375 0.8263888890625 0.184375 0.8055555562500001 0.18125 0.7791666671875 0.178125 0.7736111109375 0.16875 0.76944444375 0.16484375 0.7736111109375 0.16328125 0.7819444437499999 0.153125 0.7805555562500001 0.14921875 0.7638888890625 0.13203125 0.747222221875 0.12109375 0.7416666671875001 0.11875 0.725 0.11328125 0.7194444437499999 0.10390625 0.7236111109375
7 0.0046875 0.7208333328125 0.00078125 0.7236111109375 0.00078125 0.7805555562500001 0.00703125 0.7819444437499999 0.01171875 0.7638888890625 0.0125 0.73194444375 0.0046875 0.7208333328125
7 0.08125 0.809722221875 0.06953125 0.7875 0.06953125 0.76944444375 0.06484375 0.7611111109375 0.0453125 0.7611111109375 0.0359375 0.7569444437499999 0.03125 0.75 0.02734375 0.7569444437499999 0.02421875 0.7861111109375 0.02578125 0.797222221875 0.071875 0.83055555625 0.0765625 0.83194444375 0.08125 0.8263888890625 0.08125 0.809722221875
7 0.053125 0.85694444375 0.0484375 0.85 0.02734375 0.840277778125 0.0203125 0.8416666671874999 0.02421875 0.85555555625 0.03671875 0.8611111109375 0.03828125 0.8652777781250001 0.05859375 0.875 0.07265625 0.8736111109375001 0.07421875 0.8708333328125001 0.0578125 0.85694444375 0.053125 0.85694444375
7 0.2015625 0.9041666671874999 0.21171875 0.9069444437499999 0.209375 0.89444444375 0.2140625 0.8847222218749999 0.215625 0.8680555562500001 0.22109375 0.8625 0.21484375 0.85555555625 0.21328125 0.847222221875 0.20703125 0.847222221875 0.2046875 0.859722221875 0.20625 0.8833333328125 0.203125 0.8861111109375001 0.20546875 0.8847222218749999 0.20625 0.8888888890625 0.20234375 0.89444444375 0.2015625 0.9041666671874999
7 0.23359375 0.8416666671874999 0.22890625 0.8611111109375 0.22890625 0.9069444437499999 0.2328125 0.91805555625 0.25 0.9277777781250001 0.2546875 0.8416666671874999 0.23359375 0.8416666671874999
7 0.3234375 0.94305555625 0.325 0.9069444437499999 0.32265625 0.8986111109375001 0.3125 0.8916666671875 0.30859375 0.86944444375 0.29453125 0.85694444375 0.28046875 0.852777778125 0.2734375 0.8444444437499999 0.26328125 0.8444444437499999 0.2609375 0.9305555562500001 0.28203125 0.94305555625 0.3 0.9458333328125 0.31796875 0.95555555625 0.32109375 0.9541666671875 0.3234375 0.94305555625