2 0.975 0.58055555625 0.975 0.5388888890625 0.96875 0.5305555562500001 0.9625 0.5319444437499999 0.95859375 0.54444444375 0.96328125 0.577777778125 0.96640625 0.58194444375 0.975 0.58055555625
1 0.615625 0.8916666671875 0.61953125 0.8958333328125001 0.62734375 0.8958333328125001 0.6296875 0.8888888890625 0.62734375 0.8430555562500001 0.62734375 0.747222221875 0.63125 0.7402777781250001 0.640625 0.7388888890625 0.640625 0.734722221875 0.6328125 0.7291666671875 0.625 0.7138888890625 0.61328125 0.7166666671875 0.60546875 0.709722221875 0.6046875 0.7166666671875 0.61328125 0.7388888890625 0.61484375 0.765277778125 0.6140625 0.8819444437499999 0.615625 0.8916666671875
1 0.54609375 0.8541666671874999 0.5453125 0.915277778125 0.55703125 0.9125 0.5578125 0.7833333328125 0.5625 0.772222221875 0.56875 0.7736111109375 0.56953125 0.765277778125 0.56171875 0.7569444437499999 0.53984375 0.7486111109375 0.5390625 0.7611111109375 0.53359375 0.7597222218749999 0.5328125 0.7486111109375 0.53125 0.75555555625 0.54609375 0.7821763890625 0.54609375 0.81805555625 0.54375 0.8291666671875 0.54609375 0.8541666671874999
6 0.2390625 0.7763888890625 0.2375 0.784722221875 0.24375 0.8013888890624999 0.25 0.8083333328125001 0.26328125 0.809722221875 0.2671875 0.8194444437499999 0.26953125 0.8416666671874999 0.2953125 0.85 0.30859375 0.85 0.31875 0.8361111109375001 0.3390625 0.83194444375 0.34375 0.8222222218749999 0.34453125 0.7861111109375 0.3375 0.7597222218749999 0.31796875 0.7597222218749999 0.30234375 0.752777778125 0.29765625 0.727777778125 0.29140625 0.7166666671875 0.28046875 0.715277778125 0.27109375 0.727777778125 0.26171875 0.7208333328125 0.24453125 0.7208333328125 0.2390625 0.722222221875 0.2359375 0.73055555625 0.2359375 0.7638888890625 0.2390625 0.7763888890625
6 0.43125 0.8194444437499999 0.43359375 0.8027777781250001 0.43125 0.7736111109375 0.41796875 0.7541666671875 0.39453125 0.7402777781250001 0.35 0.7416666671875001 0.34296875 0.7486111109375 0.34296875 0.7638888890625 0.3453125 0.7708333328125 0.36484375 0.7791666671875 0.36328125 0.809722221875 0.39375 0.8263888890625 0.4015625 0.840277778125 0.42421875 0.8388888890624999 0.43125 0.8194444437499999
7 0.15 0.8791666671874999 0.1578125 0.877777778125 0.1609375 0.8652777781250001 0.15546875 0.8486111109375001 0.14765625 0.8458333328125001 0.13828125 0.85 0.12265625 0.8486111109375001 0.11796875 0.852777778125 0.1171875 0.847222221875 0.10703125 0.847222221875 0.11015625 0.852777778125 0.12421875 0.85694444375 0.12734375 0.8652777781250001 0.13359375 0.86944444375 0.14375 0.872222221875 0.15 0.8791666671874999
7 0.03125 0.8888888890625 0.0296875 0.902777778125 0.0375 0.909722221875 0.03671875 0.8819444437499999 0.03125 0.8888888890625
7 0.04453125 0.902777778125 0.046875 0.91805555625 0.06171875 0.9277777781250001 0.07578125 0.9277777781250001 0.09296875 0.9166666671874999 0.09375 0.88055555625 0.078125 0.8708333328125001 0.05078125 0.8791666671874999 0.04765625 0.8833333328125 0.04453125 0.902777778125
7 0.10234375 0.9166666671874999 0.10625 0.922222221875 0.1296875 0.9291666671875 0.1375 0.9291666671875 0.14296875 0.922222221875 0.14375 0.91944444375 0.125 0.897222221875 0.1109375 0.8861111109375001 0.1046875 0.8861111109375001 0.10234375 0.9166666671874999
7 0.06953125 0.76805555625 0.07421875 0.777777778125 0.08359375 0.8166666671874999 0.09375 0.83055555625 0.1140625 0.8444444437499999 0.13359375 0.8458333328125001 0.14921875 0.8416666671874999 0.16015625 0.8458333328125001 0.18046875 0.8444444437499999 0.184375 0.8263888890625 0.1859375 0.8083333328125001 0.1796875 0.7763888890625 0.16875 0.76944444375 0.16484375 0.7736111109375 0.16328125 0.7819444437499999 0.15390625 0.7819444437499999 0.14921875 0.7638888890625 0.12109375 0.7416666671875001 0.11796875 0.7236111109375 0.11328125 0.7194444437499999 0.10390625 0.7236111109375 0.07890625 0.7208333328125 0.06953125 0.73194444375 0.06953125 0.76805555625
7 0.01015625 0.7333333328125 0.00078125 0.7333333328125 0.00078125 0.7805555562500001 0.00703125 0.7819444437499999 0.01171875 0.7638888890625 0.0125 0.7458333328125 0.01015625 0.7333333328125
7 0.08203125 0.8138888890624999 0.07109375 0.7916666671875 0.06953125 0.7708333328125 0.06484375 0.7611111109375 0.04453125 0.7611111109375 0.03125 0.752777778125 0.028125 0.75555555625 0.025 0.7736111109375 0.025 0.79444444375 0.02734375 0.7986111109375 0.071875 0.83055555625 0.0765625 0.83194444375 0.08125 0.8263888890625 0.08203125 0.8138888890624999
7 0.01953125 0.85 0.0234375 0.85694444375 0.05703125 0.875 0.06875 0.877777778125 0.07265625 0.8736111109375001 0.07421875 0.8708333328125001 0.0484375 0.85 0.02421875 0.8388888890624999 0.01953125 0.840277778125 0.01953125 0.85
7 0.209375 0.8916666671875 0.2140625 0.8875 0.21484375 0.8708333328125001 0.22109375 0.8611111109375 0.21484375 0.85555555625 0.2140625 0.8458333328125001 0.209375 0.8458333328125001 0.20703125 0.847222221875 0.2046875 0.859722221875 0.20546875 0.88055555625 0.2015625 0.902777778125 0.203125 0.9069444437499999 0.2125 0.9069444437499999 0.209375 0.8916666671875
7 0.23671875 0.840277778125 0.23125 0.8444444437499999 0.22890625 0.8625 0.22890625 0.9041666671874999 0.23359375 0.91944444375 0.2484375 0.9277777781250001 0.25078125 0.925 0.2515625 0.88055555625 0.25546875 0.8444444437499999 0.2515625 0.8388888890624999 0.23671875 0.840277778125
7 0.325 0.9083333328125001 0.31953125 0.8958333328125001 0.3125 0.8916666671875 0.30859375 0.88055555625 0.30859375 0.8708333328125001 0.2984375 0.859722221875 0.28203125 0.852777778125 0.27421875 0.8444444437499999 0.26328125 0.8444444437499999 0.2609375 0.9305555562500001 0.3171875 0.95555555625 0.32109375 0.9541666671875 0.32421875 0.9305555562500001 0.325 0.9083333328125001