0 0.596875 0.21805555625 0.58359375 0.21944444375 0.5671875 0.24444444375000002 0.5625 0.24444444375000002 0.55703125 0.225 0.55390625 0.19583333281249998 0.5421875 0.1611111109375 0.50625 0.15972222187500001 0.50546875 0.25833333281250004 0.50390625 0.2791666671875 0.4984375 0.302777778125 0.5 0.3138888890625 0.50390625 0.31805555625 0.5046875 0.34305555625 0.56171875 0.3513888890625 0.56640625 0.34861111093749997 0.571875 0.3138888890625 0.575 0.30694444375 0.5921875 0.302777778125 0.59765625 0.29444444375 0.59921875 0.259722221875 0.596875 0.21805555625
2 0.03125 0.4513888890625 0.0234375 0.425 0.015625 0.427777778125 0.0125 0.43333333281249997 0.01328125 0.46944444374999994 0.01484375 0.4763888890625 0.025 0.477777778125 0.0328125 0.46666666718750005 0.03125 0.4513888890625
1 0.3828125 0.10555555624999999 0.38046875 0.10138888906250001 0.3734375 0.10138888906250001 0.3703125 0.10555555624999999 0.371875 0.2541666671875 0.36796875 0.259722221875 0.36171875 0.259722221875 0.35703125 0.2541666671875 0.35625 0.26527777812500003 0.36640625 0.2708333328125 0.36875 0.2791666671875 0.375 0.28611111093749997 0.38828125 0.28055555625 0.40078125 0.2888888890625 0.4015625 0.28055555625 0.3875 0.2666666671875 0.38515625 0.259722221875 0.3828125 0.10555555624999999
1 0.45390625 0.08333333281250001 0.44453125 0.08055555625000001 0.44140625 0.0916666671875 0.44140625 0.2125 0.4375 0.22916666718749998 0.42734375 0.22638888906250001 0.42734375 0.23055555625 0.43125 0.2388888890625 0.4375 0.24305555625 0.45234375 0.25 0.46875 0.2513888890625 0.46796875 0.2416666671875 0.4546875 0.23333333281250002 0.4515625 0.2166666671875 0.45234375 0.17916666718750002 0.4546875 0.1708333328125 0.45390625 0.08333333281250001
7 0.915625 0.18055555625 0.9109375 0.17361111093749998 0.884375 0.15555555625 0.81875 0.15555555625 0.81875 0.17916666718750002 0.821875 0.1875 0.83515625 0.20555555625 0.8484375 0.2166666671875 0.85 0.23194444375 0.85390625 0.240277778125 0.878125 0.25833333281250004 0.8796875 0.26805555625 0.88671875 0.28055555625 0.921875 0.2791666671875 0.93046875 0.2666666671875 0.9296875 0.23194444375 0.925 0.222222221875 0.915625 0.18055555625
7 0.85234375 0.15555555625 0.8578125 0.1513888890625 0.87734375 0.1541666671875 0.8828125 0.15 0.88125 0.14305555625 0.86640625 0.13055555624999998 0.85546875 0.127777778125 0.853125 0.12222222187500001 0.83828125 0.12222222187500001 0.83671875 0.13194444375 0.83984375 0.1513888890625 0.85234375 0.15555555625
7 0.85703125 0.0736111109375 0.85546875 0.08055555625000001 0.875 0.1041666671875 0.88828125 0.11388888906250001 0.89453125 0.11388888906250001 0.89609375 0.08055555625000001 0.871875 0.07083333281250001 0.85703125 0.0736111109375
7 0.79140625 0.134722221875 0.79296875 0.127777778125 0.7890625 0.12222222187500001 0.7875 0.13194444375 0.79140625 0.134722221875
7 0.79296875 0.09305555625 0.7875 0.09305555625 0.7875 0.102777778125 0.7921875 0.10833333281249999 0.79296875 0.11805555625 0.796875 0.1041666671875 0.796875 0.0958333328125 0.79296875 0.09305555625
7 0.8421875 0.06944444375 0.8421875 0.05694444375 0.8375 0.05 0.83671875 0.06805555625000001 0.8421875 0.06944444375
7 0.8265625 0.05 0.825 0.04444444375 0.82421875 0.05694444375 0.8265625 0.05
7 0.77734375 0.04305555625 0.77578125 0.0416666671875 0.77109375 0.04305555625 0.77734375 0.04305555625
7 0.99296875 0.1986111109375 0.99296875 0.2166666671875 0.9875 0.2416666671875 0.9875 0.2708333328125 0.99296875 0.27638888906250003 0.99921875 0.275 0.99921875 0.2 0.99609375 0.197222221875 0.99296875 0.1986111109375
7 0.92421875 0.20277777812500003 0.93046875 0.20972222187499998 0.93046875 0.23055555625 0.93515625 0.240277778125 0.9515625 0.2388888890625 0.96953125 0.24722222187499998 0.97421875 0.21944444375 0.97421875 0.20555555625 0.971875 0.2 0.925 0.16805555625 0.91953125 0.1708333328125 0.91875 0.1875 0.92421875 0.20277777812500003
7 0.92734375 0.125 0.9265625 0.13055555624999998 0.94765625 0.14305555625 0.95703125 0.15555555625 0.96796875 0.15972222187500001 0.96953125 0.16388888906250001 0.9765625 0.16388888906250001 0.97890625 0.15972222187500001 0.978125 0.147222221875 0.9609375 0.13333333281249998 0.94375 0.125 0.935546875 0.125 0.93046875 0.13194444375 0.9314453125 0.125 0.92734375 0.125
7 0.79453125 0.0958333328125 0.7890625 0.09444444375 0.7890625 0.10138888906250001 0.79296875 0.10555555624999999 0.7953125 0.102777778125 0.79453125 0.0958333328125
7 0.76796875 0.15 0.77109375 0.1111111109375 0.76796875 0.08333333281250001 0.75078125 0.072222221875 0.74609375 0.07638888906249999 0.74765625 0.0888888890625 0.74375 0.14305555625 0.7453125 0.1541666671875 0.75546875 0.15555555625 0.76796875 0.15
7 0.67734375 0.047222221875 0.6765625 0.055555556250000006 0.675 0.0888888890625 0.67734375 0.10138888906250001 0.6859375 0.10555555624999999 0.69140625 0.11388888906250001 0.69375 0.13194444375 0.7 0.14305555625 0.73515625 0.1666666671875 0.7375 0.14305555625 0.73671875 0.1111111109375 0.74140625 0.075 0.72265625 0.058333332812500006 0.70078125 0.055555556250000006 0.6828125 0.04444444375 0.67734375 0.047222221875
7 0.821875 0.19305555624999998 0.8171875 0.1763888890625 0.81640625 0.1888888890625 0.8125 0.19305555624999998 0.81015625 0.2541666671875 0.81796875 0.2541666671875 0.8203125 0.26805555625 0.8375 0.26805555625 0.84140625 0.275 0.846875 0.26527777812500003 0.84765625 0.2541666671875 0.84453125 0.2486111109375 0.8484375 0.23611111093749998 0.8421875 0.2236111109375 0.83125 0.215277778125 0.83203125 0.20555555625 0.8296875 0.197222221875 0.821875 0.19305555624999998
7 0.7546875 0.2208333328125 0.76640625 0.22777777812500002 0.76875 0.19583333281249998 0.77109375 0.1875 0.77578125 0.1833333328125 0.76875 0.15555555625 0.759375 0.1541666671875 0.7484375 0.1611111109375 0.73671875 0.1888888890625 0.7375 0.2208333328125 0.74453125 0.22638888906250001 0.7546875 0.2208333328125
7 0.78671875 0.25694444375000003 0.790625 0.2388888890625 0.79296875 0.1666666671875 0.7953125 0.1541666671875 0.7921875 0.140277778125 0.78515625 0.140277778125 0.7796875 0.17361111093749998 0.78125 0.2138888890625 0.77890625 0.24583333281250003 0.78203125 0.25694444375000003 0.78671875 0.25694444375000003
4 0.01796875 0.11805555625 0.01171875 0.11944444375 0.01171875 0.134722221875 0.00625 0.14305555625 0.00390625 0.16805555625 0.00703125 0.16805555625 0.01015625 0.177777778125 0.0125 0.20833333281250002 0.01875 0.240277778125 0.01796875 0.25555555625 0.0234375 0.25555555625 0.0296875 0.2416666671875 0.025 0.21805555625 0.02578125 0.177777778125 0.02890625 0.16944444375 0.0296875 0.147222221875 0.0203125 0.1291666671875 0.01796875 0.11805555625
4 0.9625 0.95555555625 0.96015625 0.959722221875 0.95234375 0.95694444375 0.9390625 0.9694444437499999 0.93828125 0.9791666671874999 0.93046875 0.984722221875 0.92421875 0.997222221875 0.92734375 0.9916666671875 0.9283203125 0.997222221875 0.9734375 0.997222221875 0.978125 0.9833333328125 0.984375 0.977777778125 0.98984375 0.95555555625 0.98984375 0.9458333328125 0.9859375 0.934722221875 0.97890625 0.9333333328125001 0.96796875 0.95555555625 0.9625 0.95555555625
4 0.11640625 0.3958333328125 0.115625 0.38333333281250004 0.10703125 0.38055555625 0.0953125 0.40833333281249995 0.0953125 0.45277777812500003 0.09765625 0.46805555625000006 0.10625 0.49305555625 0.10625 0.5305555562500001 0.11171875 0.5375 0.13046875 0.5375 0.13046875 0.527777778125 0.1203125 0.5041666671875 0.1140625 0.46944444374999994 0.11796875 0.45555555625000005 0.11796875 0.4263888890625 0.1125 0.4166666671875 0.1125 0.40694444374999994 0.11640625 0.3958333328125
4 0.19921875 0.2166666671875 0.1953125 0.20277777812500003 0.19609375 0.16944444375 0.19296875 0.15555555625 0.18671875 0.1513888890625 0.184375 0.172222221875 0.1875 0.190277778125 0.1875 0.21944444375 0.19453125 0.21944444375 0.19921875 0.2166666671875
4 0.12421875 0.034722221875 0.12578125 0.10833333281249999 0.1328125 0.1111111109375 0.13515625 0.10138888906250001 0.13203125 0.06944444375 0.1359375 0.0513888890625 0.12890625 0.0375 0.12421875 0.034722221875