2 0.4486111109375 0.96953125 0.425 0.9765625 0.4291666671875 0.98515625 0.43333333281249997 0.9875 0.47222222187499996 0.9859375 0.477777778125 0.98203125 0.477777778125 0.975 0.46805555625000006 0.9671875 0.4486111109375 0.96953125
1 0.13888888906250002 0.6171875 0.10555555624999999 0.6171875 0.1 0.6203125 0.1041666671875 0.6296875 0.2541666671875 0.628125 0.2541666671875 0.64296875 0.259722221875 0.63828125 0.26527777812500003 0.64375 0.2708333328125 0.63359375 0.2791666671875 0.63125 0.28611111093749997 0.625 0.28055555625 0.6125 0.2888888890625 0.59921875 0.28055555625 0.5984375 0.26805555625 0.61015625 0.25694444375000003 0.61484375 0.1513888890625 0.61484375 0.13888888906250002 0.6171875
1 0.2138888890625 0.55859375 0.22638888906250001 0.56171875 0.22638888906250001 0.5703125 0.22916666718749998 0.5625 0.240277778125 0.56796875 0.25 0.54765625 0.2513888890625 0.53125 0.24305555625 0.53125 0.23472222187499997 0.54453125 0.21805555625 0.54765625 0.17916666718750002 0.54765625 0.1708333328125 0.5453125 0.08333333281250001 0.54609375 0.08055555625000001 0.55546875 0.0875 0.5578125 0.2138888890625 0.55859375
7 0.17361111093749998 0.0890625 0.15972222187500001 0.10703125 0.1541666671875 0.13046875 0.15555555625 0.14453125 0.15972222187500001 0.14765625 0.15555555625 0.15625 0.1583333328125 0.18125 0.1833333328125 0.18125 0.19444444375 0.1703125 0.20555555625 0.16484375 0.215277778125 0.15234375 0.23472222187499997 0.15 0.2416666671875 0.1453125 0.25833333281250004 0.121875 0.27638888906250003 0.11796875 0.2791666671875 0.11484375 0.27638888906250003 0.09375 0.2486111109375 0.08515625 0.23055555625 0.0734375 0.18194444375000002 0.084375 0.17361111093749998 0.0890625
7 0.33888888906250003 0.00078125 0.26805555625 0.00078125 0.25833333281250004 0.0078125 0.25833333281250004 0.0125 0.27777777812500004 0.01796875 0.34027777812500004 0.02109375 0.33888888906250003 0.00078125
7 0.28611111093749997 0.0921875 0.3 0.090625 0.3291666671875 0.075 0.3263888890625 0.06796875 0.33194444375 0.0546875 0.35555555625 0.0453125 0.3541666671875 0.040625 0.2888888890625 0.03125 0.24583333281250003 0.03046875 0.23194444375 0.05703125 0.23194444375 0.06953125 0.24444444375000002 0.08125 0.25833333281250004 0.08671875 0.28611111093749997 0.0921875
7 0.13055555624999998 0.20703125 0.127777778125 0.209375 0.12881944375 0.2099609375 0.13055555624999998 0.20703125
7 0.13194444375 0.21171875 0.12881944375 0.2099609375 0.127777778125 0.21171875 0.13194444375 0.21171875
7 0.0958333328125 0.203125 0.09305555625 0.2109375 0.1041666671875 0.2125 0.109722221875 0.2078125 0.125 0.20703125 0.0958333328125 0.203125
7 0.06944444375 0.15703125 0.052777778124999994 0.15859375 0.0486111109375 0.16328125 0.0666666671875 0.1640625 0.06944444375 0.15703125
7 0.04444444375 0.17265625 0.04305555625 0.17578125 0.0513888890625 0.1734375 0.05694444375 0.17578125 0.05 0.17265625 0.04444444375 0.17265625
7 0.047222221875 0.22265625 0.047222221875 0.20703125 0.040277778125000004 0.2296875 0.04305555625 0.23125 0.047222221875 0.22265625
7 0.2208333328125 0.00625 0.22638888906250001 0.01015625 0.2541666671875 0.01171875 0.25555555625 0.00078125 0.22638888906250001 0.00078125 0.2208333328125 0.00625
7 0.23055555625 0.05390625 0.24305555625 0.03203125 0.240277778125 0.028125 0.20555555625 0.02578125 0.197222221875 0.03046875 0.16944444375 0.07109375 0.16944444375 0.08046875 0.19305555624999998 0.08046875 0.20972222187499998 0.07109375 0.22777777812500002 0.06875 0.23055555625 0.05390625
7 0.1611111109375 0.02578125 0.1583333328125 0.0203125 0.1513888890625 0.0203125 0.1458333328125 0.0234375 0.13333333281249998 0.03984375 0.12222222187500001 0.06484375 0.1263888890625 0.07421875 0.1291666671875 0.075 0.14305555625 0.05234375 0.15277777812499999 0.04375 0.1611111109375 0.02578125
7 0.190277778125 0.18125 0.184722221875 0.1828125 0.19444444375 0.1875 0.25555555625 0.18984375 0.25555555625 0.18515625 0.26805555625 0.1828125 0.2708333328125 0.1796875 0.2708333328125 0.1625 0.27777777812500004 0.15859375 0.2708333328125 0.15703125 0.26805555625 0.153125 0.25833333281250004 0.1515625 0.23472222187499997 0.1515625 0.2208333328125 0.15625 0.21805555625 0.1671875 0.1986111109375 0.1703125 0.190277778125 0.18125
7 0.222222221875 0.2609375 0.22638888906250001 0.2546875 0.222222221875 0.24375 0.22916666718749998 0.2359375 0.22638888906250001 0.23203125 0.197222221875 0.23125 0.1888888890625 0.22421875 0.15555555625 0.23125 0.15277777812499999 0.23984375 0.1611111109375 0.25078125 0.184722221875 0.2625 0.215277778125 0.26328125 0.222222221875 0.2609375
7 0.23472222187499997 0.209375 0.16388888906250001 0.20546875 0.1458333328125 0.20546875 0.140277778125 0.209375 0.13888888906250002 0.2140625 0.147222221875 0.2171875 0.18194444375000002 0.21953125 0.2486111109375 0.2203125 0.25555555625 0.21796875 0.25694444375000003 0.2140625 0.23472222187499997 0.209375
7 0.1671875 0.259375 0.0015625 0.003125
7 0.102777778125 0.2046875 0.097222221875 0.2046875 0.0958333328125 0.2109375 0.10555555624999999 0.2078125 0.102777778125 0.2046875
7 0.15 0.2328125 0.134722221875 0.2296875 0.084722221875 0.23125 0.072222221875 0.2484375 0.07638888906249999 0.2546875 0.0888888890625 0.25234375 0.1541666671875 0.25546875 0.15694444375 0.24921875 0.15 0.240625 0.15 0.2328125
7 0.0986111109375 0.3234375 0.109722221875 0.3109375 0.1291666671875 0.3078125 0.14305555625 0.3 0.1666666671875 0.26875 0.1666666671875 0.2640625 0.1041666671875 0.2625 0.072222221875 0.25859375 0.058333332812500006 0.27734375 0.055555556250000006 0.29765625 0.04444444375 0.31796875 0.047222221875 0.32265625 0.055555556250000006 0.3234375 0.0986111109375 0.3234375
7 0.1513888890625 0.140625 0.1513888890625 0.11875 0.14305555625 0.11875 0.134722221875 0.12734375 0.1291666671875 0.14296875 0.11944444375 0.1515625 0.12222222187500001 0.16171875 0.1361111109375 0.16328125 0.15 0.1609375 0.15555555625 0.15078125 0.1513888890625 0.140625
7 0.1041666671875 0.125 0.11388888906250001 0.10625 0.08055555625000001 0.10390625 0.072222221875 0.12109375 0.072222221875 0.140625 0.08055555625000001 0.14296875 0.1041666671875 0.125
4 0.2986111109375 0.83046875 0.3 0.8265625 0.2416666671875 0.8234375 0.22916666718749998 0.81875 0.21805555625 0.81875 0.19305555624999998 0.8296875 0.19444444375 0.83515625 0.20416666718749998 0.83515625 0.2166666671875 0.84140625 0.23333333281250002 0.8421875 0.25833333281250004 0.83359375 0.2986111109375 0.83046875
4 0.309722221875 0.79375 0.34027777812500004 0.79453125 0.36944444375 0.784375 0.4166666671875 0.77890625 0.425 0.77421875 0.425 0.76875 0.3916666671875 0.77421875 0.377777778125 0.765625 0.33055555625 0.76328125 0.30555555624999997 0.7703125 0.290277778125 0.7796875 0.28055555625 0.78125 0.28055555625 0.7875 0.3013888890625 0.7875 0.309722221875 0.79375
4 0.21805555625 0.30546875 0.22638888906250001 0.31640625 0.2388888890625 0.3171875 0.24583333281250003 0.31171875 0.2888888890625 0.3125 0.302777778125 0.31640625 0.32777777812500003 0.3125 0.33888888906250003 0.31484375 0.3416666671875 0.309375 0.33888888906250003 0.303125 0.3083333328125 0.303125 0.275 0.2953125 0.2416666671875 0.29375 0.23333333281250002 0.2953125 0.23055555625 0.3 0.21805555625 0.30546875
4 0.3541666671875 0.68203125 0.35 0.6875 0.33055555625 0.68984375 0.3263888890625 0.69765625 0.33194444375 0.70078125 0.352777778125 0.7015625 0.3736111109375 0.7125 0.39305555625 0.71328125 0.3958333328125 0.709375 0.40555555625000006 0.70625 0.44305555625000004 0.70546875 0.4763888890625 0.69921875 0.490277778125 0.69921875 0.49305555625 0.69140625 0.502777778125 0.68671875 0.49583333281249997 0.68203125 0.44444444375 0.6828125 0.39444444375 0.68125 0.38055555625 0.67734375 0.3638888890625 0.678125 0.3541666671875 0.68203125
3 0.3546875 0.778125 0.1375 0.034375
3 0.2421875 0.82890625 0.0875 0.021875