0 0.79305555625 0.50546875 0.7291666671875 0.50546875 0.722222221875 0.50625 0.722222221875 0.509375 0.73194444375 0.51640625 0.747222221875 0.51796875 0.7819444437499999 0.5125 0.79305555625 0.50546875
0 0.7083333328125 0.43984375 0.6944444437499999 0.45 0.6944444437499999 0.45703125 0.70694444375 0.4640625 0.7111111109375 0.4765625 0.76944444375 0.4796875 0.8541666671874999 0.47890625 0.8888888890625 0.46015625 0.89444444375 0.45390625 0.8986111109375001 0.4296875 0.902777778125 0.425 0.9138888890624999 0.36953125 0.9055555562500001 0.33828125 0.890277778125 0.33203125 0.7805555562500001 0.33125 0.7736111109375 0.33828125 0.76805555625 0.353125 0.75 0.35625 0.74444444375 0.3609375 0.7486111109375 0.36953125 0.89305555625 0.36953125 0.9 0.378125 0.89305555625 0.38203125 0.8541666671874999 0.384375 0.7486111109375 0.3859375 0.727777778125 0.4328125 0.722222221875 0.4375 0.7083333328125 0.43984375
2 0.5736111109375 0.02421875 0.575 0.01875 0.56805555625 0.01328125 0.5291666671875 0.0140625 0.522222221875 0.01875 0.522222221875 0.025 0.5333333328125 0.0328125 0.5527777781250001 0.03046875 0.5736111109375 0.02421875
1 0.8986111109375001 0.3859375 0.9 0.3765625 0.89444444375 0.36953125 0.8791666671874999 0.371875 0.74444444375 0.3703125 0.7416666671875001 0.359375 0.7333333328125 0.35703125 0.7291666671875 0.36640625 0.7111111109375 0.37578125 0.7111111109375 0.3796875 0.7194444437499999 0.38359375 0.7111111109375 0.40078125 0.722222221875 0.40078125 0.725 0.39609375 0.75 0.384375 0.8958333328125001 0.38203125 0.8986111109375001 0.3859375
1 0.9 0.38984375 0.9041666671874999 0.3890625 0.9 0.38671875 0.9 0.38984375
6 0.772222221875 0.78046875 0.7263888890625 0.77890625 0.7236111109375 0.78203125 0.7333333328125 0.78671875 0.7638888890625 0.78828125 0.7763888890625 0.7859375 0.7819444437499999 0.78203125 0.772222221875 0.78046875
6 0.722222221875 0.74296875 0.734722221875 0.75 0.7569444437499999 0.75078125 0.7569444437499999 0.7625 0.76805555625 0.76640625 0.8194444437499999 0.76875 0.8236111109375001 0.7625 0.83055555625 0.76015625 0.8819444437499999 0.75703125 0.89444444375 0.75 0.9041666671874999 0.72578125 0.9055555562500001 0.7125 0.902777778125 0.70625 0.89444444375 0.7015625 0.85694444375 0.6984375 0.8444444437499999 0.68828125 0.83055555625 0.68359375 0.8222222218749999 0.6875 0.7736111109375 0.6890625 0.7611111109375 0.69453125 0.7583333328124999 0.70703125 0.7611111109375 0.7109375 0.7819444437499999 0.7171875 0.7819444437499999 0.72265625 0.7666666671875 0.72890625 0.7333333328125 0.73125 0.7236111109375 0.7375 0.722222221875 0.74296875
7 0.6944444437499999 0.98046875 0.6583333328125 0.9796875 0.6611111109375 0.99921875 0.73194444375 0.99921875 0.7402777781250001 0.99375 0.7388888890625 0.98671875 0.7236111109375 0.9828125 0.6944444437499999 0.98046875
7 0.7416666671875001 0.91328125 0.7111111109375 0.9078125 0.7 0.909375 0.672222221875 0.925 0.66944444375 0.94296875 0.6583333328125 0.9453125 0.6458333328125 0.95234375 0.64444444375 0.9578125 0.652777778125 0.9609375 0.6972222218749999 0.9671875 0.7541666671875 0.96953125 0.76805555625 0.9421875 0.76805555625 0.93046875 0.7541666671875 0.91796875 0.7416666671875001 0.91328125
7 0.8263888890625 0.9109375 0.840277778125 0.89296875 0.8458333328125001 0.86796875 0.840277778125 0.85 0.8444444437499999 0.8421875 0.8444444437499999 0.81875 0.840277778125 0.8171875 0.8208333328125 0.81640625 0.8027777781250001 0.83125 0.7875 0.83828125 0.7833333328125 0.84921875 0.7708333328125 0.85 0.7569444437499999 0.85546875 0.7416666671875001 0.878125 0.725 0.88125 0.7208333328125 0.88515625 0.7236111109375 0.90703125 0.752777778125 0.9140625 0.76944444375 0.9265625 0.81805555625 0.915625 0.8263888890625 0.9109375
7 0.777777778125 0.99296875 0.765277778125 0.98828125 0.7458333328125 0.98828125 0.74444444375 0.99921875 0.772222221875 0.99921875 0.777777778125 0.99296875
7 0.7916666671875 0.9296875 0.772222221875 0.93046875 0.7638888890625 0.95859375 0.7569444437499999 0.96796875 0.7611111109375 0.971875 0.79444444375 0.97421875 0.8027777781250001 0.96953125 0.83055555625 0.92890625 0.83055555625 0.91953125 0.8125 0.91875 0.797222221875 0.92421875 0.7916666671875 0.9296875
7 0.85694444375 0.946875 0.8444444437499999 0.95625 0.8361111109375001 0.975 0.8388888890624999 0.97890625 0.8486111109375001 0.9796875 0.8541666671874999 0.9765625 0.8666666671875 0.96015625 0.877777778125 0.93515625 0.8736111109375001 0.92578125 0.8708333328125001 0.925 0.85694444375 0.9421875 0.85694444375 0.946875
7 0.85 0.8390625 0.847222221875 0.84375 0.847222221875 0.8796875 0.8513888890624999 0.88203125 0.85694444375 0.88125 0.859722221875 0.875 0.8652777781250001 0.87265625 0.872222221875 0.85625 0.8791666671874999 0.85078125 0.8791666671874999 0.83984375 0.875 0.83828125 0.8611111109375 0.83671875 0.85 0.8390625
7 0.9 0.87109375 0.8861111109375001 0.89375 0.91944444375 0.896875 0.9291666671875 0.8734375 0.9263888890624999 0.85703125 0.91944444375 0.85625 0.9 0.87109375
4 0.834722221875 0.07421875 0.8361111109375001 0.078125 0.8291666671875 0.08046875 0.8291666671875 0.08515625 0.8430555562500001 0.08515625 0.8541666671874999 0.08125 0.8736111109375001 0.0828125 0.88055555625 0.08671875 0.9055555562500001 0.084375 0.9361111109375001 0.07421875 0.934722221875 0.06796875 0.86944444375 0.06796875 0.834722221875 0.07421875
4 0.8263888890625 0.28671875 0.8444444437499999 0.28125 0.8416666671874999 0.27578125 0.827777778125 0.278125 0.80694444375 0.275 0.777777778125 0.2796875 0.7597222218749999 0.27890625 0.7583333328124999 0.28671875 0.8263888890625 0.28671875
4 0.7486111109375 0.2546875 0.797222221875 0.26171875 0.81805555625 0.259375 0.8291666671875 0.25546875 0.8444444437499999 0.25546875 0.8444444437499999 0.24921875 0.827777778125 0.24375 0.80694444375 0.2421875 0.7916666671875 0.2453125 0.7541666671875 0.2453125 0.7486111109375 0.2546875
4 0.7875 0.2578125 0.7805555562500001 0.26171875 0.8055555562500001 0.26171875 0.79305555625 0.2609375 0.7875 0.2578125
4 0.7638888890625 0.25625 0.7597222218749999 0.2578125 0.7611111109375 0.2640625 0.765277778125 0.26640625 0.772222221875 0.26171875 0.7805555562500001 0.26171875 0.7763888890625 0.25703125 0.7638888890625 0.25625
4 0.815277778125 0.2578125 0.8444444437499999 0.2546875 0.83055555625 0.25390625 0.815277778125 0.2578125