0 0.98046875 0.3416666671875 0.99921875 0.33888888906250003 0.99921875 0.26805555625 0.99296875 0.25833333281250004 0.98671875 0.259722221875 0.9828125 0.2791666671875 0.9796875 0.31944444375000003 0.98046875 0.3416666671875
0 0.95703125 0.35555555625 0.9671875 0.302777778125 0.9703125 0.24722222187499998 0.94765625 0.23333333281250002 0.93046875 0.23194444375 0.91875 0.24444444375000002 0.9125 0.259722221875 0.90703125 0.29444444375 0.909375 0.3 0.915625 0.30694444375 0.9203125 0.322222221875 0.94296875 0.33055555625 0.9453125 0.34305555625 0.95 0.3513888890625 0.95703125 0.35555555625
2 0.0140625 0.47222222187499996 0.01875 0.477777778125 0.025 0.477777778125 0.0328125 0.46805555625000006 0.0296875 0.4458333328125 0.02265625 0.425 0.01328125 0.43194444374999996 0.0140625 0.47222222187499996
1 0.38359375 0.28055555625 0.4 0.2888888890625 0.4015625 0.28055555625 0.39140625 0.26805555625 0.38515625 0.2541666671875 0.3828125 0.20972222187499998 0.384375 0.15555555625 0.38203125 0.13888888906250002 0.38203125 0.1041666671875 0.384375 0.10138888906250001 0.37890625 0.1 0.36953125 0.10555555624999999 0.371875 0.1208333328125 0.3703125 0.25555555625 0.3578125 0.25833333281250004 0.35703125 0.2666666671875 0.36640625 0.2708333328125 0.37578125 0.2888888890625 0.3796875 0.2888888890625 0.38359375 0.28055555625
6 0.77890625 0.275 0.78203125 0.27638888906250003 0.7875 0.2638888890625 0.78828125 0.23333333281250002 0.7859375 0.21805555625 0.78125 0.21805555625 0.78046875 0.22777777812500002 0.77890625 0.275
6 0.78125 0.1703125 0.00078125 0.0015625
6 0.7109375 0.2388888890625 0.7171875 0.21805555625 0.72265625 0.21805555625 0.72890625 0.23333333281250002 0.73125 0.2666666671875 0.7375 0.27638888906250003 0.74296875 0.27777777812500004 0.75 0.26527777812500003 0.75 0.24444444375000002 0.7546875 0.240277778125 0.7640625 0.2416666671875 0.76640625 0.23194444375 0.76875 0.18055555625 0.7609375 0.172222221875 0.75703125 0.11805555625 0.75 0.10555555624999999 0.73125 0.097222221875 0.71015625 0.0958333328125 0.70234375 0.1041666671875 0.69921875 0.1416666671875 0.68828125 0.15555555625 0.68359375 0.16944444375 0.6875 0.17916666718750002 0.6890625 0.22638888906250001 0.69453125 0.2388888890625 0.70390625 0.24305555625 0.7109375 0.2388888890625
7 0.88125 0.275 0.8859375 0.2791666671875 0.90703125 0.27638888906250003 0.91484375 0.2486111109375 0.9265625 0.23055555625 0.915625 0.18194444375000002 0.9109375 0.17361111093749998 0.890625 0.1583333328125 0.8625 0.1541666671875 0.85703125 0.15555555625 0.85078125 0.16805555625 0.8484375 0.15972222187500001 0.8390625 0.15555555625 0.81875 0.15555555625 0.8171875 0.15972222187500001 0.81640625 0.17916666718750002 0.8234375 0.184722221875 0.83984375 0.215277778125 0.84921875 0.2166666671875 0.85 0.23055555625 0.85546875 0.24305555625 0.878125 0.25833333281250004 0.88125 0.275
7 0.475 0.21944444375 0.46875 0.2375 0.4640625 0.2833333328125 0.465625 0.2888888890625 0.47421875 0.29305555625 0.478125 0.28472222187499996 0.4796875 0.26527777812500003 0.4796875 0.23194444375 0.47734375 0.21944444375 0.475 0.21944444375
7 0.5078125 0.20555555625 0.5046875 0.20555555625 0.5046875 0.26805555625 0.50625 0.27777777812500004 0.51171875 0.27777777812500004 0.5171875 0.26527777812500003 0.51796875 0.24722222187499998 0.51171875 0.2125 0.5078125 0.20555555625
7 0.36953125 0.22777777812500002 0.371875 0.17916666718750002 0.384375 0.1782833328125 0.38671875 0.252777778125 0.434375 0.272222221875 0.4375 0.27638888906250003 0.43828125 0.2888888890625 0.44296875 0.29305555625 0.44375 0.2625 0.44921875 0.23333333281250002 0.446875 0.225 0.44921875 0.222222221875 0.45 0.20833333281250002 0.45703125 0.2 0.4765625 0.2 0.478125 0.19583333281249998 0.47890625 0.1458333328125 0.46015625 0.1111111109375 0.45390625 0.10555555624999999 0.38828125 0.090277778125 0.38203125 0.10138888906250001 0.38046875 0.0888888890625 0.36015625 0.0861111109375 0.33828125 0.09444444375 0.3328125 0.10555555624999999 0.33125 0.11805555625 0.33046875 0.215277778125 0.3375 0.22638888906250001 0.353125 0.23333333281250002 0.35703125 0.2541666671875 0.36015625 0.25694444375000003 0.36953125 0.25555555625 0.371875 0.24722222187499998 0.36953125 0.22777777812500002
7 0.99296875 0.25694444375000003 0.99921875 0.25555555625 0.99921875 0.22777777812500002 0.99296875 0.222222221875 0.98828125 0.23472222187499997 0.9875 0.252777778125 0.99296875 0.25694444375000003
7 0.97421875 0.20833333281250002 0.96953125 0.197222221875 0.92890625 0.16944444375 0.91953125 0.16944444375 0.91875 0.1875 0.92421875 0.20277777812500003 0.93046875 0.20833333281250002 0.93125 0.22777777812500002 0.9546875 0.23333333281250002 0.9671875 0.24305555625 0.971875 0.240277778125 0.97421875 0.20833333281250002
7 0.96015625 0.13333333281249998 0.9328125 0.12222222187500001 0.92734375 0.125 0.925 0.1291666671875 0.93828125 0.140277778125 0.94765625 0.14305555625 0.95703125 0.15555555625 0.97890625 0.15972222187500001 0.97890625 0.15 0.9765625 0.1458333328125 0.96015625 0.13333333281249998
7 0.8578125 0.1291666671875 0.8484375 0.11944444375 0.83828125 0.12222222187500001 0.83671875 0.13888888906250002 0.83984375 0.1513888890625 0.85390625 0.15555555625 0.859375 0.1513888890625 0.88203125 0.15 0.8796875 0.14305555625 0.86640625 0.13055555624999998 0.8578125 0.1291666671875
7 0.85625 0.08055555625000001 0.87578125 0.1041666671875 0.8890625 0.11388888906250001 0.8953125 0.1111111109375 0.896875 0.08055555625000001 0.87421875 0.07083333281250001 0.85703125 0.0736111109375 0.85625 0.08055555625000001
4 0.46171875 0.315277778125 0.4625 0.26944444375 0.4671875 0.252777778125 0.46875 0.23333333281250002 0.4734375 0.22638888906250001 0.46953125 0.20138888906250002 0.45625 0.2 0.4515625 0.20555555625 0.45078125 0.22777777812500002 0.446875 0.24583333281250003 0.44765625 0.259722221875 0.44453125 0.27638888906250003 0.446875 0.3138888890625 0.44921875 0.3166666671875 0.45078125 0.3083333328125 0.45390625 0.30555555624999997 0.4578125 0.315277778125 0.46171875 0.315277778125