2 0.025 0.4625 0.03125 0.46944444374999994 0.0375 0.46805555625000006 0.040625 0.46388888906250003 0.040625 0.45277777812500003 0.0359375 0.42083333281249996 0.025 0.41944444374999995 0.025 0.4625
1 0.38671875 0.2833333328125 0.39453125 0.290277778125 0.3953125 0.2833333328125 0.38671875 0.2625 0.38515625 0.15694444375 0.3875 0.1513888890625 0.38515625 0.11388888906250001 0.38046875 0.1041666671875 0.37265625 0.10555555624999999 0.3703125 0.11388888906250001 0.3734375 0.20138888906250002 0.37265625 0.2541666671875 0.36875 0.2611111109375 0.36015625 0.259722221875 0.3578125 0.26527777812500003 0.36640625 0.2708333328125 0.375 0.28611111093749997 0.38671875 0.2833333328125
1 0.46796875 0.2416666671875 0.45625 0.23472222187499997 0.45234375 0.2166666671875 0.45625 0.1708333328125 0.45390625 0.140277778125 0.4546875 0.084722221875 0.44296875 0.0875 0.4421875 0.2166666671875 0.43828125 0.22777777812500002 0.43125 0.22638888906250001 0.4296875 0.23055555625 0.4328125 0.2388888890625 0.43828125 0.24305555625 0.46875 0.2513888890625 0.46796875 0.2416666671875
6 0.634375 0.21944444375 0.6375 0.2 0.6359375 0.190277778125 0.60625 0.17361111093749998 0.5984375 0.15972222187500001 0.57578125 0.1611111109375 0.56875 0.18055555625 0.56640625 0.197222221875 0.5671875 0.21805555625 0.57734375 0.24305555625 0.60546875 0.259722221875 0.65 0.25833333281250004 0.65703125 0.25 0.6546875 0.22916666718749998 0.634375 0.21944444375
6 0.70859375 0.2833333328125 0.71953125 0.28472222187499996 0.72890625 0.272222221875 0.73828125 0.2791666671875 0.75546875 0.2791666671875 0.7625 0.275 0.7640625 0.240277778125 0.7609375 0.21944444375 0.7640625 0.2138888890625 0.75 0.1916666671875 0.73671875 0.190277778125 0.7328125 0.17916666718750002 0.73046875 0.1583333328125 0.69140625 0.15 0.68125 0.165277778125 0.6703125 0.1666666671875 0.66328125 0.17361111093749998 0.6609375 0.16805555625 0.65625 0.177777778125 0.65546875 0.21111111093749999 0.66171875 0.2388888890625 0.6671875 0.24305555625 0.68125 0.240277778125 0.696875 0.24722222187499998 0.7 0.252777778125 0.70234375 0.272222221875 0.70859375 0.2833333328125
7 0.878125 0.14305555625 0.86640625 0.13055555624999998 0.85546875 0.127777778125 0.84921875 0.1208333328125 0.84296875 0.12361111093749999 0.8390625 0.134722221875 0.8453125 0.1513888890625 0.87578125 0.15277777812499999 0.88046875 0.14444444375 0.88203125 0.15277777812499999 0.8921875 0.1541666671875 0.88984375 0.147222221875 0.878125 0.14305555625
7 0.96171875 0.11805555625 0.96640625 0.11805555625 0.97421875 0.102777778125 0.9734375 0.097222221875 0.96796875 0.09305555625 0.9640625 0.09305555625 0.9625 0.0986111109375 0.96171875 0.11805555625
7 0.9234375 0.072222221875 0.90703125 0.08333333281250001 0.90625 0.11944444375 0.91875 0.127777778125 0.94296875 0.125 0.95078125 0.11805555625 0.95390625 0.1041666671875 0.95390625 0.0861111109375 0.93828125 0.072222221875 0.9234375 0.072222221875
7 0.8703125 0.07083333281250001 0.8625 0.07083333281250001 0.85703125 0.077777778125 0.85625 0.08055555625000001 0.875 0.102777778125 0.884375 0.10694444375 0.8890625 0.11388888906250001 0.89453125 0.11388888906250001 0.89765625 0.09305555625 0.896875 0.08055555625000001 0.8703125 0.07083333281250001
7 0.878125 0.25833333281250004 0.88125 0.275 0.88671875 0.28055555625 0.89609375 0.27638888906250003 0.92265625 0.2791666671875 0.93046875 0.26805555625 0.93046875 0.23333333281250002 0.92578125 0.2236111109375 0.915625 0.18194444375000002 0.91015625 0.17361111093749998 0.88515625 0.15555555625 0.85703125 0.15555555625 0.8515625 0.16388888906250001 0.8484375 0.1583333328125 0.840625 0.15555555625 0.81875 0.15555555625 0.8171875 0.1625 0.815625 0.19583333281249998 0.81875 0.21944444375 0.8234375 0.22777777812500002 0.83125 0.23055555625 0.8375 0.21805555625 0.84609375 0.21805555625 0.85078125 0.23611111093749998 0.878125 0.25833333281250004
7 0.2078125 0.3 0.2125 0.30416666718749996 0.2171875 0.302777778125 0.21953125 0.29305555625 0.22734375 0.28611111093749997 0.25546875 0.28055555625 0.26171875 0.2888888890625 0.26640625 0.2833333328125 0.2703125 0.26805555625 0.26875 0.23055555625 0.2578125 0.215277778125 0.23671875 0.17361111093749998 0.21875 0.165277778125 0.1890625 0.17361111093749998 0.18125 0.1888888890625 0.1703125 0.1916666671875 0.17421875 0.2 0.17265625 0.2513888890625 0.1765625 0.26805555625 0.18828125 0.2638888890625 0.19921875 0.2708333328125 0.2078125 0.3
7 0.98984375 0.27638888906250003 0.99765625 0.27777777812500004 0.99921875 0.21944444375 0.9921875 0.21944444375 0.98828125 0.23611111093749998 0.9875 0.26805555625 0.98984375 0.27638888906250003
7 0.9625 0.2416666671875 0.96953125 0.25 0.975 0.2236111109375 0.9734375 0.20138888906250002 0.92890625 0.16944444375 0.92265625 0.16805555625 0.91875 0.17361111093749998 0.91875 0.190277778125 0.9234375 0.197222221875 0.925 0.2125 0.92890625 0.2166666671875 0.93046875 0.23055555625 0.93515625 0.2388888890625 0.9546875 0.2388888890625 0.9625 0.2416666671875
7 0.92578125 0.13055555624999998 0.95234375 0.1513888890625 0.98046875 0.1611111109375 0.98046875 0.1513888890625 0.97578125 0.14305555625 0.94609375 0.1263888890625 0.9265625 0.1263888890625 0.92578125 0.13055555624999998
7 0.796875 0.13055555624999998 0.79375 0.11805555625 0.796875 0.11388888906250001 0.7984375 0.097222221875 0.7875 0.09444444375 0.790625 0.10694444375 0.7859375 0.115277778125 0.784375 0.13055555624999998 0.77734375 0.13888888906250002 0.78359375 0.1416666671875 0.7859375 0.1541666671875 0.79296875 0.1541666671875 0.796875 0.13055555624999998
7 0.76640625 0.1583333328125 0.77109375 0.13888888906250002 0.77109375 0.09305555625 0.76640625 0.08055555625000001 0.74921875 0.07638888906249999 0.7453125 0.15972222187500001 0.76640625 0.1583333328125
7 0.7390625 0.06944444375 0.7234375 0.058333332812500006 0.7 0.054166667187499996 0.6828125 0.04444444375 0.67890625 0.0458333328125 0.6765625 0.05694444375 0.675 0.09305555625 0.67734375 0.10138888906250001 0.68671875 0.10694444375 0.69140625 0.11944444375 0.690625 0.1291666671875 0.72578125 0.15555555625 0.7359375 0.15555555625 0.7390625 0.06944444375