1 0.6140625 0.872222221875 0.61328125 0.8847222218749999 0.61484375 0.89444444375 0.61953125 0.8986111109375001 0.628125 0.89305555625 0.628125 0.752777778125 0.63203125 0.7416666671875001 0.640625 0.7402777781250001 0.6421875 0.734722221875 0.63046875 0.727777778125 0.6234375 0.7138888890625 0.61328125 0.7166666671875 0.60625 0.7111111109375 0.6046875 0.7166666671875 0.6140625 0.747222221875 0.6140625 0.7805555562500001 0.61015625 0.8055555562500001 0.61015625 0.852777778125 0.6140625 0.872222221875
1 0.54609375 0.815277778125 0.54375 0.83194444375 0.5453125 0.9111111109375001 0.5484375 0.91944444375 0.553125 0.91944444375 0.5578125 0.9069444437499999 0.5578125 0.85 0.56015625 0.8361111109375001 0.5578125 0.815277778125 0.55859375 0.784722221875 0.56171875 0.7763888890625 0.56875 0.7763888890625 0.5703125 0.76944444375 0.5671875 0.7611111109375 0.56171875 0.7569444437499999 0.54296875 0.7486111109375 0.53203125 0.7486111109375 0.53203125 0.7569444437499999 0.54609375 0.7708333328125 0.54609375 0.815277778125
6 0.23828125 0.7805555562500001 0.2484375 0.8027777781250001 0.26484375 0.8125 0.26796875 0.8361111109375001 0.27265625 0.8444444437499999 0.30859375 0.85 0.31875 0.8388888890624999 0.3421875 0.83055555625 0.3453125 0.815277778125 0.34609375 0.7888888890625 0.3390625 0.7638888890625 0.3359375 0.7597222218749999 0.3265625 0.765277778125 0.3203125 0.7638888890625 0.30234375 0.752777778125 0.29765625 0.725 0.2921875 0.7166666671875 0.278125 0.7180555562500001 0.26953125 0.73194444375 0.2625 0.722222221875 0.2375 0.7263888890625 0.2359375 0.7569444437499999 0.23828125 0.7805555562500001
6 0.43125 0.8222222218749999 0.43359375 0.80694444375 0.43125 0.772222221875 0.42578125 0.76805555625 0.41875 0.7541666671875 0.4046875 0.7416666671875001 0.34609375 0.7416666671875001 0.34296875 0.7486111109375 0.3453125 0.76944444375 0.36640625 0.7805555562500001 0.375 0.8125 0.390625 0.8222222218749999 0.40078125 0.8388888890624999 0.425 0.8388888890624999 0.43125 0.8222222218749999
7 0.12734375 0.8652777781250001 0.1453125 0.8708333328125001 0.15234375 0.8791666671874999 0.16328125 0.8791666671874999 0.16328125 0.86944444375 0.15546875 0.85 0.12578125 0.8458333328125001 0.11328125 0.8486111109375001 0.12734375 0.8652777781250001
7 0.0328125 0.8833333328125 0.0265625 0.89444444375 0.0265625 0.902777778125 0.03125 0.9055555562500001 0.03671875 0.9166666671874999 0.03828125 0.8819444437499999 0.0328125 0.8833333328125
7 0.075 0.8708333328125001 0.06875 0.877777778125 0.053125 0.877777778125 0.04921875 0.8833333328125 0.04609375 0.8986111109375001 0.04609375 0.9166666671874999 0.06171875 0.9277777781250001 0.07578125 0.9277777781250001 0.09296875 0.915277778125 0.09375 0.88055555625 0.08125 0.872222221875 0.075 0.8708333328125001
7 0.10234375 0.9069444437499999 0.10390625 0.91944444375 0.13125 0.9291666671875 0.1375 0.9291666671875 0.1421875 0.9236111109375 0.1421875 0.91805555625 0.125 0.897222221875 0.1109375 0.8861111109375001 0.1046875 0.8861111109375001 0.10234375 0.9069444437499999
7 0.0703125 0.7333333328125 0.06953125 0.7666666671875 0.0734375 0.7736111109375 0.084375 0.81805555625 0.090625 0.827777778125 0.11875 0.8444444437499999 0.14375 0.8444444437499999 0.14921875 0.83194444375 0.1515625 0.8444444437499999 0.15859375 0.8458333328125001 0.1796875 0.8444444437499999 0.1828125 0.8361111109375001 0.1859375 0.8166666671874999 0.18203125 0.8 0.18203125 0.7819444437499999 0.17734375 0.7736111109375 0.1703125 0.772222221875 0.1625 0.790277778125 0.15859375 0.790277778125 0.15078125 0.7819444437499999 0.14921875 0.7638888890625 0.121875 0.7416666671875001 0.1140625 0.7194444437499999 0.1046875 0.7236111109375 0.07734375 0.722222221875 0.0703125 0.7333333328125
7 0.03828125 0.69305555625 0.0375 0.690277778125 0.03359375 0.6944444437499999 0.03359375 0.70694444375 0.0375 0.70555555625 0.03515625 0.6944444437499999 0.03828125 0.69305555625
7 0.00078125 0.7763888890625 0.00625 0.777777778125 0.0109375 0.76944444375 0.015625 0.7166666671875 0.01953125 0.7013888890625 0.02109375 0.6638888890625 0.015625 0.6611111109375 0.01015625 0.6486111109375 0.00078125 0.6458333328125 0.00078125 0.7763888890625
7 0.828125 0.8888888890625 0.846875 0.890277778125 0.8546875 0.877777778125 0.85625 0.8680555562500001 0.85234375 0.8375 0.8453125 0.8291666671875 0.84140625 0.8166666671874999 0.8359375 0.8125 0.8265625 0.815277778125 0.8171875 0.8041666671875 0.81171875 0.8027777781250001 0.80546875 0.80694444375 0.80234375 0.8194444437499999 0.79453125 0.83055555625 0.796875 0.85555555625 0.80546875 0.8611111109375 0.828125 0.8888888890625
7 0.63359375 0.8444444437499999 0.63046875 0.852777778125 0.63125 0.8888888890625 0.62890625 0.89444444375 0.61953125 0.8986111109375001 0.61796875 0.9041666671874999 0.6203125 0.9208333328125 0.6203125 0.9611111109375001 0.62421875 0.9625 0.6375 0.9541666671875 0.64453125 0.9444444437499999 0.6578125 0.9472222218749999 0.66640625 0.94305555625 0.67109375 0.95694444375 0.71328125 0.95 0.71875 0.9444444437499999 0.7203125 0.91944444375 0.72421875 0.9055555562500001 0.725 0.8333333328125001 0.7203125 0.83055555625 0.71796875 0.8208333328125 0.71171875 0.8263888890625 0.703125 0.8263888890625 0.69765625 0.809722221875 0.69375 0.8055555562500001 0.678125 0.8055555562500001 0.67421875 0.8083333328125001 0.6671875 0.834722221875 0.6375 0.83055555625 0.63515625 0.8444444437499999 0.63125 0.840277778125 0.63359375 0.8444444437499999
7 0.54609375 0.9166666671874999 0.5421875 0.9055555562500001 0.54453125 0.8708333328125001 0.54375 0.8222222218749999 0.5375 0.8222222218749999 0.53046875 0.83194444375 0.521875 0.86944444375 0.521875 0.8986111109375001 0.52578125 0.9666666671874999 0.53359375 0.9916666671875 0.56875 0.99444444375 0.6046875 0.98055555625 0.6109375 0.9694444437499999 0.6109375 0.9083333328125001 0.615625 0.9055555562500001 0.60546875 0.8666666671875 0.60625 0.8486111109375001 0.60078125 0.834722221875 0.6 0.8208333328125 0.58125 0.8166666671874999 0.56875 0.8222222218749999 0.56484375 0.83194444375 0.56171875 0.83194444375 0.55859375 0.877777778125 0.56015625 0.89305555625 0.55546875 0.91944444375 0.54609375 0.9166666671874999
7 0.078125 0.83194444375 0.08125 0.827777778125 0.08203125 0.8138888890624999 0.0734375 0.79305555625 0.06875 0.76805555625 0.06484375 0.7638888890625 0.05859375 0.765277778125 0.05078125 0.7791666671875 0.0390625 0.7708333328125 0.0328125 0.7597222218749999 0.03046875 0.7611111109375 0.0265625 0.777777778125 0.0265625 0.790277778125 0.03203125 0.8041666671875 0.07109375 0.83055555625 0.078125 0.83194444375
7 0.025 0.840277778125 0.0203125 0.8416666671874999 0.02421875 0.85694444375 0.05546875 0.875 0.07265625 0.877777778125 0.075 0.86944444375 0.06796875 0.8666666671875 0.0609375 0.85694444375 0.04453125 0.85555555625 0.025 0.840277778125
7 0.21796875 0.8611111109375 0.21015625 0.8486111109375001 0.20703125 0.85 0.20703125 0.8791666671874999 0.2125 0.8791666671874999 0.2140625 0.8680555562500001 0.21796875 0.8611111109375
7 0.203125 0.8958333328125001 0.203125 0.902777778125 0.2109375 0.902777778125 0.20703125 0.8986111109375001 0.20703125 0.89305555625 0.203125 0.8958333328125001
7 0.25 0.8388888890624999 0.2375 0.840277778125 0.23125 0.85 0.22890625 0.9111111109375001 0.23359375 0.91944444375 0.24921875 0.925 0.2515625 0.915277778125 0.25234375 0.8708333328125001 0.25546875 0.8458333328125001 0.25390625 0.840277778125 0.25 0.8388888890624999
7 0.32265625 0.8986111109375001 0.3140625 0.89444444375 0.30625 0.88055555625 0.3046875 0.872222221875 0.29375 0.859722221875 0.28359375 0.85555555625 0.2734375 0.8444444437499999 0.26328125 0.8444444437499999 0.2609375 0.9305555562500001 0.2765625 0.940277778125 0.31171875 0.952777778125 0.3203125 0.952777778125 0.3234375 0.94305555625 0.32265625 0.8986111109375001
4 0.03828125 0.7013888890625 0.03359375 0.70694444375 0.03125 0.7208333328125 0.03203125 0.7569444437499999 0.03828125 0.7583333328124999 0.04375 0.7513888890625 0.05 0.7166666671875 0.05078125 0.6791666671875001 0.0484375 0.672222221875 0.0390625 0.66944444375 0.03828125 0.7013888890625