2 0.4388888890625 0.9625 0.42083333281249996 0.9640625 0.41944444374999995 0.975 0.459722221875 0.975 0.46944444374999994 0.96875 0.46666666718750005 0.959375 0.46388888906250003 0.95703125 0.45277777812500003 0.95703125 0.4388888890625 0.9625
1 0.1041666671875 0.61953125 0.1041666671875 0.6265625 0.115277778125 0.6296875 0.15 0.62734375 0.252777778125 0.62734375 0.259722221875 0.63125 0.259722221875 0.63984375 0.26527777812500003 0.640625 0.2708333328125 0.6328125 0.28611111093749997 0.625 0.2833333328125 0.6140625 0.290277778125 0.60546875 0.28611111093749997 0.60390625 0.25833333281250004 0.61328125 0.2375 0.61484375 0.109722221875 0.61328125 0.1041666671875 0.61953125
1 0.2166666671875 0.5578125 0.22777777812500002 0.56171875 0.22638888906250001 0.56875 0.23055555625 0.5703125 0.24305555625 0.56171875 0.2513888890625 0.53125 0.2416666671875 0.53203125 0.23333333281250002 0.54453125 0.215277778125 0.54765625 0.16805555625 0.54375 0.1458333328125 0.54609375 0.084722221875 0.5453125 0.0875 0.55703125 0.2166666671875 0.5578125
6 0.2166666671875 0.23671875 0.1916666671875 0.24921875 0.190277778125 0.26328125 0.17916666718750002 0.2671875 0.1583333328125 0.26953125 0.15 0.2953125 0.15 0.30859375 0.165277778125 0.31953125 0.16805555625 0.3390625 0.177777778125 0.34375 0.2138888890625 0.34453125 0.2416666671875 0.33671875 0.2416666671875 0.31484375 0.24722222187499998 0.3015625 0.272222221875 0.29765625 0.28055555625 0.29375 0.28472222187499996 0.2875 0.28472222187499996 0.27890625 0.272222221875 0.2703125 0.2791666671875 0.26171875 0.275 0.2375 0.252777778125 0.23515625 0.21805555625 0.2390625 0.2166666671875 0.23671875
6 0.15972222187500001 0.4015625 0.1611111109375 0.42421875 0.18055555625 0.43125 0.19583333281249998 0.43359375 0.21805555625 0.4328125 0.24305555625 0.42265625 0.259722221875 0.39453125 0.25833333281250004 0.3515625 0.25694444375000003 0.34609375 0.25 0.34296875 0.22916666718749998 0.3453125 0.21805555625 0.365625 0.20277777812500003 0.3625 0.1888888890625 0.36328125 0.1833333328125 0.38125 0.172222221875 0.3953125 0.15972222187500001 0.4015625
7 0.1833333328125 0.08359375 0.16805555625 0.09609375 0.15555555625 0.11484375 0.1541666671875 0.1359375 0.1611111109375 0.14765625 0.15555555625 0.15546875 0.15555555625 0.18046875 0.175 0.184375 0.1916666671875 0.1859375 0.2208333328125 0.18125 0.22638888906250001 0.178125 0.23055555625 0.16875 0.21805555625 0.1625 0.21944444375 0.153125 0.23611111093749998 0.14921875 0.25833333281250004 0.121875 0.27777777812500004 0.1171875 0.2791666671875 0.078125 0.26527777812500003 0.06875 0.23333333281250002 0.06953125 0.2236111109375 0.07421875 0.1833333328125 0.08359375
7 0.13194444375 0.1578125 0.134722221875 0.1609375 0.1513888890625 0.15546875 0.1513888890625 0.12317734375 0.1458333328125 0.11875 0.15277777812499999 0.11796875 0.15277777812499999 0.10703125 0.147222221875 0.11015625 0.1416666671875 0.12421875 0.13055555624999998 0.13359375 0.127777778125 0.14375 0.1208333328125 0.15 0.12222222187500001 0.1578125 0.13194444375 0.1578125
7 0.09444444375 0.0328125 0.1 0.03671875 0.11805555625 0.03828125 0.115277778125 0.03203125 0.1041666671875 0.0265625 0.09444444375 0.0328125
7 0.1041666671875 0.04609375 0.084722221875 0.04609375 0.072222221875 0.06171875 0.072222221875 0.07578125 0.084722221875 0.09296875 0.11805555625 0.09375 0.1291666671875 0.078125 0.125 0.0578125 0.11944444375 0.05078125 0.1041666671875 0.04609375
7 0.07083333281250001 0.128125 0.07083333281250001 0.13671875 0.07638888906249999 0.1421875 0.08194444375 0.1421875 0.102777778125 0.125 0.11388888906250001 0.1109375 0.11388888906250001 0.1046875 0.08055555625000001 0.103125 0.07083333281250001 0.128125
7 0.275 0.00625 0.272222221875 0.00078125 0.2208333328125 0.00078125 0.21944444375 0.00703125 0.23194444375 0.0109375 0.2666666671875 0.01171875 0.275 0.00625
7 0.1916666671875 0.08046875 0.19583333281249998 0.0765625 0.21111111093749999 0.07421875 0.2166666671875 0.0703125 0.23055555625 0.06953125 0.2388888890625 0.06484375 0.2375 0.0484375 0.25 0.03046875 0.22638888906250001 0.025 0.20277777812500003 0.02578125 0.16944444375 0.071875 0.16805555625 0.0765625 0.172222221875 0.08046875 0.1916666671875 0.08046875
7 0.15972222187500001 0.0296875 0.15972222187500001 0.0234375 0.15555555625 0.021875 0.14444444375 0.02578125 0.13055555624999998 0.04453125 0.125 0.05859375 0.1263888890625 0.07265625 0.1291666671875 0.07421875 0.1375 0.06640625 0.15 0.04921875 0.15972222187500001 0.0296875
7 0.10833333281249999 0.209375 0.1125 0.2140625 0.13194444375 0.215625 0.1375 0.22109375 0.14305555625 0.21484375 0.15277777812499999 0.21328125 0.15277777812499999 0.20703125 0.13055555624999998 0.2046875 0.1208333328125 0.20703125 0.115277778125 0.203125 0.097222221875 0.2015625 0.09305555625 0.20390625 0.09444444375 0.2125 0.10833333281249999 0.209375
7 0.072222221875 0.25 0.1583333328125 0.2546875 0.1583333328125 0.23359375 0.1375 0.22734375 0.13333333281249998 0.2296875 0.09305555625 0.22890625 0.08055555625000001 0.23359375 0.072222221875 0.25
7 0.061111110937500004 0.3234375 0.0916666671875 0.325 0.1041666671875 0.31953125 0.109722221875 0.31171875 0.1291666671875 0.30859375 0.14444444375 0.2921875 0.147222221875 0.28046875 0.15555555625 0.27421875 0.15555555625 0.26328125 0.06944444375 0.2609375 0.059722221875 0.27578125 0.054166667187499996 0.3 0.04444444375 0.31796875 0.047222221875 0.32109375 0.061111110937500004 0.3234375