2 0.46805555625000006 0.97109375 0.46805555625000006 0.9625 0.45694444375 0.9609375 0.42083333281249996 0.9640625 0.41944444374999995 0.975 0.459722221875 0.975 0.46805555625000006 0.97109375
1 0.10833333281249999 0.615625 0.1041666671875 0.61796875 0.102777778125 0.62734375 0.109722221875 0.63203125 0.15972222187500001 0.62734375 0.24722222187499998 0.62734375 0.259722221875 0.63125 0.259722221875 0.63984375 0.26527777812500003 0.640625 0.2708333328125 0.6328125 0.28611111093749997 0.625 0.2888888890625 0.6203125 0.2833333328125 0.61328125 0.2888888890625 0.60546875 0.28194444375 0.60546875 0.2638888890625 0.61328125 0.14305555625 0.61328125 0.10833333281249999 0.615625
1 0.0861111109375 0.55703125 0.2166666671875 0.5578125 0.22638888906250001 0.5625 0.22638888906250001 0.56875 0.23055555625 0.5703125 0.2388888890625 0.5671875 0.24305555625 0.56171875 0.2513888890625 0.5328125 0.24305555625 0.53125 0.23472222187499997 0.54375 0.2166666671875 0.546875 0.16944444375 0.54375 0.1458333328125 0.54609375 0.08333333281250001 0.5453125 0.0861111109375 0.55703125
6 0.19444444375 0.24765625 0.1875 0.26484375 0.1583333328125 0.26953125 0.147222221875 0.3046875 0.1513888890625 0.31171875 0.1666666671875 0.32109375 0.16805555625 0.33046875 0.17361111093749998 0.3359375 0.16805555625 0.3390625 0.1763888890625 0.34375 0.21944444375 0.34375 0.2388888890625 0.3375 0.2388888890625 0.3171875 0.24722222187499998 0.3015625 0.275 0.29765625 0.28194444375 0.29296875 0.28472222187499996 0.28203125 0.28055555625 0.27578125 0.2708333328125 0.27109375 0.27777777812500004 0.2625 0.275 0.2375 0.2388888890625 0.2359375 0.2166666671875 0.23828125 0.19444444375 0.24765625
6 0.17361111093749998 0.39375 0.15972222187500001 0.40234375 0.1611111109375 0.42421875 0.18055555625 0.43125 0.20833333281250002 0.43359375 0.22777777812500002 0.43046875 0.24305555625 0.42109375 0.24583333281250003 0.41328125 0.25833333281250004 0.40234375 0.25833333281250004 0.35078125 0.25694444375000003 0.34609375 0.25 0.34296875 0.22916666718749998 0.3453125 0.222222221875 0.3640625 0.215277778125 0.3671875 0.20694444375 0.36328125 0.1916666671875 0.36328125 0.17361111093749998 0.39375
7 0.1513888890625 0.15625 0.1541666671875 0.14765625 0.15 0.134375 0.15555555625 0.11328125 0.147222221875 0.11171875 0.1541666671875 0.10703125 0.147222221875 0.11015625 0.13055555624999998 0.13359375 0.1291666671875 0.14296875 0.1208333328125 0.15078125 0.12222222187500001 0.1625 0.1291666671875 0.16328125 0.1513888890625 0.15625
7 0.10138888906250001 0.02734375 0.097222221875 0.028125 0.09305555625 0.03671875 0.11805555625 0.0375 0.10138888906250001 0.02734375
7 0.127777778125 0.07734375 0.12222222187500001 0.0734375 0.1208333328125 0.05234375 0.11805555625 0.04921875 0.10555555624999999 0.04609375 0.08333333281250001 0.04609375 0.072222221875 0.0609375 0.072222221875 0.0765625 0.08194444375 0.0921875 0.11944444375 0.09375 0.125 0.0875 0.127777778125 0.07734375
7 0.07083333281250001 0.13046875 0.072222221875 0.1390625 0.077777778125 0.14296875 0.08055555625000001 0.14375 0.102777778125 0.125 0.11388888906250001 0.11015625 0.11388888906250001 0.1046875 0.08055555625000001 0.103125 0.07083333281250001 0.13046875
7 0.2791666671875 0.07734375 0.2666666671875 0.06953125 0.23333333281250002 0.06953125 0.2236111109375 0.07421875 0.1833333328125 0.08359375 0.172222221875 0.090625 0.15555555625 0.11953125 0.15555555625 0.14375 0.16388888906250001 0.1484375 0.15555555625 0.1609375 0.15555555625 0.18046875 0.15972222187500001 0.18203125 0.184722221875 0.1859375 0.20277777812500003 0.18203125 0.222222221875 0.18125 0.22638888906250001 0.178125 0.22916666718749998 0.16875 0.22638888906250001 0.16484375 0.21805555625 0.1625 0.21805555625 0.15390625 0.2388888890625 0.146875 0.25833333281250004 0.121875 0.275 0.11875 0.28055555625 0.11328125 0.27638888906250003 0.10390625 0.2791666671875 0.07734375
7 0.2791666671875 0.00546875 0.275 0.00078125 0.21944444375 0.00078125 0.21805555625 0.00703125 0.23333333281250002 0.01171875 0.26805555625 0.0125 0.2791666671875 0.00546875
7 0.1916666671875 0.08125 0.19583333281249998 0.07734375 0.2125 0.075 0.23611111093749998 0.0671875 0.240277778125 0.0625 0.240277778125 0.0375 0.24722222187499998 0.03046875 0.24305555625 0.028125 0.222222221875 0.025 0.20277777812500003 0.0265625 0.16944444375 0.071875 0.16805555625 0.078125 0.17361111093749998 0.08125 0.1916666671875 0.08125
7 0.14305555625 0.021875 0.1263888890625 0.05390625 0.12222222187500001 0.07265625 0.13055555624999998 0.075 0.14305555625 0.0625 0.14444444375 0.04453125 0.1541666671875 0.03515625 0.15972222187500001 0.01953125 0.14305555625 0.021875
7 0.10833333281249999 0.2078125 0.12222222187500001 0.2140625 0.13194444375 0.21484375 0.134722221875 0.21875 0.140277778125 0.21875 0.15 0.2140625 0.1513888890625 0.209375 0.15 0.20703125 0.1166666671875 0.20703125 0.115277778125 0.209375 0.10555555624999999 0.203125 0.0958333328125 0.203125 0.09444444375 0.2125 0.10833333281249999 0.2078125
7 0.090277778125 0.22890625 0.08055555625000001 0.23359375 0.07638888906249999 0.25078125 0.1583333328125 0.2546875 0.15972222187500001 0.2375 0.1541666671875 0.23203125 0.140277778125 0.2296875 0.13194444375 0.23125 0.090277778125 0.22890625
7 0.04444444375 0.32109375 0.0486111109375 0.3234375 0.09305555625 0.325 0.1041666671875 0.31953125 0.10833333281249999 0.3125 0.11944444375 0.309375 0.1291666671875 0.3109375 0.14305555625 0.29453125 0.1458333328125 0.28203125 0.1541666671875 0.27578125 0.15694444375 0.2640625 0.06944444375 0.26171875 0.059722221875 0.27578125 0.054166667187499996 0.2984375 0.047222221875 0.309375 0.04444444375 0.32109375
4 0.26944444375 0.82578125 0.28611111093749997 0.825 0.2958333328125 0.83046875 0.30555555624999997 0.83203125 0.33888888906250003 0.8328125 0.35694444375 0.82734375 0.40138888906250003 0.8265625 0.4 0.81953125 0.365277778125 0.8203125 0.36666666718749996 0.815625 0.4 0.8109375 0.3958333328125 0.80703125 0.384722221875 0.80703125 0.3416666671875 0.8125 0.29722222187499997 0.81171875 0.2888888890625 0.81796875 0.2708333328125 0.81953125 0.26944444375 0.82578125