0 0 0.9930555562500001 0.10234375 0.9638888890624999 0.12109375 0.95555555625 0.1296875 0.9416666671874999 0.13203125 0.9458333328125 0.13671875 0.94305555625 0.1546875 0.9680555562500001 0.16875 0.9694444437499999 0.1875 0.9638888890624999 0.1984375 0.9472222218749999 0.20546875 0.915277778125 0.21640625 0.9055555562500001 0.2296875 0.8847222218749999 0.234375 0.8638888890624999 0.23125 0.81805555625 0.22734375 0.8055555562500001 0.22890625 0.7888888890625 0.21796875 0.73055555625 0.2 0.6944444437499999 0.1859375 0.68194444375 0.10234375 0.6791666671875001 0.09921875 0.66805555625 0.10546875 0.6625 0.10625 0.6555555562500001 0.10078125 0.6458333328125 0.09375 0.6541666671875 0.09140625 0.6625 0.0678081015625 0.6197708421875 0.0625 0.63055555625 0.065625 0.6569444437499999 0.02890625 0.6583333328125 0 0.665277778125 0 0.9930555562500001
2 0.02578125 0.41805555625 0.02421875 0.42222222187499997 0.025 0.46388888906250003 0.0296875 0.46944444374999994 0.0375 0.46805555625000006 0.040625 0.4625 0.040625 0.45555555625000005 0.03671875 0.42222222187499997 0.03359375 0.41805555625 0.02578125 0.41805555625
1 0.38515625 0.2833333328125 0.39375 0.2888888890625 0.39453125 0.28194444375 0.38671875 0.26527777812500003 0.38515625 0.23472222187499997 0.3875 0.197222221875 0.38515625 0.1583333328125 0.3890625 0.1541666671875 0.3890625 0.1458333328125 0.3859375 0.13888888906250002 0.38515625 0.1111111109375 0.38046875 0.10555555624999999 0.371875 0.10555555624999999 0.36875 0.11805555625 0.37265625 0.15694444375 0.37265625 0.2513888890625 0.36875 0.2611111109375 0.359375 0.259722221875 0.3578125 0.2638888890625 0.3671875 0.2708333328125 0.37890625 0.2888888890625 0.38515625 0.2833333328125
1 0.45234375 0.215277778125 0.45625 0.16805555625 0.45390625 0.14861111093749999 0.45390625 0.08333333281250001 0.44296875 0.0861111109375 0.4421875 0.215277778125 0.4375 0.22638888906250001 0.43125 0.22638888906250001 0.4296875 0.23055555625 0.43203125 0.2388888890625 0.46015625 0.2513888890625 0.46171875 0.2388888890625 0.46573660781250004 0.24007936562499999 0.4546875 0.22916666718749998 0.45234375 0.215277778125
6 0.71171875 0.28472222187499996 0.72109375 0.2833333328125 0.72890625 0.275 0.7625 0.275 0.7640625 0.23472222187499997 0.76171875 0.2166666671875 0.753125 0.19444444375 0.73515625 0.1875 0.73046875 0.1583333328125 0.70546875 0.15 0.69140625 0.15 0.6796875 0.165277778125 0.66484375 0.1708333328125 0.6609375 0.16805555625 0.65625 0.175 0.65625 0.22638888906250001 0.66328125 0.2416666671875 0.684375 0.2388888890625 0.6921875 0.24305555625 0.7 0.252777778125 0.7015625 0.26944444375 0.70546875 0.28055555625 0.71171875 0.28472222187499996
6 0.6546875 0.22916666718749998 0.63671875 0.222222221875 0.6328125 0.215277778125 0.6375 0.20138888906250002 0.63515625 0.1888888890625 0.62109375 0.184722221875 0.60625 0.17361111093749998 0.5984375 0.15972222187500001 0.575 0.1611111109375 0.56875 0.18055555625 0.56640625 0.197222221875 0.5671875 0.21805555625 0.57734375 0.24305555625 0.58828125 0.24722222187499998 0.6 0.259722221875 0.65078125 0.25833333281250004 0.65703125 0.2513888890625 0.6546875 0.22916666718749998
7 0.84921875 0.1208333328125 0.84375 0.12222222187500001 0.83984375 0.13055555624999998 0.83828125 0.134722221875 0.84453125 0.1513888890625 0.86640625 0.15 0.88671875 0.15555555625 0.884375 0.1458333328125 0.89296875 0.1541666671875 0.88984375 0.147222221875 0.84921875 0.1208333328125
7 0.96875 0.097222221875 0.9640625 0.090277778125 0.95625 0.09305555625 0.953125 0.08194444375 0.93828125 0.072222221875 0.92265625 0.072222221875 0.9125 0.077777778125 0.90703125 0.0861111109375 0.90625 0.11944444375 0.915625 0.1263888890625 0.9515625 0.11944444375 0.95703125 0.097222221875 0.96171875 0.0986111109375 0.9625 0.1166666671875 0.96875 0.10555555624999999 0.96875 0.097222221875
7 0.86015625 0.072222221875 0.85625 0.08055555625000001 0.86328125 0.090277778125 0.87578125 0.1041666671875 0.8890625 0.11388888906250001 0.8953125 0.11388888906250001 0.89765625 0.08055555625000001 0.878125 0.072222221875 0.86015625 0.072222221875
7 0.85078125 0.23611111093749998 0.878125 0.25833333281250004 0.88203125 0.27638888906250003 0.88671875 0.28055555625 0.8953125 0.27638888906250003 0.925 0.27777777812500004 0.93046875 0.26805555625 0.93046875 0.23333333281250002 0.92578125 0.2236111109375 0.915625 0.18055555625 0.909375 0.172222221875 0.8796875 0.15555555625 0.85625 0.15555555625 0.853125 0.15972222187500001 0.84609375 0.15555555625 0.81953125 0.15555555625 0.81796875 0.15972222187500001 0.8140625 0.184722221875 0.81796875 0.2166666671875 0.821875 0.22638888906250001 0.83203125 0.22916666718749998 0.8375 0.21805555625 0.8453125 0.21805555625 0.8484375 0.222222221875 0.85078125 0.23611111093749998
7 0.9875 0.26527777812500003 0.98984375 0.2708333328125 0.99453125 0.272222221875 0.99921875 0.26805555625 0.99921875 0.21805555625 0.9921875 0.21805555625 0.98828125 0.2375 0.9875 0.26527777812500003
7 0.9734375 0.20277777812500003 0.92890625 0.16944444375 0.921875 0.16805555625 0.91875 0.17361111093749998 0.91796875 0.1888888890625 0.92421875 0.20138888906250002 0.92578125 0.2166666671875 0.93515625 0.2388888890625 0.96171875 0.2388888890625 0.96953125 0.24722222187499998 0.975 0.2236111109375 0.9734375 0.20277777812500003
7 0.9765625 0.14305555625 0.95625 0.13055555624999998 0.92734375 0.12222222187500001 0.925 0.13055555624999998 0.9375 0.14305555625 0.94453125 0.147222221875 0.953125 0.1458333328125 0.9578125 0.1513888890625 0.98046875 0.15972222187500001 0.9796875 0.147222221875 0.9765625 0.14305555625
7 0.78515625 0.13194444375 0.78046875 0.1375 0.7859375 0.15 0.79140625 0.1513888890625 0.79296875 0.11944444375 0.78828125 0.11805555625 0.7859375 0.12222222187500001 0.78515625 0.13194444375
7 0.796875 0.10694444375 0.79765625 0.0958333328125 0.78828125 0.09305555625 0.79296875 0.1166666671875 0.79375 0.109722221875 0.796875 0.10694444375
7 0.74921875 0.07638888906249999 0.74765625 0.127777778125 0.7453125 0.134722221875 0.74609375 0.15972222187500001 0.76171875 0.15972222187500001 0.76796875 0.1541666671875 0.7703125 0.1416666671875 0.77109375 0.0916666671875 0.7671875 0.08194444375 0.75390625 0.075 0.74921875 0.07638888906249999
7 0.72578125 0.15555555625 0.73671875 0.15555555625 0.7375 0.06805555625000001 0.721875 0.058333332812500006 0.7015625 0.054166667187499996 0.68203125 0.04444444375 0.67734375 0.0458333328125 0.6765625 0.0513888890625 0.675 0.09305555625 0.67734375 0.10138888906250001 0.68671875 0.10694444375 0.69140625 0.11944444375 0.68984375 0.1291666671875 0.70546875 0.14305555625 0.71953125 0.147222221875 0.72578125 0.15555555625