7 0.8166666671874999 0.91640625 0.83194444375 0.9046875 0.8444444437499999 0.88125 0.8458333328125001 0.8609375 0.8416666671874999 0.8515625 0.847222221875 0.83515625 0.840277778125 0.81953125 0.827777778125 0.815625 0.815277778125 0.8140625 0.7861111109375 0.8171875 0.777777778125 0.8203125 0.777777778125 0.83046875 0.7833333328125 0.8359375 0.7819444437499999 0.8453125 0.7638888890625 0.85078125 0.7416666671875001 0.878125 0.7208333328125 0.88515625 0.725 0.8953125 0.725 0.92421875 0.734722221875 0.9296875 0.76944444375 0.9296875 0.8166666671874999 0.91640625
7 0.8652777781250001 0.8421875 0.85555555625 0.84140625 0.85 0.84375 0.8458333328125001 0.87421875 0.859722221875 0.87578125 0.85555555625 0.88203125 0.8458333328125001 0.88125 0.8486111109375001 0.88671875 0.8541666671874999 0.88515625 0.86944444375 0.8671875 0.8791666671874999 0.83671875 0.8736111109375001 0.8359375 0.8652777781250001 0.8421875
7 0.8833333328125 0.9671875 0.89444444375 0.9734375 0.909722221875 0.96171875 0.8847222218749999 0.96171875 0.8833333328125 0.9671875
7 0.91944444375 0.9578125 0.915277778125 0.95625 0.9277777781250001 0.93671875 0.9277777781250001 0.92265625 0.91805555625 0.90859375 0.9111111109375001 0.90625 0.8958333328125001 0.90625 0.89444444375 0.9 0.9208333328125 0.896875 0.9277777781250001 0.87578125 0.9277777781250001 0.8640625 0.9208333328125 0.85859375 0.909722221875 0.8625 0.89444444375 0.87421875 0.8833333328125 0.8890625 0.8819444437499999 0.89921875 0.8708333328125001 0.9140625 0.8680555562500001 0.925 0.875 0.9265625 0.8736111109375001 0.93515625 0.88055555625 0.9375 0.8833333328125 0.94921875 0.897222221875 0.95390625 0.9138888890624999 0.95546875 0.9166666671874999 0.96171875 0.91944444375 0.9578125
7 0.722222221875 0.99609375 0.7291666671875 0.9953125 0.7402777781250001 0.99921875 0.7402777781250001 0.98671875 0.6888888890625 0.97890625 0.6625 0.97890625 0.647222221875 0.99296875 0.647222221875 0.99921875 0.7194444437499999 0.99921875 0.722222221875 0.99609375
7 0.48333333281249996 0.125 0.4763888890625 0.1171875 0.477777778125 0.11171875 0.46944444374999994 0.11015625 0.46944444374999994 0.10703125 0.4791666671875 0.10390625 0.4583333328125 0.10546875 0.45555555625000005 0.1015625 0.45555555625000005 0.10390625 0.4458333328125 0.10703125 0.4 0.1078125 0.38333333281250004 0.11875 0.3791666671875 0.12890625 0.38333333281250004 0.1421875 0.41111111093749997 0.14140625 0.41805555625 0.13828125 0.45277777812500003 0.13515625 0.46666666718750005 0.13046875 0.48055555625 0.13046875 0.48333333281249996 0.125
7 0.4953125 0.121875 0.0015625 0.003125
7 0.540277778125 0.10625 0.540277778125 0.09453125 0.5333333328125 0.09140625 0.5319444437499999 0.08515625 0.54305555625 0.0859375 0.54444444375 0.0828125 0.5319444437499999 0.0796875 0.5319444437499999 0.075 0.527777778125 0.07421875 0.5319444437499999 0.0703125 0.522222221875 0.06640625 0.5 0.0671875 0.47361111093749997 0.05859375 0.447222221875 0.06171875 0.45 0.0921875 0.45555555625000005 0.09765625 0.46388888906250003 0.0953125 0.477777778125 0.09765625 0.48194444374999995 0.10078125 0.4916666671875 0.10078125 0.49583333281249997 0.10390625 0.502777778125 0.10234375 0.5083333328124999 0.11171875 0.5083333328124999 0.10703125 0.540277778125 0.10625
7 0.43194444374999996 0.2125 0.44444444375 0.21875 0.44444444375 0.2296875 0.4375 0.2390625 0.434722221875 0.27734375 0.40972222187499996 0.29453125 0.40694444374999994 0.31796875 0.42083333281249996 0.3296875 0.44166666718750003 0.33515625 0.447222221875 0.3421875 0.45694444375 0.34375 0.4611111109375 0.3484375 0.477777778125 0.35546875 0.4888888890625 0.35546875 0.5041666671875 0.3625 0.5263888890625 0.3640625 0.5527777781250001 0.36171875 0.565277778125 0.35703125 0.5888888890625 0.3421875 0.6083333328125 0.31796875 0.64305555625 0.2890625 0.64444444375 0.28203125 0.66805555625 0.27265625 0.6708333328125 0.26171875 0.684722221875 0.25546875 0.6833333328125 0.25234375 0.6708333328125 0.24609375 0.66805555625 0.23125 0.6347222218749999 0.22421875 0.6333333328124999 0.21953125 0.64305555625 0.21796875 0.66805555625 0.19375 0.6777777781250001 0.1921875 0.6833333328125 0.1875 0.7 0.1578125 0.70555555625 0.1546875 0.709722221875 0.13828125 0.66944444375 0.13828125 0.647222221875 0.14375 0.6152777781250001 0.17265625 0.602777778125 0.17578125 0.584722221875 0.17265625 0.5708333328124999 0.165625 0.5666666671875 0.15 0.5208333328125 0.1515625 0.49444444374999996 0.15625 0.4625 0.1578125 0.427777778125 0.16328125 0.4236111109375 0.16640625 0.43194444374999996 0.18828125 0.43194444374999996 0.2125
7 0.7333333328125 0.10625 0.7416666671875001 0.1 0.7486111109375 0.08203125 0.76805555625 0.06015625 0.7875 0.01875 0.7833333328125 0.00625 0.7763888890625 0.003125 0.76805555625 0.0015625 0.7611111109375 0.0046875 0.752777778125 0.02109375 0.7430555562500001 0.03046875 0.73194444375 0.034375 0.727777778125 0.046875 0.7166666671875 0.05625 0.7180555562500001 0.0609375 0.7 0.0921875 0.6944444437499999 0.096875 0.6777777781250001 0.1015625 0.6736111109375 0.1109375 0.7194444437499999 0.109375 0.7333333328125 0.10625
7 0.8361111109375001 0.34296875 0.8416666671874999 0.340625 0.8458333328125001 0.34453125 0.8458333328125001 0.365625 0.859722221875 0.3703125 0.8791666671874999 0.36875 0.8888888890625 0.3734375 0.89444444375 0.38046875 0.94305555625 0.378125 0.9611111109375001 0.3796875 0.9625 0.3765625 0.95555555625 0.36328125 0.9458333328125 0.3546875 0.9486111109375001 0.34140625 0.9444444437499999 0.33515625 0.95694444375 0.32890625 0.952777778125 0.29453125 0.9444444437499999 0.28359375 0.934722221875 0.28125 0.91944444375 0.2828125 0.8888888890625 0.275 0.85 0.275 0.840277778125 0.2796875 0.8222222218749999 0.28203125 0.8291666671875 0.29765625 0.8083333328125001 0.30234375 0.80694444375 0.3046875 0.8083333328125001 0.32421875 0.8291666671875 0.32890625 0.8388888890624999 0.3375 0.8361111109375001 0.3390625 0.840277778125 0.340625 0.8361111109375001 0.34296875
7 0.8916666671875 0.44140625 0.915277778125 0.44453125 0.915277778125 0.45 0.9055555562500001 0.45625 0.83194444375 0.45625 0.8263888890625 0.45859375 0.83194444375 0.46875 0.8513888890624999 0.4703125 0.85694444375 0.4734375 0.8652777781250001 0.4703125 0.872222221875 0.47578125 0.897222221875 0.4765625 0.9041666671874999 0.4671875 0.9166666671874999 0.46953125 0.91944444375 0.47421875 0.9375 0.475 0.9666666671874999 0.4734375 0.9902777781250001 0.46640625 0.99444444375 0.4296875 0.98055555625 0.3953125 0.972222221875 0.3890625 0.9138888890624999 0.38984375 0.9069444437499999 0.38671875 0.897222221875 0.38671875 0.8791666671874999 0.38828125 0.8680555562500001 0.39375 0.8430555562500001 0.39375 0.827777778125 0.39921875 0.8166666671874999 0.4 0.8125 0.421875 0.8222222218749999 0.43125 0.83194444375 0.43203125 0.8361111109375001 0.4375 0.85 0.44140625 0.8916666671875 0.44140625
7 0.76944444375 0.99921875 0.7763888890625 0.99375 0.76944444375 0.98984375 0.7541666671875 0.99140625 0.7638888890625 0.99921875 0.76944444375 0.99921875
7 0.8055555562500001 0.9234375 0.7861111109375 0.92578125 0.76944444375 0.93125 0.765277778125 0.94140625 0.76805555625 0.94921875 0.7583333328124999 0.96640625 0.7638888890625 0.971875 0.7958333328125 0.975 0.8027777781250001 0.96953125 0.8291666671875 0.92890625 0.827777778125 0.91953125 0.8111111109375001 0.91953125 0.8055555562500001 0.9234375
7 0.8444444437499999 0.98046875 0.859722221875 0.975 0.8791666671874999 0.93046875 0.8791666671874999 0.92578125 0.8736111109375001 0.9234375 0.8638888890624999 0.9234375 0.8583333328125 0.9265625 0.83194444375 0.96953125 0.83194444375 0.9796875 0.8444444437499999 0.98046875
7 0.8708333328125001 0.7921875 0.872222221875 0.78828125 0.8666666671875 0.79140625 0.859722221875 0.7875 0.8583333328125 0.790625 0.8708333328125001 0.7921875
7 0.925 0.75 0.91944444375 0.74765625 0.89444444375 0.74609375 0.8416666671874999 0.74609375 0.840277778125 0.76171875 0.8458333328125001 0.76796875 0.9111111109375001 0.77109375 0.91805555625 0.76953125 0.925 0.75
7 0.95555555625 0.6796875 0.9458333328125 0.6765625 0.897222221875 0.67734375 0.89305555625 0.68515625 0.8736111109375001 0.6953125 0.8458333328125001 0.71796875 0.840277778125 0.72890625 0.840277778125 0.734375 0.8444444437499999 0.73671875 0.909722221875 0.7390625 0.9166666671874999 0.74140625 0.925 0.74140625 0.93194444375 0.7375 0.9444444437499999 0.70390625 0.95555555625 0.68828125 0.95555555625 0.6796875
4 0.7138888890625 0.9578125 0.675 0.95703125 0.6726177328125 0.9617213359375001 0.7180555562500001 0.96875 0.7458333328125 0.96875 0.75555555625 0.96640625 0.75555555625 0.96171875 0.73194444375 0.96171875 0.7138888890625 0.9578125
4 0.6208333328125 0.0375 0.6180555562500001 0.04296875 0.60694444375 0.046875 0.559722221875 0.05 0.547222221875 0.05625 0.5708333328124999 0.0640625 0.6208333328125 0.06328125 0.6569444437499999 0.05859375 0.6583333328125 0.0515625 0.6361111109375 0.046875 0.63055555625 0.03515625 0.6208333328125 0.0375
4 0.8458333328125001 0.54765625 0.89444444375 0.54765625 0.9 0.54296875 0.8986111109375001 0.5375 0.8861111109375001 0.5328125 0.8458333328125001 0.53125 0.8458333328125001 0.54765625
4 0.7416666671875001 0.95078125 0.6805555562500001 0.9484375 0.6763888890625 0.95625 0.7138888890625 0.9578125 0.73194444375 0.96171875 0.7569444437499999 0.9609375 0.7569444437499999 0.95625 0.7416666671875001 0.95078125