0 0.00234375 0.659722221875 0.00078125 0.73194444375 0.0046875 0.7402777781250001 0.01171875 0.7430555562500001 0.0171875 0.722222221875 0.02109375 0.6611111109375 0.00234375 0.659722221875
0 0.06953125 0.76805555625 0.08125 0.75555555625 0.0875 0.7402777781250001 0.09296875 0.7083333328125 0.0921875 0.7 0.08515625 0.69305555625 0.075 0.6736111109375 0.05546875 0.66805555625 0.0546875 0.6583333328125 0.0484375 0.647222221875 0.04296875 0.64444444375 0.03984375 0.6513888890625 0.0359375 0.6888888890625 0.0328125 0.6986111109375 0.0296875 0.752777778125 0.0578125 0.76805555625 0.06953125 0.76805555625
0 0.49375 0.79444444375 0.4953125 0.73194444375 0.49375 0.722222221875 0.49140625 0.7208333328125 0.48359375 0.73194444375 0.48203125 0.7458333328125 0.48671875 0.7805555562500001 0.49375 0.79444444375
0 0.55 0.6944444437499999 0.54296875 0.6944444437499999 0.53671875 0.70694444375 0.5234375 0.7111111109375 0.52109375 0.7486111109375 0.51875 0.75555555625 0.52109375 0.784722221875 0.5203125 0.8486111109375001 0.521875 0.85694444375 0.53984375 0.8888888890625 0.575 0.902777778125 0.5984375 0.9041666671874999 0.61328125 0.909722221875 0.61953125 0.8986111109375001 0.62109375 0.9111111109375001 0.6390625 0.9138888890624999 0.66171875 0.9055555562500001 0.6671875 0.89444444375 0.66875 0.8791666671874999 0.66875 0.7805555562500001 0.646875 0.7666666671875 0.6421875 0.7458333328125 0.6328125 0.74444444375 0.63046875 0.7486111109375 0.6296875 0.8736111109375001 0.61796875 0.8736111109375001 0.615625 0.852777778125 0.615625 0.777777778125 0.61328125 0.747222221875 0.5671875 0.727777778125 0.5625 0.722222221875 0.56015625 0.70694444375 0.55 0.6944444437499999
2 0.98671875 0.56805555625 0.9859375 0.5291666671875 0.98203125 0.522222221875 0.975 0.522222221875 0.9671875 0.5319444437499999 0.96953125 0.5513888890625 0.97734375 0.575 0.98671875 0.56805555625
1 0.6078125 0.8986111109375001 0.60859375 0.902777778125 0.61328125 0.902777778125 0.61796875 0.89444444375 0.62109375 0.9 0.63046875 0.89444444375 0.628125 0.8652777781250001 0.6296875 0.74444444375 0.6421875 0.7402777781250001 0.64296875 0.7333333328125 0.63359375 0.7291666671875 0.62265625 0.7111111109375 0.6171875 0.7194444437499999 0.59921875 0.7111111109375 0.59921875 0.722222221875 0.60859375 0.73194444375 0.615625 0.75 0.615625 0.8444444437499999 0.61796875 0.8861111109375001 0.6078125 0.8986111109375001
1 0.59296875 0.9041666671874999 0.596875 0.9055555562500001 0.6 0.9041666671874999 0.59296875 0.9041666671874999
6 0.21796875 0.7236111109375 0.2125 0.7361111109375 0.21328125 0.7819444437499999 0.21875 0.7819444437499999 0.21953125 0.772222221875 0.22109375 0.7263888890625 0.21796875 0.7236111109375
6 0.21796875 0.7861111109375 0.21484375 0.7861111109375 0.215625 0.790277778125 0.21796875 0.790277778125 0.21796875 0.7861111109375
6 0.2171875 0.8194444437499999 0.21796875 0.8236111109375001 0.2203125 0.8194444437499999 0.2171875 0.8194444437499999
6 0.25625 0.722222221875 0.25 0.7333333328125 0.25 0.75555555625 0.24609375 0.7597222218749999 0.2359375 0.7583333328124999 0.23359375 0.76944444375 0.23125 0.8194444437499999 0.23984375 0.8333333328125001 0.24296875 0.8819444437499999 0.25 0.89444444375 0.27421875 0.9041666671874999 0.29375 0.902777778125 0.2984375 0.89305555625 0.3015625 0.85694444375 0.3046875 0.85555555625 0.31640625 0.83055555625 0.3125 0.8222222218749999 0.31171875 0.775 0.30546875 0.7611111109375 0.2953125 0.7569444437499999 0.28828125 0.7611111109375 0.2828125 0.7819444437499999 0.27734375 0.7819444437499999 0.27109375 0.76805555625 0.26875 0.7333333328125 0.2625 0.7236111109375 0.25625 0.722222221875
7 0.0734375 0.76944444375 0.084375 0.81805555625 0.09375 0.83055555625 0.10546875 0.8361111109375001 0.10703125 0.840277778125 0.13203125 0.8458333328125001 0.14453125 0.8444444437499999 0.14765625 0.834722221875 0.15 0.840277778125 0.159375 0.8444444437499999 0.18125 0.8444444437499999 0.1828125 0.840277778125 0.1828125 0.81805555625 0.16875 0.8027777781250001 0.16171875 0.7861111109375 0.15078125 0.7833333328125 0.15 0.7708333328125 0.14453125 0.7569444437499999 0.13984375 0.7569444437499999 0.121875 0.7416666671875001 0.11875 0.725 0.11484375 0.7208333328125 0.09453125 0.722222221875 0.0890625 0.7333333328125 0.0859375 0.7513888890625 0.0734375 0.76944444375
7 0.0078125 0.777777778125 0.01171875 0.765277778125 0.0125 0.747222221875 0.00078125 0.74444444375 0.00078125 0.772222221875 0.0078125 0.777777778125
7 0.0703125 0.7916666671875 0.06796875 0.7708333328125 0.05546875 0.76944444375 0.03203125 0.7569444437499999 0.028125 0.7611111109375 0.02578125 0.79444444375 0.03046875 0.8027777781250001 0.07109375 0.83055555625 0.08046875 0.83055555625 0.08046875 0.809722221875 0.07578125 0.797222221875 0.0703125 0.7916666671875
7 0.02109375 0.8388888890624999 0.02109375 0.85 0.03984375 0.8666666671875 0.0640625 0.877777778125 0.0734375 0.875 0.07421875 0.86944444375 0.05390625 0.85694444375 0.04375 0.8444444437499999 0.025 0.8361111109375001 0.02109375 0.8388888890624999
7 0.1421875 0.8708333328125001 0.14921875 0.8791666671874999 0.1625 0.877777778125 0.1625 0.8583333328125 0.15625 0.847222221875 0.1203125 0.847222221875 0.1171875 0.8541666671874999 0.12734375 0.8652777781250001 0.1421875 0.8708333328125001
7 0.14296875 0.9263888890624999 0.14375 0.91944444375 0.12421875 0.8958333328125001 0.1109375 0.8861111109375001 0.1046875 0.8888888890625 0.10390625 0.91944444375 0.128125 0.9291666671875 0.14296875 0.9263888890624999
4 0.3421875 0.775 0.33828125 0.7875 0.3390625 0.8263888890625 0.34296875 0.827777778125 0.34921875 0.8208333328125 0.35390625 0.8125 0.35625 0.797222221875 0.35625 0.7361111109375 0.35234375 0.73055555625 0.34609375 0.73194444375 0.3421875 0.775