1 0.83055555625 0.45625 0.9138888890624999 0.45390625 0.91944444375 0.44765625 0.9069444437499999 0.4421875 0.85694444375 0.4421875 0.8388888890624999 0.43984375 0.784722221875 0.44140625 0.7736111109375 0.43671875 0.7763888890625 0.43046875 0.7708333328125 0.42890625 0.7611111109375 0.4328125 0.7569444437499999 0.43828125 0.7486111109375 0.45625 0.7486111109375 0.46875 0.7541666671875 0.46953125 0.765277778125 0.45703125 0.777777778125 0.45390625 0.83055555625 0.45625
1 0.85 0.38984375 0.8736111109375001 0.38515625 0.8916666671875 0.38515625 0.897222221875 0.38203125 0.897222221875 0.37578125 0.89305555625 0.371875 0.8819444437499999 0.3703125 0.8652777781250001 0.37265625 0.7458333328125 0.371875 0.7402777781250001 0.36796875 0.7402777781250001 0.359375 0.734722221875 0.3578125 0.727777778125 0.36796875 0.7138888890625 0.3765625 0.7180555562500001 0.3859375 0.7111111109375 0.3953125 0.7180555562500001 0.3953125 0.7402777781250001 0.38671875 0.7819444437499999 0.3859375 0.8055555562500001 0.38984375 0.85 0.38984375
6 0.8263888890625 0.56953125 0.8111111109375001 0.5671875 0.7875 0.56640625 0.7708333328125 0.56953125 0.7583333328124999 0.5765625 0.7388888890625 0.5984375 0.7402777781250001 0.6515625 0.747222221875 0.65703125 0.76944444375 0.65546875 0.7805555562500001 0.63515625 0.8027777781250001 0.63515625 0.815277778125 0.625 0.8194444437499999 0.61171875 0.8388888890624999 0.5984375 0.8388888890624999 0.57578125 0.8263888890625 0.56953125
6 0.7819444437499999 0.76171875 0.7875 0.75703125 0.8027777781250001 0.753125 0.8125 0.73515625 0.8388888890624999 0.73125 0.8444444437499999 0.72734375 0.85 0.690625 0.8361111109375001 0.67890625 0.8388888890624999 0.66796875 0.8291666671875 0.65703125 0.8111111109375001 0.6546875 0.79444444375 0.65390625 0.7638888890625 0.6609375 0.7597222218749999 0.66328125 0.7611111109375 0.6828125 0.752777778125 0.69765625 0.74444444375 0.70078125 0.7236111109375 0.70234375 0.7166666671875 0.7078125 0.715277778125 0.7171875 0.7291666671875 0.72890625 0.722222221875 0.7375 0.725 0.7625 0.7597222218749999 0.7640625 0.7819444437499999 0.76171875
7 0.8458333328125001 0.87265625 0.85 0.8875 0.8541666671874999 0.88671875 0.86944444375 0.8671875 0.8708333328125001 0.85625 0.8791666671874999 0.846875 0.877777778125 0.83828125 0.8708333328125001 0.8375 0.85 0.84375 0.85 0.865625 0.8458333328125001 0.87265625
7 0.909722221875 0.96171875 0.88055555625 0.9625 0.89444444375 0.97421875 0.902777778125 0.9734375 0.9166666671874999 0.9625 0.9111111109375001 0.96484375 0.909722221875 0.96171875
7 0.877777778125 0.92890625 0.8791666671874999 0.9484375 0.9069444437499999 0.95390625 0.91805555625 0.953125 0.9277777781250001 0.940625 0.9277777781250001 0.92421875 0.915277778125 0.90703125 0.88055555625 0.90625 0.872222221875 0.9203125 0.872222221875 0.925 0.877777778125 0.92890625
7 0.9291666671875 0.871875 0.9291666671875 0.8625 0.9236111109375 0.8578125 0.91805555625 0.8578125 0.8958333328125001 0.87578125 0.8861111109375001 0.88828125 0.8861111109375001 0.89609375 0.91944444375 0.89765625 0.9291666671875 0.871875
7 0.8888888890625 0.171875 0.8916666671875 0.15546875 0.88055555625 0.14453125 0.85694444375 0.14453125 0.8541666671874999 0.146875 0.840277778125 0.14765625 0.8333333328125001 0.15 0.83194444375 0.1546875 0.8166666671874999 0.15859375 0.8125 0.16328125 0.815277778125 0.17265625 0.8041666671875 0.184375 0.8055555562500001 0.19296875 0.83194444375 0.20546875 0.85555555625 0.203125 0.8611111109375 0.19453125 0.8888888890625 0.171875
7 0.73194444375 0.9296875 0.7666666671875 0.93046875 0.81805555625 0.915625 0.8263888890625 0.9109375 0.8444444437499999 0.88125 0.8444444437499999 0.81875 0.815277778125 0.8140625 0.8027777781250001 0.8171875 0.7833333328125 0.8171875 0.7736111109375 0.8234375 0.772222221875 0.83046875 0.7861111109375 0.83984375 0.7833333328125 0.8484375 0.7638888890625 0.85078125 0.7416666671875001 0.878125 0.725 0.88125 0.7194444437499999 0.8859375 0.7236111109375 0.8953125 0.722222221875 0.92265625 0.73194444375 0.9296875
7 0.6861111109375 0.9625 0.6944444437499999 0.9671875 0.7430555562500001 0.96953125 0.7333333328125 0.9625 0.7194444437499999 0.95859375 0.6944444437499999 0.9578125 0.6861111109375 0.9625
7 0.777777778125 0.99296875 0.76805555625 0.9890625 0.7208333328125 0.9828125 0.684722221875 0.98046875 0.66944444375 0.9765625 0.6486111109375 0.98984375 0.647222221875 0.99921875 0.777777778125 0.99765625 0.777777778125 0.99296875
7 0.83055555625 0.928125 0.83194444375 0.9203125 0.827777778125 0.91796875 0.8125 0.91796875 0.7958333328125 0.92578125 0.79305555625 0.93046875 0.7819444437499999 0.92890625 0.7638888890625 0.93359375 0.7611111109375 0.94375 0.76944444375 0.95078125 0.7708333328125 0.96171875 0.7833333328125 0.96484375 0.7875 0.96875 0.797222221875 0.9703125 0.8055555562500001 0.96640625 0.83055555625 0.928125
7 0.840277778125 0.97890625 0.85694444375 0.97578125 0.8666666671875 0.96171875 0.8791666671874999 0.9328125 0.8763888890624999 0.92421875 0.86944444375 0.92421875 0.8680555562500001 0.9296875 0.85694444375 0.9359375 0.852777778125 0.95546875 0.840277778125 0.97890625
7 0.9013888890624999 0.38125 0.9611111109375001 0.3796875 0.9625 0.375 0.95555555625 0.3640625 0.9444444437499999 0.35546875 0.9472222218749999 0.34296875 0.9416666671874999 0.3375 0.9416666671874999 0.33359375 0.95694444375 0.328125 0.95 0.28671875 0.9444444437499999 0.28125 0.91944444375 0.2796875 0.9069444437499999 0.27578125 0.840277778125 0.275 0.8375 0.27890625 0.8236111109375001 0.28125 0.8263888890625 0.2953125 0.80694444375 0.3046875 0.80694444375 0.325 0.834722221875 0.3328125 0.8361111109375001 0.33828125 0.847222221875 0.34609375 0.8458333328125001 0.35234375 0.85555555625 0.36484375 0.852777778125 0.36875 0.8916666671875 0.36875 0.9013888890624999 0.38125
7 0.91944444375 0.4453125 0.9166666671874999 0.45234375 0.9069444437499999 0.45703125 0.8291666671875 0.45625 0.8222222218749999 0.45859375 0.8236111109375001 0.465625 0.85 0.47578125 0.8666666671875 0.478125 0.9541666671875 0.47578125 0.9888888890624999 0.46796875 0.9930555562500001 0.4625 0.9930555562500001 0.42578125 0.9861111109375 0.4171875 0.9791666671874999 0.39375 0.965277778125 0.3890625 0.925 0.38984375 0.89444444375 0.3875 0.8791666671874999 0.38984375 0.8652777781250001 0.39609375 0.8486111109375001 0.39375 0.834722221875 0.39921875 0.8222222218749999 0.4 0.8166666671874999 0.40625 0.8166666671874999 0.421875 0.8222222218749999 0.43125 0.83194444375 0.43671875 0.8708333328125001 0.44140625 0.89305555625 0.43984375 0.91944444375 0.4453125
7 0.8791666671874999 0.7875 0.8680555562500001 0.7859375 0.8652777781250001 0.78203125 0.8611111109375 0.78203125 0.8486111109375001 0.78984375 0.85 0.79296875 0.8791666671874999 0.79296875 0.8791666671874999 0.7875
7 0.89444444375 0.7921875 0.89444444375 0.7953125 0.902777778125 0.796875 0.902777778125 0.79140625 0.89444444375 0.7921875
7 0.91805555625 0.76796875 0.925 0.75078125 0.922222221875 0.74921875 0.8708333328125001 0.74765625 0.8638888890624999 0.7453125 0.840277778125 0.74609375 0.8388888890624999 0.75859375 0.8458333328125001 0.76796875 0.9069444437499999 0.77109375 0.91805555625 0.76796875
7 0.952777778125 0.69375 0.9541666671875 0.67890625 0.9472222218749999 0.6765625 0.915277778125 0.675 0.8986111109375001 0.67734375 0.89444444375 0.6859375 0.872222221875 0.696875 0.85694444375 0.7109375 0.8541666671874999 0.71796875 0.8486111109375001 0.7203125 0.8416666671874999 0.7328125 0.8458333328125001 0.7375 0.915277778125 0.73984375 0.93194444375 0.73828125 0.9416666671874999 0.72109375 0.9458333328125 0.70234375 0.952777778125 0.69375
4 0.6166666671875001 0.95625 0.627777778125 0.95546875 0.6347222218749999 0.94921875 0.647222221875 0.94921875 0.6513888890625 0.94375 0.640277778125 0.94140625 0.6319444437499999 0.9328125 0.6083333328125 0.92421875 0.6 0.925 0.597222221875 0.9296875 0.5833333328125 0.9296875 0.5486111109375 0.9234375 0.540277778125 0.91953125 0.522222221875 0.91796875 0.51944444375 0.9234375 0.5333333328125 0.928125 0.51944444375 0.93203125 0.5263888890625 0.9328125 0.51944444375 0.9375 0.5361111109375 0.94296875 0.5555555562500001 0.94453125 0.6166666671875001 0.95625