0 0.722222221875 0.98125 0.709722221875 0.9828125 0.659722221875 0.9796875 0.6625 0.99921875 0.73194444375 0.99921875 0.7402777781250001 0.9953125 0.7430555562500001 0.9890625 0.722222221875 0.98125
0 0.7041666671875 0.90703125 0.6736111109375 0.925 0.66805555625 0.9484375 0.6541666671875 0.94921875 0.64444444375 0.95625 0.6625 0.96171875 0.6888888890625 0.9640625 0.6972222218749999 0.9671875 0.752777778125 0.9703125 0.76805555625 0.9421875 0.76805555625 0.93046875 0.765277778125 0.92578125 0.7402777781250001 0.9125 0.7041666671875 0.90703125
0 0.7486111109375 0.51796875 0.7805555562500001 0.51328125 0.79444444375 0.50703125 0.79305555625 0.5046875 0.7458333328125 0.5046875 0.722222221875 0.50625 0.722222221875 0.51015625 0.73194444375 0.51640625 0.7486111109375 0.51796875
0 0.6944444437499999 0.45 0.6958333328124999 0.45859375 0.70694444375 0.4640625 0.7111111109375 0.4765625 0.722222221875 0.47890625 0.8486111109375001 0.4796875 0.85694444375 0.478125 0.890277778125 0.4578125 0.902777778125 0.425 0.9041666671874999 0.403125 0.9138888890624999 0.36875 0.9055555562500001 0.3390625 0.8916666671875 0.33203125 0.7819444437499999 0.33125 0.7736111109375 0.33828125 0.7666666671875 0.35390625 0.7458333328125 0.3578125 0.74444444375 0.3671875 0.7486111109375 0.36953125 0.89305555625 0.36953125 0.9 0.3796875 0.8888888890625 0.3828125 0.747222221875 0.38671875 0.727777778125 0.4328125 0.722222221875 0.4375 0.70694444375 0.43984375 0.6944444437499999 0.45
2 0.56805555625 0.01328125 0.527777778125 0.0140625 0.522222221875 0.01796875 0.522222221875 0.025 0.5333333328125 0.0328125 0.5541666671875001 0.0296875 0.575 0.02265625 0.56805555625 0.01328125
1 0.9041666671874999 0.38828125 0.8958333328125001 0.38359375 0.9 0.3765625 0.89444444375 0.36953125 0.7986111109375 0.371875 0.74444444375 0.3703125 0.7416666671875001 0.359375 0.7333333328125 0.35703125 0.7291666671875 0.36640625 0.7111111109375 0.37578125 0.7111111109375 0.38046875 0.7194444437499999 0.38359375 0.7111111109375 0.4 0.7194444437499999 0.4015625 0.7458333328125 0.38515625 0.89444444375 0.38203125 0.9055555562500001 0.40703125 0.9041666671874999 0.38828125
6 0.772222221875 0.78046875 0.725 0.77890625 0.7236111109375 0.78203125 0.7333333328125 0.78671875 0.7638888890625 0.78828125 0.7819444437499999 0.784375 0.7805555562500001 0.78125 0.772222221875 0.78046875
6 0.8194444437499999 0.78203125 0.8236111109375001 0.78125 0.8208333328125 0.775 0.8194444437499999 0.78203125
6 0.722222221875 0.74296875 0.734722221875 0.75 0.75555555625 0.75 0.7597222218749999 0.753125 0.7583333328124999 0.7640625 0.7666666671875 0.76640625 0.8194444437499999 0.76875 0.8236111109375001 0.76328125 0.8333333328125001 0.759375 0.8819444437499999 0.75703125 0.89444444375 0.75 0.9041666671874999 0.72734375 0.9055555562500001 0.7125 0.902777778125 0.70625 0.89305555625 0.7015625 0.85694444375 0.6984375 0.8541666671874999 0.69375 0.83055555625 0.68359375 0.8208333328125 0.6875 0.775 0.68828125 0.7611111109375 0.69453125 0.7569444437499999 0.703125 0.7611111109375 0.7109375 0.7805555562500001 0.715625 0.7819444437499999 0.72265625 0.7666666671875 0.72890625 0.7333333328125 0.73125 0.7236111109375 0.7375 0.722222221875 0.74296875
7 0.81805555625 0.915625 0.83055555625 0.90625 0.8416666671874999 0.890625 0.8444444437499999 0.85703125 0.83194444375 0.8515625 0.840277778125 0.84921875 0.8444444437499999 0.8390625 0.8444444437499999 0.81953125 0.840277778125 0.8171875 0.8194444437499999 0.81640625 0.8041666671875 0.8296875 0.7861111109375 0.83828125 0.784722221875 0.8484375 0.765277778125 0.8515625 0.7569444437499999 0.85546875 0.7416666671875001 0.878125 0.722222221875 0.8828125 0.7194444437499999 0.89140625 0.7236111109375 0.89609375 0.7236111109375 0.90625 0.7513888890625 0.91484375 0.76944444375 0.9265625 0.81805555625 0.915625
7 0.777777778125 0.99453125 0.7736111109375 0.98984375 0.7458333328125 0.98828125 0.74444444375 0.99921875 0.772222221875 0.99921875 0.777777778125 0.99453125
7 0.772222221875 0.93125 0.7569444437499999 0.96796875 0.7611111109375 0.971875 0.79444444375 0.97421875 0.8027777781250001 0.96953125 0.83055555625 0.92890625 0.83055555625 0.91953125 0.8111111109375001 0.91875 0.797222221875 0.92421875 0.7916666671875 0.9296875 0.772222221875 0.93125
7 0.8388888890624999 0.96953125 0.840277778125 0.97890625 0.85 0.97890625 0.85555555625 0.975 0.8666666671875 0.96015625 0.877777778125 0.9359375 0.875 0.9265625 0.86944444375 0.92578125 0.85694444375 0.94609375 0.8444444437499999 0.95625 0.8388888890624999 0.96953125
7 0.8652777781250001 0.87265625 0.8708333328125001 0.8578125 0.8791666671874999 0.85078125 0.88055555625 0.84453125 0.875 0.8390625 0.85694444375 0.83828125 0.847222221875 0.84375 0.8444444437499999 0.853125 0.85 0.88203125 0.8652777781250001 0.87265625
7 0.8986111109375001 0.89453125 0.9083333328125001 0.89765625 0.9208333328125 0.8953125 0.9291666671875 0.8734375 0.9263888890624999 0.85703125 0.91944444375 0.85625 0.8958333328125001 0.87578125 0.8861111109375001 0.8890625 0.8875 0.89453125 0.8986111109375001 0.89453125
4 0.7861111109375 0.31171875 0.7708333328125 0.31171875 0.7638888890625 0.309375 0.7638888890625 0.31796875 0.7666666671875 0.321875 0.840277778125 0.3203125 0.85555555625 0.31640625 0.85694444375 0.3125 0.8513888890624999 0.31015625 0.8430555562500001 0.31171875 0.8263888890625 0.30625 0.7861111109375 0.31171875
4 0.8027777781250001 0.2796875 0.7638888890625 0.27890625 0.7638888890625 0.2828125 0.7736111109375 0.28515625 0.7638888890625 0.2890625 0.7638888890625 0.29296875 0.8291666671875 0.2921875 0.8444444437499999 0.2859375 0.8444444437499999 0.28203125 0.8361111109375001 0.28046875 0.83194444375 0.2765625 0.8208333328125 0.27578125 0.8027777781250001 0.2796875
4 0.8361111109375001 0.278125 0.852777778125 0.275 0.8541666671874999 0.26953125 0.8041666671875 0.26875 0.7708333328125 0.27109375 0.76805555625 0.27578125 0.7875 0.2796875 0.81805555625 0.2765625 0.8361111109375001 0.278125
4 0.8444444437499999 0.3015625 0.86944444375 0.29296875 0.8652777781250001 0.28671875 0.8458333328125001 0.2859375 0.8222222218749999 0.29296875 0.7805555562500001 0.29296875 0.7736111109375 0.2953125 0.7736111109375 0.3 0.8444444437499999 0.3015625