2 0.46805555625000006 0.9703125 0.46805555625000006 0.96328125 0.45555555625000005 0.96171875 0.42083333281249996 0.9640625 0.41944444374999995 0.975 0.4625 0.975 0.46805555625000006 0.9703125
1 0.1541666671875 0.6125 0.109722221875 0.61484375 0.102777778125 0.6203125 0.102777778125 0.62734375 0.1111111109375 0.63125 0.15972222187500001 0.62734375 0.2541666671875 0.628125 0.259722221875 0.63125 0.259722221875 0.640625 0.2638888890625 0.6421875 0.2708333328125 0.6328125 0.2888888890625 0.62109375 0.2833333328125 0.61484375 0.2888888890625 0.60546875 0.28055555625 0.60546875 0.2638888890625 0.61328125 0.240277778125 0.61484375 0.15972222187500001 0.61484375 0.1541666671875 0.6125
1 0.08194444375 0.5484375 0.0861111109375 0.55703125 0.2166666671875 0.5578125 0.22638888906250001 0.56171875 0.22638888906250001 0.56875 0.23055555625 0.5703125 0.2388888890625 0.5671875 0.24305555625 0.56171875 0.2513888890625 0.53203125 0.240277778125 0.5328125 0.23472222187499997 0.54375 0.215277778125 0.54765625 0.16944444375 0.54375 0.1416666671875 0.54609375 0.0861111109375 0.5453125 0.08194444375 0.5484375
6 0.21805555625 0.23828125 0.2125 0.2421875 0.197222221875 0.2453125 0.1875 0.26484375 0.1611111109375 0.26875 0.15555555625 0.27265625 0.15 0.309375 0.165277778125 0.31953125 0.1666666671875 0.3296875 0.17361111093749998 0.3359375 0.16944444375 0.3390625 0.177777778125 0.34375 0.21805555625 0.34375 0.2388888890625 0.3375 0.2388888890625 0.3171875 0.24583333281250003 0.30234375 0.2541666671875 0.29921875 0.275 0.29765625 0.2833333328125 0.29140625 0.2833333328125 0.27890625 0.2708333328125 0.2703125 0.27777777812500004 0.2625 0.27638888906250003 0.23984375 0.2708333328125 0.23671875 0.240277778125 0.2359375 0.21805555625 0.23828125
6 0.15972222187500001 0.4015625 0.1611111109375 0.42421875 0.18055555625 0.43125 0.22638888906250001 0.43125 0.23055555625 0.4265625 0.2416666671875 0.42265625 0.24444444375000002 0.41484375 0.25694444375000003 0.4046875 0.25833333281250004 0.34921875 0.25 0.34296875 0.22916666718749998 0.3453125 0.2236111109375 0.36328125 0.2166666671875 0.3671875 0.20555555625 0.36328125 0.190277778125 0.3640625 0.17361111093749998 0.39375 0.15972222187500001 0.4015625
7 0.14305555625 0.11875 0.13055555624999998 0.13203125 0.127777778125 0.14453125 0.1208333328125 0.15078125 0.12361111093749999 0.1609375 0.1361111109375 0.1609375 0.1513888890625 0.15625 0.1541666671875 0.10703125 0.1458333328125 0.11015625 0.14305555625 0.11875
7 0.1078125 0.034375 0.0015625 0.0015625
7 0.12222222187500001 0.0734375 0.11944444375 0.05 0.097222221875 0.04296875 0.08333333281250001 0.04609375 0.072222221875 0.0609375 0.072222221875 0.07578125 0.08333333281250001 0.09296875 0.11944444375 0.09375 0.127777778125 0.08125 0.127777778125 0.0765625 0.12222222187500001 0.0734375
7 0.08055555625000001 0.10390625 0.072222221875 0.1234375 0.072222221875 0.13828125 0.08055555625000001 0.14296875 0.0888888890625 0.1375 0.11388888906250001 0.1109375 0.11388888906250001 0.1046875 0.09305555625 0.10234375 0.08055555625000001 0.10390625
7 0.23333333281250002 0.06953125 0.22638888906250001 0.0734375 0.1833333328125 0.08359375 0.172222221875 0.090625 0.15555555625 0.1203125 0.15555555625 0.14375 0.1611111109375 0.146875 0.15555555625 0.1609375 0.15555555625 0.18125 0.1625 0.1828125 0.19444444375 0.184375 0.222222221875 0.18125 0.22638888906250001 0.178125 0.22916666718749998 0.16953125 0.21805555625 0.1625 0.21805555625 0.153125 0.23611111093749998 0.14921875 0.25833333281250004 0.121875 0.275 0.11875 0.28055555625 0.11328125 0.27638888906250003 0.10390625 0.2791666671875 0.078125 0.26805555625 0.06953125 0.23333333281250002 0.06953125
7 0.23472222187499997 0.01171875 0.26805555625 0.0125 0.27638888906250003 0.01015625 0.2791666671875 0.00546875 0.272222221875 0.00078125 0.21944444375 0.00078125 0.21944444375 0.00703125 0.23472222187499997 0.01171875
7 0.175 0.08125 0.1916666671875 0.08125 0.20277777812500003 0.075 0.2125 0.075 0.23611111093749998 0.0671875 0.240277778125 0.0625 0.2375 0.05078125 0.2388888890625 0.03984375 0.24583333281250003 0.03125 0.24305555625 0.028125 0.2236111109375 0.025 0.20277777812500003 0.0265625 0.16944444375 0.07109375 0.16805555625 0.078125 0.175 0.08125
7 0.14305555625 0.0234375 0.1263888890625 0.053125 0.12222222187500001 0.07265625 0.13055555624999998 0.075 0.14305555625 0.0625 0.14444444375 0.04609375 0.1541666671875 0.0359375 0.15972222187500001 0.01953125 0.14305555625 0.0234375
7 0.12222222187500001 0.2140625 0.1291666671875 0.2140625 0.134722221875 0.21875 0.140277778125 0.21875 0.1513888890625 0.21328125 0.1513888890625 0.2078125 0.1208333328125 0.20703125 0.12222222187500001 0.2140625
7 0.109722221875 0.2078125 0.1166666671875 0.2109375 0.11805555625 0.20703125 0.097222221875 0.20234375 0.09305555625 0.21171875 0.1041666671875 0.2109375 0.109722221875 0.2078125
7 0.15972222187500001 0.23671875 0.1541666671875 0.23125 0.090277778125 0.22890625 0.08055555625000001 0.23359375 0.07638888906249999 0.25078125 0.1583333328125 0.2546875 0.15972222187500001 0.23671875
7 0.0486111109375 0.3234375 0.09305555625 0.325 0.10138888906250001 0.32109375 0.10694444375 0.31328125 0.1208333328125 0.30859375 0.1291666671875 0.3109375 0.14305555625 0.29453125 0.15694444375 0.26484375 0.13888888906250002 0.2625 0.06944444375 0.26171875 0.059722221875 0.27578125 0.054166667187499996 0.2984375 0.047222221875 0.30859375 0.04444444375 0.32109375 0.0486111109375 0.3234375