2 0.5527777781250001 0.03046875 0.575 0.02265625 0.5708333328124999 0.01484375 0.5666666671875 0.0125 0.527777778125 0.0140625 0.522222221875 0.01796875 0.522222221875 0.025 0.5319444437499999 0.03203125 0.5527777781250001 0.03046875
1 0.9 0.3796875 0.89444444375 0.3703125 0.7458333328125 0.371875 0.7402777781250001 0.36796875 0.7402777781250001 0.36171875 0.7458333328125 0.35703125 0.7375 0.35546875 0.73194444375 0.3578125 0.7291666671875 0.36640625 0.7138888890625 0.375 0.7194444437499999 0.3875 0.7111111109375 0.40078125 0.7194444437499999 0.4015625 0.7430555562500001 0.38515625 0.89444444375 0.3828125 0.9 0.3796875
1 0.9166666671874999 0.45390625 0.91944444375 0.4453125 0.9138888890624999 0.4421875 0.7763888890625 0.43984375 0.7708333328125 0.4375 0.7736111109375 0.42734375 0.76944444375 0.42734375 0.7611111109375 0.43125 0.7569444437499999 0.4375 0.75 0.4515625 0.7486111109375 0.46875 0.7583333328124999 0.46796875 0.7666666671875 0.4546875 0.7833333328125 0.4515625 0.8208333328125 0.45234375 0.827777778125 0.4546875 0.9166666671874999 0.45390625
6 0.8194444437499999 0.61484375 0.8263888890625 0.6109375 0.8263888890625 0.60546875 0.840277778125 0.59765625 0.8388888890624999 0.57421875 0.827777778125 0.56953125 0.8055555562500001 0.56640625 0.784722221875 0.56640625 0.7708333328125 0.56953125 0.765277778125 0.575 0.7569444437499999 0.5765625 0.7430555562500001 0.59453125 0.7416666671875001 0.65078125 0.75 0.65703125 0.7708333328125 0.65390625 0.7805555562500001 0.63359375 0.790277778125 0.63203125 0.79444444375 0.6359375 0.8 0.6296875 0.8111111109375001 0.62734375 0.8194444437499999 0.61484375
7 0.89305555625 0.97421875 0.9041666671874999 0.97421875 0.9111111109375001 0.96640625 0.9111111109375001 0.9625 0.9069444437499999 0.96171875 0.8833333328125 0.9609375 0.8736111109375001 0.9625 0.872222221875 0.96640625 0.8861111109375001 0.96953125 0.89305555625 0.97421875
7 0.8986111109375001 0.90625 0.88055555625 0.90625 0.8736111109375001 0.91640625 0.872222221875 0.925 0.8791666671874999 0.93125 0.88055555625 0.95 0.8958333328125001 0.95390625 0.91805555625 0.95234375 0.9277777781250001 0.93828125 0.9291666671875 0.92734375 0.9166666671874999 0.90625 0.9069444437499999 0.90234375 0.8986111109375001 0.90625
7 0.8430555562500001 0.81875 0.8166666671874999 0.81953125 0.7875 0.8390625 0.7833333328125 0.8484375 0.765277778125 0.85 0.7597222218749999 0.853125 0.7416666671875001 0.87734375 0.722222221875 0.8828125 0.7208333328125 0.921875 0.73194444375 0.93046875 0.765277778125 0.93046875 0.8194444437499999 0.915625 0.83194444375 0.90546875 0.8444444437499999 0.8859375 0.8430555562500001 0.81875
7 0.8541666671874999 0.8828125 0.86944444375 0.8671875 0.8708333328125001 0.8578125 0.88055555625 0.84609375 0.877777778125 0.83828125 0.8486111109375001 0.83984375 0.8444444437499999 0.85234375 0.8486111109375001 0.8578125 0.85 0.8828125 0.8541666671874999 0.8828125
7 0.8861111109375001 0.88828125 0.8861111109375001 0.89453125 0.9055555562500001 0.89765625 0.91944444375 0.89609375 0.9291666671875 0.8734375 0.9291666671875 0.8609375 0.925 0.85703125 0.91805555625 0.85625 0.8958333328125001 0.87578125 0.89305555625 0.88359375 0.8861111109375001 0.88828125
7 0.73194444375 0.8421875 0.73194444375 0.8453125 0.734722221875 0.84296875 0.74444444375 0.8453125 0.747222221875 0.84140625 0.74444444375 0.83984375 0.73194444375 0.8421875
7 0.747222221875 0.81015625 0.7486111109375 0.81875 0.7625 0.8234375 0.7541666671875 0.83125 0.7638888890625 0.83203125 0.76805555625 0.8359375 0.7805555562500001 0.83125 0.797222221875 0.83125 0.809722221875 0.81953125 0.8263888890625 0.8171875 0.8166666671874999 0.81640625 0.8111111109375001 0.81875 0.8055555562500001 0.8125 0.747222221875 0.81015625
7 0.7833333328125 0.73671875 0.777777778125 0.7390625 0.7736111109375 0.74296875 0.777777778125 0.75546875 0.7708333328125 0.765625 0.7736111109375 0.76796875 0.8041666671875 0.76875 0.8125 0.77421875 0.8194444437499999 0.77421875 0.8444444437499999 0.76875 0.847222221875 0.76171875 0.834722221875 0.74609375 0.809722221875 0.73671875 0.7833333328125 0.73671875
7 0.7430555562500001 0.7859375 0.7736111109375 0.79140625 0.8208333328125 0.7921875 0.8458333328125001 0.7953125 0.8541666671874999 0.79453125 0.859722221875 0.790625 0.859722221875 0.7859375 0.852777778125 0.7828125 0.8138888890624999 0.7796875 0.7486111109375 0.7796875 0.7430555562500001 0.78203125 0.7430555562500001 0.7859375
7 0.725 0.98984375 0.725 0.99765625 0.7805555562500001 0.99921875 0.7875 0.99375 0.7583333328124999 0.9875 0.7291666671875 0.9875 0.725 0.98984375
7 0.8194444437499999 0.9953125 0.827777778125 0.99375 0.8208333328125 0.99296875 0.8194444437499999 0.9953125
7 0.8111111109375001 0.91875 0.797222221875 0.9234375 0.7875 0.93046875 0.76805555625 0.93046875 0.7611111109375 0.93359375 0.7611111109375 0.953125 0.75555555625 0.965625 0.75 0.96875 0.7791666671875 0.97421875 0.79444444375 0.97421875 0.8027777781250001 0.96953125 0.83055555625 0.928125 0.83055555625 0.91953125 0.8111111109375001 0.91875
7 0.8708333328125001 0.925 0.85694444375 0.94609375 0.8444444437499999 0.9578125 0.8388888890624999 0.96953125 0.8416666671874999 0.97890625 0.85 0.97890625 0.85555555625 0.975 0.8611111109375 0.9640625 0.8666666671875 0.9609375 0.875 0.94375 0.875 0.9314453125 0.8680555562500001 0.93125 0.8736111109375001 0.92578125 0.8708333328125001 0.925
7 0.83194444375 0.7421875 0.834722221875 0.7390625 0.83194444375 0.73828125 0.83194444375 0.7421875
7 0.89444444375 0.79296875 0.8986111109375001 0.7953125 0.9041666671874999 0.79296875 0.9041666671874999 0.78828125 0.89444444375 0.79296875
7 0.9263888890624999 0.7453125 0.8444444437499999 0.74453125 0.8430555562500001 0.7546875 0.8486111109375001 0.759375 0.8486111109375001 0.76875 0.9166666671874999 0.76875 0.9277777781250001 0.75078125 0.9263888890624999 0.7453125
7 0.9 0.6765625 0.89444444375 0.6859375 0.8861111109375001 0.69140625 0.8708333328125001 0.69296875 0.85694444375 0.69921875 0.83194444375 0.73515625 0.8958333328125001 0.7375 0.9277777781250001 0.7421875 0.9416666671874999 0.72421875 0.9444444437499999 0.7 0.95555555625 0.68125 0.952777778125 0.67734375 0.9444444437499999 0.6765625 0.9 0.6765625
4 0.73055555625 0.22265625 0.7166666671875 0.2125 0.7041666671875 0.2109375 0.6916666671875 0.21015625 0.6486111109375 0.22109375 0.6166666671875001 0.21953125 0.6041666671875 0.22265625 0.602777778125 0.228125 0.60694444375 0.23125 0.6638888890625 0.23125 0.66944444375 0.23671875 0.6805555562500001 0.23671875 0.7125 0.2296875 0.7291666671875 0.2328125 0.7388888890625 0.23125 0.7388888890625 0.22421875 0.73055555625 0.22265625
4 0.70555555625 0.2703125 0.7111111109375 0.26796875 0.7111111109375 0.2640625 0.7 0.259375 0.6944444437499999 0.2453125 0.6861111109375 0.2390625 0.6777777781250001 0.2390625 0.665277778125 0.25 0.6 0.25234375 0.5736111109375 0.25625 0.5736111109375 0.26171875 0.6208333328125 0.2609375 0.6111111109375 0.2671875 0.58055555625 0.2734375 0.5791666671875 0.27890625 0.597222221875 0.278125 0.6375 0.27109375 0.6736111109375 0.275 0.6944444437499999 0.2703125 0.70555555625 0.2703125
4 0.8388888890624999 0.65078125 0.7805555562500001 0.64921875 0.7736111109375 0.6546875 0.8055555562500001 0.6640625 0.8291666671875 0.6640625 0.840277778125 0.66171875 0.8430555562500001 0.65859375 0.8388888890624999 0.65078125