1 0.615625 0.89305555625 0.61953125 0.897222221875 0.6265625 0.897222221875 0.63046875 0.890277778125 0.62734375 0.8388888890624999 0.62734375 0.7541666671875 0.63125 0.7388888890625 0.63984375 0.7402777781250001 0.640625 0.734722221875 0.63125 0.727777778125 0.625 0.7138888890625 0.61328125 0.7166666671875 0.60625 0.709722221875 0.6046875 0.7166666671875 0.61328125 0.7361111109375 0.61484375 0.7583333328124999 0.6140625 0.8847222218749999 0.615625 0.89305555625
1 0.5453125 0.915277778125 0.54921875 0.91805555625 0.55703125 0.9138888890624999 0.5578125 0.7833333328125 0.56171875 0.7736111109375 0.56953125 0.7736111109375 0.5703125 0.76944444375 0.56796875 0.7611111109375 0.56171875 0.7569444437499999 0.5328125 0.7486111109375 0.53125 0.7569444437499999 0.54296875 0.7638888890625 0.54765625 0.784722221875 0.54609375 0.8222222218749999 0.54375 0.83055555625 0.546875 0.859722221875 0.5453125 0.915277778125
6 0.23828125 0.7833333328125 0.24453125 0.8027777781250001 0.26484375 0.8125 0.26953125 0.8416666671874999 0.2953125 0.85 0.30859375 0.85 0.31875 0.834722221875 0.328125 0.8333333328125001 0.33515625 0.8236111109375001 0.3390625 0.827777778125 0.34375 0.8222222218749999 0.34296875 0.7708333328125 0.3375 0.7597222218749999 0.3328125 0.7569444437499999 0.31796875 0.7611111109375 0.3015625 0.752777778125 0.29765625 0.725 0.2921875 0.7166666671875 0.28203125 0.715277778125 0.2703125 0.7291666671875 0.26328125 0.722222221875 0.2390625 0.7236111109375 0.23671875 0.7291666671875 0.2359375 0.7611111109375 0.23828125 0.7833333328125
6 0.42421875 0.8388888890624999 0.4296875 0.8263888890625 0.4328125 0.80694444375 0.4328125 0.7819444437499999 0.4296875 0.772222221875 0.42265625 0.7583333328124999 0.4140625 0.7541666671875 0.4046875 0.7430555562500001 0.3484375 0.7416666671875001 0.34375 0.7458333328125 0.34453125 0.76944444375 0.365625 0.7819444437499999 0.3625 0.797222221875 0.36328125 0.809722221875 0.39453125 0.8263888890625 0.40234375 0.840277778125 0.42421875 0.8388888890624999
7 0.14453125 0.8708333328125001 0.15078125 0.8791666671874999 0.16171875 0.877777778125 0.16015625 0.8541666671874999 0.15546875 0.8486111109375001 0.1078125 0.8458333328125001 0.11015625 0.852777778125 0.1328125 0.86944444375 0.14453125 0.8708333328125001
7 0.09296875 0.915277778125 0.09375 0.88055555625 0.08203125 0.872222221875 0.04765625 0.8819444437499999 0.04765625 0.8916666671875 0.04296875 0.902777778125 0.0375 0.9 0.0375 0.8819444437499999 0.03125 0.89444444375 0.03125 0.902777778125 0.03828125 0.915277778125 0.04375 0.9138888890624999 0.06171875 0.9277777781250001 0.07578125 0.9277777781250001 0.09296875 0.915277778125
7 0.10234375 0.9069444437499999 0.10390625 0.91944444375 0.13046875 0.9291666671875 0.1375 0.9291666671875 0.1421875 0.9236111109375 0.14375 0.91944444375 0.12421875 0.8958333328125001 0.1109375 0.8861111109375001 0.1046875 0.8861111109375001 0.10234375 0.9069444437499999
7 0.06953125 0.7666666671875 0.07421875 0.7763888890625 0.084375 0.81805555625 0.09609375 0.83194444375 0.1203125 0.8444444437499999 0.14375 0.8444444437499999 0.15078125 0.8194444437499999 0.15546875 0.8222222218749999 0.15546875 0.8291666671875 0.16015625 0.83194444375 0.16328125 0.8444444437499999 0.18125 0.8444444437499999 0.18359375 0.83194444375 0.1828125 0.7875 0.1765625 0.772222221875 0.16875 0.7708333328125 0.16484375 0.7736111109375 0.1625 0.7819444437499999 0.15390625 0.7819444437499999 0.14921875 0.7638888890625 0.121875 0.7416666671875001 0.11875 0.725 0.1140625 0.7194444437499999 0.1046875 0.7236111109375 0.078125 0.7208333328125 0.06953125 0.734722221875 0.06953125 0.7666666671875
7 0.01171875 0.765277778125 0.0125 0.73194444375 0.0109375 0.725 0.00625 0.7208333328125 0.00078125 0.73194444375 0.00078125 0.7805555562500001 0.00625 0.7819444437499999 0.01171875 0.765277778125
7 0.03125 0.752777778125 0.028125 0.7569444437499999 0.025 0.79305555625 0.03046875 0.8027777781250001 0.07421875 0.83194444375 0.078125 0.83194444375 0.08125 0.8263888890625 0.08203125 0.8111111109375001 0.06484375 0.7611111109375 0.0375 0.7597222218749999 0.03125 0.752777778125
7 0.046875 0.8541666671874999 0.0421875 0.8486111109375001 0.01953125 0.840277778125 0.0234375 0.85694444375 0.05390625 0.8736111109375001 0.06875 0.877777778125 0.07265625 0.875 0.075 0.8708333328125001 0.0625 0.85694444375 0.05546875 0.852777778125 0.046875 0.8541666671874999
7 0.2125 0.9069444437499999 0.21171875 0.897222221875 0.2078125 0.890277778125 0.2140625 0.8819444437499999 0.215625 0.8680555562500001 0.2203125 0.8611111109375 0.2140625 0.8486111109375001 0.21015625 0.847222221875 0.20703125 0.85 0.20625 0.86944444375 0.20859375 0.8819444437499999 0.20703125 0.8888888890625 0.203125 0.8916666671875 0.20234375 0.9041666671874999 0.2125 0.9069444437499999
7 0.25078125 0.9236111109375 0.25234375 0.8708333328125001 0.2546875 0.8638888890624999 0.25390625 0.840277778125 0.2375 0.840277778125 0.23125 0.847222221875 0.22890625 0.9083333328125001 0.23203125 0.91805555625 0.25078125 0.9236111109375
7 0.325 0.909722221875 0.31953125 0.8958333328125001 0.3125 0.8916666671875 0.309375 0.8819444437499999 0.3109375 0.8708333328125001 0.27421875 0.8444444437499999 0.26328125 0.8444444437499999 0.26171875 0.93194444375 0.284375 0.9444444437499999 0.29765625 0.9458333328125 0.31796875 0.95555555625 0.32265625 0.9541666671875 0.3234375 0.9486111109375001 0.325 0.909722221875
4 0.0375 0.690277778125 0.0328125 0.70694444375 0.03203125 0.7236111109375 0.03828125 0.7361111109375 0.04765625 0.7194444437499999 0.0453125 0.6791666671875001 0.04921875 0.6611111109375 0.04375 0.6611111109375 0.03828125 0.66944444375 0.0375 0.690277778125
4 0.0453125 0.6625 0.04765625 0.66944444375 0.0484375 0.6625 0.0453125 0.6625
4 0.02421875 0.6569444437499999 0.01953125 0.6629625 0.01953125 0.6550930562499999 0.02421875 0.647222221875 0.02265625 0.6458333328125 0.01953125 0.647222221875 0.01875 0.6736111109375 0.0125 0.6972222218749999 0.0125 0.7180555562500001 0.01484375 0.7194444437499999 0.0171875 0.7180555562500001 0.01953125 0.6763888890625 0.0234375 0.665277778125 0.02421875 0.6569444437499999
4 0.03671875 0.7083333328125 0.0328125 0.7138888890625 0.03515625 0.7236111109375 0.03828125 0.70694444375 0.03515625 0.7013888890625 0.03828125 0.6986111109375 0.03828125 0.690277778125 0.03359375 0.7041666671875 0.03671875 0.7083333328125
4 0.03984375 0.6833333328125 0.03984375 0.6777777781250001 0.04375 0.6777777781250001 0.0421875 0.6666666671875 0.0390625 0.665277778125 0.0375 0.66944444375 0.04296875 0.722222221875 0.03671875 0.73194444375 0.0421875 0.7291666671875 0.04453125 0.7208333328125 0.04453125 0.6916666671875 0.03984375 0.6833333328125