0 0.21805555625 0.403125 0.21944444375 0.41640625 0.24444444375000002 0.4328125 0.24444444375000002 0.4375 0.225 0.44296875 0.19583333281249998 0.44609375 0.1611111109375 0.4578125 0.15972222187500001 0.49375 0.25833333281250004 0.49453125 0.2791666671875 0.49609375 0.302777778125 0.5015625 0.3138888890625 0.5 0.31805555625 0.49609375 0.34305555625 0.4953125 0.3513888890625 0.43828125 0.34861111093749997 0.43359375 0.3138888890625 0.428125 0.30694444375 0.425 0.302777778125 0.4078125 0.29444444375 0.40234375 0.259722221875 0.40078125 0.21805555625 0.403125
2 0.4513888890625 0.96875 0.425 0.9765625 0.427777778125 0.984375 0.43333333281249997 0.9875 0.46944444374999994 0.98671875 0.4763888890625 0.98515625 0.477777778125 0.975 0.46666666718750005 0.9671875 0.4513888890625 0.96875
1 0.10555555624999999 0.6171875 0.10138888906250001 0.61953125 0.10138888906250001 0.6265625 0.10555555624999999 0.6296875 0.2541666671875 0.628125 0.259722221875 0.63203125 0.259722221875 0.63828125 0.2541666671875 0.64296875 0.26527777812500003 0.64375 0.2708333328125 0.63359375 0.2791666671875 0.63125 0.28611111093749997 0.625 0.28055555625 0.61171875 0.2888888890625 0.59921875 0.28055555625 0.5984375 0.2666666671875 0.6125 0.259722221875 0.61484375 0.10555555624999999 0.6171875
1 0.08333333281250001 0.54609375 0.08055555625000001 0.55546875 0.0916666671875 0.55859375 0.2125 0.55859375 0.22916666718749998 0.5625 0.22638888906250001 0.57265625 0.23055555625 0.57265625 0.2388888890625 0.56875 0.24305555625 0.5625 0.25 0.54765625 0.2513888890625 0.53125 0.2416666671875 0.53203125 0.23333333281250002 0.5453125 0.2166666671875 0.5484375 0.17916666718750002 0.54765625 0.1708333328125 0.5453125 0.08333333281250001 0.54609375
7 0.18055555625 0.084375 0.17361111093749998 0.0890625 0.15555555625 0.115625 0.15555555625 0.18125 0.17916666718750002 0.18125 0.1875 0.178125 0.20555555625 0.16484375 0.2166666671875 0.1515625 0.23194444375 0.15 0.240277778125 0.14609375 0.25833333281250004 0.121875 0.26805555625 0.1203125 0.28055555625 0.11328125 0.2791666671875 0.078125 0.2666666671875 0.06953125 0.23194444375 0.0703125 0.222222221875 0.075 0.18055555625 0.084375
7 0.15555555625 0.14765625 0.1513888890625 0.1421875 0.1541666671875 0.12265625 0.15 0.1171875 0.14305555625 0.11875 0.13055555624999998 0.13359375 0.127777778125 0.14453125 0.12222222187500001 0.146875 0.12222222187500001 0.16171875 0.13194444375 0.16328125 0.1513888890625 0.16015625 0.15555555625 0.14765625
7 0.0736111109375 0.14296875 0.08055555625000001 0.14453125 0.1041666671875 0.125 0.11388888906250001 0.11171875 0.11388888906250001 0.10546875 0.08055555625000001 0.10390625 0.07083333281250001 0.128125 0.0736111109375 0.14296875
7 0.134722221875 0.20859375 0.127777778125 0.20703125 0.12222222187500001 0.2109375 0.13194444375 0.2125 0.134722221875 0.20859375
7 0.09305555625 0.20703125 0.09305555625 0.2125 0.102777778125 0.2125 0.10833333281249999 0.2078125 0.11805555625 0.20703125 0.1041666671875 0.203125 0.0958333328125 0.203125 0.09305555625 0.20703125
7 0.06944444375 0.1578125 0.05694444375 0.1578125 0.05 0.1625 0.06805555625000001 0.16328125 0.06944444375 0.1578125
7 0.05 0.1734375 0.04444444375 0.175 0.05694444375 0.17578125 0.05 0.1734375
7 0.04305555625 0.22265625 0.0416666671875 0.22421875 0.04305555625 0.22890625 0.04305555625 0.22265625
7 0.1986111109375 0.00703125 0.2166666671875 0.00703125 0.2416666671875 0.0125 0.2708333328125 0.0125 0.27638888906250003 0.00703125 0.275 0.00078125 0.2 0.00078125 0.197222221875 0.00390625 0.1986111109375 0.00703125
7 0.20277777812500003 0.07578125 0.20972222187499998 0.06953125 0.23055555625 0.06953125 0.240277778125 0.06484375 0.2388888890625 0.0484375 0.24722222187499998 0.03046875 0.21944444375 0.02578125 0.20555555625 0.02578125 0.2 0.028125 0.16805555625 0.075 0.1708333328125 0.08046875 0.1875 0.08125 0.20277777812500003 0.07578125
7 0.125 0.07265625 0.13055555624999998 0.0734375 0.14305555625 0.05234375 0.15555555625 0.04296875 0.15972222187500001 0.03203125 0.16388888906250001 0.03046875 0.16388888906250001 0.0234375 0.15972222187500001 0.02109375 0.147222221875 0.021875 0.13333333281249998 0.0390625 0.125 0.05625 0.125 0.064453125 0.13194444375 0.06953125 0.125 0.0685546875 0.125 0.07265625
7 0.0958333328125 0.20546875 0.09444444375 0.2109375 0.10138888906250001 0.2109375 0.10555555624999999 0.20703125 0.102777778125 0.2046875 0.0958333328125 0.20546875
7 0.15 0.23203125 0.1111111109375 0.22890625 0.08333333281250001 0.23203125 0.072222221875 0.24921875 0.07638888906249999 0.25390625 0.0888888890625 0.25234375 0.14305555625 0.25625 0.1541666671875 0.2546875 0.15555555625 0.24453125 0.15 0.23203125
7 0.047222221875 0.32265625 0.055555556250000006 0.3234375 0.0888888890625 0.325 0.10138888906250001 0.32265625 0.10555555624999999 0.3140625 0.11388888906250001 0.30859375 0.13194444375 0.30625 0.14305555625 0.3 0.1666666671875 0.26484375 0.14305555625 0.2625 0.1111111109375 0.26328125 0.075 0.25859375 0.058333332812500006 0.27734375 0.055555556250000006 0.29921875 0.04444444375 0.3171875 0.047222221875 0.32265625
7 0.19305555624999998 0.178125 0.1763888890625 0.1828125 0.1888888890625 0.18359375 0.19305555624999998 0.1875 0.2541666671875 0.18984375 0.2541666671875 0.18203125 0.26805555625 0.1796875 0.26805555625 0.1625 0.275 0.15859375 0.26527777812500003 0.153125 0.2541666671875 0.15234375 0.2486111109375 0.15546875 0.23611111093749998 0.1515625 0.2236111109375 0.1578125 0.215277778125 0.16875 0.20555555625 0.16796875 0.197222221875 0.1703125 0.19305555624999998 0.178125
7 0.2208333328125 0.2453125 0.22777777812500002 0.23359375 0.19583333281249998 0.23125 0.1875 0.22890625 0.1833333328125 0.22421875 0.15555555625 0.23125 0.1541666671875 0.240625 0.1611111109375 0.2515625 0.1888888890625 0.26328125 0.2208333328125 0.2625 0.22638888906250001 0.25546875 0.2208333328125 0.2453125
7 0.25694444375000003 0.21328125 0.2388888890625 0.209375 0.1666666671875 0.20703125 0.1541666671875 0.2046875 0.140277778125 0.2078125 0.140277778125 0.21484375 0.17361111093749998 0.2203125 0.2138888890625 0.21875 0.24583333281250003 0.22109375 0.25694444375000003 0.21796875 0.25694444375000003 0.21328125
4 0.11805555625 0.98203125 0.11944444375 0.98828125 0.134722221875 0.98828125 0.14305555625 0.99375 0.16805555625 0.99609375 0.16805555625 0.99296875 0.177777778125 0.98984375 0.20833333281250002 0.9875 0.240277778125 0.98125 0.25555555625 0.98203125 0.25555555625 0.9765625 0.2416666671875 0.9703125 0.21805555625 0.975 0.177777778125 0.97421875 0.16944444375 0.97109375 0.147222221875 0.9703125 0.1291666671875 0.9796875 0.11805555625 0.98203125
4 0.95555555625 0.0375 0.959722221875 0.03984375 0.95694444375 0.04765625 0.9694444437499999 0.0609375 0.9791666671874999 0.06171875 0.984722221875 0.06953125 0.997222221875 0.07578125 0.9916666671875 0.07265625 0.997222221875 0.0716796875 0.997222221875 0.0265625 0.9833333328125 0.021875 0.977777778125 0.015625 0.95555555625 0.01015625 0.9458333328125 0.01015625 0.934722221875 0.0140625 0.9333333328125001 0.02109375 0.95555555625 0.03203125 0.95555555625 0.0375
4 0.3958333328125 0.88359375 0.38333333281250004 0.884375 0.38055555625 0.89296875 0.40833333281249995 0.9046875 0.45277777812500003 0.9046875 0.46805555625000006 0.90234375 0.49305555625 0.89375 0.5305555562500001 0.89375 0.5375 0.88828125 0.5375 0.86953125 0.527777778125 0.86953125 0.5041666671875 0.8796875 0.46944444374999994 0.8859375 0.45555555625000005 0.88203125 0.4263888890625 0.88203125 0.4166666671875 0.8875 0.40694444374999994 0.8875 0.3958333328125 0.88359375
4 0.2166666671875 0.80078125 0.20277777812500003 0.8046875 0.16944444375 0.80390625 0.15555555625 0.80703125 0.1513888890625 0.81328125 0.172222221875 0.815625 0.190277778125 0.8125 0.21944444375 0.8125 0.21944444375 0.80546875 0.2166666671875 0.80078125
4 0.034722221875 0.87578125 0.10833333281249999 0.87421875 0.1111111109375 0.8671875 0.10138888906250001 0.86484375 0.06944444375 0.86796875 0.0513888890625 0.8640625 0.0375 0.87109375 0.034722221875 0.87578125