2 0.025 0.4625 0.0296875 0.46805555625000006 0.04296875 0.46527777812500004 0.0453125 0.447222221875 0.03828125 0.4388888890625 0.0359375 0.42083333281249996 0.025 0.41944444374999995 0.025 0.4625
1 0.38671875 0.2833333328125 0.39453125 0.290277778125 0.39453125 0.28055555625 0.38671875 0.2638888890625 0.38671875 0.15 0.384375 0.10833333281249999 0.37578125 0.102777778125 0.3703125 0.10833333281249999 0.3734375 0.20138888906250002 0.37265625 0.2541666671875 0.36875 0.2611111109375 0.359375 0.259722221875 0.3578125 0.26527777812500003 0.36875 0.272222221875 0.37578125 0.28611111093749997 0.38671875 0.2833333328125
1 0.46875 0.24305555625 0.45703125 0.23611111093749998 0.45234375 0.2166666671875 0.45234375 0.197222221875 0.45625 0.1708333328125 0.45390625 0.140277778125 0.4546875 0.084722221875 0.44296875 0.0875 0.4421875 0.2166666671875 0.4375 0.22777777812500002 0.43125 0.22638888906250001 0.4296875 0.23055555625 0.43203125 0.2388888890625 0.43828125 0.24305555625 0.46796875 0.2513888890625 0.46875 0.24305555625
6 0.72890625 0.272222221875 0.7390625 0.2791666671875 0.76015625 0.27777777812500004 0.76328125 0.272222221875 0.7640625 0.240277778125 0.7609375 0.2236111109375 0.7625 0.2166666671875 0.75078125 0.19305555624999998 0.73671875 0.190277778125 0.72890625 0.15694444375 0.69140625 0.15 0.68125 0.165277778125 0.6703125 0.1666666671875 0.665625 0.1763888890625 0.6609375 0.16805555625 0.65625 0.17916666718750002 0.65625 0.222222221875 0.6625 0.240277778125 0.6859375 0.2416666671875 0.69765625 0.24722222187499998 0.70234375 0.272222221875 0.70859375 0.2833333328125 0.7203125 0.28472222187499996 0.72890625 0.272222221875
6 0.65703125 0.2513888890625 0.65546875 0.23055555625 0.6453125 0.2236111109375 0.63671875 0.2236111109375 0.6328125 0.215277778125 0.63671875 0.20694444375 0.63671875 0.1916666671875 0.6078125 0.1763888890625 0.59765625 0.15972222187500001 0.575 0.1611111109375 0.56875 0.18055555625 0.56640625 0.197222221875 0.56875 0.22638888906250001 0.5734375 0.23055555625 0.5765625 0.240277778125 0.59453125 0.25555555625 0.60546875 0.259722221875 0.65078125 0.25833333281250004 0.65703125 0.2513888890625
7 0.85 0.1208333328125 0.84375 0.1208333328125 0.8390625 0.1291666671875 0.83828125 0.134722221875 0.84453125 0.1513888890625 0.89140625 0.15277777812499999 0.88671875 0.1458333328125 0.88359375 0.1513888890625 0.87265625 0.134722221875 0.85546875 0.127777778125 0.85 0.1208333328125
7 0.96953125 0.10555555624999999 0.96640625 0.0958333328125 0.9625 0.102777778125 0.9625 0.11805555625 0.96640625 0.115277778125 0.96953125 0.10555555624999999
7 0.93828125 0.072222221875 0.9234375 0.072222221875 0.9078125 0.08194444375 0.90625 0.11944444375 0.9125 0.125 0.9265625 0.1291666671875 0.94609375 0.12222222187500001 0.95234375 0.11388888906250001 0.95390625 0.0861111109375 0.946875 0.077777778125 0.93828125 0.072222221875
7 0.8625 0.07083333281250001 0.85703125 0.077777778125 0.85625 0.08055555625000001 0.875 0.102777778125 0.88828125 0.11388888906250001 0.89453125 0.11388888906250001 0.89765625 0.09305555625 0.896875 0.08055555625000001 0.8703125 0.07083333281250001 0.8625 0.07083333281250001
7 0.8484375 0.222222221875 0.85078125 0.23611111093749998 0.878125 0.25833333281250004 0.88125 0.275 0.88671875 0.28055555625 0.89609375 0.27638888906250003 0.92109375 0.2791666671875 0.93046875 0.26805555625 0.93046875 0.23333333281250002 0.9265625 0.22638888906250001 0.92265625 0.20555555625 0.91875 0.2 0.915625 0.18194444375000002 0.90625 0.16944444375 0.88515625 0.15555555625 0.85703125 0.15555555625 0.85234375 0.1611111109375 0.84375 0.15555555625 0.81953125 0.15555555625 0.81640625 0.16805555625 0.8140625 0.19305555624999998 0.8171875 0.20138888906250002 0.81796875 0.21805555625 0.825 0.22916666718749998 0.83125 0.23055555625 0.8375 0.21805555625 0.8453125 0.21805555625 0.8484375 0.222222221875
7 0.209375 0.3013888890625 0.2125 0.30416666718749996 0.2171875 0.302777778125 0.22109375 0.290277778125 0.22734375 0.28611111093749997 0.2453125 0.28055555625 0.2546875 0.28055555625 0.26328125 0.28611111093749997 0.2671875 0.28055555625 0.2703125 0.26805555625 0.26875 0.23055555625 0.23515625 0.172222221875 0.21640625 0.165277778125 0.1890625 0.17361111093749998 0.18125 0.1888888890625 0.1703125 0.1916666671875 0.175 0.20138888906250002 0.17265625 0.22777777812500002 0.175 0.26527777812500003 0.1890625 0.26527777812500003 0.19921875 0.2708333328125 0.209375 0.3013888890625
7 0.99375 0.28055555625 0.99921875 0.27777777812500004 0.99921875 0.2208333328125 0.99375 0.215277778125 0.98984375 0.21805555625 0.9875 0.2708333328125 0.99375 0.28055555625
7 0.9765625 0.215277778125 0.97578125 0.20555555625 0.971875 0.197222221875 0.928125 0.16944444375 0.9234375 0.16805555625 0.91875 0.17361111093749998 0.91796875 0.1888888890625 0.9296875 0.2125 0.93046875 0.23055555625 0.93515625 0.2388888890625 0.9546875 0.2388888890625 0.96875 0.24722222187499998 0.971875 0.24305555625 0.9765625 0.215277778125
7 0.95546875 0.13055555624999998 0.94296875 0.125 0.92734375 0.1263888890625 0.92578125 0.1291666671875 0.93359375 0.1375 0.95 0.15 0.9703125 0.15972222187500001 0.98046875 0.15972222187500001 0.98046875 0.15277777812499999 0.9765625 0.14444444375 0.95546875 0.13055555624999998
7 0.79453125 0.1291666671875 0.79140625 0.1166666671875 0.78671875 0.115277778125 0.784375 0.13194444375 0.7796875 0.134722221875 0.7796875 0.13888888906250002 0.78515625 0.14305555625 0.7859375 0.15277777812499999 0.78984375 0.1541666671875 0.79296875 0.1513888890625 0.79453125 0.1291666671875
7 0.79296875 0.09444444375 0.7890625 0.097222221875 0.7953125 0.1111111109375 0.79765625 0.0958333328125 0.79296875 0.09444444375
7 0.76640625 0.1583333328125 0.7703125 0.140277778125 0.7703125 0.0916666671875 0.76171875 0.077777778125 0.74921875 0.07638888906249999 0.7453125 0.15972222187500001 0.76640625 0.1583333328125
7 0.72578125 0.15555555625 0.7359375 0.15555555625 0.7390625 0.06944444375 0.7234375 0.058333332812500006 0.7 0.054166667187499996 0.6828125 0.04444444375 0.67734375 0.047222221875 0.6765625 0.055555556250000006 0.675 0.09305555625 0.68046875 0.1041666671875 0.68671875 0.10694444375 0.690625 0.1166666671875 0.68984375 0.1291666671875 0.70234375 0.1416666671875 0.71796875 0.147222221875 0.72578125 0.15555555625