1 0.3953125 0.28472222187499996 0.38671875 0.259722221875 0.3859375 0.24583333281250003 0.3859375 0.215277778125 0.38984375 0.1916666671875 0.384375 0.1041666671875 0.37265625 0.10555555624999999 0.3703125 0.1208333328125 0.371875 0.2541666671875 0.36875 0.259722221875 0.359375 0.259722221875 0.3578125 0.26527777812500003 0.37578125 0.28472222187499996 0.3859375 0.28194444375 0.39375 0.2888888890625 0.3953125 0.28472222187499996
1 0.43046875 0.23472222187499997 0.4375 0.24305555625 0.45625 0.2513888890625 0.46875 0.2513888890625 0.46953125 0.24444444375000002 0.45703125 0.23472222187499997 0.45390625 0.225 0.45390625 0.1888888890625 0.45625 0.172222221875 0.45390625 0.0861111109375 0.44765625 0.08055555625000001 0.4421875 0.0916666671875 0.4421875 0.15277777812499999 0.43984375 0.15972222187500001 0.4421875 0.184722221875 0.44140625 0.2166666671875 0.43671875 0.222222221875 0.43125 0.222222221875 0.42890625 0.22777777812500002 0.43046875 0.23472222187499997
6 0.7078125 0.2833333328125 0.72265625 0.28194444375 0.73046875 0.26805555625 0.7375 0.27777777812500004 0.7625 0.275 0.7640625 0.2416666671875 0.76171875 0.21805555625 0.7515625 0.197222221875 0.73515625 0.1875 0.73125 0.1611111109375 0.72734375 0.15555555625 0.7046875 0.15 0.68828125 0.1513888890625 0.678125 0.16805555625 0.6703125 0.16805555625 0.66796875 0.16388888906250001 0.659375 0.16944444375 0.65625 0.17361111093749998 0.6546875 0.1888888890625 0.65390625 0.20694444375 0.6609375 0.2375 0.6640625 0.24305555625 0.66953125 0.24305555625 0.678125 0.23611111093749998 0.6984375 0.24722222187499998 0.70234375 0.275 0.7078125 0.2833333328125
6 0.63828125 0.2236111109375 0.634375 0.21805555625 0.63515625 0.20555555625 0.628125 0.1888888890625 0.625 0.184722221875 0.61328125 0.1833333328125 0.5984375 0.16388888906250001 0.575 0.1611111109375 0.5671875 0.1888888890625 0.56640625 0.21111111093749999 0.56875 0.22638888906250001 0.5765625 0.2416666671875 0.5953125 0.25833333281250004 0.65390625 0.25833333281250004 0.6578125 0.25 0.65546875 0.23055555625 0.63828125 0.2236111109375
7 0.83671875 0.1208333328125 0.8359375 0.1291666671875 0.84453125 0.1513888890625 0.88125 0.1541666671875 0.88671875 0.15 0.8671875 0.13055555624999998 0.85625 0.1291666671875 0.85 0.12222222187500001 0.83671875 0.1208333328125
7 0.9625 0.08333333281250001 0.96171875 0.11805555625 0.9703125 0.10555555624999999 0.96953125 0.097222221875 0.9625 0.08333333281250001
7 0.92421875 0.072222221875 0.90703125 0.084722221875 0.90625 0.11944444375 0.92421875 0.1291666671875 0.92890625 0.12222222187500001 0.94765625 0.1208333328125 0.9546875 0.09305555625 0.95390625 0.08194444375 0.93828125 0.072222221875 0.92421875 0.072222221875
7 0.85703125 0.08055555625000001 0.8640625 0.090277778125 0.8890625 0.11388888906250001 0.89609375 0.11388888906250001 0.896875 0.08055555625000001 0.878125 0.072222221875 0.86171875 0.072222221875 0.85703125 0.08055555625000001
7 0.190625 0.19583333281249998 0.1953125 0.1916666671875 0.2 0.175 0.20546875 0.1666666671875 0.20546875 0.1513888890625 0.203125 0.14444444375 0.19453125 0.13888888906250002 0.171875 0.1111111109375 0.153125 0.109722221875 0.14765625 0.12222222187500001 0.1484375 0.1583333328125 0.15078125 0.1666666671875 0.15546875 0.16944444375 0.15859375 0.1833333328125 0.1640625 0.1875 0.1765625 0.184722221875 0.1828125 0.19444444375 0.190625 0.19583333281249998
7 0.8515625 0.23611111093749998 0.87109375 0.25555555625 0.878125 0.25833333281250004 0.88203125 0.27777777812500004 0.92421875 0.27777777812500004 0.93046875 0.2638888890625 0.93046875 0.23333333281250002 0.925 0.2208333328125 0.915625 0.18194444375000002 0.90390625 0.16805555625 0.88125 0.15555555625 0.85625 0.15555555625 0.85234375 0.165277778125 0.8484375 0.1583333328125 0.84140625 0.15555555625 0.8203125 0.15555555625 0.81640625 0.1708333328125 0.815625 0.19444444375 0.81875 0.222222221875 0.8296875 0.22777777812500002 0.8375 0.2138888890625 0.846875 0.215277778125 0.84921875 0.21805555625 0.84921875 0.23055555625 0.8515625 0.23611111093749998
7 0.9671875 0.29305555625 0.9671875 0.28055555625 0.96118021875 0.297060409375 0.9671875 0.29305555625
7 0.960821759375 0.29804526875000004 0.95859375 0.30416666718749996 0.95859375 0.31944444375000003 0.96171875 0.31944444375000003 0.96640625 0.30555555624999997 0.96015625 0.302777778125 0.960821759375 0.29804526875000004
7 0.9539930546875001 0.2654320984375 0.95625 0.2513888890625 0.9515625 0.2541666671875 0.95078125 0.259722221875 0.9539930546875001 0.2654320984375
7 0.9515625 0.28055555625 0.9537109375 0.2671875 0.95078125 0.26875 0.9515625 0.28055555625
7 0.99921875 0.3541666671875 0.99921875 0.2236111109375 0.99375 0.222222221875 0.9875 0.23472222187499997 0.984375 0.2833333328125 0.98046875 0.3013888890625 0.97890625 0.3263888890625 0.9765625 0.33055555625 0.98046875 0.33888888906250003 0.9859375 0.3416666671875 0.9890625 0.3513888890625 0.99921875 0.3541666671875
7 0.33359375 0.16388888906250001 0.34765625 0.1611111109375 0.35546875 0.16805555625 0.3625 0.15972222187500001 0.36328125 0.1541666671875 0.36875 0.15555555625 0.36875 0.109722221875 0.38125 0.097222221875 0.3796875 0.0375 0.37578125 0.034722221875 0.3546875 0.055555556250000006 0.3421875 0.052777778124999994 0.33359375 0.05694444375 0.32890625 0.04305555625 0.28671875 0.05 0.28125 0.055555556250000006 0.27890625 0.06805555625000001 0.28046875 0.075 0.275 0.10138888906250001 0.275 0.1666666671875 0.28203125 0.177777778125 0.28828125 0.172222221875 0.296875 0.172222221875 0.30234375 0.190277778125 0.30625 0.19444444375 0.32421875 0.19305555624999998 0.33359375 0.16388888906250001
7 0.4015625 0.18055555625 0.41953125 0.1833333328125 0.42890625 0.177777778125 0.4390625 0.1541666671875 0.44140625 0.11805555625 0.45625 0.11805555625 0.45703125 0.17361111093749998 0.46171875 0.177777778125 0.46796875 0.16805555625 0.4765625 0.140277778125 0.478125 0.10138888906250001 0.47578125 0.084722221875 0.4765625 0.047222221875 0.47265625 0.022222221875 0.4671875 0.009722221875000001 0.4265625 0.006944443749999999 0.4171875 0.013888889062500001 0.3953125 0.019444443750000002 0.38984375 0.025 0.38828125 0.0388888890625 0.3890625 0.0638888890625 0.39140625 0.07083333281250001 0.38828125 0.0861111109375 0.38828125 0.1166666671875 0.39375 0.13194444375 0.39375 0.1541666671875 0.3984375 0.1611111109375 0.4015625 0.18055555625
7 0.96953125 0.23611111093749998 0.971875 0.23055555625 0.9734375 0.20555555625 0.9671875 0.19444444375 0.9515625 0.1875 0.92890625 0.16944444375 0.9203125 0.16805555625 0.91875 0.172222221875 0.91875 0.1888888890625 0.92734375 0.20833333281250002 0.93046875 0.22916666718749998 0.93359375 0.23472222187499997 0.9421875 0.240277778125 0.95625 0.2416666671875 0.96171875 0.23194444375 0.96953125 0.23611111093749998
7 0.93203125 0.1208333328125 0.925 0.12361111093749999 0.925 0.13055555624999998 0.94375 0.1458333328125 0.9546875 0.1458333328125 0.96484375 0.1541666671875 0.97890625 0.15694444375 0.97421875 0.1458333328125 0.959375 0.13194444375 0.93203125 0.1208333328125
7 0.78125 0.13888888906250002 0.7859375 0.15 0.7921875 0.15 0.79296875 0.115277778125 0.78828125 0.115277778125 0.7859375 0.13194444375 0.78125 0.13888888906250002
7 0.796875 0.097222221875 0.79140625 0.097222221875 0.79296875 0.10694444375 0.796875 0.102777778125 0.796875 0.097222221875
7 0.7484375 0.0875 0.7453125 0.1583333328125 0.76328125 0.15972222187500001 0.76796875 0.1541666671875 0.7703125 0.1375 0.7703125 0.084722221875 0.7609375 0.077777778125 0.75 0.07638888906249999 0.7484375 0.0875
7 0.73671875 0.15555555625 0.7390625 0.06944444375 0.690625 0.047222221875 0.68046875 0.0458333328125 0.6765625 0.055555556250000006 0.67578125 0.09305555625 0.68046875 0.1041666671875 0.6859375 0.10555555624999999 0.6953125 0.1263888890625 0.70703125 0.1416666671875 0.71796875 0.1458333328125 0.7265625 0.15555555625 0.73671875 0.15555555625
4 0.94921875 0.3166666671875 0.95625 0.32083333281250004 0.96953125 0.26805555625 0.96796875 0.240277778125 0.96171875 0.2416666671875 0.95625 0.25555555625 0.9515625 0.28055555625 0.94921875 0.3166666671875
4 0.5296875 0.1041666671875 0.52578125 0.10833333281249999 0.52421875 0.1291666671875 0.5265625 0.15694444375 0.53125 0.16805555625 0.53515625 0.16805555625 0.5421875 0.11805555625 0.53359375 0.09444444375 0.53125 0.09444444375 0.5296875 0.1041666671875
4 0.1 0.3541666671875 0.0984375 0.33194444375 0.09375 0.3138888890625 0.09453125 0.2833333328125 0.096875 0.27638888906250003 0.09140625 0.2611111109375 0.0796875 0.24722222187499998 0.07578125 0.2486111109375 0.07734375 0.26805555625 0.075 0.30694444375 0.08046875 0.3083333328125 0.0828125 0.3138888890625 0.08515625 0.34722222187499996 0.090625 0.3513888890625 0.0953125 0.3625 0.1 0.3541666671875