2 0.9703125 0.5555555562500001 0.97890625 0.577777778125 0.98515625 0.5708333328124999 0.9875 0.5666666671875 0.9859375 0.527777778125 0.98125 0.522222221875 0.975 0.522222221875 0.9671875 0.5319444437499999 0.9703125 0.5555555562500001
2 0.6140625 0.8708333328125001 0.6171875 0.8680555562500001 0.6171875 0.8444444437499999 0.61171875 0.8361111109375001 0.60859375 0.8458333328125001 0.60859375 0.85694444375 0.6109375 0.8680555562500001 0.6140625 0.8708333328125001
1 0.61484375 0.8486111109375001 0.6171875 0.85555555625 0.6171875 0.89444444375 0.61953125 0.8986111109375001 0.628125 0.8958333328125001 0.628125 0.7515875000000001 0.64375 0.74444444375 0.63984375 0.74444444375 0.6368009859375 0.730921053125 0.63359375 0.7291666671875 0.63125 0.7208333328125 0.625 0.7138888890625 0.61171875 0.7194444437499999 0.59921875 0.7111111109375 0.5984375 0.7194444437499999 0.6109375 0.73194444375 0.61484375 0.7430555562500001 0.61484375 0.8083333328125001 0.6171875 0.8111111109375001 0.6171875 0.8375 0.61484375 0.8486111109375001
1 0.5484375 0.7833333328125 0.54765625 0.8194444437499999 0.5453125 0.8291666671875 0.5453125 0.9138888890624999 0.5484375 0.91944444375 0.55546875 0.91944444375 0.5578125 0.9138888890624999 0.55859375 0.784722221875 0.5609375 0.775 0.5734375 0.7736111109375 0.57421875 0.76944444375 0.571875 0.7666666671875 0.5703125 0.7736111109375 0.565625 0.7708333328125 0.56796875 0.7597222218749999 0.5625 0.7569444437499999 0.54765625 0.75 0.53125 0.7486111109375 0.53125 0.7569444437499999 0.54453125 0.765277778125 0.5484375 0.7833333328125
6 0.42578125 0.8388888890624999 0.4296875 0.83194444375 0.4328125 0.8138888890624999 0.43359375 0.784722221875 0.43046875 0.7736111109375 0.42578125 0.76805555625 0.42265625 0.7569444437499999 0.40546875 0.7430555562500001 0.3484375 0.7416666671875001 0.34296875 0.75 0.3453125 0.76944444375 0.35234375 0.7763888890625 0.3671875 0.7819444437499999 0.37421875 0.8125 0.39453125 0.8263888890625 0.40234375 0.840277778125 0.42578125 0.8388888890624999
6 0.21171875 0.7611111109375 0.21640625 0.7736111109375 0.22109375 0.7736111109375 0.21953125 0.7236111109375 0.2125 0.7361111109375 0.21171875 0.7611111109375
6 0.25625 0.722222221875 0.25 0.7333333328125 0.24921875 0.7569444437499999 0.2359375 0.7583333328124999 0.23359375 0.7666666671875 0.23125 0.8194444437499999 0.240625 0.8333333328125001 0.23984375 0.852777778125 0.24296875 0.8819444437499999 0.25 0.89444444375 0.27421875 0.9041666671874999 0.29375 0.902777778125 0.2984375 0.89444444375 0.30078125 0.8583333328125 0.31171875 0.8444444437499999 0.31640625 0.83055555625 0.3125 0.8222222218749999 0.31171875 0.775 0.30546875 0.7611111109375 0.29296875 0.7583333328124999 0.28828125 0.7611111109375 0.2828125 0.7819444437499999 0.27734375 0.7819444437499999 0.27109375 0.76805555625 0.26875 0.7333333328125 0.2625 0.7236111109375 0.25625 0.722222221875
7 0.0890625 0.8263888890625 0.109375 0.8416666671874999 0.13203125 0.8458333328125001 0.14453125 0.8444444437499999 0.14765625 0.840277778125 0.153125 0.8444444437499999 0.18046875 0.8430555562500001 0.18046875 0.8194444437499999 0.16640625 0.7958333328125 0.15234375 0.784722221875 0.15 0.765277778125 0.14609375 0.7597222218749999 0.121875 0.7416666671875001 0.11875 0.725 0.11484375 0.7208333328125 0.09296875 0.7236111109375 0.0890625 0.7333333328125 0.0875 0.7486111109375 0.0734375 0.76944444375 0.084375 0.81805555625 0.0890625 0.8263888890625
7 0.01015625 0.7416666671875001 0.01875 0.722222221875 0.02109375 0.6583333328125 0.00234375 0.659722221875 0.00078125 0.73194444375 0.01015625 0.7416666671875001
7 0.08046875 0.7569444437499999 0.0875 0.7388888890625 0.0921875 0.702777778125 0.084375 0.6916666671875 0.0796875 0.6777777781250001 0.07421875 0.672222221875 0.059375 0.66944444375 0.05 0.6486111109375 0.0421875 0.64444444375 0.03828125 0.6541666671875 0.0359375 0.6861111109375 0.03125 0.7111111109375 0.03046875 0.7541666671875 0.05703125 0.76805555625 0.06953125 0.76805555625 0.08046875 0.7569444437499999
7 0.00546875 0.777777778125 0.01015625 0.7736111109375 0.01171875 0.7458333328125 0.00078125 0.74444444375 0.00078125 0.772222221875 0.00546875 0.777777778125
7 0.05546875 0.76944444375 0.03203125 0.7569444437499999 0.028125 0.7597222218749999 0.02578125 0.7916666671875 0.03046875 0.8027777781250001 0.0703125 0.83055555625 0.08125 0.8291666671875 0.08203125 0.8125 0.07109375 0.790277778125 0.06875 0.7708333328125 0.05546875 0.76944444375
7 0.04375 0.8444444437499999 0.02109375 0.840277778125 0.02109375 0.85 0.0234375 0.8541666671874999 0.04375 0.86944444375 0.0625 0.877777778125 0.07421875 0.8736111109375001 0.075 0.8708333328125001 0.0609375 0.859722221875 0.05234375 0.85694444375 0.04375 0.8444444437499999
7 0.1421875 0.8486111109375001 0.115625 0.85 0.11640625 0.85555555625 0.13359375 0.86944444375 0.1421875 0.8708333328125001 0.146875 0.877777778125 0.16171875 0.877777778125 0.16328125 0.8666666671875 0.1609375 0.85 0.15 0.8444444437499999 0.1421875 0.8486111109375001
7 0.140625 0.9291666671875 0.14375 0.91944444375 0.125 0.8958333328125001 0.10625 0.8861111109375001 0.10234375 0.9055555562500001 0.10390625 0.91944444375 0.11953125 0.9277777781250001 0.140625 0.9291666671875
4 0.3 0.1833333328125 0.30078125 0.1916666671875 0.3078125 0.1916666671875 0.31171875 0.1986111109375 0.31953125 0.23333333281250002 0.31953125 0.24305555625 0.325 0.259722221875 0.3234375 0.29305555625 0.3203125 0.2986111109375 0.31796875 0.315277778125 0.31796875 0.352777778125 0.303125 0.36944444375 0.31328125 0.39444444375 0.32421875 0.3916666671875 0.328125 0.375 0.3484375 0.36666666718749996 0.35078125 0.35694444375 0.3515625 0.2986111109375 0.35546875 0.2888888890625 0.36875 0.21944444375 0.37421875 0.20694444375 0.375 0.1861111109375 0.37890625 0.1763888890625 0.3765625 0.1666666671875 0.35703125 0.175 0.35625 0.18194444375000002 0.36171875 0.1875 0.3625 0.19305555624999998 0.34609375 0.23472222187499997 0.340625 0.22916666718749998 0.33125 0.1986111109375 0.31953125 0.1833333328125 0.31953125 0.16944444375 0.3078125 0.172222221875 0.3 0.1833333328125
4 0.7453125 0.8458333328125001 0.74140625 0.8416666671874999 0.7421875 0.8680555562500001 0.7390625 0.8861111109375001 0.74609375 0.9 0.74765625 0.8666666671875 0.7453125 0.8458333328125001
4 0.4671875 0.83194444375 0.4703125 0.85555555625 0.475 0.859722221875 0.4859375 0.840277778125 0.4875 0.83194444375 0.4875 0.7736111109375 0.475 0.772222221875 0.47109375 0.7861111109375 0.47109375 0.8222222218749999 0.4671875 0.83194444375