2 0.58055555625 0.025 0.540277778125 0.025 0.5319444437499999 0.02890625 0.5319444437499999 0.0359375 0.5375 0.03828125 0.575 0.03671875 0.58194444375 0.0328125 0.58055555625 0.025
1 0.872222221875 0.384375 0.890277778125 0.384375 0.897222221875 0.38046875 0.890277778125 0.3703125 0.7458333328125 0.371875 0.7402777781250001 0.36875 0.7402777781250001 0.3578125 0.734722221875 0.3578125 0.727777778125 0.36875 0.7138888890625 0.375 0.7166666671875 0.38671875 0.7111111109375 0.3953125 0.73055555625 0.39140625 0.7361111109375 0.38671875 0.7541666671875 0.38515625 0.8263888890625 0.38984375 0.85555555625 0.3890625 0.872222221875 0.384375
1 0.9069444437499999 0.4546875 0.91944444375 0.44921875 0.9111111109375001 0.44296875 0.85694444375 0.4421875 0.840277778125 0.43984375 0.7861111109375 0.4421875 0.7736111109375 0.43671875 0.7736111109375 0.43046875 0.76944444375 0.4296875 0.7611111109375 0.4328125 0.7569444437499999 0.43828125 0.7486111109375 0.46796875 0.7569444437499999 0.46875 0.7638888890625 0.4578125 0.784722221875 0.45234375 0.8333333328125001 0.45625 0.9069444437499999 0.4546875
6 0.784722221875 0.76171875 0.8027777781250001 0.7546875 0.8125 0.73515625 0.8430555562500001 0.7296875 0.85 0.70703125 0.85 0.690625 0.834722221875 0.6796875 0.8361111109375001 0.675 0.827777778125 0.6640625 0.83055555625 0.6609375 0.8222222218749999 0.65625 0.7888888890625 0.6546875 0.7625 0.6609375 0.7583333328124999 0.66328125 0.7611111109375 0.684375 0.752777778125 0.6984375 0.725 0.70234375 0.7166666671875 0.70859375 0.7166666671875 0.72109375 0.727777778125 0.72890625 0.722222221875 0.73671875 0.722222221875 0.753125 0.7236111109375 0.7609375 0.7291666671875 0.76328125 0.784722221875 0.76171875
6 0.8388888890624999 0.596875 0.8388888890624999 0.57734375 0.8194444437499999 0.56875 0.8013888890624999 0.56640625 0.7805555562500001 0.5671875 0.7569444437499999 0.5765625 0.7541666671875 0.584375 0.7402777781250001 0.5984375 0.7416666671875001 0.653125 0.7486111109375 0.65703125 0.7708333328125 0.6546875 0.777777778125 0.63671875 0.7833333328125 0.6328125 0.8027777781250001 0.63671875 0.815277778125 0.62578125 0.8236111109375001 0.60703125 0.8388888890624999 0.596875
7 0.8791666671874999 0.83671875 0.86944444375 0.8359375 0.8486111109375001 0.84453125 0.8486111109375001 0.8921875 0.86944444375 0.8671875 0.8708333328125001 0.8578125 0.8791666671874999 0.84609375 0.8791666671874999 0.83671875
7 0.91805555625 0.9625 0.9125 0.9640625 0.909722221875 0.96171875 0.8819444437499999 0.96171875 0.8819444437499999 0.9640625 0.890277778125 0.971875 0.9 0.97421875 0.91805555625 0.9625
7 0.8736111109375001 0.92265625 0.88055555625 0.92734375 0.877777778125 0.94609375 0.8833333328125 0.9515625 0.9055555562500001 0.95546875 0.91805555625 0.95390625 0.9277777781250001 0.9390625 0.9277777781250001 0.9234375 0.915277778125 0.90703125 0.88055555625 0.90625 0.8736111109375001 0.91796875 0.8736111109375001 0.92265625
7 0.9069444437499999 0.89765625 0.91944444375 0.89609375 0.9277777781250001 0.87578125 0.9277777781250001 0.86171875 0.922222221875 0.8578125 0.9111111109375001 0.8625 0.897222221875 0.875 0.8861111109375001 0.8890625 0.8861111109375001 0.8953125 0.9069444437499999 0.89765625
7 0.7333333328125 0.93046875 0.7666666671875 0.93046875 0.7763888890625 0.92578125 0.8166666671874999 0.91640625 0.827777778125 0.909375 0.8444444437499999 0.88046875 0.8444444437499999 0.85625 0.840277778125 0.85234375 0.8458333328125001 0.84140625 0.8430555562500001 0.81796875 0.8111111109375001 0.8140625 0.8 0.81796875 0.7805555562500001 0.81796875 0.7736111109375 0.821875 0.7708333328125 0.83125 0.7833333328125 0.8390625 0.7819444437499999 0.84609375 0.7638888890625 0.85078125 0.7416666671875001 0.878125 0.725 0.88125 0.7194444437499999 0.8859375 0.7236111109375 0.8953125 0.722222221875 0.921875 0.7333333328125 0.93046875
7 0.89305555625 0.36875 0.8986111109375001 0.38046875 0.9611111109375001 0.3796875 0.9625 0.37578125 0.95555555625 0.36484375 0.9444444437499999 0.35546875 0.9472222218749999 0.34375 0.94305555625 0.33359375 0.95555555625 0.32734375 0.9458333328125 0.28203125 0.9277777781250001 0.275 0.840277778125 0.275 0.834722221875 0.2859375 0.8444444437499999 0.29765625 0.872222221875 0.30078125 0.8819444437499999 0.3046875 0.8819444437499999 0.31015625 0.8791666671874999 0.31640625 0.85694444375 0.32578125 0.8541666671874999 0.3296875 0.8444444437499999 0.33203125 0.840277778125 0.33828125 0.8291666671875 0.34375 0.83194444375 0.36796875 0.89305555625 0.36875
7 0.9069444437499999 0.45625 0.8208333328125 0.45625 0.8222222218749999 0.4625 0.8361111109375001 0.47265625 0.8625 0.478125 0.9166666671874999 0.4765625 0.95 0.48046875 0.9861111109375 0.478125 0.9930555562500001 0.465625 0.9930555562500001 0.42734375 0.9791666671874999 0.39453125 0.9694444437499999 0.3890625 0.8819444437499999 0.38828125 0.8680555562500001 0.39296875 0.8444444437499999 0.39375 0.83055555625 0.40078125 0.8208333328125 0.40234375 0.8166666671874999 0.40703125 0.8166666671874999 0.42265625 0.83194444375 0.43671875 0.877777778125 0.4421875 0.8861111109375001 0.43984375 0.9069444437499999 0.44140625 0.915277778125 0.44296875 0.91944444375 0.4484375 0.9069444437499999 0.45625
7 0.7819444437499999 0.99296875 0.765277778125 0.98828125 0.73194444375 0.98828125 0.73194444375 0.99921875 0.7805555562500001 0.99921875 0.7819444437499999 0.99296875
7 0.8125 0.91796875 0.8041666671875 0.92265625 0.7861111109375 0.925 0.7638888890625 0.9328125 0.7597222218749999 0.9375 0.7611111109375 0.96171875 0.7541666671875 0.96875 0.7569444437499999 0.971875 0.79444444375 0.97421875 0.8027777781250001 0.96875 0.83055555625 0.92890625 0.83194444375 0.921875 0.8263888890625 0.91875 0.8125 0.91796875
7 0.85555555625 0.95390625 0.8458333328125001 0.9640625 0.840277778125 0.98046875 0.85 0.98046875 0.85694444375 0.9765625 0.8736111109375001 0.946875 0.8791666671874999 0.9265625 0.86944444375 0.925 0.86944444375 0.92890625 0.85694444375 0.9390625 0.85555555625 0.95390625
7 0.85 0.7859375 0.8486111109375001 0.79140625 0.8583333328125 0.79375 0.8819444437499999 0.79140625 0.8916666671875 0.796875 0.902777778125 0.79765625 0.9055555562500001 0.7875 0.8888888890625 0.790625 0.859722221875 0.78125 0.85694444375 0.78515625 0.85 0.7859375
7 0.9083333328125001 0.77265625 0.91944444375 0.7671875 0.925 0.753125 0.9236111109375 0.74921875 0.9138888890624999 0.7484375 0.8430555562500001 0.7453125 0.8388888890624999 0.7515625 0.840277778125 0.76328125 0.8458333328125001 0.76875 0.9083333328125001 0.77265625
7 0.9513888890625 0.6765625 0.9069444437499999 0.675 0.8986111109375001 0.67734375 0.890277778125 0.6875 0.8736111109375001 0.6890625 0.85694444375 0.70625 0.85555555625 0.71796875 0.8444444437499999 0.7265625 0.8430555562500001 0.7359375 0.9305555562500001 0.7390625 0.9416666671874999 0.721875 0.9486111109375001 0.6953125 0.952777778125 0.6921875 0.95555555625 0.67890625 0.9513888890625 0.6765625
4 0.8027777781250001 0.31640625 0.80694444375 0.31875 0.8430555562500001 0.31875 0.8583333328125 0.32265625 0.8652777781250001 0.321875 0.88055555625 0.31328125 0.877777778125 0.31015625 0.872222221875 0.30625 0.8138888890624999 0.30703125 0.8041666671875 0.3109375 0.8027777781250001 0.31640625