2 0.96328125 0.575 0.9671875 0.58194444375 0.97421875 0.58055555625 0.9765625 0.5722222218749999 0.97421875 0.5375 0.9703125 0.5319444437499999 0.9640625 0.5319444437499999 0.96171875 0.5375 0.96328125 0.575
1 0.621875 0.8986111109375001 0.63046875 0.8916666671875 0.62734375 0.8430555562500001 0.62734375 0.7486111109375 0.63046875 0.7402777781250001 0.63984375 0.7402777781250001 0.640625 0.734722221875 0.63125 0.727777778125 0.625 0.7138888890625 0.61328125 0.7166666671875 0.60625 0.709722221875 0.60546875 0.7194444437499999 0.61328125 0.734722221875 0.61484375 0.7666666671875 0.61484375 0.8888888890625 0.621875 0.8986111109375001
1 0.55078125 0.91805555625 0.55703125 0.9138888890624999 0.5578125 0.784722221875 0.56328125 0.772222221875 0.56953125 0.7736111109375 0.5703125 0.76944444375 0.5671875 0.7611111109375 0.5609375 0.7569444437499999 0.5328125 0.7486111109375 0.53125 0.75555555625 0.54296875 0.7638888890625 0.54765625 0.784722221875 0.54375 0.83055555625 0.54609375 0.8583333328125 0.5453125 0.915277778125 0.55078125 0.91805555625
6 0.2421875 0.7875 0.2453125 0.8027777781250001 0.26484375 0.8125 0.26953125 0.8416666671874999 0.29375 0.85 0.30859375 0.85 0.3203125 0.8333333328125001 0.325 0.834722221875 0.3359375 0.8263888890625 0.3390625 0.83055555625 0.34296875 0.8236111109375001 0.34375 0.7819444437499999 0.3390625 0.7638888890625 0.3328125 0.7569444437499999 0.3171875 0.7611111109375 0.3015625 0.752777778125 0.29765625 0.725 0.29296875 0.7180555562500001 0.28125 0.715277778125 0.2703125 0.7291666671875 0.26328125 0.722222221875 0.2375 0.725 0.2359375 0.7638888890625 0.23828125 0.7819444437499999 0.2421875 0.7875
6 0.43125 0.8194444437499999 0.43125 0.7736111109375 0.41875 0.7541666671875 0.3984375 0.7402777781250001 0.34921875 0.7416666671875001 0.34296875 0.7486111109375 0.34453125 0.76944444375 0.36328125 0.7763888890625 0.3671875 0.7833333328125 0.36328125 0.79444444375 0.36328125 0.8083333328125001 0.39375 0.8263888890625 0.4015625 0.840277778125 0.42421875 0.8388888890624999 0.43125 0.8194444437499999
7 0.14375 0.8708333328125001 0.15078125 0.8791666671874999 0.16015625 0.877777778125 0.1609375 0.8638888890624999 0.15546875 0.8486111109375001 0.140625 0.85 0.115625 0.8444444437499999 0.1125108875 0.8541327921875 0.1328125 0.86944444375 0.14375 0.8708333328125001
7 0.02734375 0.902777778125 0.0375 0.9111111109375001 0.03828125 0.8819444437499999 0.03359375 0.8833333328125 0.0265625 0.89444444375 0.02734375 0.902777778125
7 0.0453125 0.8986111109375001 0.046875 0.91805555625 0.0609375 0.9277777781250001 0.0765625 0.9277777781250001 0.0921875 0.91805555625 0.09375 0.88055555625 0.0859375 0.8736111109375001 0.0578125 0.875 0.04765625 0.8847222218749999 0.0453125 0.8986111109375001
7 0.10234375 0.9069444437499999 0.10390625 0.91944444375 0.13046875 0.9291666671875 0.1375 0.9291666671875 0.14296875 0.922222221875 0.14375 0.91944444375 0.125 0.897222221875 0.1109375 0.8861111109375001 0.1046875 0.8861111109375001 0.10234375 0.9069444437499999
7 0.06953125 0.7333333328125 0.06953125 0.76805555625 0.07421875 0.7763888890625 0.08359375 0.8166666671874999 0.08984375 0.8263888890625 0.1046875 0.834722221875 0.1078125 0.840277778125 0.1203125 0.8444444437499999 0.14375 0.8444444437499999 0.146875 0.8388888890624999 0.15859375 0.8444444437499999 0.18203125 0.8430555562500001 0.184375 0.80694444375 0.18203125 0.7819444437499999 0.178125 0.7736111109375 0.16796875 0.7708333328125 0.1625 0.7819444437499999 0.153125 0.7819444437499999 0.14921875 0.7638888890625 0.13046875 0.7458333328125 0.12109375 0.7416666671875001 0.11796875 0.7236111109375 0.11328125 0.7194444437499999 0.10390625 0.7236111109375 0.078125 0.7208333328125 0.06953125 0.7333333328125
7 0.01171875 0.7625 0.0125 0.73194444375 0.01015625 0.725 0.00625 0.7236111109375 0.00078125 0.73194444375 0.00078125 0.7805555562500001 0.00703125 0.7819444437499999 0.01171875 0.7625
7 0.075 0.79444444375 0.075 0.784722221875 0.06484375 0.7611111109375 0.046875 0.7638888890625 0.03125 0.7541666671875 0.028125 0.7583333328124999 0.025 0.7736111109375 0.0265625 0.797222221875 0.071875 0.83055555625 0.07734375 0.83194444375 0.08046875 0.827777778125 0.08125 0.8083333328125001 0.075 0.79444444375
7 0.01953125 0.840277778125 0.02265625 0.85555555625 0.0375 0.8652777781250001 0.06484375 0.877777778125 0.07421875 0.8736111109375001 0.07421875 0.86944444375 0.0640625 0.85694444375 0.0484375 0.8541666671874999 0.03515625 0.8444444437499999 0.01953125 0.840277778125
7 0.209375 0.8888888890625 0.2140625 0.8791666671874999 0.21484375 0.8680555562500001 0.21953125 0.8611111109375 0.215625 0.85694444375 0.2140625 0.8486111109375001 0.209375 0.847222221875 0.20703125 0.8486111109375001 0.20625 0.8583333328125 0.2078125 0.88055555625 0.203125 0.8916666671875 0.20234375 0.902777778125 0.2125 0.9055555562500001 0.209375 0.8888888890625
7 0.25078125 0.9236111109375 0.25234375 0.8708333328125001 0.2546875 0.8638888890624999 0.25390625 0.840277778125 0.23828125 0.840277778125 0.23125 0.847222221875 0.22890625 0.8986111109375001 0.23125 0.91805555625 0.25078125 0.9236111109375
7 0.321875 0.9541666671875 0.3234375 0.9444444437499999 0.325 0.9069444437499999 0.3203125 0.897222221875 0.3125 0.89305555625 0.30859375 0.88055555625 0.30859375 0.86944444375 0.2984375 0.859722221875 0.28046875 0.852777778125 0.2734375 0.8444444437499999 0.265625 0.8416666671874999 0.2625 0.8458333328125001 0.2609375 0.9305555562500001 0.278125 0.9416666671874999 0.3171875 0.95555555625 0.321875 0.9541666671875