2 0.96171875 0.5583333328125 0.9640625 0.5791666671875 0.975 0.58055555625 0.975 0.5375 0.97109375 0.5305555562500001 0.9625 0.5319444437499999 0.9578125 0.5375 0.95703125 0.54444444375 0.96171875 0.5583333328125
1 0.54375 0.8291666671875 0.54375 0.8444444437499999 0.54609375 0.8513888890624999 0.5453125 0.915277778125 0.55703125 0.9125 0.5578125 0.7833333328125 0.56171875 0.772222221875 0.56875 0.7736111109375 0.5703125 0.76944444375 0.56171875 0.7569444437499999 0.53984375 0.7486111109375 0.54296875 0.7638888890625 0.53828125 0.7638888890625 0.5328125 0.7597222218749999 0.5328125 0.7486111109375 0.53125 0.7569444437499999 0.54609375 0.7861111109375 0.54765625 0.797222221875 0.54375 0.8291666671875
1 0.6234375 0.8986111109375001 0.6296875 0.89305555625 0.62734375 0.847222221875 0.62734375 0.7486111109375 0.63125 0.7402777781250001 0.63984375 0.7402777781250001 0.640625 0.734722221875 0.62890625 0.7236111109375 0.62421875 0.7111111109375 0.61171875 0.715277778125 0.60546875 0.709722221875 0.6046875 0.7180555562500001 0.61328125 0.7402777781250001 0.61484375 0.76944444375 0.61328125 0.8916666671875 0.6234375 0.8986111109375001
6 0.23984375 0.7791666671875 0.2359375 0.784722221875 0.23828125 0.784722221875 0.2484375 0.80694444375 0.26328125 0.809722221875 0.2671875 0.8208333328125 0.26953125 0.8416666671874999 0.3078125 0.85 0.31953125 0.834722221875 0.33125 0.83194444375 0.334375 0.8236111109375001 0.3375 0.8236111109375001 0.3390625 0.83055555625 0.34375 0.8208333328125 0.34453125 0.7888888890625 0.3375 0.7597222218749999 0.3140625 0.7583333328124999 0.303125 0.752777778125 0.3 0.747222221875 0.29765625 0.727777778125 0.2921875 0.7180555562500001 0.2796875 0.715277778125 0.2703125 0.727777778125 0.26171875 0.7208333328125 0.24375 0.7208333328125 0.23671875 0.727777778125 0.2359375 0.7611111109375 0.23984375 0.7791666671875
6 0.36328125 0.809722221875 0.39453125 0.8263888890625 0.4015625 0.840277778125 0.42421875 0.8388888890624999 0.43125 0.8194444437499999 0.43359375 0.8041666671875 0.4328125 0.7819444437499999 0.42265625 0.7569444437499999 0.4140625 0.7541666671875 0.40234375 0.7416666671875001 0.39453125 0.7402777781250001 0.34921875 0.7416666671875001 0.34296875 0.7486111109375 0.34296875 0.7638888890625 0.34609375 0.772222221875 0.36328125 0.777777778125 0.365625 0.7819444437499999 0.3625 0.7958333328125 0.36328125 0.809722221875
7 0.15703125 0.8513888890624999 0.15 0.8458333328125001 0.1390625 0.85 0.1078125 0.8458333328125001 0.11015625 0.852777778125 0.125 0.85694444375 0.12734375 0.8652777781250001 0.14453125 0.872222221875 0.15 0.8791666671874999 0.15703125 0.8791666671874999 0.1609375 0.8708333328125001 0.16171875 0.8652777781250001 0.15703125 0.8513888890624999
7 0.03828125 0.9083333328125001 0.04296875 0.9041666671874999 0.046875 0.9166666671874999 0.06171875 0.9277777781250001 0.0765625 0.9277777781250001 0.0921875 0.9166666671874999 0.09375 0.8819444437499999 0.07734375 0.8708333328125001 0.06953125 0.8708333328125001 0.06875 0.875 0.0625 0.8736111109375001 0.0484375 0.8819444437499999 0.04453125 0.902777778125 0.03828125 0.9013888890624999 0.03828125 0.8819444437499999 0.03359375 0.8819444437499999 0.025 0.897222221875 0.0265625 0.902777778125 0.0375 0.9138888890624999 0.03828125 0.9083333328125001
7 0.1296875 0.9291666671875 0.13828125 0.9291666671875 0.14296875 0.9236111109375 0.14296875 0.91805555625 0.125 0.897222221875 0.1109375 0.8861111109375001 0.1046875 0.8861111109375001 0.103125 0.91944444375 0.1296875 0.9291666671875
7 0.06953125 0.76805555625 0.075 0.7791666671875 0.08359375 0.8166666671874999 0.090625 0.827777778125 0.11484375 0.8444444437499999 0.14296875 0.8444444437499999 0.14921875 0.834722221875 0.15078125 0.840277778125 0.16171875 0.8444444437499999 0.18125 0.8444444437499999 0.1859375 0.8083333328125001 0.18125 0.7791666671875 0.17578125 0.7708333328125 0.16875 0.76944444375 0.1625 0.7819444437499999 0.15390625 0.7819444437499999 0.14921875 0.7638888890625 0.121875 0.7416666671875001 0.11796875 0.7236111109375 0.11328125 0.7194444437499999 0.10390625 0.7236111109375 0.078125 0.7208333328125 0.06953125 0.73194444375 0.06953125 0.76805555625
7 0.01171875 0.73194444375 0.00625 0.7208333328125 0.00078125 0.725 0.00078125 0.7763888890625 0.01015625 0.7819444437499999 0.0125 0.7583333328124999 0.01171875 0.73194444375
7 0.08203125 0.8138888890624999 0.07734375 0.8055555562500001 0.075 0.7875 0.06484375 0.7611111109375 0.040625 0.7597222218749999 0.03125 0.75 0.02734375 0.7569444437499999 0.0234375 0.7833333328125 0.02421875 0.79444444375 0.02734375 0.8 0.07109375 0.83055555625 0.0765625 0.83194444375 0.08125 0.8263888890625 0.08203125 0.8138888890624999
7 0.0484375 0.85 0.01953125 0.8388888890624999 0.01953125 0.85 0.02265625 0.85555555625 0.05390625 0.8736111109375001 0.0671875 0.877777778125 0.0734375 0.8736111109375001 0.0734375 0.86944444375 0.0609375 0.8583333328125 0.053125 0.85694444375 0.0484375 0.85
7 0.2140625 0.8875 0.215625 0.86944444375 0.22265625 0.8625 0.215625 0.85694444375 0.2140625 0.8458333328125001 0.20703125 0.8458333328125001 0.2046875 0.8583333328125 0.20703125 0.88055555625 0.203125 0.8847222218749999 0.2015625 0.9041666671874999 0.2125 0.9055555562500001 0.20859375 0.890277778125 0.2140625 0.8875
7 0.25 0.9277777781250001 0.2546875 0.840277778125 0.2359375 0.840277778125 0.23125 0.8444444437499999 0.22890625 0.8611111109375 0.22890625 0.9055555562500001 0.23359375 0.91944444375 0.25 0.9277777781250001
7 0.325 0.9083333328125001 0.3203125 0.897222221875 0.3125 0.89305555625 0.309375 0.8847222218749999 0.3109375 0.8708333328125001 0.27421875 0.8444444437499999 0.26328125 0.8444444437499999 0.2609375 0.9305555562500001 0.27890625 0.9416666671874999 0.30078125 0.9458333328125 0.31796875 0.95555555625 0.32109375 0.9541666671875 0.3234375 0.9444444437499999 0.325 0.9083333328125001
4 0.4421875 0.372222221875 0.434375 0.41944444374999995 0.4328125 0.42222222187499997 0.42578125 0.4138888890625 0.42265625 0.40277777812500004 0.41484375 0.3986111109375 0.41484375 0.40694444374999994 0.41875 0.4125 0.428125 0.4625 0.43671875 0.48194444374999995 0.43671875 0.490277778125 0.43046875 0.5069444437499999 0.43203125 0.51944444375 0.44453125 0.5166666671875 0.44765625 0.49444444374999996 0.45625 0.490277778125 0.4625 0.4791666671875 0.46484375 0.45277777812500003 0.46484375 0.4236111109375 0.45546875 0.3791666671875 0.45703125 0.3458333328125 0.465625 0.30694444375 0.465625 0.29722222187499997 0.459375 0.2958333328125 0.44921875 0.302777778125 0.44765625 0.3083333328125 0.45078125 0.31944444375000003 0.45 0.32777777812500003 0.43984375 0.3361111109375 0.4375 0.35694444375 0.4421875 0.3611111109375 0.4421875 0.372222221875