1 0.2513888890625 0.615625 0.10555555624999999 0.61796875 0.10138888906250001 0.61484375 0.1 0.62265625 0.10555555624999999 0.63046875 0.1208333328125 0.628125 0.19305555624999998 0.6296875 0.20555555625 0.62734375 0.21805555625 0.6296875 0.25555555625 0.6296875 0.25833333281250004 0.6421875 0.26527777812500003 0.64296875 0.2708333328125 0.63359375 0.2888888890625 0.62421875 0.2888888890625 0.6203125 0.28055555625 0.615625 0.2888888890625 0.59921875 0.28055555625 0.5984375 0.2513888890625 0.615625
1 0.0953125 0.59453125 0.0015625 0.003125
6 0.27638888906250003 0.21796875 0.2666666671875 0.21328125 0.23611111093749998 0.21171875 0.21805555625 0.2171875 0.23055555625 0.2203125 0.272222221875 0.22109375 0.27638888906250003 0.21796875
6 0.1703125 0.2296875 0.0015625 0.003125
6 0.16944444375 0.215625 0.16805555625 0.21796875 0.1708333328125 0.21875 0.16944444375 0.215625
6 0.27777777812500004 0.25703125 0.2666666671875 0.25 0.24444444375000002 0.25 0.240277778125 0.2453125 0.24305555625 0.23671875 0.23611111093749998 0.23359375 0.18055555625 0.23125 0.16944444375 0.23984375 0.11805555625 0.24296875 0.10555555624999999 0.25 0.0958333328125 0.27421875 0.0958333328125 0.29140625 0.10694444375 0.2984375 0.14305555625 0.3015625 0.15555555625 0.31171875 0.16944444375 0.31640625 0.177777778125 0.3125 0.225 0.31171875 0.2388888890625 0.30546875 0.24305555625 0.29375 0.240277778125 0.2890625 0.21805555625 0.2828125 0.21805555625 0.27734375 0.23194444375 0.27109375 0.26805555625 0.26875 0.27777777812500004 0.2609375 0.27777777812500004 0.25703125
7 0.33888888906250003 0.00078125 0.26805555625 0.00078125 0.259722221875 0.00625 0.25833333281250004 0.0125 0.27638888906250003 0.0171875 0.34027777812500004 0.02109375 0.33888888906250003 0.00078125
7 0.290277778125 0.0921875 0.3 0.090625 0.3263888890625 0.0765625 0.33055555625 0.05859375 0.34305555625 0.05546875 0.3541666671875 0.04765625 0.35555555625 0.04296875 0.30416666718749996 0.0328125 0.24583333281250003 0.03046875 0.23194444375 0.05703125 0.23194444375 0.06953125 0.24583333281250003 0.08203125 0.259722221875 0.08671875 0.290277778125 0.0921875
7 0.17361111093749998 0.0890625 0.1583333328125 0.109375 0.1541666671875 0.1375 0.15555555625 0.14453125 0.165277778125 0.14921875 0.15972222187500001 0.15078125 0.15555555625 0.1609375 0.1583333328125 0.1828125 0.17916666718750002 0.18359375 0.2138888890625 0.1625 0.2166666671875 0.15078125 0.22916666718749998 0.15 0.24305555625 0.14453125 0.25833333281250004 0.121875 0.275 0.11875 0.2791666671875 0.11484375 0.27638888906250003 0.09375 0.26805555625 0.0890625 0.25 0.0859375 0.23055555625 0.0734375 0.1833333328125 0.08359375 0.17361111093749998 0.0890625
7 0.25555555625 0.00078125 0.22638888906250001 0.00078125 0.21805555625 0.0046875 0.21805555625 0.00859375 0.23472222187499997 0.01171875 0.2541666671875 0.0125 0.25555555625 0.00078125
7 0.23611111093749998 0.04140625 0.24305555625 0.03203125 0.240277778125 0.028125 0.20555555625 0.02578125 0.197222221875 0.03046875 0.16944444375 0.0703125 0.16944444375 0.08046875 0.1875 0.08125 0.2138888890625 0.0703125 0.22777777812500002 0.06953125 0.23611111093749998 0.04140625
7 0.1611111109375 0.02734375 0.1583333328125 0.0203125 0.1513888890625 0.0203125 0.1458333328125 0.0234375 0.13055555624999998 0.04375 0.12222222187500001 0.0671875 0.1263888890625 0.07421875 0.13055555624999998 0.07421875 0.14305555625 0.053125 0.15555555625 0.04296875 0.1611111109375 0.02734375
7 0.1416666671875 0.12109375 0.13055555624999998 0.1328125 0.1291666671875 0.1421875 0.11944444375 0.15390625 0.12222222187500001 0.1625 0.13888888906250002 0.16328125 0.15 0.1609375 0.15555555625 0.15 0.15 0.11875 0.1416666671875 0.12109375
7 0.1111111109375 0.1046875 0.0986111109375 0.1046875 0.09444444375 0.10234375 0.08055555625000001 0.10390625 0.07083333281250001 0.1265625 0.07083333281250001 0.1390625 0.075 0.14296875 0.08194444375 0.14296875 0.1041666671875 0.125 0.11388888906250001 0.1109375 0.1111111109375 0.1046875
4 0.4625 1 0.47222222187499996 0.99609375 0.5125 0.99296875 0.5305555562500001 0.9875 0.54305555625 0.9890625 0.5388888890625 0.9875 0.54305555625 0.9828125 0.5375 0.9796875 0.5291666671875 0.9796875 0.49583333281249997 0.9859375 0.49583333281249997 0.98203125 0.5013888890625 0.98046875 0.5041666671875 0.97578125 0.51944444375 0.96875 0.5166666671875 0.96484375 0.5097222218749999 0.96484375 0.477777778125 0.9765625 0.46388888906250003 0.97734375 0.45555555625000005 0.9734375 0.43055555625 0.9765625 0.41805555625 0.98359375 0.4138888890625 0.98984375 0.397222221875 0.99453125 0.397222221875 0.996875 0.4 1 0.4625 1
4 0.2791666671875 0.86484375 0.2731486109375 0.8609375 0.26527777812500003 0.8609375 0.24722222187499998 0.86328125 0.2416666671875 0.8671875 0.27777777812500004 0.86640625 0.3125 0.86328125 0.3125 0.8609375 0.28101805625 0.8609375 0.2791666671875 0.86484375
4 0.7041666671875 0.41171875 0.6805555562500001 0.41171875 0.659722221875 0.40859375 0.6416666671875 0.41015625 0.602777778125 0.4046875 0.5694444437499999 0.4109375 0.5625 0.40703125 0.54305555625 0.4046875 0.5333333328125 0.40625 0.522222221875 0.41328125 0.522222221875 0.41875 0.5305555562500001 0.42265625 0.5527777781250001 0.4203125 0.5638888890625 0.43046875 0.5791666671875 0.434375 0.6513888890625 0.43671875 0.659722221875 0.4328125 0.702777778125 0.428125 0.7180555562500001 0.43828125 0.7263888890625 0.4484375 0.7361111109375 0.44921875 0.747222221875 0.44375 0.7375 0.43203125 0.75 0.42578125 0.7375 0.41015625 0.73194444375 0.4109375 0.7263888890625 0.4171875 0.7180555562500001 0.4171875 0.7041666671875 0.41171875