0 0.97890625 0.3375 0.98046875 0.3416666671875 0.99921875 0.33888888906250003 0.99921875 0.26805555625 0.9953125 0.259722221875 0.9890625 0.25694444375000003 0.98203125 0.27638888906250003 0.97890625 0.3375
0 0.9671875 0.3013888890625 0.9703125 0.24722222187499998 0.9421875 0.23194444375 0.93046875 0.23194444375 0.91875 0.24444444375000002 0.9125 0.259722221875 0.90703125 0.2958333328125 0.915625 0.3083333328125 0.9203125 0.322222221875 0.925 0.32777777812500003 0.94453125 0.33194444375 0.9515625 0.3513888890625 0.95703125 0.35555555625 0.9671875 0.3013888890625
0 0.50625 0.20555555625 0.5046875 0.26805555625 0.50625 0.27777777812500004 0.51015625 0.27777777812500004 0.51640625 0.26805555625 0.51796875 0.252777778125 0.51328125 0.2208333328125 0.509375 0.20694444375 0.50625 0.20555555625
0 0.3796875 0.1 0.38203125 0.1041666671875 0.384375 0.1458333328125 0.3859375 0.2513888890625 0.4140625 0.2666666671875 0.43359375 0.272222221875 0.43671875 0.27638888906250003 0.4390625 0.290277778125 0.44921875 0.30555555624999997 0.45859375 0.30416666718749996 0.46328125 0.29305555625 0.4765625 0.2888888890625 0.47890625 0.275 0.4796875 0.15277777812499999 0.478125 0.14305555625 0.46015625 0.1111111109375 0.45390625 0.10555555624999999 0.4296875 0.10138888906250001 0.425 0.097222221875 0.40078125 0.0958333328125 0.3609375 0.0861111109375 0.33828125 0.09444444375 0.3328125 0.10555555624999999 0.33125 0.1208333328125 0.33125 0.21944444375 0.3375 0.22638888906250001 0.353125 0.23333333281250002 0.3578125 0.2541666671875 0.36328125 0.25694444375000003 0.3703125 0.2513888890625 0.36953125 0.10555555624999999 0.3796875 0.1
2 0.0140625 0.46944444374999994 0.01875 0.477777778125 0.025 0.477777778125 0.0328125 0.46805555625000006 0.0296875 0.4458333328125 0.02265625 0.425 0.01328125 0.43194444374999996 0.0140625 0.46944444374999994
1 0.3859375 0.2791666671875 0.4 0.2888888890625 0.4015625 0.28055555625 0.39609375 0.275 0.384375 0.25 0.38203125 0.10555555624999999 0.3921875 0.10138888906250001 0.38984375 0.0958333328125 0.38359375 0.1041666671875 0.3765625 0.1 0.36953125 0.10555555624999999 0.371875 0.1208333328125 0.3703125 0.25555555625 0.3578125 0.25833333281250004 0.35703125 0.26527777812500003 0.36640625 0.2708333328125 0.37578125 0.2888888890625 0.3796875 0.2888888890625 0.3859375 0.2791666671875
6 0.77890625 0.275 0.78203125 0.27638888906250003 0.78671875 0.26527777812500003 0.78828125 0.240277778125 0.78359375 0.21805555625 0.78125 0.21805555625 0.78046875 0.22777777812500002 0.77890625 0.275
6 0.71171875 0.2388888890625 0.7171875 0.21805555625 0.72265625 0.21805555625 0.72890625 0.23194444375 0.73203125 0.26805555625 0.7375 0.27638888906250003 0.74296875 0.27777777812500004 0.75 0.26527777812500003 0.75078125 0.24305555625 0.7640625 0.24305555625 0.76640625 0.23472222187499997 0.76875 0.18055555625 0.7625 0.1763888890625 0.76015625 0.16944444375 0.75703125 0.11805555625 0.75 0.10555555624999999 0.72578125 0.0958333328125 0.70625 0.097222221875 0.7015625 0.10694444375 0.69921875 0.1416666671875 0.69375 0.1458333328125 0.68359375 0.16944444375 0.6875 0.177777778125 0.6890625 0.22638888906250001 0.69453125 0.2388888890625 0.703125 0.24305555625 0.71171875 0.2388888890625
7 0.88125 0.275 0.88515625 0.2791666671875 0.90703125 0.27638888906250003 0.9140625 0.24722222187499998 0.92109375 0.2416666671875 0.9265625 0.23055555625 0.915625 0.18194444375000002 0.90625 0.16944444375 0.890625 0.1583333328125 0.85546875 0.15555555625 0.8515625 0.16944444375 0.83828125 0.15555555625 0.81875 0.15555555625 0.8171875 0.15972222187500001 0.81796875 0.18194444375000002 0.83046875 0.19583333281249998 0.83828125 0.2125 0.8484375 0.215277778125 0.85 0.22916666718749998 0.85546875 0.24305555625 0.878125 0.25833333281250004 0.88125 0.275
7 0.99921875 0.22777777812500002 0.9921875 0.222222221875 0.98828125 0.23333333281250002 0.98828125 0.2541666671875 0.99921875 0.25555555625 0.99921875 0.22777777812500002
7 0.99375 0.178125 0.00078125 0.00859375
7 0.96953125 0.197222221875 0.928125 0.16944444375 0.91953125 0.16944444375 0.91875 0.1888888890625 0.9234375 0.20277777812500003 0.9296875 0.20972222187499998 0.93125 0.22777777812500002 0.96796875 0.24305555625 0.971875 0.240277778125 0.97421875 0.20555555625 0.96953125 0.197222221875
7 0.96015625 0.13333333281249998 0.93359375 0.12222222187500001 0.92578125 0.1263888890625 0.92578125 0.13055555624999998 0.94609375 0.14305555625 0.95625 0.15555555625 0.975 0.16388888906250001 0.97890625 0.1611111109375 0.97890625 0.15 0.9765625 0.1458333328125 0.96015625 0.13333333281249998
7 0.8578125 0.1291666671875 0.85078125 0.1208333328125 0.83984375 0.1208333328125 0.83828125 0.1263888890625 0.8390625 0.15 0.84375 0.15277777812499999 0.853125 0.15555555625 0.859375 0.1513888890625 0.88125 0.1513888890625 0.88203125 0.1458333328125 0.87265625 0.134722221875 0.8578125 0.1291666671875
7 0.85703125 0.075 0.85546875 0.08055555625000001 0.875 0.1041666671875 0.89375 0.11388888906250001 0.89765625 0.0958333328125 0.89609375 0.08055555625000001 0.87265625 0.07083333281250001 0.86171875 0.07083333281250001 0.85703125 0.075