2 0.96171875 0.5625 0.9640625 0.5791666671875 0.975 0.58055555625 0.9765625 0.5611111109375 0.9734375 0.534722221875 0.96875 0.5305555562500001 0.9578125 0.534722221875 0.953125 0.5513888890625 0.96171875 0.5625
1 0.615625 0.89305555625 0.6203125 0.8958333328125001 0.62734375 0.8958333328125001 0.6296875 0.890277778125 0.62734375 0.8444444437499999 0.62734375 0.7486111109375 0.63125 0.7402777781250001 0.63984375 0.7402777781250001 0.6421875 0.7361111109375 0.63203125 0.727777778125 0.625 0.7138888890625 0.61328125 0.7166666671875 0.60546875 0.709722221875 0.6046875 0.7166666671875 0.61328125 0.7388888890625 0.61484375 0.7666666671875 0.6140625 0.8861111109375001 0.615625 0.89305555625
1 0.54609375 0.8541666671874999 0.5453125 0.9138888890624999 0.54921875 0.9166666671874999 0.55703125 0.9125 0.5578125 0.7819444437499999 0.5609375 0.7736111109375 0.56875 0.7736111109375 0.5703125 0.76805555625 0.56796875 0.7611111109375 0.56171875 0.7569444437499999 0.5390625 0.7486111109375 0.53984375 0.7611111109375 0.53359375 0.7597222218749999 0.53203125 0.7486111109375 0.53125 0.75555555625 0.54765625 0.7916666671875 0.54375 0.827777778125 0.54609375 0.8541666671874999
6 0.23671875 0.784722221875 0.23828125 0.7833333328125 0.24453125 0.8027777781250001 0.2484375 0.80694444375 0.2640625 0.8111111109375001 0.26953125 0.8416666671874999 0.2953125 0.85 0.30859375 0.85 0.31953125 0.834722221875 0.33125 0.83194444375 0.334375 0.8222222218749999 0.34375 0.8208333328125 0.34453125 0.7861111109375 0.3375 0.7597222218749999 0.3140625 0.7583333328124999 0.30234375 0.752777778125 0.29765625 0.727777778125 0.2921875 0.7180555562500001 0.28046875 0.715277778125 0.2703125 0.727777778125 0.2609375 0.7208333328125 0.23984375 0.722222221875 0.23671875 0.727777778125 0.2359375 0.7597222218749999 0.23984375 0.777777778125 0.23671875 0.784722221875
6 0.36328125 0.809722221875 0.39375 0.8263888890625 0.4015625 0.840277778125 0.42421875 0.8388888890624999 0.43125 0.8194444437499999 0.43359375 0.8027777781250001 0.43125 0.7736111109375 0.4265625 0.76944444375 0.42265625 0.7583333328124999 0.4109375 0.752777778125 0.40625 0.74444444375 0.39453125 0.7402777781250001 0.35078125 0.7416666671875001 0.34296875 0.7486111109375 0.34296875 0.765277778125 0.3453125 0.7708333328125 0.365625 0.7819444437499999 0.3625 0.7986111109375 0.36328125 0.809722221875
7 0.1375 0.85 0.1140625 0.8458333328125001 0.1078125 0.8486111109375001 0.125 0.85694444375 0.12734375 0.8652777781250001 0.15 0.8791666671874999 0.1609375 0.877777778125 0.16171875 0.8652777781250001 0.15703125 0.8513888890624999 0.15078125 0.8458333328125001 0.1375 0.85
7 0.03359375 0.8819444437499999 0.02578125 0.8986111109375001 0.0375 0.9138888890624999 0.03828125 0.8819444437499999 0.03359375 0.8819444437499999
7 0.0625 0.9277777781250001 0.0765625 0.9277777781250001 0.09296875 0.9166666671874999 0.09375 0.88055555625 0.0765625 0.8708333328125001 0.04921875 0.88055555625 0.04453125 0.902777778125 0.04765625 0.91805555625 0.0625 0.9277777781250001
7 0.103125 0.91944444375 0.121875 0.9277777781250001 0.1390625 0.9277777781250001 0.14296875 0.91944444375 0.1375 0.9111111109375001 0.11171875 0.8861111109375001 0.10546875 0.8861111109375001 0.10234375 0.9069444437499999 0.103125 0.91944444375
7 0.06953125 0.73194444375 0.06953125 0.76805555625 0.075 0.7791666671875 0.084375 0.8194444437499999 0.0890625 0.8263888890625 0.11484375 0.8444444437499999 0.14296875 0.8444444437499999 0.14921875 0.8291666671875 0.15078125 0.8333333328125001 0.15546875 0.8333333328125001 0.15625 0.840277778125 0.1609375 0.8444444437499999 0.18046875 0.8444444437499999 0.1828125 0.8375 0.1859375 0.8083333328125001 0.18203125 0.797222221875 0.18125 0.7791666671875 0.17578125 0.7708333328125 0.16953125 0.76944444375 0.1625 0.7819444437499999 0.153125 0.7805555562500001 0.14921875 0.7638888890625 0.121875 0.7416666671875001 0.11875 0.725 0.11328125 0.7194444437499999 0.10390625 0.7236111109375 0.07734375 0.7208333328125 0.06953125 0.73194444375
7 0.00625 0.727777778125 0.00078125 0.7291666671875 0.00078125 0.7763888890625 0.00390625 0.7819444437499999 0.01015625 0.7819444437499999 0.01171875 0.7333333328125 0.00625 0.727777778125
7 0.07109375 0.83055555625 0.0765625 0.83194444375 0.08125 0.825 0.08203125 0.8138888890624999 0.07734375 0.8055555562500001 0.07421875 0.7875 0.06953125 0.777777778125 0.06953125 0.76944444375 0.06484375 0.7611111109375 0.0453125 0.7611111109375 0.03359375 0.75555555625 0.03125 0.75 0.02734375 0.7569444437499999 0.02421875 0.7875 0.02578125 0.797222221875 0.0296875 0.8027777781250001 0.07109375 0.83055555625
7 0.07421875 0.872222221875 0.06640625 0.8625 0.04765625 0.85 0.01953125 0.8388888890624999 0.021875 0.8541666671874999 0.03828125 0.8652777781250001 0.05703125 0.875 0.07421875 0.872222221875
7 0.20859375 0.890277778125 0.2140625 0.8847222218749999 0.21484375 0.8708333328125001 0.22265625 0.8625 0.215625 0.85694444375 0.2140625 0.8458333328125001 0.2078125 0.8458333328125001 0.2046875 0.8625 0.20703125 0.8819444437499999 0.203125 0.8847222218749999 0.2015625 0.902777778125 0.20390625 0.9069444437499999 0.2125 0.9069444437499999 0.20859375 0.890277778125
7 0.234375 0.8416666671874999 0.23125 0.8444444437499999 0.22890625 0.8611111109375 0.22890625 0.9055555562500001 0.23203125 0.915277778125 0.23828125 0.922222221875 0.25 0.925 0.25546875 0.8444444437499999 0.2546875 0.840277778125 0.25 0.8388888890624999 0.234375 0.8416666671874999
7 0.325 0.9083333328125001 0.31953125 0.8958333328125001 0.31171875 0.890277778125 0.3078125 0.8791666671874999 0.3078125 0.86944444375 0.27421875 0.8444444437499999 0.26328125 0.8444444437499999 0.2609375 0.9305555562500001 0.27578125 0.940277778125 0.29921875 0.9458333328125 0.3171875 0.95555555625 0.32109375 0.9541666671875 0.3234375 0.94305555625 0.325 0.9083333328125001
4 0.903125 0.902777778125 0.9015625 0.9305555562500001 0.9125 0.94305555625 0.91484375 0.9541666671875 0.91796875 0.9541666671875 0.91953125 0.9361111109375001 0.92421875 0.9305555562500001 0.92578125 0.91944444375 0.92578125 0.9055555562500001 0.921875 0.9069444437499999 0.91953125 0.89444444375 0.915625 0.8888888890625 0.9171875 0.88055555625 0.9125 0.85555555625 0.91328125 0.8486111109375001 0.909375 0.8486111109375001 0.9078125 0.85 0.9109375 0.85694444375 0.90625 0.8680555562500001 0.90625 0.8888888890625 0.909375 0.89305555625 0.903125 0.902777778125