0 0.659722221875 0.99921875 0.73194444375 0.99921875 0.7416666671875001 0.99375 0.7402777781250001 0.98671875 0.68194444375 0.9796875 0.6583333328125 0.97890625 0.659722221875 0.99921875
0 0.6791666671875001 0.9203125 0.6736111109375 0.92578125 0.66944444375 0.94296875 0.6583333328125 0.9453125 0.647222221875 0.9515625 0.6458333328125 0.95859375 0.6972222218749999 0.9671875 0.752777778125 0.9703125 0.76805555625 0.9421875 0.76944444375 0.9265625 0.74444444375 0.9125 0.70555555625 0.9078125 0.6791666671875001 0.9203125
2 0.56805555625 0.01328125 0.5291666671875 0.0140625 0.522222221875 0.01796875 0.522222221875 0.025 0.5333333328125 0.0328125 0.5541666671875001 0.0296875 0.575 0.02265625 0.56805555625 0.01328125
1 0.80694444375 0.371875 0.74444444375 0.3703125 0.7416666671875001 0.359375 0.7333333328125 0.35703125 0.7291666671875 0.36640625 0.7111111109375 0.37578125 0.7111111109375 0.3796875 0.7194444437499999 0.3828125 0.7111111109375 0.40078125 0.7194444437499999 0.4015625 0.7486111109375 0.384375 0.8986111109375001 0.3828125 0.89444444375 0.36953125 0.80694444375 0.371875
6 0.772222221875 0.78046875 0.7263888890625 0.77890625 0.7236111109375 0.78203125 0.7333333328125 0.78671875 0.765277778125 0.78828125 0.7819444437499999 0.784375 0.7819444437499999 0.78125 0.772222221875 0.78046875
6 0.722222221875 0.74296875 0.734722221875 0.75 0.75555555625 0.75 0.7597222218749999 0.7546875 0.7569444437499999 0.7640625 0.76805555625 0.76640625 0.8208333328125 0.76875 0.8291666671875 0.7609375 0.8819444437499999 0.75703125 0.89444444375 0.75 0.9041666671874999 0.728125 0.9041666671874999 0.70859375 0.89305555625 0.7015625 0.859722221875 0.69921875 0.8444444437499999 0.68828125 0.83055555625 0.68359375 0.8222222218749999 0.6875 0.772222221875 0.6890625 0.7611111109375 0.69453125 0.7569444437499999 0.70390625 0.7611111109375 0.71171875 0.7791666671875 0.71484375 0.7833333328125 0.7203125 0.76805555625 0.72890625 0.7333333328125 0.73125 0.7236111109375 0.7375 0.722222221875 0.74296875
7 0.7819444437499999 0.925 0.81805555625 0.915625 0.83055555625 0.90625 0.8416666671874999 0.890625 0.8458333328125001 0.8625 0.8444444437499999 0.85546875 0.8388888890624999 0.8515625 0.8444444437499999 0.84140625 0.8444444437499999 0.81875 0.840277778125 0.8171875 0.8194444437499999 0.81640625 0.8125 0.82421875 0.7861111109375 0.83828125 0.7833333328125 0.84921875 0.76944444375 0.85 0.7569444437499999 0.85546875 0.7416666671875001 0.878125 0.725 0.88125 0.7208333328125 0.88515625 0.7236111109375 0.90625 0.7333333328125 0.9109375 0.7541666671875 0.91328125 0.772222221875 0.925 0.7819444437499999 0.925
7 0.7791666671875 0.99296875 0.765277778125 0.98828125 0.74444444375 0.98828125 0.74444444375 0.99921875 0.772222221875 0.99921875 0.7791666671875 0.99296875
7 0.7916666671875 0.9296875 0.772222221875 0.93046875 0.76944444375 0.94609375 0.7569444437499999 0.96796875 0.7597222218749999 0.971875 0.79444444375 0.97421875 0.8027777781250001 0.96953125 0.83055555625 0.92890625 0.8291666671875 0.91875 0.8125 0.91796875 0.8041666671875 0.9203125 0.7916666671875 0.9296875
7 0.8444444437499999 0.95625 0.8361111109375001 0.97578125 0.840277778125 0.9796875 0.8541666671874999 0.9765625 0.8666666671875 0.96015625 0.877777778125 0.93359375 0.8736111109375001 0.92578125 0.86944444375 0.92578125 0.85694444375 0.946875 0.85 0.94921875 0.8444444437499999 0.95625
7 0.8444444437499999 0.85234375 0.8486111109375001 0.859375 0.85 0.88125 0.85694444375 0.88125 0.8652777781250001 0.87265625 0.8708333328125001 0.8578125 0.8791666671874999 0.85078125 0.8791666671874999 0.84140625 0.872222221875 0.83828125 0.85 0.8390625 0.847222221875 0.8421875 0.8444444437499999 0.85234375
7 0.897222221875 0.89453125 0.9069444437499999 0.89765625 0.91944444375 0.89609375 0.9291666671875 0.8734375 0.9263888890624999 0.85703125 0.91944444375 0.85625 0.8958333328125001 0.87578125 0.8861111109375001 0.8890625 0.8888888890625 0.8953125 0.897222221875 0.89453125