2 0.0140625 0.47083333281249995 0.01875 0.477777778125 0.025 0.477777778125 0.0328125 0.46805555625000006 0.03046875 0.4486111109375 0.02265625 0.425 0.01328125 0.43194444374999996 0.0140625 0.47083333281249995
1 0.4015625 0.28055555625 0.3890625 0.26805555625 0.38515625 0.25555555625 0.3828125 0.1875 0.38515625 0.15 0.3828125 0.1416666671875 0.3828125 0.10555555624999999 0.3796875 0.1 0.3734375 0.10138888906250001 0.3703125 0.115277778125 0.371875 0.2541666671875 0.35703125 0.2541666671875 0.36015625 0.25555555625 0.3631990140625 0.269078946875 0.36640625 0.2708333328125 0.36875 0.2791666671875 0.375 0.28611111093749997 0.38828125 0.28055555625 0.40078125 0.2888888890625 0.4015625 0.28055555625
1 0.46875 0.24305555625 0.45625 0.23611111093749998 0.45234375 0.2208333328125 0.45234375 0.18055555625 0.4546875 0.172222221875 0.45390625 0.08333333281250001 0.44453125 0.08055555625000001 0.4421875 0.0861111109375 0.44140625 0.2166666671875 0.4375 0.22916666718749998 0.4265625 0.22638888906250001 0.42578125 0.23055555625 0.4375 0.24305555625 0.45234375 0.25 0.46875 0.2513888890625 0.46875 0.24305555625
7 0.88515625 0.2791666671875 0.90625 0.27638888906250003 0.91484375 0.2486111109375 0.9265625 0.23055555625 0.915625 0.18194444375000002 0.9109375 0.17361111093749998 0.89296875 0.15972222187500001 0.86953125 0.1541666671875 0.85546875 0.15555555625 0.85234375 0.15972222187500001 0.84375 0.15555555625 0.81875 0.15694444375 0.8203125 0.184722221875 0.83359375 0.20416666718749998 0.84765625 0.215277778125 0.85 0.23333333281250002 0.85390625 0.240277778125 0.878125 0.25833333281250004 0.88125 0.275 0.88515625 0.2791666671875
7 0.9796875 0.34305555625 0.99921875 0.33888888906250003 0.99921875 0.26805555625 0.99375 0.259722221875 0.9875 0.25833333281250004 0.9828125 0.27638888906250003 0.97890625 0.3236111109375 0.9796875 0.34305555625
7 0.96171875 0.34027777812500004 0.96640625 0.30694444375 0.96953125 0.24583333281250003 0.9421875 0.23194444375 0.93046875 0.23194444375 0.9203125 0.24305555625 0.9125 0.2611111109375 0.9078125 0.2888888890625 0.909375 0.3 0.92421875 0.3263888890625 0.9359375 0.32777777812500003 0.94140625 0.3333333328125 0.94921875 0.3513888890625 0.95703125 0.35555555625 0.96171875 0.34027777812500004
7 0.9625 0.1263888890625 0.96640625 0.1263888890625 0.96953125 0.1125 0.97421875 0.10555555624999999 0.97421875 0.097222221875 0.9671875 0.0916666671875 0.9625 0.097222221875 0.9625 0.1263888890625
7 0.95390625 0.1041666671875 0.95234375 0.08333333281250001 0.9390625 0.072222221875 0.92578125 0.07083333281250001 0.90625 0.08194444375 0.9015625 0.09444444375 0.90546875 0.10138888906250001 0.9046875 0.1166666671875 0.91953125 0.127777778125 0.92890625 0.1291666671875 0.93046875 0.12222222187500001 0.95 0.11944444375 0.95390625 0.1041666671875
7 0.846875 0.21944444375 0.834375 0.2166666671875 0.83046875 0.1986111109375 0.81953125 0.1888888890625 0.8171875 0.17361111093749998 0.81640625 0.1833333328125 0.81875 0.1875 0.8125 0.19444444375 0.81015625 0.25555555625 0.8234375 0.275 0.8359375 0.272222221875 0.84140625 0.27777777812500004 0.84765625 0.2666666671875 0.8484375 0.259722221875 0.84921875 0.23472222187499997 0.846875 0.21944444375
7 0.775 0.18194444375000002 0.76875 0.15694444375 0.76171875 0.15277777812499999 0.74609375 0.16388888906250001 0.73671875 0.1888888890625 0.73671875 0.21805555625 0.7390625 0.222222221875 0.74921875 0.22638888906250001 0.7546875 0.2208333328125 0.76640625 0.22777777812500002 0.76875 0.19583333281249998 0.775 0.1888888890625 0.775 0.18194444375000002
7 0.790625 0.140277778125 0.7859375 0.13888888906250002 0.7828125 0.14444444375 0.7796875 0.1861111109375 0.78125 0.2166666671875 0.77890625 0.24305555625 0.78046875 0.2541666671875 0.7859375 0.25694444375000003 0.790625 0.23472222187499997 0.79296875 0.2 0.79453125 0.147222221875 0.790625 0.140277778125
7 0.99921875 0.22777777812500002 0.99453125 0.222222221875 0.98984375 0.22638888906250001 0.98828125 0.2541666671875 0.99921875 0.25555555625 0.99921875 0.22777777812500002
7 0.99375 0.18194444375000002 0.99453125 0.17916666718750002 0.99375 0.1763888890625 0.99375 0.18194444375000002
7 0.9203125 0.16805555625 0.91875 0.172222221875 0.91953125 0.19305555624999998 0.92890625 0.20833333281250002 0.93046875 0.22777777812500002 0.9703125 0.2416666671875 0.97421875 0.20694444375 0.96953125 0.197222221875 0.928125 0.16944444375 0.9203125 0.16805555625
7 0.96015625 0.13333333281249998 0.9359375 0.12222222187500001 0.92734375 0.125 0.9265625 0.13055555624999998 0.94765625 0.14305555625 0.95703125 0.15555555625 0.975 0.16388888906250001 0.97890625 0.1611111109375 0.9796875 0.1541666671875 0.9765625 0.1458333328125 0.96015625 0.13333333281249998
7 0.74609375 0.15555555625 0.76875 0.15 0.76875 0.084722221875 0.74765625 0.072222221875 0.74453125 0.11805555625 0.74375 0.1458333328125 0.74609375 0.15555555625
7 0.7375 0.14305555625 0.7375 0.102777778125 0.74140625 0.072222221875 0.7234375 0.058333332812500006 0.70234375 0.055555556250000006 0.68203125 0.04444444375 0.67890625 0.0458333328125 0.6765625 0.058333332812500006 0.6765625 0.0986111109375 0.68828125 0.10833333281249999 0.6921875 0.1291666671875 0.7 0.14305555625 0.71875 0.1583333328125 0.74140625 0.16805555625 0.73515625 0.1611111109375 0.7375 0.14305555625
7 0.8578125 0.1291666671875 0.8484375 0.11944444375 0.8375 0.1208333328125 0.83671875 0.140277778125 0.83984375 0.1513888890625 0.85390625 0.15555555625 0.859375 0.1513888890625 0.88203125 0.15 0.88046875 0.14305555625 0.86640625 0.13055555624999998 0.8578125 0.1291666671875
7 0.8765625 0.10555555624999999 0.89375 0.11388888906250001 0.89609375 0.08055555625000001 0.87265625 0.07083333281250001 0.85703125 0.0736111109375 0.85703125 0.08194444375 0.8765625 0.10555555624999999