7 0.85078125 0.23611111093749998 0.878125 0.25833333281250004 0.88203125 0.27638888906250003 0.88671875 0.28055555625 0.89609375 0.275 0.925 0.27638888906250003 0.93046875 0.26805555625 0.93046875 0.23194444375 0.92578125 0.222222221875 0.92265625 0.20277777812500003 0.915625 0.18194444375000002 0.9046875 0.16805555625 0.88046875 0.15555555625 0.85 0.15555555625 0.8390625 0.1513888890625 0.82421875 0.15555555625 0.81640625 0.16805555625 0.8140625 0.184722221875 0.81796875 0.20138888906250002 0.8171875 0.21111111093749999 0.81875 0.21944444375 0.82421875 0.22638888906250001 0.83671875 0.2166666671875 0.84609375 0.2166666671875 0.85078125 0.23611111093749998
7 0.8546875 0.127777778125 0.84765625 0.1208333328125 0.83671875 0.1208333328125 0.8359375 0.13055555624999998 0.8390625 0.140277778125 0.84765625 0.15 0.875 0.15555555625 0.8796875 0.15555555625 0.8828125 0.15 0.86640625 0.13055555624999998 0.8546875 0.127777778125
7 0.85703125 0.08055555625000001 0.8734375 0.1041666671875 0.88671875 0.11388888906250001 0.8984375 0.115277778125 0.896875 0.08333333281250001 0.86796875 0.072222221875 0.85859375 0.077777778125 0.85703125 0.08055555625000001
7 0.0640625 0.63828125 0.00078125 0.009375
7 0.10546875 0.55694444375 0.1078125 0.602777778125 0.125 0.6208333328125 0.1375 0.6208333328125 0.1421875 0.6166666671875001 0.1421875 0.5916666671875 0.13828125 0.5791666671875 0.13515625 0.54444444375 0.13046875 0.5291666671875 0.13046875 0.5166666671875 0.12578125 0.5097222218749999 0.1265625 0.48333333281249996 0.1234375 0.47361111093749997 0.1171875 0.47222222187499996 0.11953125 0.45555555625000005 0.1140625 0.44166666718750003 0.1140625 0.434722221875 0.10546875 0.43055555625 0.09140625 0.43333333281249997 0.084375 0.4513888890625 0.07421875 0.4583333328125 0.06875 0.4513888890625 0.06796875 0.44166666718750003 0.0625 0.44166666718750003 0.0640625 0.502777778125 0.05703125 0.5319444437499999 0.05859375 0.5513888890625 0.0625 0.55694444375 0.0625 0.5763888890625 0.067799296875 0.6026330203125 0.06875 0.5930555562500001 0.0671875 0.5611111109375 0.09453125 0.55 0.10546875 0.55694444375
7 0.15078125 0.4763888890625 0.153125 0.48194444374999995 0.1578125 0.5388888890625 0.1640625 0.5763888890625 0.1921875 0.56805555625 0.2125 0.56805555625 0.22109375 0.55694444375 0.228125 0.5555555562500001 0.23671875 0.5625 0.275 0.565277778125 0.29453125 0.5916666671875 0.31796875 0.5930555562500001 0.3296875 0.58055555625 0.3375 0.55694444375 0.3484375 0.55 0.36015625 0.5291666671875 0.36484375 0.50555555625 0.36484375 0.490277778125 0.3625 0.4513888890625 0.35703125 0.434722221875 0.3484375 0.41944444374999995 0.31875 0.39305555625 0.3 0.36944444375 0.29453125 0.36805555624999997 0.28828125 0.35694444375 0.2828125 0.35555555625 0.275 0.3333333328125 0.2609375 0.32777777812500003 0.2546875 0.3138888890625 0.24609375 0.32777777812500003 0.23203125 0.33055555625 0.22734375 0.3416666671875 0.22421875 0.36805555624999997 0.21796875 0.377777778125 0.2109375 0.35972222187499997 0.2015625 0.35555555625 0.19140625 0.3416666671875 0.184375 0.322222221875 0.1375 0.28611111093749997 0.13984375 0.34027777812500004 0.1515625 0.36666666718749996 0.15546875 0.36805555624999997 0.17421875 0.4 0.17421875 0.40555555625000006 0.16015625 0.4263888890625 0.15 0.43333333281249997 0.15078125 0.4763888890625
7 0 0.21805555625 0.0109375 0.20972222187499998 0.0140625 0.215277778125 0.040625 0.22638888906250001 0.04375 0.23333333281250002 0.04296875 0.24305555625 0.04765625 0.252777778125 0.0546875 0.25555555625 0.06328125 0.26805555625 0.07421875 0.2708333328125 0.07890625 0.2791666671875 0.0953125 0.2916666671875 0.10078125 0.31805555625 0.11171875 0.31805555625 0.11171875 0.2958333328125 0.10546875 0.2541666671875 0.08359375 0.23194444375 0.0765625 0.22916666718749998 0.06875 0.21805555625 0.04453125 0.20416666718749998 0.03671875 0.19444444375 0.0203125 0.19583333281249998 0.003125 0.1833333328125 0 0.1833333328125 0 0.21805555625
7 0.30625 0.19444444375 0.32421875 0.19305555624999998 0.33125 0.16805555625 0.3359375 0.16388888906250001 0.35078125 0.11944444375 0.36171875 0.11944444375 0.36484375 0.1263888890625 0.36171875 0.13888888906250002 0.36875 0.140277778125 0.36640625 0.1263888890625 0.3703125 0.1111111109375 0.38046875 0.1041666671875 0.3796875 0.040277778125000004 0.3765625 0.0375 0.3546875 0.054166667187499996 0.34375 0.0513888890625 0.3375 0.05694444375 0.33359375 0.05694444375 0.33125 0.0458333328125 0.328125 0.04305555625 0.29296875 0.047222221875 0.28203125 0.054166667187499996 0.2796875 0.0666666671875 0.28203125 0.08055555625000001 0.275 0.10694444375 0.275 0.15555555625 0.28125 0.16388888906250001 0.28203125 0.172222221875 0.29765625 0.1708333328125 0.30234375 0.1916666671875 0.30625 0.19444444375
7 0.4078125 0.1875 0.41796875 0.1875 0.42734375 0.18055555625 0.4328125 0.16805555625 0.4375 0.16805555625 0.4375 0.15972222187500001 0.44140625 0.15 0.44140625 0.10555555624999999 0.44296875 0.0861111109375 0.4453125 0.08194444375 0.45078125 0.084722221875 0.45625 0.097222221875 0.45703125 0.177777778125 0.4625 0.177777778125 0.4703125 0.1666666671875 0.4765625 0.1458333328125 0.478125 0.13055555624999998 0.47578125 0.034722221875 0.47265625 0.013888889062500001 0.4625 0.006944443749999999 0.43046875 0.00555555625 0.39453125 0.019444443750000002 0.3890625 0.030555556249999997 0.3890625 0.052777778124999994 0.39140625 0.059722221875 0.3875 0.10833333281249999 0.39296875 0.13055555624999998 0.39375 0.1583333328125 0.4 0.172222221875 0.4 0.18055555625 0.4078125 0.1875
7 0.99921875 0.2208333328125 0.99296875 0.21805555625 0.9890625 0.23055555625 0.9875 0.25555555625 0.99921875 0.25555555625 0.99921875 0.2208333328125
7 0.95 0.21944444375 0.96015625 0.22777777812500002 0.9640625 0.24305555625 0.971875 0.24305555625 0.975 0.2208333328125 0.97421875 0.20277777812500003 0.94921875 0.1833333328125 0.9234375 0.1708333328125 0.91953125 0.177777778125 0.91953125 0.190277778125 0.9234375 0.19583333281249998 0.925 0.2125 0.93125 0.23055555625 0.9359375 0.22916666718749998 0.9421875 0.21805555625 0.95 0.21944444375
7 0.96171875 0.13333333281249998 0.9375 0.12222222187500001 0.925 0.125 0.92421875 0.1291666671875 0.93125 0.1416666671875 0.95 0.1541666671875 0.975 0.16388888906250001 0.98046875 0.1611111109375 0.98046875 0.15555555625 0.97578125 0.147222221875 0.96171875 0.13333333281249998
7 0.7875 0.13984375 0.00078125 0.0015625
7 0.790625 0.13194444375 0.7890625 0.1291666671875 0.78828125 0.13333333281249998 0.790625 0.13194444375
7 0.78671875 0.13055555624999998 0.78671875 0.14861111093749999 0.79296875 0.15 0.79375 0.1291666671875 0.78671875 0.13055555624999998
7 0.78125 0.09305555625 0.78515625 0.10138888906250001 0.7875 0.11805555625 0.79296875 0.11944444375 0.79765625 0.11388888906250001 0.7984375 0.097222221875 0.79296875 0.09305555625 0.78125 0.09305555625
7 0.7484375 0.077777778125 0.7453125 0.15555555625 0.7484375 0.15972222187500001 0.76640625 0.1583333328125 0.76875 0.1541666671875 0.7703125 0.09444444375 0.77265625 0.0861111109375 0.7609375 0.077777778125 0.7484375 0.077777778125
7 0.7375 0.1166666671875 0.74296875 0.08055555625000001 0.74140625 0.072222221875 0.6875 0.047222221875 0.68046875 0.0458333328125 0.6765625 0.0513888890625 0.6765625 0.10138888906250001 0.68515625 0.10694444375 0.69453125 0.1263888890625 0.71015625 0.14305555625 0.71484375 0.1541666671875 0.734375 0.15972222187500001 0.7375 0.15277777812499999 0.7375 0.1166666671875
7 0.73203125 0.030555556249999997 0.7515625 0.030555556249999997 0.7578125 0.0388888890625 0.7703125 0.04305555625 0.79296875 0.040277778125000004 0.79296875 0.034722221875 0.7890625 0.0388888890625 0.7875 0.034722221875 0.775 0.03194444375 0.77265625 0.027777778125000003 0.7734375 0.022222221875 0.78046875 0.01805555625 0.7796875 0.0125 0.77421875 0.0111111109375 0.77421875 0.00555555625 0.740625 0.00555555625 0.71796875 0 0.69140625 0.00555555625 0.6875 0.015277778124999999 0.69375 0.027777778125000003 0.71015625 0.01805555625 0.7125 0.027777778125000003 0.71640625 0.027777778125000003 0.7203125 0.0208333328125 0.7296875 0.0208333328125 0.73203125 0.030555556249999997
4 0.9125 0.36666666718749996 0.909375 0.35555555625 0.90234375 0.35694444375 0.9 0.36666666718749996 0.8953125 0.36944444375 0.8890625 0.384722221875 0.88125 0.41944444374999995 0.88125 0.46388888906250003 0.878125 0.49305555625 0.88125 0.5013888890625 0.88515625 0.5013888890625 0.8875 0.475 0.9046875 0.40416666718750005 0.90625 0.38055555625 0.9125 0.36666666718749996
4 0.653125 0.6291666671875 0.65703125 0.6138888890625 0.6625 0.6041666671875 0.6671875 0.602777778125 0.67265625 0.622222221875 0.67265625 0.6291666671875 0.66875 0.6347222218749999 0.6828125 0.6388888890625 0.6890625 0.6291666671875 0.68359375 0.6166666671875001 0.68046875 0.6 0.68046875 0.577777778125 0.68515625 0.56805555625 0.68203125 0.5541666671875001 0.68359375 0.534722221875 0.68046875 0.4888888890625 0.6875 0.4625 0.68515625 0.45555555625000005 0.675 0.4513888890625 0.6609375 0.475 0.66171875 0.4916666671875 0.6578125 0.50555555625 0.65546875 0.577777778125 0.63984375 0.6166666671875001 0.64921875 0.640277778125 0.6546875 0.6416666671875 0.65625 0.6388888890625 0.653125 0.6291666671875