2 0.46805555625000006 0.96953125 0.46805555625000006 0.96328125 0.45555555625000005 0.96171875 0.42083333281249996 0.9640625 0.41944444374999995 0.975 0.459722221875 0.975 0.46805555625000006 0.96953125
1 0.20416666718749998 0.6140625 0.1916666671875 0.6109375 0.1888888890625 0.6140625 0.1458333328125 0.61328125 0.109722221875 0.615625 0.1041666671875 0.61796875 0.102777778125 0.62578125 0.115277778125 0.63046875 0.15694444375 0.62734375 0.25 0.62734375 0.259722221875 0.63125 0.259722221875 0.63984375 0.26527777812500003 0.640625 0.272222221875 0.63203125 0.28611111093749997 0.625 0.2888888890625 0.6203125 0.2833333328125 0.61328125 0.290277778125 0.60625 0.28472222187499996 0.6046875 0.2638888890625 0.61328125 0.240277778125 0.61484375 0.20416666718749998 0.6140625
1 0.0861111109375 0.55703125 0.2166666671875 0.5578125 0.22638888906250001 0.56171875 0.22638888906250001 0.56875 0.23194444375 0.56953125 0.2388888890625 0.5671875 0.24305555625 0.5609375 0.2513888890625 0.53359375 0.24305555625 0.53125 0.23611111093749998 0.54296875 0.215277778125 0.54765625 0.1708333328125 0.54375 0.13888888906250002 0.54609375 0.084722221875 0.5453125 0.0861111109375 0.55703125
6 0.21805555625 0.23828125 0.19444444375 0.24765625 0.1875 0.26484375 0.1583333328125 0.26953125 0.15 0.2953125 0.15 0.30859375 0.165277778125 0.31875 0.16805555625 0.3296875 0.1763888890625 0.33359375 0.1763888890625 0.3375 0.1708333328125 0.3390625 0.1763888890625 0.34296875 0.21805555625 0.34375 0.240277778125 0.33671875 0.24305555625 0.325 0.2388888890625 0.31796875 0.24722222187499998 0.3015625 0.275 0.29765625 0.28194444375 0.29296875 0.28472222187499996 0.28125 0.28055555625 0.275 0.2708333328125 0.2703125 0.27777777812500004 0.26328125 0.275 0.2375 0.23472222187499997 0.2359375 0.21805555625 0.23828125
6 0.17361111093749998 0.39453125 0.15972222187500001 0.40234375 0.1611111109375 0.42421875 0.18055555625 0.43125 0.20555555625 0.43359375 0.22777777812500002 0.43046875 0.23055555625 0.4265625 0.240277778125 0.4234375 0.259722221875 0.4015625 0.25833333281250004 0.346875 0.2513888890625 0.34296875 0.23611111093749998 0.34296875 0.22916666718749998 0.3453125 0.222222221875 0.36328125 0.215277778125 0.3671875 0.20694444375 0.36328125 0.190277778125 0.36328125 0.17361111093749998 0.39453125
7 0.1263888890625 0.1484375 0.1208333328125 0.1515625 0.12361111093749999 0.15703125 0.1375 0.16015625 0.1513888890625 0.1546875 0.1541666671875 0.10703125 0.147222221875 0.10859375 0.13055555624999998 0.1328125 0.1263888890625 0.1484375
7 0.072222221875 0.06171875 0.072222221875 0.07578125 0.077777778125 0.08671875 0.0861111109375 0.0921875 0.09305555625 0.09296875 0.11944444375 0.09375 0.127777778125 0.08125 0.12222222187500001 0.06953125 0.12222222187500001 0.05546875 0.115277778125 0.04609375 0.11805555625 0.0375 0.115277778125 0.03359375 0.10555555624999999 0.03125 0.097222221875 0.03125 0.09305555625 0.0359375 0.0861111109375 0.0375 0.09305555625 0.04296875 0.08194444375 0.046875 0.072222221875 0.06171875
7 0.08055555625000001 0.10390625 0.072222221875 0.12421875 0.072222221875 0.1390625 0.08055555625000001 0.14296875 0.0888888890625 0.1375 0.11388888906250001 0.1109375 0.11388888906250001 0.1046875 0.09444444375 0.10234375 0.08055555625000001 0.10390625
7 0.22638888906250001 0.0734375 0.1833333328125 0.08359375 0.16805555625 0.09609375 0.15555555625 0.11484375 0.15555555625 0.14296875 0.1611111109375 0.146875 0.15555555625 0.15625 0.15555555625 0.18046875 0.1708333328125 0.184375 0.184722221875 0.1859375 0.20138888906250002 0.18203125 0.2208333328125 0.18125 0.22638888906250001 0.178125 0.22916666718749998 0.16796875 0.21805555625 0.1625 0.21805555625 0.15390625 0.23611111093749998 0.14921875 0.25833333281250004 0.121875 0.27777777812500004 0.1171875 0.2791666671875 0.07734375 0.2666666671875 0.06953125 0.23194444375 0.06953125 0.22638888906250001 0.0734375
7 0.2708333328125 0.00703125 0.26805555625 0.00078125 0.21805555625 0.00078125 0.21805555625 0.00703125 0.23611111093749998 0.01171875 0.2666666671875 0.01171875 0.2708333328125 0.00703125
7 0.190277778125 0.08125 0.19583333281249998 0.07734375 0.215277778125 0.07421875 0.2388888890625 0.06484375 0.240277778125 0.04375 0.23611111093749998 0.040625 0.24722222187499998 0.03125 0.24305555625 0.028125 0.20555555625 0.025 0.197222221875 0.03046875 0.16805555625 0.07421875 0.16944444375 0.0796875 0.175 0.08125 0.190277778125 0.08125
7 0.14305555625 0.0234375 0.125 0.05703125 0.1263888890625 0.0734375 0.1291666671875 0.075 0.1458333328125 0.05625 0.1458333328125 0.04609375 0.1541666671875 0.0359375 0.15972222187500001 0.01953125 0.14305555625 0.0234375
7 0.1208333328125 0.2140625 0.13194444375 0.21484375 0.13888888906250002 0.21953125 0.14305555625 0.215625 0.1541666671875 0.21328125 0.15277777812499999 0.20703125 0.11944444375 0.20703125 0.1208333328125 0.2140625
7 0.09305555625 0.20703125 0.09305555625 0.21171875 0.1166666671875 0.20859375 0.11388888906250001 0.20625 0.10833333281249999 0.2078125 0.10694444375 0.203125 0.097222221875 0.20234375 0.09305555625 0.20703125
7 0.07638888906249999 0.25078125 0.15694444375 0.2546875 0.15972222187500001 0.2375 0.1541666671875 0.23125 0.1375 0.22890625 0.090277778125 0.2296875 0.08055555625000001 0.23359375 0.07638888906249999 0.25078125
7 0.09305555625 0.325 0.1041666671875 0.31953125 0.109722221875 0.31171875 0.11944444375 0.3078125 0.1291666671875 0.30859375 0.14305555625 0.29375 0.1458333328125 0.28203125 0.15555555625 0.27421875 0.15555555625 0.2625 0.06805555625000001 0.26171875 0.04444444375 0.3171875 0.0458333328125 0.32265625 0.055555556250000006 0.3234375 0.09305555625 0.325