1 0.38671875 0.2833333328125 0.39453125 0.2888888890625 0.3953125 0.28194444375 0.3859375 0.25555555625 0.3859375 0.21805555625 0.3890625 0.20416666718749998 0.39140625 0.1583333328125 0.3890625 0.1375 0.384375 0.1263888890625 0.384375 0.10555555624999999 0.3765625 0.102777778125 0.371875 0.10694444375 0.3703125 0.11805555625 0.37265625 0.1375 0.371875 0.2541666671875 0.36796875 0.259722221875 0.3578125 0.259722221875 0.3578125 0.26527777812500003 0.36953125 0.272222221875 0.3765625 0.28611111093749997 0.38671875 0.2833333328125
1 0.43828125 0.24305555625 0.45703125 0.2513888890625 0.46875 0.2513888890625 0.46875 0.24305555625 0.45390625 0.22916666718749998 0.45234375 0.20833333281250002 0.45625 0.16944444375 0.45390625 0.084722221875 0.446875 0.08055555625000001 0.4421875 0.090277778125 0.4421875 0.1541666671875 0.4390625 0.165277778125 0.4421875 0.1888888890625 0.44140625 0.21944444375 0.43828125 0.22638888906250001 0.42890625 0.22916666718749998 0.43203125 0.2388888890625 0.43828125 0.24305555625
6 0.71796875 0.28472222187499996 0.72421875 0.28055555625 0.72890625 0.2708333328125 0.73671875 0.27777777812500004 0.7625 0.275 0.7640625 0.23472222187499997 0.76171875 0.2166666671875 0.75390625 0.197222221875 0.73671875 0.190277778125 0.73125 0.1611111109375 0.72734375 0.15555555625 0.69140625 0.15 0.6796875 0.165277778125 0.66796875 0.16388888906250001 0.65703125 0.1708333328125 0.6546875 0.1888888890625 0.65390625 0.20972222187499998 0.66015625 0.23611111093749998 0.66328125 0.2416666671875 0.6828125 0.2388888890625 0.69765625 0.24722222187499998 0.70234375 0.27638888906250003 0.7078125 0.2833333328125 0.71796875 0.28472222187499996
6 0.63125 0.2138888890625 0.62734375 0.190277778125 0.60703125 0.1763888890625 0.59921875 0.1611111109375 0.575 0.1611111109375 0.56953125 0.175 0.5671875 0.190277778125 0.56875 0.22777777812500002 0.57578125 0.240277778125 0.5953125 0.25833333281250004 0.65390625 0.25833333281250004 0.65703125 0.25 0.6546875 0.23055555625 0.6359375 0.222222221875 0.63125 0.2138888890625
7 0.85 0.12222222187500001 0.84296875 0.125 0.84140625 0.1375 0.84375 0.15 0.87265625 0.1541666671875 0.89140625 0.1513888890625 0.88515625 0.14305555625 0.86640625 0.13055555624999998 0.85625 0.1291666671875 0.85 0.12222222187500001
7 0.96171875 0.09305555625 0.96171875 0.11805555625 0.965625 0.11805555625 0.9734375 0.10138888906250001 0.9625 0.08333333281250001 0.9640625 0.0888888890625 0.96171875 0.09305555625
7 0.95390625 0.084722221875 0.9390625 0.072222221875 0.92421875 0.072222221875 0.90703125 0.08333333281250001 0.90625 0.11944444375 0.91953125 0.127777778125 0.925 0.127777778125 0.92734375 0.12222222187500001 0.946875 0.12222222187500001 0.95 0.11805555625 0.95390625 0.1 0.95390625 0.084722221875
7 0.8609375 0.072222221875 0.85703125 0.08055555625000001 0.8640625 0.090277778125 0.8765625 0.1041666671875 0.88984375 0.11388888906250001 0.89609375 0.11388888906250001 0.89765625 0.08055555625000001 0.8765625 0.072222221875 0.8609375 0.072222221875
7 0.853125 0.2388888890625 0.878125 0.25833333281250004 0.88203125 0.27777777812500004 0.8859375 0.28055555625 0.89296875 0.28055555625 0.89609375 0.27638888906250003 0.9234375 0.27777777812500004 0.9296875 0.26805555625 0.93046875 0.23333333281250002 0.92578125 0.2236111109375 0.915625 0.18194444375000002 0.9109375 0.17361111093749998 0.88046875 0.15555555625 0.81875 0.15694444375 0.815625 0.17361111093749998 0.815625 0.1916666671875 0.81796875 0.21805555625 0.821875 0.22638888906250001 0.8296875 0.22916666718749998 0.8375 0.215277778125 0.846875 0.2166666671875 0.853125 0.2388888890625
7 0.15703125 0.1875 0.175 0.1875 0.1828125 0.19583333281249998 0.1921875 0.19583333281249998 0.20546875 0.1708333328125 0.20390625 0.1458333328125 0.19453125 0.13888888906250002 0.17265625 0.1111111109375 0.1609375 0.10694444375 0.1484375 0.109722221875 0.13125 0.1291666671875 0.13515625 0.13888888906250002 0.13046875 0.15277777812499999 0.13125 0.1666666671875 0.13671875 0.1708333328125 0.14296875 0.1611111109375 0.15 0.15972222187500001 0.15546875 0.1708333328125 0.15703125 0.1875
7 0.3375 0.16388888906250001 0.34453125 0.15277777812499999 0.35390625 0.15555555625 0.3640625 0.140277778125 0.36875 0.14305555625 0.36875 0.109722221875 0.38125 0.0986111109375 0.3796875 0.0388888890625 0.375 0.0375 0.3640625 0.04444444375 0.35546875 0.055555556250000006 0.34375 0.052777778124999994 0.3375 0.059722221875 0.33359375 0.058333332812500006 0.328125 0.04305555625 0.28671875 0.05 0.28125 0.055555556250000006 0.28046875 0.072222221875 0.2765625 0.0861111109375 0.275 0.16388888906250001 0.28046875 0.16805555625 0.28203125 0.177777778125 0.296875 0.17361111093749998 0.3046875 0.19305555624999998 0.325 0.19305555624999998 0.3328125 0.165277778125 0.3375 0.16388888906250001
7 0.39765625 0.15694444375 0.40390625 0.18055555625 0.41640625 0.1833333328125 0.428125 0.177777778125 0.43828125 0.15555555625 0.43984375 0.14305555625 0.45625 0.14444444375 0.4578125 0.177777778125 0.4625 0.177777778125 0.46875 0.16805555625 0.478125 0.125 0.478125 0.0916666671875 0.47578125 0.08333333281250001 0.47421875 0.0375 0.46796875 0.009722221875000001 0.42578125 0.006944443749999999 0.41640625 0.013888889062500001 0.39375 0.0208333328125 0.3890625 0.03194444375 0.3890625 0.06944444375 0.39140625 0.08194444375 0.3890625 0.0861111109375 0.38828125 0.1166666671875 0.39375 0.13055555624999998 0.39765625 0.13333333281249998 0.39453125 0.1541666671875 0.39765625 0.15694444375
7 0.99375 0.275 0.99921875 0.2708333328125 0.99921875 0.2208333328125 0.99296875 0.21805555625 0.98828125 0.23472222187499997 0.9875 0.26805555625 0.99375 0.275
7 0.97421875 0.22916666718749998 0.9734375 0.20277777812500003 0.96640625 0.19444444375 0.928125 0.16944444375 0.92265625 0.16805555625 0.91875 0.175 0.91875 0.190277778125 0.921875 0.19444444375 0.925 0.2138888890625 0.93359375 0.2388888890625 0.96015625 0.23611111093749998 0.96875 0.24722222187499998 0.971875 0.24305555625 0.97421875 0.22916666718749998
7 0.9375 0.12222222187500001 0.93203125 0.12222222187500001 0.92890625 0.13055555624999998 0.92578125 0.12361111093749999 0.92578125 0.13055555624999998 0.9390625 0.14305555625 0.9546875 0.14444444375 0.96484375 0.1541666671875 0.98046875 0.15972222187500001 0.9796875 0.1458333328125 0.9765625 0.14305555625 0.9375 0.12222222187500001
7 0.796875 0.10694444375 0.79765625 0.097222221875 0.78828125 0.09444444375 0.7890625 0.1041666671875 0.79296875 0.1111111109375 0.78828125 0.115277778125 0.78125 0.140277778125 0.78984375 0.15277777812499999 0.79296875 0.1513888890625 0.7921875 0.1166666671875 0.796875 0.10694444375
7 0.7484375 0.0875 0.7453125 0.1583333328125 0.7625 0.15972222187500001 0.76875 0.1513888890625 0.77109375 0.0888888890625 0.76875 0.08194444375 0.75234375 0.075 0.74921875 0.07638888906249999 0.7484375 0.0875
7 0.73828125 0.06805555625000001 0.69375 0.047222221875 0.67890625 0.0458333328125 0.6765625 0.054166667187499996 0.6765625 0.0986111109375 0.6859375 0.10555555624999999 0.69375 0.1291666671875 0.7265625 0.15555555625 0.73515625 0.1583333328125 0.7375 0.1541666671875 0.73984375 0.0888888890625 0.73828125 0.06805555625000001
4 0.1421875 0.19305555624999998 0.1453125 0.23611111093749998 0.15 0.23611111093749998 0.15546875 0.23055555625 0.1546875 0.172222221875 0.15 0.1611111109375 0.14296875 0.16388888906250001 0.1421875 0.19305555624999998