2 0.5736111109375 0.02421875 0.577777778125 0.02109375 0.56805555625 0.01328125 0.54444444375 0.0125 0.5263888890625 0.01484375 0.522222221875 0.021875 0.527777778125 0.0296875 0.5486111109375 0.03125 0.5736111109375 0.02421875
7 0.7236111109375 0.925 0.73194444375 0.93046875 0.76805555625 0.93046875 0.775 0.9265625 0.81805555625 0.915625 0.83194444375 0.9046875 0.8444444437499999 0.88203125 0.8444444437499999 0.85625 0.8291666671875 0.8515625 0.8361111109375001 0.8484375 0.8416666671874999 0.8359375 0.840277778125 0.8234375 0.83194444375 0.81640625 0.7916666671875 0.8171875 0.7805555562500001 0.81875 0.7736111109375 0.82421875 0.7736111109375 0.8328125 0.7819444437499999 0.8375 0.784722221875 0.84453125 0.7791666671875 0.84921875 0.7638888890625 0.8515625 0.7458333328125 0.86953125 0.7416666671875001 0.87890625 0.725 0.88203125 0.7208333328125 0.8859375 0.725 0.89609375 0.7236111109375 0.925
7 0.42222222187499997 0.06796875 0.427777778125 0.0703125 0.43333333281249997 0.06875 0.4361111109375 0.07421875 0.44305555625000004 0.0734375 0.45 0.09921875 0.44305555625000004 0.10625 0.3986111109375 0.1078125 0.3916666671875 0.115625 0.38194444375000003 0.1203125 0.38333333281250004 0.14140625 0.40972222187499996 0.14140625 0.46944444374999994 0.13046875 0.48194444374999995 0.13046875 0.4888888890625 0.12578125 0.51805555625 0.1265625 0.5319444437499999 0.1234375 0.5333333328125 0.11953125 0.56805555625 0.1171875 0.56805555625 0.09140625 0.5333333328125 0.07421875 0.5416666671875 0.06875 0.5583333328125 0.06796875 0.5583333328125 0.0625 0.522222221875 0.0625 0.4986111109375 0.065625 0.4763888890625 0.0578125 0.4611111109375 0.0578125 0.44444444375 0.0625 0.4375 0.0609375 0.43055555625 0.06328125 0.4263888890625 0.06015625 0.415277778125 0.0640625 0.40694444374999994 0.06328125 0.3986111109375 0.0671875 0.3861111109375 0.0640625 0.384722221875 0.0671875 0.42222222187499997 0.06796875
7 0.44444444375 0.21953125 0.44444444375 0.23046875 0.4375 0.23671875 0.4361111109375 0.27578125 0.40694444374999994 0.3 0.40694444374999994 0.3171875 0.42083333281249996 0.32890625 0.44305555625000004 0.33359375 0.4458333328125 0.34296875 0.47222222187499996 0.36015625 0.49444444374999996 0.36484375 0.5333333328125 0.3640625 0.5527777781250001 0.36171875 0.565277778125 0.35703125 0.5888888890625 0.3421875 0.60694444375 0.3203125 0.6347222218749999 0.29453125 0.64305555625 0.290625 0.6486111109375 0.28203125 0.6666666671875 0.27421875 0.6708333328125 0.26171875 0.684722221875 0.2546875 0.672222221875 0.246875 0.66944444375 0.2328125 0.6569444437499999 0.22734375 0.6319444437499999 0.22421875 0.622222221875 0.21875 0.6361111109375 0.21640625 0.64305555625 0.2125 0.6541666671875 0.19453125 0.6777777781250001 0.184375 0.715277778125 0.1390625 0.7138888890625 0.13671875 0.66944444375 0.13828125 0.6486111109375 0.14375 0.6333333328124999 0.1515625 0.6138888890625 0.16875 0.597222221875 0.1765625 0.5722222218749999 0.1609375 0.5666666671875 0.15 0.522222221875 0.1515625 0.4263888890625 0.1640625 0.4236111109375 0.16796875 0.43194444374999996 0.18828125 0.43194444374999996 0.2125 0.44444444375 0.21953125
7 0.7791666671875 0 0.7805555562500001 0.02890625 0.7666666671875 0.0421875 0.75 0.04453125 0.7083333328125 0.0953125 0.6833333328125 0.1 0.6833333328125 0.11171875 0.722222221875 0.11015625 0.74444444375 0.10546875 0.7708333328125 0.07578125 0.7819444437499999 0.06796875 0.79444444375 0.0453125 0.8055555562500001 0.03671875 0.8083333328125001 0.01171875 0.8194444437499999 0 0.7791666671875 0
7 0.89305555625 0.38828125 0.8430555562500001 0.39375 0.83194444375 0.39921875 0.8208333328125 0.4 0.8166666671874999 0.40625 0.8166666671874999 0.42265625 0.8375 0.43671875 0.85555555625 0.44140625 0.897222221875 0.44140625 0.915277778125 0.4453125 0.9138888890624999 0.45234375 0.9041666671874999 0.45703125 0.8430555562500001 0.45625 0.827777778125 0.45859375 0.85 0.47578125 0.8666666671875 0.478125 0.9541666671875 0.47578125 0.9902777781250001 0.46796875 0.9930555562500001 0.4625 0.99444444375 0.43046875 0.98055555625 0.3953125 0.975 0.38984375 0.9680555562500001 0.38828125 0.9444444437499999 0.3890625 0.9458333328125 0.38046875 0.9625 0.378125 0.95555555625 0.36484375 0.9444444437499999 0.35546875 0.9486111109375001 0.3484375 0.9444444437499999 0.33515625 0.95694444375 0.32890625 0.952777778125 0.29375 0.9444444437499999 0.28203125 0.91805555625 0.28046875 0.9069444437499999 0.2765625 0.8458333328125001 0.275 0.8388888890624999 0.28046875 0.827777778125 0.2828125 0.8291666671875 0.296875 0.809722221875 0.30234375 0.8055555562500001 0.309375 0.80694444375 0.32421875 0.834722221875 0.33359375 0.83055555625 0.3625 0.8444444437499999 0.3640625 0.8444444437499999 0.36875 0.8916666671875 0.3703125 0.902777778125 0.38203125 0.89305555625 0.38828125
7 0.734722221875 0.9953125 0.7430555562500001 0.99921875 0.7805555562500001 0.99921875 0.7819444437499999 0.99296875 0.765277778125 0.98828125 0.74444444375 0.9875 0.734722221875 0.9953125
7 0.827777778125 0.91875 0.8125 0.91875 0.79444444375 0.9265625 0.7708333328125 0.93125 0.76805555625 0.93828125 0.777777778125 0.94296875 0.777777778125 0.9546875 0.76944444375 0.96171875 0.7583333328124999 0.96328125 0.7541666671875 0.96796875 0.7569444437499999 0.971875 0.7819444437499999 0.975 0.7986111109375 0.9734375 0.83194444375 0.925 0.827777778125 0.91875
7 0.8680555562500001 0.959375 0.877777778125 0.93671875 0.877777778125 0.93359375 0.8680555562500001 0.93046875 0.875 0.92734375 0.86944444375 0.9265625 0.8583333328125 0.93828125 0.8416666671874999 0.97578125 0.8457465281250001 0.978076171875 0.852777778125 0.975 0.8680555562500001 0.959375
7 0.91944444375 0.76640625 0.925 0.75078125 0.91944444375 0.7484375 0.8416666671874999 0.74609375 0.840277778125 0.76171875 0.8444444437499999 0.76640625 0.852777778125 0.76875 0.9138888890624999 0.77109375 0.91944444375 0.76640625
7 0.890277778125 0.6875 0.8736111109375001 0.69140625 0.85694444375 0.70859375 0.8458333328125001 0.71484375 0.840277778125 0.72578125 0.840277778125 0.734375 0.8444444437499999 0.73671875 0.915277778125 0.73984375 0.93194444375 0.7375 0.952777778125 0.6828125 0.9458333328125 0.6765625 0.9013888890624999 0.6765625 0.890277778125 0.6875
7 0.8583333328125 0.7921875 0.875 0.79296875 0.88055555625 0.7890625 0.859722221875 0.7859375 0.8583333328125 0.7921875
7 0.9055555562500001 0.78515625 0.89444444375 0.7875 0.8888888890625 0.7921875 0.8819444437499999 0.78828125 0.8888888890625 0.796875 0.8986111109375001 0.7984375 0.9041666671874999 0.7953125 0.9055555562500001 0.78515625
7 0.9796875 0.69921875 0.0015625 0.0015625
7 0.9958333328125001 0.7671875 0.99444444375 0.75390625 0.9861111109375 0.75078125 0.9902777781250001 0.7484375 0.9861111109375 0.74140625 0.99444444375 0.7375 0.9958333328125001 0.70703125 0.9859259265625001 0.7033159718750001 0.977777778125 0.71171875 0.977777778125 0.728125 0.9694444437499999 0.73125 0.9694444437499999 0.75078125 0.95694444375 0.77421875 0.95694444375 0.79296875 0.9625 0.7953125 0.9680555562500001 0.79140625 0.9680555562500001 0.784375 0.9791666671874999 0.78828125 0.98055555625 0.7859375 0.99444444375 0.78671875 0.9902777781250001 0.78203125 0.9916666671875 0.7703125 0.9958333328125001 0.7671875