7 0.87890625 0.25833333281250004 0.8828125 0.27638888906250003 0.9234375 0.27777777812500004 0.93046875 0.26527777812500003 0.93046875 0.23194444375 0.925 0.21944444375 0.91640625 0.18194444375000002 0.9046875 0.16805555625 0.88359375 0.15555555625 0.85703125 0.15555555625 0.8515625 0.16944444375 0.84765625 0.1611111109375 0.8203125 0.1583333328125 0.81640625 0.16805555625 0.815625 0.1875 0.8203125 0.2208333328125 0.83203125 0.2236111109375 0.8375 0.21805555625 0.846875 0.21805555625 0.8515625 0.23611111093749998 0.87109375 0.25555555625 0.87890625 0.25833333281250004
7 0.05859375 0.54444444375 0.06171875 0.5555555562500001 0.0609375 0.5736111109375 0.065625 0.5861111109375 0.06328125 0.5958333328125 0.0671875 0.5990736109375 0.06328125 0.6041666671875 0.06328125 0.6333333328124999 0.0671875 0.6138888890625 0.06875 0.5722222218749999 0.06640625 0.5611111109375 0.071875 0.5555555562500001 0.09765625 0.547222221875 0.10625 0.5541666671875001 0.10859375 0.6013888890625 0.121875 0.6180555562500001 0.14140625 0.6180555562500001 0.14140625 0.5888888890625 0.13828125 0.58194444375 0.13046875 0.51805555625 0.12578125 0.5097222218749999 0.1234375 0.48194444374999995 0.1171875 0.46666666718750005 0.11875 0.447222221875 0.115625 0.43055555625 0.09453125 0.43333333281249997 0.07421875 0.46805555625000006 0.06875 0.46666666718750005 0.06796875 0.44305555625000004 0.0625 0.4486111109375 0.0671875 0.45 0.06796875 0.45555555625000005 0.0625 0.4583333328125 0.06328125 0.48333333281249996 0.06640625 0.49583333281249997 0.0625 0.5166666671875 0.0578125 0.525 0.05859375 0.54444444375
7 0.16484375 0.42222222187499997 0.1609375 0.4486111109375 0.1625 0.48055555625 0.16640625 0.5 0.1609375 0.5361111109375 0.16171875 0.5611111109375 0.16484375 0.5763888890625 0.1890625 0.56805555625 0.2125 0.56805555625 0.21875 0.5555555562500001 0.23046875 0.5555555562500001 0.23671875 0.5625 0.27734375 0.565277778125 0.28515625 0.5722222218749999 0.2953125 0.590277778125 0.31796875 0.5930555562500001 0.32421875 0.5888888890625 0.33046875 0.577777778125 0.33125 0.5694444437499999 0.33828125 0.5555555562500001 0.34296875 0.5555555562500001 0.353125 0.54305555625 0.3625 0.5208333328125 0.36484375 0.502777778125 0.3640625 0.46805555625000006 0.3609375 0.44305555625000004 0.35625 0.43194444374999996 0.3421875 0.41111111093749997 0.31875 0.3916666671875 0.3171875 0.3861111109375 0.3078125 0.3791666671875 0.290625 0.35694444375 0.28203125 0.352777778125 0.27265625 0.33194444375 0.26171875 0.3291666671875 0.2546875 0.315277778125 0.24765625 0.32777777812500003 0.23203125 0.33055555625 0.22265625 0.3625 0.21640625 0.34722222187499996 0.2 0.34027777812500004 0.1875 0.3166666671875 0.1765625 0.3125 0.15390625 0.29444444375 0.13828125 0.290277778125 0.1375 0.33055555625 0.1453125 0.33888888906250003 0.15 0.33888888906250003 0.15 0.3513888890625 0.1546875 0.35555555625 0.175 0.3958333328125 0.1734375 0.40972222187499996 0.16484375 0.42222222187499997
7 0.09609375 0.30416666718749996 0.1015625 0.322222221875 0.11171875 0.3263888890625 0.109375 0.2791666671875 0.10625 0.26805555625 0.09921875 0.259722221875 0.08125 0.2513888890625 0.059375 0.23194444375 0.03828125 0.22638888906250001 0.03046875 0.21805555625 0.0140625 0.215277778125 0.00546875 0.21944444375 0.003125 0.22916666718749998 0.0046875 0.2416666671875 0.01796875 0.24722222187499998 0.034375 0.26805555625 0.0453125 0.272222221875 0.05546875 0.2833333328125 0.06484375 0.28472222187499996 0.09609375 0.30416666718749996
7 0.34375 0.15694444375 0.3609375 0.15555555625 0.36875 0.15 0.36953125 0.109722221875 0.375 0.10138888906250001 0.38046875 0.1 0.38203125 0.09444444375 0.3796875 0.0388888890625 0.375 0.0375 0.36484375 0.04444444375 0.35546875 0.055555556250000006 0.3484375 0.0513888890625 0.33359375 0.052777778124999994 0.32890625 0.04305555625 0.28828125 0.05 0.28203125 0.055555556250000006 0.28125 0.0791666671875 0.2765625 0.09305555625 0.275 0.1541666671875 0.28046875 0.16388888906250001 0.28203125 0.17361111093749998 0.296875 0.16944444375 0.303125 0.190277778125 0.32265625 0.19305555624999998 0.33203125 0.165277778125 0.34375 0.15694444375
7 0.4046875 0.16805555625 0.4109375 0.18055555625 0.425 0.18055555625 0.43671875 0.16388888906250001 0.43671875 0.1583333328125 0.44140625 0.15 0.44140625 0.10138888906250001 0.4453125 0.08333333281250001 0.45390625 0.084722221875 0.45625 0.09305555625 0.45546875 0.140277778125 0.4578125 0.16805555625 0.4609375 0.16944444375 0.46328125 0.1611111109375 0.46875 0.15972222187500001 0.4734375 0.15277777812499999 0.478125 0.13194444375 0.478125 0.09305555625 0.47421875 0.0388888890625 0.46640625 0.0083333328125 0.4265625 0.006944443749999999 0.41640625 0.013888889062500001 0.3953125 0.019444443750000002 0.38984375 0.025 0.38828125 0.03194444375 0.38984375 0.07083333281250001 0.38671875 0.1 0.3890625 0.11805555625 0.39375 0.13055555624999998 0.39296875 0.15 0.3953125 0.15555555625 0.40390625 0.15694444375 0.4046875 0.16805555625
7 0.9875 0.25555555625 0.99375 0.26527777812500003 0.99375 0.2611111109375 0.99921875 0.25555555625 0.99921875 0.2208333328125 0.9921875 0.21805555625 0.98984375 0.222222221875 0.9875 0.25555555625
7 0.96796875 0.24583333281250003 0.971875 0.24305555625 0.97578125 0.20555555625 0.9671875 0.19444444375 0.95703125 0.1916666671875 0.92890625 0.1708333328125 0.92265625 0.1708333328125 0.92578125 0.21111111093749999 0.93125 0.22916666718749998 0.93984375 0.23472222187499997 0.946875 0.2236111109375 0.9515625 0.222222221875 0.9609375 0.23055555625 0.96328125 0.2416666671875 0.96796875 0.24583333281250003
7 0.9265625 0.1263888890625 0.92578125 0.1291666671875 0.9390625 0.14305555625 0.95546875 0.1458333328125 0.98046875 0.15972222187500001 0.975 0.14305555625 0.96015625 0.13194444375 0.94453125 0.125 0.9265625 0.1263888890625
7 0.78828125 0.1291666671875 0.7875 0.140277778125 0.79296875 0.140277778125 0.79296875 0.1291666671875 0.78828125 0.1291666671875
7 0.790625 0.10138888906250001 0.7890625 0.0958333328125 0.78515625 0.0958333328125 0.79296875 0.10555555624999999 0.796875 0.10555555624999999 0.796875 0.1 0.79296875 0.0958333328125 0.790625 0.10138888906250001
7 0.7453125 0.15555555625 0.74765625 0.15972222187500001 0.76171875 0.15972222187500001 0.76875 0.15 0.77109375 0.0861111109375 0.7609375 0.077777778125 0.7484375 0.077777778125 0.7453125 0.15555555625
7 0.7375 0.1125 0.74140625 0.08333333281250001 0.7375 0.06805555625000001 0.6859375 0.047222221875 0.68125 0.047222221875 0.6765625 0.05694444375 0.6765625 0.10138888906250001 0.6859375 0.10555555624999999 0.6953125 0.1291666671875 0.71640625 0.15555555625 0.728125 0.15972222187500001 0.734375 0.15972222187500001 0.73671875 0.15555555625 0.7375 0.1125
4 0.41015625 0.18055555625 0.40703125 0.17361111093749998 0.40625 0.15694444375 0.39921875 0.15555555625 0.39453125 0.16944444375 0.39375 0.1888888890625 0.39609375 0.20416666718749998 0.39375 0.21805555625 0.4 0.222222221875 0.4015625 0.22916666718749998 0.40625 0.23055555625 0.41015625 0.2 0.41015625 0.18055555625
4 0.16484375 0.3791666671875 0.16171875 0.36805555624999997 0.15 0.3513888890625 0.14921875 0.32777777812500003 0.14296875 0.322222221875 0.13984375 0.32777777812500003 0.1390625 0.34027777812500004 0.14140625 0.34722222187499996 0.1515625 0.48055555625 0.15703125 0.527777778125 0.16171875 0.5319444437499999 0.16328125 0.4916666671875 0.1609375 0.41944444374999995 0.16484375 0.3791666671875
4 0.66171875 0.16388888906250001 0.66796875 0.15694444375 0.66796875 0.10555555624999999 0.66328125 0.102777778125 0.6578125 0.12222222187500001 0.66015625 0.1513888890625 0.65390625 0.15972222187500001 0.65234375 0.16805555625 0.6578125 0.165277778125 0.6625 0.17361111093749998 0.66640625 0.17361111093749998 0.6671875 0.1708333328125 0.66171875 0.16388888906250001