0 0.10546875 0.6569444437499999 0.1015625 0.6486111109375 0.09453125 0.6541666671875 0.09375 0.6625 0.1 0.6625 0.10546875 0.6569444437499999
0 0 0.9930555562500001 0.10234375 0.9638888890624999 0.1234375 0.9541666671875 0.1296875 0.94305555625 0.13203125 0.9486111109375001 0.1390625 0.9513888890625 0.1546875 0.9680555562500001 0.16875 0.9694444437499999 0.1875 0.9638888890624999 0.2 0.94305555625 0.20546875 0.9138888890624999 0.2171875 0.9041666671874999 0.2296875 0.8847222218749999 0.234375 0.859722221875 0.23125 0.81805555625 0.22734375 0.8055555562500001 0.22890625 0.790277778125 0.215625 0.725 0.2 0.6944444437499999 0.1859375 0.68194444375 0.1015625 0.6791666671875001 0.0984375 0.66805555625 0.09140625 0.665277778125 0.08671875 0.6555555562500001 0.0828125 0.6541666671875 0.0671875 0.6180555562500001 0.06328125 0.6125 0.06015625 0.6152777781250001 0.059375 0.60694444375 0.05 0.5861111109375 0.05 0.5930555562500001 0.0546875 0.597222221875 0.05390625 0.6013888890625 0.06328125 0.6291666671875 0.065625 0.6569444437499999 0 0.6638888890625 0 0.9930555562500001
2 0.02578125 0.41805555625 0.02421875 0.42222222187499997 0.0234375 0.44166666718750003 0.0265625 0.46805555625000006 0.0375 0.46805555625000006 0.040625 0.4625 0.040625 0.4513888890625 0.03671875 0.42222222187499997 0.03359375 0.41805555625 0.02578125 0.41805555625
1 0.38515625 0.2833333328125 0.39453125 0.2888888890625 0.39375 0.27777777812500004 0.38671875 0.2638888890625 0.38515625 0.23333333281250002 0.38515625 0.15972222187500001 0.3875 0.1541666671875 0.3859375 0.109722221875 0.37890625 0.102777778125 0.37265625 0.102777778125 0.36875 0.109722221875 0.37265625 0.15972222187500001 0.37265625 0.25 0.36875 0.259722221875 0.359375 0.259722221875 0.3578125 0.2638888890625 0.36875 0.272222221875 0.37890625 0.2888888890625 0.38515625 0.2833333328125
1 0.4546875 0.22916666718749998 0.45234375 0.2166666671875 0.45625 0.16805555625 0.45390625 0.1458333328125 0.45390625 0.08333333281250001 0.44921875 0.08194444375 0.44296875 0.0875 0.4421875 0.215277778125 0.4375 0.22638888906250001 0.43125 0.22638888906250001 0.4296875 0.23055555625 0.4328125 0.2388888890625 0.43828125 0.24305555625 0.46015625 0.2513888890625 0.46171875 0.2388888890625 0.46573660781250004 0.24007936562499999 0.4546875 0.22916666718749998
6 0.65703125 0.2513888890625 0.6546875 0.22916666718749998 0.634375 0.21805555625 0.6375 0.197222221875 0.63671875 0.1916666671875 0.6296875 0.184722221875 0.609375 0.1763888890625 0.59765625 0.15972222187500001 0.57578125 0.1611111109375 0.56953125 0.175 0.56640625 0.197222221875 0.5671875 0.21944444375 0.56953125 0.22916666718749998 0.57890625 0.24305555625 0.58828125 0.24722222187499998 0.59921875 0.259722221875 0.6515625 0.25833333281250004 0.65703125 0.2513888890625
6 0.7265625 0.275 0.76171875 0.27638888906250003 0.7640625 0.26527777812500003 0.76171875 0.2166666671875 0.7578125 0.2125 0.75546875 0.1986111109375 0.75234375 0.19444444375 0.73515625 0.1875 0.73046875 0.1583333328125 0.6953125 0.147222221875 0.68828125 0.1513888890625 0.68046875 0.165277778125 0.6609375 0.16805555625 0.65625 0.17361111093749998 0.65625 0.2166666671875 0.66328125 0.240277778125 0.6828125 0.2388888890625 0.6984375 0.24722222187499998 0.70234375 0.275 0.71171875 0.28472222187499996 0.721875 0.2833333328125 0.7265625 0.275
7 0.83984375 0.13055555624999998 0.83984375 0.14305555625 0.84375 0.1513888890625 0.8828125 0.15555555625 0.89296875 0.15277777812499999 0.8734375 0.134722221875 0.8484375 0.1208333328125 0.84375 0.12222222187500001 0.83984375 0.13055555624999998
7 0.9671875 0.102777778125 0.96640625 0.0958333328125 0.96484375 0.102777778125 0.9671875 0.102777778125
7 0.95390625 0.0861111109375 0.9390625 0.072222221875 0.9234375 0.072222221875 0.9125 0.077777778125 0.90703125 0.0861111109375 0.90625 0.11944444375 0.915625 0.1263888890625 0.921875 0.127777778125 0.92734375 0.1208333328125 0.94765625 0.1208333328125 0.9515625 0.1166666671875 0.95390625 0.10555555624999999 0.95390625 0.0861111109375
7 0.8578125 0.075 0.85625 0.08055555625000001 0.875 0.102777778125 0.88984375 0.11388888906250001 0.8953125 0.11388888906250001 0.89765625 0.08055555625000001 0.8703125 0.07083333281250001 0.86171875 0.07083333281250001 0.8578125 0.075
7 0.86953125 0.2541666671875 0.87890625 0.25833333281250004 0.88203125 0.27638888906250003 0.88671875 0.28055555625 0.89609375 0.27638888906250003 0.921875 0.2791666671875 0.93046875 0.2666666671875 0.9296875 0.23055555625 0.92578125 0.2236111109375 0.915625 0.18055555625 0.909375 0.172222221875 0.87890625 0.15555555625 0.85625 0.15555555625 0.8515625 0.16388888906250001 0.840625 0.15555555625 0.8203125 0.15555555625 0.8171875 0.1625 0.8171875 0.2138888890625 0.81875 0.222222221875 0.82421875 0.22916666718749998 0.83125 0.22916666718749998 0.83671875 0.21805555625 0.84609375 0.21805555625 0.85078125 0.23611111093749998 0.86953125 0.2541666671875
7 0.9875 0.26805555625 0.98984375 0.275 0.99375 0.27638888906250003 0.99921875 0.25555555625 0.99921875 0.2208333328125 0.99296875 0.21805555625 0.98984375 0.23055555625 0.9875 0.26805555625
7 0.975 0.222222221875 0.975 0.20694444375 0.97265625 0.20277777812500003 0.965625 0.19444444375 0.928125 0.16944444375 0.921875 0.16805555625 0.91875 0.17361111093749998 0.91796875 0.1888888890625 0.92421875 0.20138888906250002 0.925 0.2138888890625 0.9328125 0.23611111093749998 0.9375 0.240277778125 0.9625 0.240277778125 0.96953125 0.24583333281250003 0.975 0.222222221875
7 0.925 0.13055555624999998 0.9359375 0.14305555625 0.98046875 0.15972222187500001 0.978125 0.14444444375 0.9734375 0.140277778125 0.94609375 0.1263888890625 0.9265625 0.12222222187500001 0.925 0.13055555624999998
7 0.78515625 0.13055555624999998 0.78046875 0.13888888906250002 0.78671875 0.1513888890625 0.79140625 0.1513888890625 0.79375 0.140277778125 0.79296875 0.12222222187500001 0.7859375 0.12222222187500001 0.78515625 0.13055555624999998
7 0.7890625 0.09305555625 0.7890625 0.10138888906250001 0.7953125 0.109722221875 0.79765625 0.097222221875 0.7890625 0.09305555625
7 0.74921875 0.07638888906249999 0.74765625 0.1291666671875 0.7453125 0.1361111109375 0.74453125 0.1513888890625 0.74765625 0.15972222187500001 0.7609375 0.15972222187500001 0.76796875 0.15277777812499999 0.77109375 0.102777778125 0.76875 0.08333333281250001 0.75390625 0.075 0.74921875 0.07638888906249999
7 0.7265625 0.15555555625 0.73671875 0.15555555625 0.7390625 0.075 0.7375 0.06805555625000001 0.71640625 0.055555556250000006 0.7015625 0.054166667187499996 0.68203125 0.04444444375 0.67734375 0.0458333328125 0.6765625 0.054166667187499996 0.675 0.09305555625 0.68046875 0.1041666671875 0.68671875 0.10694444375 0.6890625 0.115277778125 0.68828125 0.127777778125 0.70546875 0.14305555625 0.71875 0.1458333328125 0.7265625 0.15555555625