2 0.46944444374999994 0.9703125 0.46666666718750005 0.959375 0.425 0.96328125 0.41805555625 0.96796875 0.41944444374999995 0.975 0.4625 0.975 0.46944444374999994 0.9703125
1 0.10694444375 0.6140625 0.102777778125 0.6265625 0.115277778125 0.6296875 0.15 0.62734375 0.252777778125 0.62734375 0.259722221875 0.63125 0.2611111109375 0.640625 0.26527777812500003 0.640625 0.2708333328125 0.6328125 0.2888888890625 0.62265625 0.28472222187499996 0.61171875 0.290277778125 0.60625 0.2833333328125 0.6046875 0.259722221875 0.61328125 0.2388888890625 0.61484375 0.11388888906250001 0.6125 0.10694444375 0.6140625
1 0.14861111093749999 0.54609375 0.084722221875 0.5453125 0.084722221875 0.553125 0.090277778125 0.55703125 0.2166666671875 0.5578125 0.22777777812500002 0.56171875 0.22638888906250001 0.56875 0.23055555625 0.5703125 0.2388888890625 0.5671875 0.24305555625 0.5609375 0.2513888890625 0.5328125 0.24444444375000002 0.53046875 0.23611111093749998 0.54296875 0.225 0.54609375 0.18055555625 0.54609375 0.1708333328125 0.54375 0.15555555625 0.54375 0.14861111093749999 0.54609375
6 0.1916666671875 0.2625 0.18055555625 0.2671875 0.1583333328125 0.26953125 0.15 0.3078125 0.16388888906250001 0.31796875 0.165277778125 0.33046875 0.1763888890625 0.3359375 0.16944444375 0.3390625 0.177777778125 0.34375 0.21111111093749999 0.34453125 0.2388888890625 0.33828125 0.24305555625 0.3328125 0.2416666671875 0.3140625 0.24722222187499998 0.303125 0.28055555625 0.29375 0.28472222187499996 0.28046875 0.28194444375 0.27578125 0.272222221875 0.27109375 0.2791666671875 0.26015625 0.275 0.2375 0.215277778125 0.2375 0.19444444375 0.24765625 0.1916666671875 0.2625
6 0.17361111093749998 0.39375 0.15972222187500001 0.4015625 0.15972222187500001 0.42265625 0.18055555625 0.43125 0.197222221875 0.43359375 0.22638888906250001 0.43125 0.240277778125 0.42421875 0.24583333281250003 0.4140625 0.25555555625 0.40625 0.259722221875 0.39453125 0.25833333281250004 0.35 0.25 0.34296875 0.22916666718749998 0.3453125 0.21805555625 0.365625 0.20277777812500003 0.3625 0.190277778125 0.36328125 0.184722221875 0.37890625 0.17361111093749998 0.39375
7 0.26805555625 0.06953125 0.23333333281250002 0.06953125 0.2236111109375 0.07421875 0.18055555625 0.084375 0.17361111093749998 0.0890625 0.15555555625 0.11484375 0.15555555625 0.14296875 0.172222221875 0.14765625 0.16805555625 0.15546875 0.1611111109375 0.15703125 0.15555555625 0.1625 0.15555555625 0.18046875 0.15972222187500001 0.18203125 0.19444444375 0.184375 0.21944444375 0.18125 0.22777777812500002 0.1765625 0.23055555625 0.16875 0.21805555625 0.1625 0.21944444375 0.153125 0.23611111093749998 0.14921875 0.252777778125 0.13203125 0.25833333281250004 0.12109375 0.275 0.11875 0.28055555625 0.11328125 0.27638888906250003 0.10390625 0.2791666671875 0.078125 0.26805555625 0.06953125
7 0.13194444375 0.1578125 0.134722221875 0.1609375 0.1513888890625 0.15625 0.1541666671875 0.146875 0.15 0.1328125 0.1541666671875 0.1140625 0.15 0.11171875 0.1541666671875 0.10859375 0.15 0.10859375 0.147222221875 0.1171875 0.13055555624999998 0.1328125 0.1208333328125 0.15 0.12222222187500001 0.15703125 0.13194444375 0.1578125
7 0.115277778125 0.03203125 0.10555555624999999 0.0265625 0.0986111109375 0.02734375 0.09444444375 0.0328125 0.102777778125 0.0375 0.11805555625 0.03828125 0.115277778125 0.03203125
7 0.1291666671875 0.06953125 0.11944444375 0.05078125 0.10138888906250001 0.0453125 0.084722221875 0.04609375 0.072222221875 0.06171875 0.072222221875 0.07578125 0.08055555625000001 0.090625 0.0861111109375 0.09375 0.11944444375 0.09375 0.127777778125 0.08125 0.1291666671875 0.06953125
7 0.07083333281250001 0.128125 0.07083333281250001 0.1375 0.07638888906249999 0.1421875 0.08194444375 0.1421875 0.102777778125 0.125 0.11388888906250001 0.1109375 0.11388888906250001 0.1046875 0.08055555625000001 0.10234375 0.07083333281250001 0.128125
7 0.2791666671875 0.00546875 0.275 0.00078125 0.2208333328125 0.00078125 0.21805555625 0.00703125 0.23194444375 0.0109375 0.26805555625 0.0125 0.2791666671875 0.00546875
7 0.17361111093749998 0.08125 0.1888888890625 0.08125 0.2125 0.0703125 0.23055555625 0.06953125 0.2388888890625 0.06484375 0.240277778125 0.05546875 0.23611111093749998 0.046875 0.24444444375000002 0.03359375 0.25 0.03125 0.24305555625 0.02734375 0.20555555625 0.025 0.197222221875 0.03046875 0.16944444375 0.071875 0.16805555625 0.0765625 0.17361111093749998 0.08125
7 0.1583333328125 0.02109375 0.14444444375 0.025 0.13055555624999998 0.04453125 0.125 0.0578125 0.1263888890625 0.07265625 0.13055555624999998 0.0734375 0.14305555625 0.0578125 0.14305555625 0.05234375 0.1583333328125 0.0296875 0.1583333328125 0.02109375
7 0.1375 0.2203125 0.14305555625 0.21484375 0.15277777812499999 0.21328125 0.15277777812499999 0.2078125 0.097222221875 0.2015625 0.09305555625 0.20390625 0.09305555625 0.2125 0.10694444375 0.209375 0.1125 0.2140625 0.1291666671875 0.21484375 0.1375 0.2203125
7 0.08055555625000001 0.234375 0.072222221875 0.246875 0.075 0.25078125 0.15972222187500001 0.2546875 0.15972222187500001 0.234375 0.1541666671875 0.23125 0.1375 0.22890625 0.09305555625 0.22890625 0.08055555625000001 0.234375
7 0.0458333328125 0.32109375 0.05694444375 0.3234375 0.097222221875 0.3234375 0.10833333281249999 0.31171875 0.1166666671875 0.30859375 0.1291666671875 0.30859375 0.1416666671875 0.29765625 0.147222221875 0.28203125 0.15555555625 0.27421875 0.1583333328125 0.2671875 0.1541666671875 0.26328125 0.06944444375 0.2609375 0.05694444375 0.28203125 0.054166667187499996 0.30078125 0.04444444375 0.31796875 0.0458333328125 0.32109375