2 0.0140625 0.47083333281249995 0.01875 0.477777778125 0.025 0.477777778125 0.0328125 0.46666666718750005 0.0296875 0.44444444375 0.02265625 0.425 0.01328125 0.43194444374999996 0.0140625 0.47083333281249995
1 0.40078125 0.2888888890625 0.4015625 0.28055555625 0.39140625 0.26805555625 0.38515625 0.252777778125 0.38203125 0.1125 0.390234375 0.10138888906250001 0.395872640625 0.09960691875 0.39296875 0.09444444375 0.3859375 0.097222221875 0.38203125 0.10555555624999999 0.37734375 0.1 0.36953125 0.10555555624999999 0.371875 0.11944444375 0.3703125 0.190277778125 0.37265625 0.2 0.3703125 0.25555555625 0.3578125 0.259722221875 0.35703125 0.2666666671875 0.36640625 0.2708333328125 0.37578125 0.2888888890625 0.3796875 0.2888888890625 0.384375 0.28055555625 0.40078125 0.2888888890625
6 0.78203125 0.27638888906250003 0.78671875 0.2666666671875 0.78828125 0.23472222187499997 0.78203125 0.21805555625 0.78046875 0.22638888906250001 0.77890625 0.2736111109375 0.78203125 0.27638888906250003
6 0.78203125 0.18055555625 0.77578125 0.1763888890625 0.77421875 0.18055555625 0.78203125 0.18055555625
6 0.71171875 0.2388888890625 0.71484375 0.2236111109375 0.71953125 0.2166666671875 0.72265625 0.21805555625 0.72890625 0.23333333281250002 0.73125 0.26805555625 0.7390625 0.27777777812500004 0.74296875 0.27777777812500004 0.75 0.26527777812500003 0.75078125 0.24305555625 0.7640625 0.24305555625 0.76640625 0.23194444375 0.76875 0.18055555625 0.7609375 0.172222221875 0.75703125 0.11805555625 0.75 0.10555555624999999 0.72734375 0.0958333328125 0.70859375 0.0958333328125 0.7015625 0.10694444375 0.69921875 0.13888888906250002 0.68828125 0.15555555625 0.68359375 0.16944444375 0.6875 0.177777778125 0.6890625 0.22777777812500002 0.69453125 0.2388888890625 0.70390625 0.24305555625 0.71171875 0.2388888890625
7 0.97890625 0.34027777812500004 0.99921875 0.33888888906250003 0.99921875 0.26805555625 0.99453125 0.2611111109375 0.98671875 0.2611111109375 0.9828125 0.27638888906250003 0.98046875 0.30555555624999997 0.97890625 0.34027777812500004
7 0.9671875 0.302777778125 0.96953125 0.24583333281250003 0.9421875 0.23194444375 0.93046875 0.23194444375 0.91796875 0.24583333281250003 0.9078125 0.28611111093749997 0.9078125 0.3 0.9140625 0.30555555624999997 0.9203125 0.322222221875 0.925 0.32777777812500003 0.94375 0.33194444375 0.94921875 0.34861111093749997 0.95703125 0.35555555625 0.9671875 0.302777778125
7 0.87265625 0.134722221875 0.85703125 0.127777778125 0.853125 0.12222222187500001 0.8375 0.12222222187500001 0.83515625 0.13194444375 0.83984375 0.1513888890625 0.85 0.15555555625 0.8578125 0.1513888890625 0.89140625 0.1541666671875 0.890625 0.15 0.88671875 0.15 0.87265625 0.134722221875
7 0.96015625 0.1291666671875 0.96640625 0.13194444375 0.975 0.10694444375 0.975 0.097222221875 0.96640625 0.0888888890625 0.9625 0.0888888890625 0.9609375 0.0958333328125 0.96015625 0.1291666671875
7 0.9546875 0.10138888906250001 0.95234375 0.08194444375 0.9390625 0.072222221875 0.92578125 0.07083333281250001 0.90625 0.08194444375 0.90078125 0.09444444375 0.90546875 0.10138888906250001 0.9046875 0.1166666671875 0.91953125 0.127777778125 0.92734375 0.1291666671875 0.93125 0.12222222187500001 0.94921875 0.1208333328125 0.9546875 0.10138888906250001
7 0.875 0.1041666671875 0.89765625 0.115277778125 0.89765625 0.08055555625000001 0.871875 0.07083333281250001 0.85703125 0.0736111109375 0.85625 0.08055555625000001 0.875 0.1041666671875
7 0.88125 0.275 0.88515625 0.2791666671875 0.90546875 0.27777777812500004 0.9109375 0.2666666671875 0.9140625 0.24722222187499998 0.9265625 0.23055555625 0.915625 0.18194444375000002 0.9109375 0.17361111093749998 0.890625 0.1583333328125 0.8625 0.1541666671875 0.85625 0.15555555625 0.8515625 0.16388888906250001 0.840625 0.15555555625 0.81875 0.15555555625 0.8171875 0.15972222187500001 0.81796875 0.18194444375000002 0.83046875 0.197222221875 0.8375 0.2138888890625 0.84921875 0.2166666671875 0.85 0.23055555625 0.8546875 0.2416666671875 0.878125 0.25833333281250004 0.88125 0.275
7 0.99921875 0.22638888906250001 0.9953125 0.222222221875 0.98984375 0.22638888906250001 0.98828125 0.2541666671875 0.99921875 0.25555555625 0.99921875 0.22638888906250001
7 0.97421875 0.20555555625 0.96953125 0.197222221875 0.92890625 0.16944444375 0.91953125 0.16944444375 0.91875 0.1861111109375 0.92421875 0.20416666718749998 0.9296875 0.20833333281250002 0.93203125 0.22916666718749998 0.94453125 0.23055555625 0.96796875 0.24305555625 0.971875 0.240277778125 0.97421875 0.20555555625
7 0.94296875 0.125 0.9375 0.125 0.934375 0.134722221875 0.93125 0.12222222187500001 0.92734375 0.125 0.925 0.1291666671875 0.946875 0.14305555625 0.95625 0.15555555625 0.975 0.16388888906250001 0.978125 0.1611111109375 0.97890625 0.1513888890625 0.9734375 0.14305555625 0.94296875 0.125
4 0.596875 0.1583333328125 0.60546875 0.1763888890625 0.61484375 0.17361111093749998 0.61484375 0.15694444375 0.60703125 0.1416666671875 0.6015625 0.14305555625 0.59765625 0.15277777812499999 0.596875 0.1583333328125
4 0.25 0.1611111109375 0.25 0.23055555625 0.25234375 0.2388888890625 0.25625 0.2416666671875 0.2671875 0.23194444375 0.26171875 0.225 0.2578125 0.15555555625 0.253125 0.15555555625 0.25 0.1611111109375
4 0.25 0.18055555625 0.2484375 0.16944444375 0.24375 0.1611111109375 0.2375 0.1625 0.23203125 0.1916666671875 0.23125 0.1986111109375 0.2359375 0.20972222187499998 0.2390625 0.24444444375000002 0.24140625 0.2513888890625 0.24609375 0.2513888890625 0.24453125 0.22916666718749998 0.25 0.197222221875 0.25 0.18055555625
4 0.27578125 0.2166666671875 0.27109375 0.24305555625 0.2859375 0.2388888890625 0.2859375 0.172222221875 0.28125 0.16388888906250001 0.28046875 0.15555555625 0.275 0.15694444375 0.27578125 0.2166666671875