1 0.21953125 0.3458333328125 0.209375 0.334722221875 0.19765625 0.34722222187499996 0.17890625 0.34722222187499996 0.1453125 0.36805555624999997 0.14296875 0.372222221875 0.14375 0.4 0.146875 0.40972222187499996 0.15 0.4611111109375 0.153125 0.47083333281249995 0.15625 0.5069444437499999 0.17890625 0.5013888890625 0.18828125 0.49444444374999996 0.18984375 0.45694444375 0.209375 0.40277777812500004 0.21328125 0.384722221875 0.2171875 0.3791666671875 0.2203125 0.36666666718749996 0.21953125 0.3458333328125
1 0.39140625 0.15972222187500001 0.38984375 0.134722221875 0.38515625 0.1263888890625 0.3859375 0.1111111109375 0.3828125 0.1041666671875 0.37421875 0.10555555624999999 0.3703125 0.11805555625 0.371875 0.2541666671875 0.36875 0.259722221875 0.359375 0.259722221875 0.3578125 0.2666666671875 0.36796875 0.272222221875 0.37578125 0.28611111093749997 0.3859375 0.2833333328125 0.39375 0.290277778125 0.39375 0.27638888906250003 0.38671875 0.259722221875 0.3859375 0.22916666718749998 0.3890625 0.19444444375 0.3875 0.18194444375000002 0.39140625 0.15972222187500001
1 0.44921875 0.08194444375 0.4453125 0.08333333281250001 0.44296875 0.090277778125 0.43984375 0.177777778125 0.4421875 0.19583333281249998 0.44140625 0.215277778125 0.4375 0.222222221875 0.43125 0.2236111109375 0.43046875 0.23333333281250002 0.4375 0.24305555625 0.45078125 0.25 0.46875 0.2513888890625 0.46796875 0.24305555625 0.45703125 0.23333333281250002 0.4546875 0.2208333328125 0.45546875 0.09305555625 0.44921875 0.08194444375
6 0.76171875 0.215277778125 0.74921875 0.197222221875 0.73515625 0.1888888890625 0.72890625 0.15555555625 0.7171875 0.15 0.68125 0.14444444375 0.6734375 0.1583333328125 0.65625 0.1583333328125 0.65390625 0.1833333328125 0.66015625 0.197222221875 0.659375 0.23194444375 0.6625 0.240277778125 0.68125 0.2388888890625 0.696875 0.24722222187499998 0.70234375 0.275 0.70859375 0.2833333328125 0.72265625 0.28194444375 0.7296875 0.2708333328125 0.73671875 0.27777777812500004 0.76171875 0.275 0.7640625 0.25833333281250004 0.76171875 0.215277778125
6 0.59140625 0.15972222187500001 0.57421875 0.1611111109375 0.5671875 0.1888888890625 0.56640625 0.2125 0.56953125 0.22916666718749998 0.5765625 0.24305555625 0.5953125 0.25833333281250004 0.6484375 0.25833333281250004 0.65390625 0.25694444375000003 0.65703125 0.25 0.6546875 0.23055555625 0.6375 0.2236111109375 0.63125 0.2138888890625 0.625 0.184722221875 0.6078125 0.18055555625 0.59921875 0.16388888906250001 0.59140625 0.15972222187500001
7 0.88125 0.15555555625 0.82265625 0.15555555625 0.815625 0.16944444375 0.8140625 0.190277778125 0.81953125 0.2236111109375 0.8296875 0.22777777812500002 0.8375 0.21805555625 0.8453125 0.2166666671875 0.85078125 0.23611111093749998 0.878125 0.25833333281250004 0.8828125 0.27777777812500004 0.921875 0.27777777812500004 0.93046875 0.26527777812500003 0.93046875 0.23333333281250002 0.915625 0.18194444375000002 0.9046875 0.16805555625 0.88125 0.15555555625
7 0.95078125 0.34027777812500004 0.9609375 0.33888888906250003 0.96328125 0.31805555625 0.96015625 0.3083333328125 0.9671875 0.30555555624999997 0.96640625 0.3 0.9625 0.2958333328125 0.9578125 0.3083333328125 0.953125 0.3125 0.94921875 0.30555555624999997 0.94453125 0.30555555624999997 0.9453125 0.334722221875 0.95078125 0.34027777812500004
7 0.9625 0.29305555625 0.9640625 0.2888888890625 0.9609375 0.290277778125 0.9625 0.29305555625
7 0.97890625 0.33888888906250003 0.98515625 0.34305555625 0.9890625 0.3513888890625 0.99921875 0.3541666671875 0.99921875 0.25833333281250004 0.99453125 0.252777778125 0.99375 0.24305555625 0.98984375 0.24583333281250003 0.98984375 0.2541666671875 0.9859375 0.2611111109375 0.98046875 0.2958333328125 0.9765625 0.33055555625 0.97890625 0.33888888906250003
7 0.85625 0.1291666671875 0.85 0.1208333328125 0.83359375 0.12222222187500001 0.8328125 0.13194444375 0.84375 0.1513888890625 0.88203125 0.1541666671875 0.8859375 0.15 0.87265625 0.134722221875 0.85625 0.1291666671875
7 0.9625 0.084722221875 0.96171875 0.0916666671875 0.9625 0.11944444375 0.9734375 0.10694444375 0.97421875 0.1 0.9625 0.084722221875
7 0.93359375 0.12222222187500001 0.946875 0.12222222187500001 0.9546875 0.09305555625 0.95390625 0.08194444375 0.9390625 0.072222221875 0.92265625 0.072222221875 0.90625 0.0861111109375 0.90546875 0.11944444375 0.9203125 0.1291666671875 0.93046875 0.1291666671875 0.93359375 0.12222222187500001
7 0.871875 0.07083333281250001 0.8625 0.07083333281250001 0.85703125 0.077777778125 0.8578125 0.08333333281250001 0.875 0.1041666671875 0.8890625 0.11388888906250001 0.89765625 0.11388888906250001 0.896875 0.08055555625000001 0.871875 0.07083333281250001
7 0.0140625 0.40078125 0.003125 0.0015625
7 0.0078125 0.40555555625000006 0.0109375 0.4 0 0.40277777812500004 0.0078125 0.40555555625000006
7 0 0.5555555562500001 0.01796875 0.5555555562500001 0.025 0.5625 0.03125 0.5625 0.0328125 0.547222221875 0.0375 0.5416666671875 0.0578125 0.5416666671875 0.06015625 0.5527777781250001 0.05859375 0.58194444375 0.06328125 0.6013888890625 0.06328125 0.652777778125 0.0671875 0.6208333328125 0.06796875 0.5791666671875 0.0703125 0.5763888890625 0.07109375 0.559722221875 0.07578125 0.5541666671875001 0.09140625 0.55 0.10546875 0.5541666671875001 0.10625 0.5944444437499999 0.11015625 0.60555555625 0.11796875 0.6166666671875001 0.12734375 0.622222221875 0.1421875 0.6180555562500001 0.14140625 0.58194444375 0.1375 0.5694444437499999 0.13046875 0.515277778125 0.1265625 0.5041666671875 0.12265625 0.4763888890625 0.115625 0.47222222187499996 0.12265625 0.44305555625000004 0.11640625 0.3916666671875 0.10703125 0.39305555625 0.0734375 0.41805555625 0.04453125 0.43333333281249997 0.03125 0.447222221875 0.03046875 0.45416666718750004 0.02265625 0.46666666718750005 0.0203125 0.45555555625000005 0.01328125 0.45416666718750004 0.0140625 0.4625 0.0203125 0.47083333281249995 0.01796875 0.48055555625 0 0.49305555625 0.00546875 0.5 0.0046875 0.5041666671875 0.0078125 0.5097222218749999 0.00625 0.5208333328125 0 0.522222221875 0 0.5263888890625 0.003125 0.527777778125 0 0.5305555562500001 0 0.5555555562500001
7 0.3140625 0.5916666671875 0.3171875 0.577777778125 0.31796875 0.5555555562500001 0.31015625 0.5097222218749999 0.3125 0.459722221875 0.30625 0.44444444375 0.30703125 0.43055555625 0.3140625 0.42222222187499997 0.321875 0.425 0.32578125 0.43194444374999996 0.325 0.44444444375 0.3359375 0.46944444374999994 0.3375 0.5541666671875001 0.3421875 0.5555555562500001 0.3546875 0.54305555625 0.3640625 0.515277778125 0.3640625 0.46666666718750005 0.3609375 0.44444444375 0.35625 0.43194444374999996 0.3421875 0.41111111093749997 0.3078125 0.3791666671875 0.27421875 0.3333333328125 0.26015625 0.32777777812500003 0.25546875 0.3138888890625 0.24765625 0.32777777812500003 0.23125 0.33055555625 0.22421875 0.34722222187499996 0.21015625 0.33888888906250003 0.1921875 0.3513888890625 0.18125 0.34722222187499996 0.14453125 0.3708333328125 0.1453125 0.40416666718750005 0.1484375 0.40972222187499996 0.15078125 0.427777778125 0.15 0.45555555625000005 0.15390625 0.46944444374999994 0.15625 0.5263888890625 0.16484375 0.5763888890625 0.21328125 0.56805555625 0.21953125 0.5583333328125 0.22890625 0.55694444375 0.23671875 0.5638888890625 0.27578125 0.5666666671875 0.29453125 0.5916666671875 0.3140625 0.5916666671875
7 0.36328125 0.14305555625 0.36875 0.15 0.36640625 0.14305555625 0.36875 0.140972221875 0.3671875 0.1291666671875 0.3703125 0.1125 0.3734375 0.10555555624999999 0.38046875 0.102777778125 0.38125 0.097222221875 0.3796875 0.034722221875 0.3640625 0.04444444375 0.3546875 0.055555556250000006 0.33359375 0.055555556250000006 0.32890625 0.04305555625 0.28671875 0.05 0.28125 0.055555556250000006 0.275 0.0958333328125 0.27421875 0.1541666671875 0.275 0.1625 0.28125 0.1708333328125 0.28203125 0.18055555625 0.2875 0.17361111093749998 0.2953125 0.17361111093749998 0.3 0.18055555625 0.30234375 0.1916666671875 0.30625 0.19444444375 0.32421875 0.19305555624999998 0.33125 0.16805555625 0.34296875 0.1583333328125 0.3453125 0.147222221875 0.36328125 0.14305555625
7 0.43984375 0.1111111109375 0.44296875 0.0916666671875 0.44765625 0.08333333281250001 0.45390625 0.0861111109375 0.45625 0.0916666671875 0.45703125 0.1763888890625 0.4609375 0.17916666718750002 0.46796875 0.17361111093749998 0.4765625 0.15 0.478125 0.11944444375 0.478125 0.08055555625000001 0.47421875 0.054166667187499996 0.47421875 0.0333333328125 0.46796875 0.0111111109375 0.4625 0.006944443749999999 0.43046875 0.00555555625 0.3953125 0.019444443750000002 0.38828125 0.027777778125000003 0.38984375 0.090277778125 0.3859375 0.0958333328125 0.38828125 0.1166666671875 0.39375 0.13194444375 0.39375 0.15555555625 0.4 0.172222221875 0.4 0.18055555625 0.42109375 0.1833333328125 0.42890625 0.17916666718750002 0.43515625 0.16805555625 0.43828125 0.172222221875 0.43828125 0.15972222187500001 0.44140625 0.15 0.43984375 0.1111111109375
7 0.99375 0.2388888890625 0.99609375 0.22777777812500002 0.99296875 0.2236111109375 0.98984375 0.23055555625 0.99375 0.2388888890625
7 0.9234375 0.197222221875 0.9265625 0.2166666671875 0.9328125 0.23333333281250002 0.94921875 0.24583333281250003 0.953125 0.24444444375000002 0.95859375 0.23333333281250002 0.9703125 0.24305555625 0.975 0.21805555625 0.9734375 0.20277777812500003 0.92890625 0.16944444375 0.91875 0.16805555625 0.91796875 0.1875 0.9234375 0.197222221875
7 0.97734375 0.14305555625 0.9359375 0.12222222187500001 0.925 0.125 0.925 0.13055555624999998 0.9421875 0.1458333328125 0.953125 0.1458333328125 0.97578125 0.16388888906250001 0.98046875 0.1611111109375 0.97734375 0.14305555625
7 0.790625 0.10138888906250001 0.78828125 0.097222221875 0.7921875 0.1111111109375 0.78828125 0.115277778125 0.78515625 0.13333333281249998 0.78125 0.1375 0.78515625 0.14305555625 0.78671875 0.15277777812499999 0.7921875 0.15277777812499999 0.79453125 0.1416666671875 0.79296875 0.1111111109375 0.796875 0.10694444375 0.79765625 0.1 0.796875 0.0958333328125 0.79296875 0.0958333328125 0.790625 0.10138888906250001
7 0.76484375 0.15972222187500001 0.76796875 0.15555555625 0.7703125 0.140277778125 0.7703125 0.0958333328125 0.77265625 0.0888888890625 0.76875 0.08194444375 0.7609375 0.077777778125 0.75078125 0.075 0.74921875 0.0791666671875 0.7453125 0.15694444375 0.7484375 0.1611111109375 0.76484375 0.15972222187500001
7 0.6875 0.10833333281249999 0.6953125 0.127777778125 0.70625 0.13888888906250002 0.7203125 0.14305555625 0.72578125 0.1541666671875 0.734375 0.1583333328125 0.7375 0.14305555625 0.7390625 0.06944444375 0.68828125 0.047222221875 0.67890625 0.0458333328125 0.6765625 0.05 0.6765625 0.1 0.6875 0.10833333281249999
4 0.94453125 0.33055555625 0.9484375 0.33888888906250003 0.95703125 0.34027777812500004 0.96171875 0.3375 0.9640625 0.29722222187499997 0.9671875 0.29305555625 0.96796875 0.24583333281250003 0.95859375 0.2388888890625 0.9515625 0.259722221875 0.94921875 0.29305555625 0.94375 0.30694444375 0.94453125 0.33055555625
4 0.34609375 0.5958333328125 0.3484375 0.6083333328125 0.353125 0.6013888890625 0.35390625 0.58055555625 0.340625 0.565277778125 0.3359375 0.5513888890625 0.33671875 0.48333333281249996 0.33125 0.45694444375 0.32421875 0.4458333328125 0.32421875 0.43055555625 0.31484375 0.425 0.3078125 0.43194444374999996 0.30703125 0.44444444375 0.3140625 0.46527777812500004 0.3109375 0.502777778125 0.3171875 0.540277778125 0.3171875 0.5930555562500001 0.31953125 0.6083333328125 0.31875 0.625 0.3125 0.6319444437499999 0.3125 0.6375 0.31875 0.640277778125 0.33125 0.63055555625 0.33125 0.58055555625 0.33671875 0.58055555625 0.34609375 0.5958333328125
4 0.0984375 0.06805555625000001 0.09375 0.04305555625 0.08671875 0.0458333328125 0.08671875 0.058333332812500006 0.08046875 0.06944444375 0.07890625 0.0986111109375 0.08046875 0.10833333281249999 0.0859375 0.1111111109375 0.0828125 0.14305555625 0.084375 0.15694444375 0.08671875 0.1611111109375 0.09453125 0.15972222187500001 0.096875 0.15694444375 0.09453125 0.15277777812499999 0.096875 0.14305555625 0.096875 0.10694444375 0.09453125 0.10138888906250001 0.0984375 0.0916666671875 0.0984375 0.06805555625000001