0 1 0.006944443749999999 0.98125 0.0125 0.975 0.01805555625 0.97109375 0.029166667187500002 0.9640625 0.0208333328125 0.95859375 0.0208333328125 0.9484375 0.006944443749999999 0.93828125 0.002777778125 0.90859375 0.009722221875000001 0.9015625 0.025 0.8984375 0.052777778124999994 0.890625 0.058333332812500006 0.875 0.08055555625000001 0.86953125 0.10555555624999999 0.8703125 0.165277778125 0.875 0.184722221875 0.8765625 0.2166666671875 0.8796875 0.222222221875 0.8828125 0.24305555625 0.90234375 0.28194444375 0.9109375 0.2888888890625 0.95703125 0.290277778125 0.98515625 0.28611111093749997 0.99609375 0.29444444375 1 0.29444444375 1 0.006944443749999999
2 0.95 0.5722222218749999 0.95625 0.58194444375 0.9609375 0.575 0.9625 0.55694444375 0.95859375 0.5319444437499999 0.95078125 0.5291666671875 0.94609375 0.5333333328125 0.9453125 0.54305555625 0.95 0.5722222218749999
1 0.61015625 0.8541666671874999 0.61484375 0.872222221875 0.615625 0.89444444375 0.62265625 0.897222221875 0.628125 0.89305555625 0.6296875 0.8791666671874999 0.628125 0.7458333328125 0.63125 0.7402777781250001 0.6421875 0.7402777781250001 0.6421875 0.734722221875 0.62890625 0.725 0.6234375 0.7138888890625 0.61328125 0.7166666671875 0.60546875 0.7111111109375 0.6046875 0.7166666671875 0.61328125 0.7416666671875001 0.61484375 0.75555555625 0.61484375 0.7805555562500001 0.61015625 0.80694444375 0.61015625 0.8541666671874999
1 0.54609375 0.815277778125 0.54375 0.83194444375 0.54609375 0.9138888890624999 0.54921875 0.91944444375 0.553125 0.91944444375 0.5578125 0.9111111109375001 0.5578125 0.8541666671874999 0.5609375 0.8388888890624999 0.5578125 0.8125 0.55859375 0.7819444437499999 0.56171875 0.7736111109375 0.56875 0.7763888890625 0.57109375 0.7708333328125 0.56796875 0.7611111109375 0.5625 0.7569444437499999 0.54375 0.7486111109375 0.53125 0.7486111109375 0.53125 0.7569444437499999 0.54609375 0.76944444375 0.54609375 0.815277778125
6 0.23828125 0.784722221875 0.24765625 0.8055555562500001 0.2640625 0.8125 0.2703125 0.8430555562500001 0.309375 0.85 0.31875 0.8361111109375001 0.3390625 0.83194444375 0.34375 0.8236111109375001 0.3453125 0.8111111109375001 0.34609375 0.7916666671875 0.3390625 0.7638888890625 0.334375 0.7583333328124999 0.3171875 0.7611111109375 0.30234375 0.752777778125 0.29921875 0.74444444375 0.29765625 0.725 0.29375 0.7180555562500001 0.28203125 0.715277778125 0.2703125 0.7291666671875 0.2625 0.722222221875 0.2375 0.725 0.2359375 0.7569444437499999 0.23828125 0.784722221875
6 0.40078125 0.8388888890624999 0.425 0.8388888890624999 0.43125 0.8208333328125 0.43359375 0.80694444375 0.43125 0.772222221875 0.41484375 0.75 0.3984375 0.7388888890625 0.34609375 0.7416666671875001 0.34296875 0.7486111109375 0.34453125 0.76944444375 0.36328125 0.777777778125 0.365625 0.7819444437499999 0.3640625 0.79444444375 0.36875 0.7986111109375 0.371875 0.8111111109375001 0.390625 0.8222222218749999 0.40078125 0.8388888890624999
7 0.1140625 0.85694444375 0.1328125 0.86944444375 0.14296875 0.8708333328125001 0.1515625 0.877777778125 0.15625 0.8736111109375001 0.1578125 0.85555555625 0.1546875 0.8486111109375001 0.11875 0.8444444437499999 0.1078125 0.847222221875 0.1140625 0.85694444375
7 0.03359375 0.8819444437499999 0.0265625 0.8958333328125001 0.0375 0.91805555625 0.0375 0.88055555625 0.03359375 0.8819444437499999
7 0.07265625 0.877777778125 0.0515625 0.877777778125 0.04609375 0.8986111109375001 0.04609375 0.9166666671874999 0.0609375 0.9277777781250001 0.0765625 0.9277777781250001 0.09296875 0.9166666671874999 0.09375 0.88055555625 0.0796875 0.872222221875 0.075 0.872222221875 0.07265625 0.877777778125
7 0.12734375 0.9291666671875 0.13828125 0.9291666671875 0.1421875 0.9236111109375 0.1421875 0.91805555625 0.125 0.897222221875 0.1109375 0.8861111109375001 0.10390625 0.8861111109375001 0.10234375 0.91944444375 0.12734375 0.9291666671875
7 0.10703125 0.7194444437499999 0.1046875 0.7236111109375 0.0765625 0.722222221875 0.0703125 0.73194444375 0.06953125 0.7666666671875 0.07421875 0.7763888890625 0.08359375 0.8166666671874999 0.090625 0.827777778125 0.11953125 0.8444444437499999 0.14375 0.8444444437499999 0.1484375 0.8361111109375001 0.15390625 0.8444444437499999 0.18125 0.8430555562500001 0.1859375 0.8083333328125001 0.18359375 0.8041666671875 0.18359375 0.7819444437499999 0.1796875 0.7736111109375 0.1703125 0.7708333328125 0.1625 0.784722221875 0.15390625 0.7833333328125 0.15078125 0.7791666671875 0.15078125 0.76944444375 0.146875 0.7611111109375 0.121875 0.7416666671875001 0.11875 0.725 0.11328125 0.7194444437499999 0.10703125 0.7194444437499999
7 0.79453125 0.83055555625 0.796875 0.85555555625 0.80546875 0.8611111109375 0.828125 0.8888888890625 0.85 0.8916666671875 0.8703125 0.8680555562500001 0.8703125 0.83055555625 0.8671875 0.8083333328125001 0.85625 0.815277778125 0.85 0.8125 0.8453125 0.81805555625 0.84453125 0.859722221875 0.83828125 0.8541666671874999 0.83671875 0.8166666671874999 0.83359375 0.8111111109375001 0.825 0.8111111109375001 0.8171875 0.8027777781250001 0.809375 0.8027777781250001 0.8046875 0.80694444375 0.79453125 0.83055555625
7 0.6625 0.8361111109375001 0.65546875 0.847222221875 0.63125 0.847222221875 0.63125 0.85694444375 0.63359375 0.859722221875 0.63125 0.8666666671875 0.63125 0.890277778125 0.61953125 0.9 0.6203125 0.9625 0.6359375 0.95555555625 0.64453125 0.9444444437499999 0.659375 0.9458333328125 0.66484375 0.9416666671874999 0.671875 0.95694444375 0.70703125 0.952777778125 0.71875 0.9444444437499999 0.7203125 0.9277777781250001 0.725 0.922222221875 0.721875 0.91805555625 0.725 0.897222221875 0.725 0.8361111109375001 0.71953125 0.83194444375 0.71796875 0.8208333328125 0.7125 0.8263888890625 0.7046875 0.8263888890625 0.69375 0.8055555562500001 0.678125 0.8055555562500001 0.67421875 0.8083333328125001 0.66875 0.8333333328125001 0.6625 0.8361111109375001
7 0.54609375 0.9166666671874999 0.5421875 0.9055555562500001 0.54453125 0.872222221875 0.54375 0.825 0.53828125 0.8236111109375001 0.52421875 0.847222221875 0.521875 0.859722221875 0.521875 0.934722221875 0.5265625 0.9791666671874999 0.53125 0.9902777781250001 0.57421875 0.9930555562500001 0.60546875 0.9791666671874999 0.61015625 0.972222221875 0.6109375 0.965277778125 0.61171875 0.8833333328125 0.60625 0.8680555562500001 0.60625 0.8458333328125001 0.60078125 0.8361111109375001 0.5984375 0.8208333328125 0.58203125 0.815277778125 0.5703125 0.8236111109375001 0.56171875 0.8458333328125001 0.55859375 0.8666666671875 0.5609375 0.890277778125 0.55859375 0.89444444375 0.5578125 0.9138888890624999 0.5546875 0.91944444375 0.54609375 0.9166666671874999
7 0.00703125 0.7208333328125 0.00078125 0.7236111109375 0.00078125 0.7791666671875 0.00703125 0.7819444437499999 0.0125 0.7625 0.0125 0.7291666671875 0.00703125 0.7208333328125
7 0.08125 0.8111111109375001 0.0671875 0.7638888890625 0.0625 0.7597222218749999 0.040625 0.7638888890625 0.03125 0.752777778125 0.028125 0.75555555625 0.025 0.777777778125 0.02578125 0.7958333328125 0.03359375 0.8055555562500001 0.04921875 0.8125 0.07109375 0.83055555625 0.07734375 0.83194444375 0.08046875 0.827777778125 0.08125 0.8111111109375001
7 0.01953125 0.840277778125 0.01953125 0.8486111109375001 0.02578125 0.85694444375 0.04375 0.86944444375 0.07265625 0.877777778125 0.075 0.8708333328125001 0.06171875 0.8583333328125 0.040625 0.8541666671874999 0.03359375 0.8458333328125001 0.01953125 0.840277778125
7 0.209375 0.847222221875 0.20703125 0.8486111109375001 0.20625 0.8583333328125 0.20703125 0.8791666671874999 0.2140625 0.8791666671874999 0.2140625 0.8708333328125001 0.21796875 0.8652777781250001 0.21796875 0.859722221875 0.2140625 0.8486111109375001 0.209375 0.847222221875
7 0.2109375 0.897222221875 0.20703125 0.8916666671875 0.203125 0.89444444375 0.20234375 0.902777778125 0.2046875 0.9055555562500001 0.21171875 0.9055555562500001 0.2109375 0.897222221875
7 0.25078125 0.9236111109375 0.2515625 0.8847222218749999 0.2546875 0.8666666671875 0.25390625 0.840277778125 0.240625 0.8388888890624999 0.23203125 0.8458333328125001 0.22890625 0.909722221875 0.2328125 0.91944444375 0.25078125 0.9236111109375
7 0.3234375 0.902777778125 0.31171875 0.890277778125 0.30625 0.8708333328125001 0.2734375 0.8444444437499999 0.2625 0.8444444437499999 0.26015625 0.915277778125 0.26171875 0.93194444375 0.27421875 0.9375 0.27578125 0.9416666671874999 0.29296875 0.9444444437499999 0.315625 0.95555555625 0.32109375 0.9541666671875 0.3234375 0.9444444437499999 0.3234375 0.902777778125
4 0.83828125 0.85555555625 0.84296875 0.8652777781250001 0.84609375 0.8638888890624999 0.84296875 0.8 0.8421875 0.79444444375 0.83828125 0.79305555625 0.8359375 0.7958333328125 0.83671875 0.8416666671874999 0.83828125 0.85555555625