2 0.425 0.9765625 0.425 0.98125 0.43194444374999996 0.98671875 0.47083333281249995 0.9859375 0.477777778125 0.98125 0.477777778125 0.975 0.46666666718750005 0.9671875 0.4458333328125 0.9703125 0.425 0.9765625
1 0.10138888906250001 0.6171875 0.1 0.62265625 0.10555555624999999 0.63046875 0.19444444375 0.628125 0.25555555625 0.6296875 0.259722221875 0.6421875 0.2666666671875 0.64296875 0.2708333328125 0.63359375 0.2888888890625 0.62421875 0.2888888890625 0.6203125 0.28055555625 0.6171875 0.2888888890625 0.59921875 0.28055555625 0.5984375 0.26805555625 0.60859375 0.2541666671875 0.61484375 0.21111111093749999 0.6171875 0.10138888906250001 0.6171875
6 0.23055555625 0.2203125 0.240277778125 0.21875 0.2736111109375 0.22109375 0.27638888906250003 0.21796875 0.26527777812500003 0.2125 0.21805555625 0.21328125 0.21805555625 0.21875 0.23055555625 0.2203125
6 0.27777777812500004 0.25703125 0.26527777812500003 0.25 0.24444444375000002 0.25 0.24305555625 0.2375 0.23194444375 0.23359375 0.18055555625 0.23125 0.1708333328125 0.2390625 0.11805555625 0.24296875 0.10555555624999999 0.25 0.0958333328125 0.275 0.097222221875 0.29296875 0.10555555624999999 0.29765625 0.1416666671875 0.3015625 0.15555555625 0.31171875 0.16944444375 0.31640625 0.17916666718750002 0.3125 0.22777777812500002 0.3109375 0.2388888890625 0.30546875 0.24305555625 0.296875 0.2388888890625 0.28828125 0.21944444375 0.284375 0.21805555625 0.2765625 0.23194444375 0.27109375 0.2666666671875 0.26875 0.27638888906250003 0.2625 0.27777777812500004 0.25703125
7 0.33888888906250003 0.00078125 0.26805555625 0.00078125 0.259722221875 0.00703125 0.259722221875 0.01328125 0.2791666671875 0.01796875 0.34027777812500004 0.02109375 0.33888888906250003 0.00078125
7 0.33055555625 0.0578125 0.352777778125 0.04921875 0.35555555625 0.0421875 0.28611111093749997 0.03125 0.24583333281250003 0.03046875 0.23194444375 0.0578125 0.23194444375 0.06953125 0.24583333281250003 0.08203125 0.25833333281250004 0.08671875 0.29722222187499997 0.0921875 0.32777777812500003 0.075 0.33055555625 0.0578125
7 0.23055555625 0.0734375 0.18194444375000002 0.084375 0.16944444375 0.09375 0.1583333328125 0.109375 0.1541666671875 0.1375 0.1583333328125 0.1453125 0.16805555625 0.1484375 0.15555555625 0.16171875 0.15555555625 0.18125 0.15972222187500001 0.1828125 0.17916666718750002 0.18359375 0.1833333328125 0.18125 0.19583333281249998 0.1703125 0.2138888890625 0.16171875 0.2166666671875 0.15078125 0.22916666718749998 0.15 0.24305555625 0.14453125 0.25833333281250004 0.121875 0.275 0.11875 0.2791666671875 0.1140625 0.27777777812500004 0.09453125 0.2666666671875 0.0890625 0.25 0.08671875 0.23055555625 0.0734375
7 0.21944444375 0.00703125 0.23472222187499997 0.01171875 0.2541666671875 0.01171875 0.25555555625 0.00078125 0.22638888906250001 0.00078125 0.21944444375 0.00703125
7 0.23194444375 0.0515625 0.24305555625 0.03203125 0.2388888890625 0.028125 0.20555555625 0.02578125 0.197222221875 0.03046875 0.16944444375 0.07109375 0.16944444375 0.08046875 0.1888888890625 0.08125 0.20972222187499998 0.07109375 0.22777777812500002 0.06953125 0.23194444375 0.0515625
7 0.16388888906250001 0.025 0.1611111109375 0.02109375 0.15 0.02109375 0.1458333328125 0.0234375 0.13333333281249998 0.03984375 0.12222222187500001 0.06640625 0.1263888890625 0.07421875 0.13055555624999998 0.07421875 0.14305555625 0.053125 0.15555555625 0.04375 0.16388888906250001 0.025
7 0.14305555625 0.11953125 0.13055555624999998 0.1328125 0.127777778125 0.14296875 0.11944444375 0.1515625 0.12222222187500001 0.1609375 0.1361111109375 0.16328125 0.1513888890625 0.15859375 0.1541666671875 0.14453125 0.15 0.11796875 0.14305555625 0.11953125
7 0.09305555625 0.10234375 0.08333333281250001 0.10234375 0.0791666671875 0.1046875 0.07083333281250001 0.1265625 0.072222221875 0.1421875 0.08055555625000001 0.14375 0.1041666671875 0.12421875 0.11388888906250001 0.1109375 0.1125 0.10546875 0.09305555625 0.10234375
7 0.20555555625 0.49453125 0.26944444375 0.4953125 0.27777777812500004 0.49296875 0.27777777812500004 0.48984375 0.2666666671875 0.4828125 0.25 0.48203125 0.20972222187499998 0.4890625 0.20555555625 0.49453125
7 0.29305555625 0.53671875 0.2916666671875 0.5234375 0.2513888890625 0.52109375 0.24305555625 0.51796875 0.21111111093749999 0.52109375 0.1458333328125 0.52109375 0.10694444375 0.54453125 0.10138888906250001 0.57265625 0.097222221875 0.575 0.0861111109375 0.6390625 0.0958333328125 0.6625 0.10555555624999999 0.6671875 0.11944444375 0.66875 0.21944444375 0.66875 0.22638888906250001 0.6625 0.23333333281250002 0.646875 0.2541666671875 0.64296875 0.25555555625 0.63046875 0.24722222187499998 0.628125 0.1833333328125 0.6296875 0.18055555625 0.6171875 0.2541666671875 0.6125 0.275 0.5640625 0.2916666671875 0.5609375 0.30555555624999997 0.55078125 0.30416666718749996 0.53984375 0.29305555625 0.53671875