2 0.0234375 0.440277778125 0.02578125 0.4625 0.03046875 0.46805555625000006 0.03671875 0.46805555625000006 0.03828125 0.45694444375 0.0359375 0.42083333281249996 0.025 0.41944444374999995 0.0234375 0.440277778125
1 0.36875 0.272222221875 0.37734375 0.2888888890625 0.38671875 0.2833333328125 0.39375 0.290277778125 0.3953125 0.2833333328125 0.38671875 0.2638888890625 0.38515625 0.23333333281250002 0.38515625 0.1583333328125 0.3875 0.1541666671875 0.38515625 0.109722221875 0.3796875 0.102777778125 0.37265625 0.102777778125 0.36875 0.1111111109375 0.35546875 0.10555555624999999 0.35390625 0.10833333281249999 0.35546875 0.115277778125 0.36875 0.115277778125 0.37265625 0.1583333328125 0.37265625 0.2513888890625 0.36875 0.259722221875 0.359375 0.259722221875 0.3578125 0.2638888890625 0.36875 0.272222221875
1 0.46015625 0.2513888890625 0.46171875 0.2388888890625 0.46640625 0.240277778125 0.4671875 0.2513888890625 0.46875 0.24444444375000002 0.45234375 0.2125 0.45625 0.16944444375 0.45390625 0.14444444375 0.4546875 0.084722221875 0.45078125 0.08194444375 0.44296875 0.0875 0.4421875 0.2166666671875 0.43828125 0.22638888906250001 0.43125 0.22638888906250001 0.4296875 0.23055555625 0.4328125 0.2388888890625 0.43828125 0.24305555625 0.44609375 0.24305555625 0.46015625 0.2513888890625
6 0.71875 0.28472222187499996 0.72890625 0.275 0.753125 0.27777777812500004 0.7625 0.2736111109375 0.7640625 0.23472222187499997 0.76171875 0.2166666671875 0.75546875 0.197222221875 0.73515625 0.1875 0.73046875 0.1583333328125 0.70625 0.15 0.6921875 0.15 0.68046875 0.165277778125 0.6609375 0.16805555625 0.65625 0.175 0.65625 0.222222221875 0.6609375 0.23611111093749998 0.66796875 0.24305555625 0.6828125 0.2388888890625 0.6984375 0.24722222187499998 0.70234375 0.275 0.70625 0.28194444375 0.71875 0.28472222187499996
6 0.6359375 0.222222221875 0.6328125 0.2166666671875 0.63671875 0.20694444375 0.63671875 0.1916666671875 0.609375 0.1763888890625 0.5984375 0.15972222187500001 0.57578125 0.1611111109375 0.56875 0.18055555625 0.56640625 0.19583333281249998 0.56875 0.22638888906250001 0.5953125 0.25694444375000003 0.65 0.25833333281250004 0.65703125 0.2513888890625 0.65703125 0.23611111093749998 0.6546875 0.22916666718749998 0.6359375 0.222222221875
7 0.8578125 0.1291666671875 0.84765625 0.1208333328125 0.84296875 0.12222222187500001 0.83984375 0.1291666671875 0.83984375 0.1416666671875 0.84453125 0.1513888890625 0.8609375 0.15 0.88046875 0.15555555625 0.89296875 0.15277777812499999 0.89140625 0.147222221875 0.87421875 0.134722221875 0.8578125 0.1291666671875
7 0.96640625 0.115277778125 0.96953125 0.10555555624999999 0.96875 0.097222221875 0.96640625 0.09305555625 0.9640625 0.0958333328125 0.9625 0.11805555625 0.96640625 0.115277778125
7 0.95390625 0.084722221875 0.93828125 0.072222221875 0.9234375 0.072222221875 0.90703125 0.084722221875 0.90625 0.11944444375 0.9125 0.125 0.9234375 0.127777778125 0.92734375 0.12222222187500001 0.946875 0.12222222187500001 0.9515625 0.1166666671875 0.95390625 0.10555555624999999 0.95390625 0.084722221875
7 0.8625 0.07083333281250001 0.85703125 0.077777778125 0.85625 0.08055555625000001 0.875 0.102777778125 0.8890625 0.11388888906250001 0.8953125 0.11388888906250001 0.8984375 0.09305555625 0.89765625 0.08055555625000001 0.8703125 0.07083333281250001 0.8625 0.07083333281250001
7 0.8484375 0.222222221875 0.85078125 0.23611111093749998 0.878125 0.25833333281250004 0.88125 0.275 0.88671875 0.28055555625 0.89609375 0.27638888906250003 0.925 0.27777777812500004 0.93046875 0.26805555625 0.93046875 0.23194444375 0.92578125 0.2236111109375 0.91640625 0.1833333328125 0.909375 0.172222221875 0.8796875 0.15555555625 0.85625 0.15555555625 0.853125 0.15972222187500001 0.8484375 0.15555555625 0.81953125 0.15555555625 0.815625 0.1708333328125 0.8140625 0.1833333328125 0.81796875 0.20277777812500003 0.81796875 0.21805555625 0.825 0.22916666718749998 0.83125 0.22916666718749998 0.8375 0.21805555625 0.8453125 0.21805555625 0.8484375 0.222222221875
7 0.9875 0.26805555625 0.98984375 0.275 0.99453125 0.27638888906250003 0.99921875 0.2708333328125 0.99921875 0.21944444375 0.99296875 0.21805555625 0.98828125 0.23611111093749998 0.9875 0.26805555625
7 0.9734375 0.20277777812500003 0.928125 0.16944444375 0.92265625 0.16805555625 0.91875 0.17361111093749998 0.91875 0.190277778125 0.92265625 0.19583333281249998 0.92578125 0.2166666671875 0.93515625 0.2388888890625 0.9640625 0.240277778125 0.9703125 0.24444444375000002 0.975 0.2236111109375 0.9734375 0.20277777812500003
7 0.92578125 0.1263888890625 0.925 0.13055555624999998 0.93671875 0.14305555625 0.95625 0.1458333328125 0.96484375 0.1541666671875 0.98046875 0.15972222187500001 0.9765625 0.14305555625 0.94609375 0.1263888890625 0.92578125 0.1263888890625
7 0.78515625 0.13194444375 0.78125 0.134722221875 0.78125 0.140277778125 0.78671875 0.1513888890625 0.79296875 0.1513888890625 0.79296875 0.1208333328125 0.7859375 0.1208333328125 0.78515625 0.13194444375
7 0.78828125 0.1 0.79296875 0.109722221875 0.796875 0.10555555624999999 0.796875 0.0958333328125 0.7921875 0.09305555625 0.78828125 0.09305555625 0.78828125 0.1
7 0.77109375 0.0916666671875 0.76640625 0.08055555625000001 0.74921875 0.07638888906249999 0.7484375 0.1166666671875 0.74453125 0.1541666671875 0.74609375 0.15972222187500001 0.75 0.1611111109375 0.76328125 0.15972222187500001 0.76875 0.1541666671875 0.7703125 0.1416666671875 0.77109375 0.0916666671875
7 0.7390625 0.08333333281250001 0.7375 0.06805555625000001 0.68203125 0.04444444375 0.67734375 0.0458333328125 0.6765625 0.054166667187499996 0.675 0.09305555625 0.68046875 0.1041666671875 0.68515625 0.10555555624999999 0.690625 0.11805555625 0.6890625 0.1291666671875 0.72578125 0.15555555625 0.73671875 0.15555555625 0.7390625 0.08333333281250001
4 0.13984375 0.597222221875 0.12265625 0.43055555625 0.11796875 0.42083333281249996 0.109375 0.43194444374999996 0.1078125 0.447222221875 0.11171875 0.45694444375 0.11171875 0.490277778125 0.11640625 0.5069444437499999 0.11796875 0.5388888890625 0.13046875 0.5722222218749999 0.13046875 0.5916666671875 0.13984375 0.597222221875