2 0.02421875 0.42222222187499997 0.025 0.459722221875 0.0296875 0.46805555625000006 0.0359375 0.46805555625000006 0.03828125 0.4625 0.03671875 0.42222222187499997 0.03359375 0.41805555625 0.02578125 0.41805555625 0.02421875 0.42222222187499997
1 0.3796875 0.2888888890625 0.38671875 0.2833333328125 0.39375 0.290277778125 0.39375 0.27777777812500004 0.38671875 0.26527777812500003 0.38515625 0.21805555625 0.3875 0.1916666671875 0.38515625 0.1583333328125 0.3890625 0.1513888890625 0.38515625 0.1361111109375 0.384375 0.109722221875 0.37578125 0.102777778125 0.3703125 0.10694444375 0.36875 0.115277778125 0.37265625 0.15972222187500001 0.37265625 0.24722222187499998 0.36875 0.259722221875 0.359375 0.259722221875 0.359375 0.26527777812500003 0.36875 0.272222221875 0.375 0.28611111093749997 0.3796875 0.2888888890625
1 0.46640625 0.240277778125 0.4671875 0.2513888890625 0.46875 0.24305555625 0.45234375 0.20625 0.45625 0.16805555625 0.45390625 0.1458333328125 0.4546875 0.0861111109375 0.44296875 0.0861111109375 0.4421875 0.2166666671875 0.4375 0.22638888906250001 0.43046875 0.22638888906250001 0.4296875 0.23055555625 0.4328125 0.2388888890625 0.46015625 0.2513888890625 0.46171875 0.2388888890625 0.46640625 0.240277778125
6 0.72890625 0.272222221875 0.73671875 0.27777777812500004 0.7625 0.2736111109375 0.7640625 0.23611111093749998 0.76171875 0.2166666671875 0.7578125 0.2125 0.75234375 0.19444444375 0.73515625 0.1875 0.73046875 0.1583333328125 0.7078125 0.15 0.69140625 0.15 0.68125 0.165277778125 0.671875 0.1666666671875 0.66484375 0.17361111093749998 0.66015625 0.16944444375 0.65703125 0.17361111093749998 0.65625 0.21944444375 0.6625 0.240277778125 0.6828125 0.2388888890625 0.6984375 0.24722222187499998 0.70546875 0.28194444375 0.7171875 0.28472222187499996 0.725 0.28055555625 0.72890625 0.272222221875
6 0.63671875 0.2236111109375 0.6328125 0.2166666671875 0.63671875 0.20555555625 0.63671875 0.1916666671875 0.60625 0.17361111093749998 0.5984375 0.15972222187500001 0.575 0.1611111109375 0.56875 0.18055555625 0.56796875 0.222222221875 0.57734375 0.2416666671875 0.584375 0.24444444375000002 0.5953125 0.25694444375000003 0.65078125 0.25833333281250004 0.65625 0.2541666671875 0.65546875 0.23055555625 0.63671875 0.2236111109375
7 0.84375 0.1208333328125 0.8375 0.1291666671875 0.84453125 0.1513888890625 0.865625 0.15 0.88515625 0.15555555625 0.890625 0.15555555625 0.89296875 0.1513888890625 0.8734375 0.134722221875 0.84375 0.1208333328125
7 0.9625 0.0888888890625 0.96328125 0.11805555625 0.971875 0.10555555624999999 0.971875 0.097222221875 0.9625 0.0888888890625
7 0.90703125 0.084722221875 0.90625 0.11944444375 0.91796875 0.127777778125 0.95078125 0.11944444375 0.9546875 0.10138888906250001 0.95390625 0.08333333281250001 0.9390625 0.072222221875 0.9234375 0.072222221875 0.90703125 0.084722221875
7 0.8609375 0.072222221875 0.85703125 0.08055555625000001 0.8625 0.0888888890625 0.8890625 0.11388888906250001 0.8953125 0.11388888906250001 0.89765625 0.09305555625 0.89609375 0.08055555625000001 0.8765625 0.072222221875 0.8609375 0.072222221875
7 0.86953125 0.2541666671875 0.87890625 0.25833333281250004 0.88203125 0.27638888906250003 0.88671875 0.28055555625 0.8953125 0.27638888906250003 0.9234375 0.27777777812500004 0.93046875 0.2666666671875 0.93046875 0.23333333281250002 0.9265625 0.22638888906250001 0.91640625 0.1833333328125 0.909375 0.172222221875 0.88046875 0.15555555625 0.85625 0.15555555625 0.85234375 0.1611111109375 0.84375 0.15555555625 0.81953125 0.15555555625 0.8171875 0.1625 0.8140625 0.1833333328125 0.81875 0.222222221875 0.821875 0.22638888906250001 0.83203125 0.22916666718749998 0.8375 0.21805555625 0.846875 0.21805555625 0.85078125 0.23611111093749998 0.86953125 0.2541666671875
7 0.99296875 0.272222221875 0.99921875 0.26805555625 0.99921875 0.2208333328125 0.99296875 0.21805555625 0.98828125 0.2375 0.9875 0.2666666671875 0.99296875 0.272222221875
7 0.9703125 0.24444444375000002 0.97421875 0.22916666718749998 0.975 0.20555555625 0.96953125 0.197222221875 0.928125 0.16944444375 0.921875 0.16805555625 0.91875 0.172222221875 0.91796875 0.1875 0.92421875 0.20138888906250002 0.92578125 0.2166666671875 0.93515625 0.2388888890625 0.95234375 0.23611111093749998 0.95625 0.240277778125 0.959375 0.23611111093749998 0.9703125 0.24444444375000002
7 0.94609375 0.1263888890625 0.9265625 0.12361111093749999 0.925 0.13055555624999998 0.93046875 0.13333333281249998 0.93515625 0.14305555625 0.95546875 0.1458333328125 0.9671875 0.15555555625 0.98046875 0.15972222187500001 0.97578125 0.14305555625 0.94609375 0.1263888890625
7 0.7859375 0.1208333328125 0.78515625 0.13194444375 0.78046875 0.13888888906250002 0.784375 0.14305555625 0.7859375 0.1513888890625 0.79296875 0.1513888890625 0.79296875 0.125 0.79140625 0.11944444375 0.7859375 0.1208333328125
7 0.78828125 0.09305555625 0.7890625 0.10555555624999999 0.7921875 0.109722221875 0.7890625 0.1166666671875 0.79296875 0.1166666671875 0.79296875 0.1111111109375 0.796875 0.10555555624999999 0.796875 0.0958333328125 0.78828125 0.09305555625
7 0.7453125 0.134722221875 0.74609375 0.15972222187500001 0.75859375 0.1611111109375 0.76875 0.1541666671875 0.77109375 0.0916666671875 0.76796875 0.08194444375 0.74921875 0.07638888906249999 0.7484375 0.1166666671875 0.7453125 0.134722221875
7 0.73828125 0.06944444375 0.72421875 0.059722221875 0.68203125 0.04444444375 0.67734375 0.0458333328125 0.6765625 0.054166667187499996 0.675 0.09305555625 0.6875 0.109722221875 0.69140625 0.13055555624999998 0.70546875 0.14305555625 0.71796875 0.1458333328125 0.7265625 0.15555555625 0.73671875 0.15555555625 0.73828125 0.06944444375
4 0.9765625 0.3541666671875 0.97421875 0.372222221875 0.975 0.36666666718749996 0.978125 0.36805555624999997 0.9765625 0.3541666671875
4 0.97421875 0.372222221875 0.9729352671875 0.3821097890625 0.975 0.38333333281250004 0.978125 0.3763888890625 0.97421875 0.372222221875
4 0.96875 0.41111111093749997 0.9640625 0.434722221875 0.9640625 0.44305555625000004 0.96640625 0.4458333328125 0.96875 0.44444444375 0.971875 0.4263888890625 0.975 0.3888888890625 0.9728732640625 0.3825874484375 0.971875 0.39027777812500003 0.96875 0.3986111109375 0.96875 0.41111111093749997
4 0.09921875 0.09444444375 0.09921875 0.0791666671875 0.09765625 0.072222221875 0.0875 0.0638888890625 0.08203125 0.0736111109375 0.08125 0.09305555625 0.08671875 0.10694444375 0.08828125 0.1361111109375 0.09296875 0.1375 0.09921875 0.13055555624999998 0.09921875 0.10694444375 0.09609375 0.10138888906250001 0.09921875 0.09444444375