2 0.58194444375 0.0328125 0.58194444375 0.02578125 0.577777778125 0.02421875 0.540277778125 0.025 0.5319444437499999 0.0296875 0.5319444437499999 0.0375 0.5375 0.0390625 0.575 0.03671875 0.58194444375 0.0328125
1 0.8430555562500001 0.38515625 0.847222221875 0.38828125 0.890277778125 0.38515625 0.897222221875 0.3796875 0.897222221875 0.37421875 0.8888888890625 0.36875 0.8430555562500001 0.37265625 0.7486111109375 0.37265625 0.7388888890625 0.36875 0.7402777781250001 0.359375 0.7361111109375 0.3578125 0.727777778125 0.36875 0.7138888890625 0.375 0.7111111109375 0.3796875 0.7166666671875 0.3859375 0.709722221875 0.39375 0.7166666671875 0.3953125 0.734722221875 0.38671875 0.765277778125 0.38515625 0.8430555562500001 0.38515625
1 0.915277778125 0.4546875 0.9138888890624999 0.44296875 0.7833333328125 0.4421875 0.7736111109375 0.43828125 0.7736111109375 0.43046875 0.76944444375 0.4296875 0.7611111109375 0.43203125 0.7569444437499999 0.43828125 0.7486111109375 0.46796875 0.7583333328124999 0.46796875 0.7666666671875 0.45546875 0.784722221875 0.453125 0.8 0.45234375 0.83055555625 0.45625 0.8513888890624999 0.45390625 0.915277778125 0.4546875
6 0.7833333328125 0.76171875 0.7916666671875 0.75703125 0.8027777781250001 0.75546875 0.809722221875 0.73671875 0.8194444437499999 0.7328125 0.8361111109375001 0.73203125 0.8444444437499999 0.72734375 0.85 0.69140625 0.83194444375 0.678125 0.83194444375 0.6703125 0.8236111109375001 0.6640625 0.8291666671875 0.6609375 0.8222222218749999 0.65625 0.7819444437499999 0.65625 0.7625 0.66171875 0.7583333328124999 0.6640625 0.7611111109375 0.684375 0.752777778125 0.6984375 0.725 0.70234375 0.7166666671875 0.70859375 0.7166666671875 0.72109375 0.7291666671875 0.72890625 0.722222221875 0.73671875 0.7236111109375 0.7609375 0.7291666671875 0.76328125 0.7611111109375 0.7640625 0.7833333328125 0.76171875
6 0.8388888890624999 0.57578125 0.8194444437499999 0.56875 0.8041666671875 0.56640625 0.7763888890625 0.56875 0.7597222218749999 0.5765625 0.7430555562500001 0.5953125 0.7416666671875001 0.65078125 0.7486111109375 0.65703125 0.76944444375 0.65546875 0.7763888890625 0.6359375 0.7833333328125 0.6328125 0.79444444375 0.63671875 0.8083333328125001 0.63671875 0.8263888890625 0.60625 0.840277778125 0.59765625 0.8388888890624999 0.57578125
7 0.8791666671874999 0.8375 0.8666666671875 0.83671875 0.8486111109375001 0.84453125 0.8458333328125001 0.8869140625 0.8514857875 0.8873909875000001 0.86944444375 0.8671875 0.8708333328125001 0.85625 0.8791666671874999 0.84921875 0.8791666671874999 0.8375
7 0.9069444437499999 0.89765625 0.91944444375 0.89609375 0.9277777781250001 0.875 0.9277777781250001 0.8609375 0.922222221875 0.85703125 0.9166666671874999 0.8578125 0.897222221875 0.875 0.8861111109375001 0.8890625 0.8861111109375001 0.8953125 0.9069444437499999 0.89765625
7 0.9069444437499999 0.95703125 0.9166666671874999 0.95390625 0.9277777781250001 0.9390625 0.9277777781250001 0.9234375 0.915277778125 0.90703125 0.88055555625 0.90625 0.872222221875 0.91953125 0.8791666671874999 0.93046875 0.8791666671874999 0.9484375 0.8833333328125 0.95234375 0.9 0.9546875 0.9069444437499999 0.96015625 0.9 0.9625 0.8819444437499999 0.9625 0.8847222218749999 0.96640625 0.89305555625 0.96796875 0.902777778125 0.9671875 0.9138888890624999 0.9625 0.9069444437499999 0.95703125
7 0.73194444375 0.93046875 0.7666666671875 0.93046875 0.7763888890625 0.92578125 0.8166666671874999 0.91640625 0.83194444375 0.90390625 0.8444444437499999 0.8796875 0.8444444437499999 0.85625 0.840277778125 0.85234375 0.8444444437499999 0.84921875 0.8444444437499999 0.8203125 0.83194444375 0.81640625 0.80694444375 0.815625 0.777777778125 0.81875 0.7708333328125 0.825 0.772222221875 0.834375 0.7819444437499999 0.8375 0.7819444437499999 0.846875 0.7638888890625 0.85078125 0.7416666671875001 0.878125 0.725 0.88125 0.7194444437499999 0.8859375 0.7194444437499999 0.89296875 0.7236111109375 0.89609375 0.7208333328125 0.92265625 0.73194444375 0.93046875
7 0.7194444437499999 0.99453125 0.7236111109375 0.99921875 0.7805555562500001 0.99921875 0.7819444437499999 0.99296875 0.7638888890625 0.98828125 0.7291666671875 0.9875 0.7194444437499999 0.99453125
7 0.797222221875 0.92421875 0.7805555562500001 0.9265625 0.7611111109375 0.93515625 0.7611111109375 0.96015625 0.752777778125 0.96875 0.7569444437499999 0.971875 0.772222221875 0.975 0.797222221875 0.9734375 0.83055555625 0.928125 0.83194444375 0.921875 0.8263888890625 0.91875 0.8125 0.91796875 0.797222221875 0.92421875
7 0.840277778125 0.98046875 0.852777778125 0.9796875 0.85694444375 0.9765625 0.877777778125 0.9359375 0.8763888890624999 0.92578125 0.86944444375 0.92578125 0.8583333328125 0.93828125 0.8541666671874999 0.95546875 0.8458333328125001 0.96484375 0.840277778125 0.98046875
7 0.877777778125 0.7859375 0.8680555562500001 0.78515625 0.8625 0.78046875 0.8486111109375001 0.7859375 0.847222221875 0.78984375 0.8513888890624999 0.79296875 0.877777778125 0.79296875 0.877777778125 0.7859375
7 0.890277778125 0.7921875 0.8833333328125 0.7890625 0.8833333328125 0.79296875 0.902777778125 0.79765625 0.9069444437499999 0.7890625 0.8986111109375001 0.78828125 0.890277778125 0.7921875
7 0.9236111109375 0.74921875 0.8416666671874999 0.7453125 0.840277778125 0.7625 0.8458333328125001 0.76875 0.8583333328125 0.7703125 0.909722221875 0.7703125 0.91944444375 0.765625 0.9236111109375 0.74921875
7 0.9069444437499999 0.675 0.8958333328125001 0.68046875 0.890277778125 0.6875 0.8708333328125001 0.690625 0.85694444375 0.70625 0.852777778125 0.71953125 0.8444444437499999 0.7265625 0.8444444437499999 0.73671875 0.9305555562500001 0.7390625 0.940277778125 0.72421875 0.95555555625 0.6828125 0.9541666671875 0.678125 0.9444444437499999 0.6765625 0.9069444437499999 0.675
4 0.0513888890625 0.8953125 0.027777778125000003 0.90390625 0.0166666671875 0.8953125 0.002777778125 0.8921875 0.002777778125 0.95078125 0.006944443749999999 0.95234375 0.019444443750000002 0.95234375 0.0236111109375 0.95 0.0486111109375 0.95390625 0.0736111109375 0.94375 0.10138888906250001 0.940625 0.10138888906250001 0.93125 0.08333333281250001 0.91640625 0.08055555625000001 0.91015625 0.0513888890625 0.8953125