0 0.96640625 0.31944444375000003 0.9703125 0.31805555625 0.96875 0.3138888890625 0.96640625 0.3138888890625 0.96640625 0.31944444375000003
0 0.99921875 0.34027777812500004 0.99921875 0.2666666671875 0.99375 0.25833333281250004 0.9875 0.25833333281250004 0.9828125 0.2791666671875 0.97890625 0.34027777812500004 0.99921875 0.34027777812500004
0 0.9078125 0.29722222187499997 0.9265625 0.32777777812500003 0.94609375 0.3291666671875 0.9484375 0.3263888890625 0.95078125 0.2986111109375 0.96171875 0.28194444375 0.96640625 0.2833333328125 0.96875 0.2791666671875 0.9703125 0.24722222187499998 0.9421875 0.23194444375 0.93046875 0.23194444375 0.9203125 0.24305555625 0.9125 0.2611111109375 0.9078125 0.29722222187499997
2 0.02421875 0.4263888890625 0.01875 0.425 0.01328125 0.43194444374999996 0.0140625 0.47083333281249995 0.01875 0.477777778125 0.025 0.477777778125 0.0328125 0.46805555625000006 0.03046875 0.4486111109375 0.02421875 0.4263888890625
1 0.38203125 0.11944444375 0.3921875 0.097222221875 0.3859375 0.097222221875 0.38203125 0.10555555624999999 0.37890625 0.1 0.36953125 0.10555555624999999 0.371875 0.1208333328125 0.3703125 0.25555555625 0.3578125 0.25833333281250004 0.35703125 0.2666666671875 0.36640625 0.2708333328125 0.37578125 0.2888888890625 0.3796875 0.2888888890625 0.38359375 0.28055555625 0.4 0.2888888890625 0.4015625 0.28055555625 0.38515625 0.2541666671875 0.3828125 0.20972222187499998 0.384375 0.15555555625 0.38203125 0.11944444375
1 0.40703125 0.097222221875 0.39921875 0.09305555625 0.39375 0.09444444375 0.40703125 0.097222221875
6 0.78046875 0.22777777812500002 0.77890625 0.2736111109375 0.78203125 0.27638888906250003 0.78671875 0.26805555625 0.78828125 0.23472222187499997 0.78359375 0.21805555625 0.78125 0.21944444375 0.78046875 0.22777777812500002
6 0.74296875 0.27777777812500004 0.75 0.2666666671875 0.75078125 0.24305555625 0.7640625 0.24305555625 0.76640625 0.23472222187499997 0.76875 0.18055555625 0.76328125 0.1763888890625 0.759375 0.1666666671875 0.75703125 0.11805555625 0.75 0.10555555624999999 0.72734375 0.0958333328125 0.7078125 0.0958333328125 0.7015625 0.10694444375 0.6984375 0.14305555625 0.68828125 0.15555555625 0.68359375 0.16944444375 0.6875 0.177777778125 0.6890625 0.22638888906250001 0.69453125 0.2388888890625 0.70390625 0.24305555625 0.7125 0.2375 0.715625 0.21944444375 0.72265625 0.21805555625 0.72890625 0.23055555625 0.73125 0.2666666671875 0.7375 0.27638888906250003 0.74296875 0.27777777812500004
7 0.915625 0.18194444375000002 0.90625 0.16944444375 0.890625 0.1583333328125 0.8625 0.1541666671875 0.85546875 0.15555555625 0.8515625 0.16388888906250001 0.85 0.15972222187500001 0.8390625 0.15555555625 0.81875 0.15555555625 0.8171875 0.15972222187500001 0.8171875 0.18055555625 0.83359375 0.20277777812500003 0.8375 0.2138888890625 0.84921875 0.2166666671875 0.85 0.23055555625 0.85546875 0.24305555625 0.878125 0.25833333281250004 0.88125 0.275 0.88515625 0.2791666671875 0.90703125 0.27638888906250003 0.91171875 0.26527777812500003 0.9125 0.2541666671875 0.92734375 0.23055555625 0.915625 0.18194444375000002
7 0.99453125 0.21805555625 0.98984375 0.22638888906250001 0.98828125 0.2541666671875 0.99921875 0.2541666671875 0.99921875 0.22777777812500002 0.99453125 0.21805555625
7 0.93125 0.22777777812500002 0.96796875 0.24305555625 0.971875 0.2388888890625 0.97421875 0.20555555625 0.96953125 0.197222221875 0.92890625 0.16944444375 0.91953125 0.16944444375 0.91875 0.1861111109375 0.92421875 0.20277777812500003 0.9296875 0.20833333281250002 0.93125 0.22777777812500002
7 0.97265625 0.1611111109375 0.97734375 0.1611111109375 0.97890625 0.15694444375 0.975 0.14444444375 0.96015625 0.13333333281249998 0.9359375 0.12222222187500001 0.92734375 0.125 0.925 0.1291666671875 0.94765625 0.14305555625 0.95625 0.1541666671875 0.97265625 0.1611111109375
7 0.88125 0.14305555625 0.8671875 0.13055555624999998 0.85625 0.127777778125 0.8484375 0.11944444375 0.83828125 0.12222222187500001 0.83671875 0.134722221875 0.83984375 0.1513888890625 0.853125 0.15555555625 0.88203125 0.15 0.88125 0.14305555625
7 0.8953125 0.0791666671875 0.8734375 0.07083333281250001 0.859375 0.072222221875 0.85625 0.08055555625000001 0.86328125 0.090277778125 0.8890625 0.11388888906250001 0.89453125 0.1125 0.89765625 0.08333333281250001 0.8953125 0.0791666671875
4 0.3171875 0.29444444375 0.3265625 0.28611111093749997 0.32421875 0.20833333281250002 0.32890625 0.2 0.32421875 0.1888888890625 0.31328125 0.1833333328125 0.3046875 0.20833333281250002 0.3046875 0.23611111093749998 0.31015625 0.24722222187499998 0.31328125 0.290277778125 0.3171875 0.29444444375
4 0.96171875 0.33888888906250003 0.9671875 0.2888888890625 0.965625 0.2833333328125 0.96171875 0.2833333328125 0.95 0.3013888890625 0.9484375 0.32777777812500003 0.94375 0.3333333328125 0.9453125 0.35694444375 0.93828125 0.372222221875 0.93828125 0.38333333281250004 0.9421875 0.384722221875 0.9453125 0.3708333328125 0.9515625 0.3625 0.95078125 0.3875 0.95390625 0.3888888890625 0.95625 0.38333333281250004 0.9515625 0.3763888890625 0.95703125 0.372222221875 0.95390625 0.365277778125 0.9578125 0.35972222187499997 0.96171875 0.33888888906250003
4 0.246875 0.25555555625 0.23671875 0.2208333328125 0.2359375 0.16805555625 0.23046875 0.165277778125 0.2234375 0.1833333328125 0.22421875 0.22638888906250001 0.2203125 0.2486111109375 0.2265625 0.24583333281250003 0.2265625 0.25 0.225 0.25833333281250004 0.2203125 0.2576388890625 0.2203125 0.2666666671875 0.22265625 0.26805555625 0.22578125 0.26527777812500003 0.22734375 0.24444444375000002 0.23046875 0.240277778125 0.234375 0.2416666671875 0.2390625 0.25555555625 0.246875 0.25555555625