2 0.5305555562500001 0.03125 0.5319444437499999 0.03671875 0.5375 0.0390625 0.5791666671875 0.0359375 0.58055555625 0.025 0.540277778125 0.025 0.5305555562500001 0.03125
1 0.890277778125 0.38515625 0.897222221875 0.37890625 0.8916666671875 0.36953125 0.8416666671874999 0.37265625 0.752777778125 0.37265625 0.7402777781250001 0.36875 0.7402777781250001 0.359375 0.734722221875 0.359375 0.7291666671875 0.3671875 0.7138888890625 0.375 0.7111111109375 0.3796875 0.7166666671875 0.38671875 0.709722221875 0.39375 0.7166666671875 0.3953125 0.7361111109375 0.38671875 0.765277778125 0.38515625 0.890277778125 0.38515625
1 0.784722221875 0.4421875 0.7736111109375 0.4375 0.7736111109375 0.43125 0.76944444375 0.4296875 0.7611111109375 0.4328125 0.7569444437499999 0.43828125 0.7486111109375 0.46015625 0.7611111109375 0.46171875 0.759920634375 0.46573660781250004 0.7708333328125 0.4546875 0.784722221875 0.45234375 0.83055555625 0.45625 0.8541666671874999 0.45390625 0.9138888890624999 0.4546875 0.9138888890624999 0.44296875 0.784722221875 0.4421875
6 0.8125 0.73515625 0.8416666671874999 0.73046875 0.85 0.70546875 0.85 0.69140625 0.834722221875 0.68046875 0.83194444375 0.6609375 0.825 0.65625 0.7833333328125 0.65625 0.7597222218749999 0.66328125 0.7611111109375 0.6828125 0.752777778125 0.6984375 0.73055555625 0.7015625 0.7166666671875 0.70703125 0.715277778125 0.71875 0.727777778125 0.7296875 0.722222221875 0.73671875 0.725 0.7625 0.7611111109375 0.7640625 0.7833333328125 0.76171875 0.8041666671875 0.7546875 0.8125 0.73515625
6 0.840277778125 0.59765625 0.8388888890624999 0.575 0.8194444437499999 0.56875 0.8041666671875 0.56640625 0.7763888890625 0.56875 0.7583333328124999 0.57734375 0.75555555625 0.58515625 0.7430555562500001 0.5953125 0.7416666671875001 0.6515625 0.7486111109375 0.65703125 0.76944444375 0.6546875 0.777777778125 0.6359375 0.784722221875 0.6328125 0.79444444375 0.63671875 0.8083333328125001 0.6359375 0.8236111109375001 0.60703125 0.840277778125 0.59765625
7 0.8458333328125001 0.89296875 0.8541666671874999 0.88984375 0.85694444375 0.88125 0.8652777781250001 0.87421875 0.8708333328125001 0.85546875 0.8791666671874999 0.8484375 0.877777778125 0.8421875 0.8736111109375001 0.83984375 0.8625 0.83984375 0.8486111109375001 0.8453125 0.8458333328125001 0.89296875
7 0.89444444375 0.96953125 0.9069444437499999 0.9671875 0.909722221875 0.9625 0.8819444437499999 0.9625 0.8847222218749999 0.96640625 0.89444444375 0.96953125
7 0.872222221875 0.92265625 0.8791666671874999 0.92734375 0.877777778125 0.94375 0.8847222218749999 0.95234375 0.8986111109375001 0.9546875 0.91805555625 0.953125 0.9277777781250001 0.93828125 0.9277777781250001 0.9234375 0.91944444375 0.909375 0.9138888890624999 0.90625 0.8791666671874999 0.90703125 0.872222221875 0.92265625
7 0.9069444437499999 0.89765625 0.91944444375 0.89609375 0.9291666671875 0.8703125 0.9291666671875 0.8625 0.9236111109375 0.8578125 0.91944444375 0.85625 0.897222221875 0.875 0.8861111109375001 0.8890625 0.8861111109375001 0.8953125 0.9069444437499999 0.89765625
7 0.722222221875 0.9234375 0.7333333328125 0.93046875 0.7666666671875 0.93046875 0.7736111109375 0.9265625 0.8194444437499999 0.915625 0.8263888890625 0.9109375 0.834722221875 0.8953125 0.840277778125 0.8921875 0.8444444437499999 0.8796875 0.8444444437499999 0.85625 0.840277778125 0.85390625 0.8444444437499999 0.84375 0.8444444437499999 0.81953125 0.8375 0.8171875 0.8055555562500001 0.815625 0.777777778125 0.81875 0.7736111109375 0.821875 0.7708333328125 0.83125 0.7736111109375 0.83515625 0.7819444437499999 0.83671875 0.7819444437499999 0.846875 0.7638888890625 0.85078125 0.7458333328125 0.86953125 0.7416666671875001 0.87890625 0.725 0.88125 0.7194444437499999 0.88671875 0.7236111109375 0.8953125 0.722222221875 0.9234375
7 0.7638888890625 0.98828125 0.7291666671875 0.9875 0.722222221875 0.98984375 0.7208333328125 0.9953125 0.7236111109375 0.99921875 0.7805555562500001 0.99921875 0.7805555562500001 0.9921875 0.7638888890625 0.98828125
7 0.80694444375 0.91875 0.797222221875 0.92421875 0.7861111109375 0.925 0.7638888890625 0.9328125 0.7597222218749999 0.9375 0.7597222218749999 0.9625 0.7541666671875 0.96875 0.7569444437499999 0.971875 0.79444444375 0.975 0.8027777781250001 0.96953125 0.83194444375 0.92578125 0.83055555625 0.9203125 0.825 0.91875 0.80694444375 0.91875
7 0.8430555562500001 0.96953125 0.840277778125 0.98046875 0.85694444375 0.9765625 0.8736111109375001 0.94609375 0.8763888890624999 0.92578125 0.86944444375 0.925 0.85694444375 0.93515625 0.852777778125 0.94375 0.8541666671874999 0.95546875 0.8430555562500001 0.96953125
7 0.8916666671875 0.7921875 0.89305555625 0.796875 0.902777778125 0.79765625 0.9069444437499999 0.79296875 0.9055555562500001 0.7875 0.8819444437499999 0.7890625 0.8611111109375 0.78046875 0.8486111109375001 0.78671875 0.8486111109375001 0.7921875 0.8916666671875 0.7921875
7 0.9083333328125001 0.77109375 0.91805555625 0.76796875 0.925 0.753125 0.9236111109375 0.74921875 0.9138888890624999 0.7484375 0.8416666671874999 0.7453125 0.840277778125 0.7640625 0.8458333328125001 0.76875 0.8583333328125 0.7703125 0.9083333328125001 0.77109375
7 0.9486111109375001 0.6765625 0.9069444437499999 0.675 0.8958333328125001 0.68046875 0.89305555625 0.68671875 0.88055555625 0.69140625 0.86944444375 0.69140625 0.85694444375 0.70546875 0.852777778125 0.71953125 0.8444444437499999 0.72578125 0.8444444437499999 0.73671875 0.9166666671874999 0.7390625 0.93194444375 0.7375 0.95555555625 0.6828125 0.9541666671875 0.67734375 0.9486111109375001 0.6765625
4 0.58055555625 0.9 0.60694444375 0.909375 0.622222221875 0.909375 0.6388888890625 0.90390625 0.659722221875 0.90390625 0.6555555562500001 0.8953125 0.640277778125 0.89375 0.6319444437499999 0.8890625 0.61944444375 0.88671875 0.5458333328125 0.88046875 0.5319444437499999 0.875 0.5291666671875 0.878125 0.5305555562500001 0.88515625 0.55694444375 0.8890625 0.5513888890625 0.89296875 0.5583333328125 0.89921875 0.5527777781250001 0.90234375 0.5416666671875 0.8984375 0.5319444437499999 0.89921875 0.5416666671875 0.90390625 0.5527777781250001 0.90390625 0.5611111109375 0.8984375 0.58055555625 0.9