2 0.41944444374999995 0.975 0.4625 0.975 0.46944444374999994 0.96953125 0.46805555625000006 0.96328125 0.46388888906250003 0.9609375 0.447222221875 0.9609375 0.42083333281249996 0.9640625 0.41944444374999995 0.975
1 0.1861111109375 0.615625 0.1541666671875 0.6125 0.109722221875 0.61328125 0.102777778125 0.6203125 0.102777778125 0.62734375 0.10833333281249999 0.6296875 0.1513888890625 0.62734375 0.252777778125 0.62734375 0.259722221875 0.63125 0.259722221875 0.63984375 0.26527777812500003 0.640625 0.272222221875 0.63203125 0.28611111093749997 0.625 0.2888888890625 0.61953125 0.2833333328125 0.6140625 0.290277778125 0.60546875 0.2833333328125 0.6046875 0.259722221875 0.61328125 0.24305555625 0.6140625 0.1861111109375 0.615625
1 0.15555555625 0.54375 0.14861111093749999 0.54609375 0.0861111109375 0.5453125 0.08333333281250001 0.54921875 0.0888888890625 0.55703125 0.2166666671875 0.5578125 0.22777777812500002 0.5625 0.22638888906250001 0.56875 0.23194444375 0.5703125 0.2388888890625 0.56796875 0.24305555625 0.56171875 0.2513888890625 0.53125 0.24583333281250003 0.53046875 0.240277778125 0.53359375 0.23611111093749998 0.54296875 0.225 0.54609375 0.18055555625 0.54609375 0.1708333328125 0.54375 0.15555555625 0.54375
6 0.23611111093749998 0.2359375 0.2236111109375 0.2390625 0.215277778125 0.2359375 0.1916666671875 0.24921875 0.190277778125 0.26328125 0.17916666718750002 0.2671875 0.1583333328125 0.26953125 0.1513888890625 0.28828125 0.15 0.3078125 0.165277778125 0.31875 0.1666666671875 0.3296875 0.1763888890625 0.334375 0.16944444375 0.3390625 0.175 0.3375 0.17916666718750002 0.34375 0.2166666671875 0.34453125 0.240277778125 0.3375 0.2416666671875 0.31328125 0.24722222187499998 0.303125 0.252777778125 0.3 0.272222221875 0.29765625 0.2833333328125 0.29140625 0.28472222187499996 0.28046875 0.2708333328125 0.2703125 0.2791666671875 0.26171875 0.2791666671875 0.24453125 0.27777777812500004 0.2390625 0.26944444375 0.2359375 0.23611111093749998 0.2359375
6 0.15972222187500001 0.4015625 0.1611111109375 0.425 0.18055555625 0.43125 0.19583333281249998 0.43359375 0.21805555625 0.4328125 0.2416666671875 0.4234375 0.24444444375000002 0.4140625 0.25833333281250004 0.40234375 0.259722221875 0.39453125 0.25833333281250004 0.34921875 0.2513888890625 0.34296875 0.22916666718749998 0.3453125 0.21944444375 0.365625 0.20416666718749998 0.3625 0.190277778125 0.36328125 0.1763888890625 0.3921875 0.15972222187500001 0.4015625
7 0.1513888890625 0.11796875 0.15555555625 0.1109375 0.15277777812499999 0.10703125 0.147222221875 0.11015625 0.14305555625 0.1234375 0.134722221875 0.12734375 0.13055555624999998 0.13359375 0.1208333328125 0.15 0.12222222187500001 0.15859375 0.134722221875 0.16171875 0.1513888890625 0.15546875 0.1513888890625 0.11796875
7 0.097222221875 0.0265625 0.0888888890625 0.0375 0.11944444375 0.0375 0.1166666671875 0.03203125 0.1041666671875 0.025 0.097222221875 0.0265625
7 0.127777778125 0.08125 0.1291666671875 0.07109375 0.12222222187500001 0.06875 0.125 0.059375 0.1208333328125 0.0515625 0.11805555625 0.0484375 0.1 0.04453125 0.08333333281250001 0.04609375 0.072222221875 0.06171875 0.072222221875 0.0765625 0.08333333281250001 0.09296875 0.11944444375 0.09375 0.127777778125 0.08125
7 0.07083333281250001 0.1265625 0.07083333281250001 0.1375 0.07638888906249999 0.1421875 0.08194444375 0.1421875 0.102777778125 0.125 0.11388888906250001 0.10546875 0.084722221875 0.10234375 0.077777778125 0.10625 0.07083333281250001 0.1265625
7 0.2791666671875 0.0765625 0.26805555625 0.06953125 0.23194444375 0.06953125 0.22638888906250001 0.0734375 0.18055555625 0.084375 0.16805555625 0.09609375 0.15555555625 0.11484375 0.15555555625 0.14296875 0.1708333328125 0.14921875 0.15555555625 0.16171875 0.15555555625 0.18046875 0.16805555625 0.18359375 0.19305555624999998 0.1859375 0.20277777812500003 0.18203125 0.2208333328125 0.18125 0.22916666718749998 0.175 0.23055555625 0.16875 0.21805555625 0.1625 0.21805555625 0.1546875 0.222222221875 0.1515625 0.23611111093749998 0.14921875 0.25833333281250004 0.121875 0.27638888906250003 0.11796875 0.28055555625 0.11328125 0.27638888906250003 0.10390625 0.2791666671875 0.0765625
7 0.21805555625 0.00703125 0.23194444375 0.0109375 0.2666666671875 0.0109375 0.2708333328125 0.00078125 0.2208333328125 0.00078125 0.21805555625 0.00703125
7 0.175 0.08125 0.1888888890625 0.08125 0.19583333281249998 0.0765625 0.215277778125 0.0703125 0.22916666718749998 0.06953125 0.2388888890625 0.06484375 0.240277778125 0.0390625 0.25 0.03046875 0.24305555625 0.02734375 0.2125 0.02421875 0.20277777812500003 0.02578125 0.197222221875 0.0296875 0.16805555625 0.075 0.16944444375 0.0796875 0.175 0.08125
7 0.15972222187500001 0.01953125 0.1458333328125 0.02109375 0.13055555624999998 0.04453125 0.12222222187500001 0.06875 0.1263888890625 0.0734375 0.1291666671875 0.07421875 0.140277778125 0.0625 0.14305555625 0.053125 0.15 0.04765625 0.15972222187500001 0.01953125
7 0.10694444375 0.2109375 0.11388888906250001 0.2140625 0.1291666671875 0.21484375 0.1375 0.22265625 0.1416666671875 0.21640625 0.1541666671875 0.21171875 0.15277777812499999 0.20703125 0.13888888906250002 0.2046875 0.11805555625 0.20625 0.11388888906250001 0.203125 0.097222221875 0.2015625 0.09305555625 0.20546875 0.09444444375 0.2125 0.10694444375 0.2109375
7 0.13888888906250002 0.22890625 0.09444444375 0.22890625 0.084722221875 0.23203125 0.077777778125 0.23828125 0.0736111109375 0.25 0.15694444375 0.25546875 0.1611111109375 0.25078125 0.15972222187500001 0.2375 0.15555555625 0.23125 0.13888888906250002 0.22890625
7 0.109722221875 0.31171875 0.11805555625 0.30859375 0.1291666671875 0.309375 0.14444444375 0.2921875 0.147222221875 0.28046875 0.15555555625 0.27421875 0.15555555625 0.26328125 0.06944444375 0.2609375 0.04444444375 0.3171875 0.05 0.32265625 0.05694444375 0.3234375 0.09444444375 0.32421875 0.109722221875 0.31171875
4 0.2833333328125 0.1671875 0.29444444375 0.17578125 0.3166666671875 0.178125 0.3416666671875 0.175 0.365277778125 0.17578125 0.38333333281250004 0.1796875 0.3916666671875 0.17734375 0.39305555625 0.17421875 0.3638888890625 0.16328125 0.34722222187499996 0.16328125 0.34305555625 0.15625 0.30555555624999997 0.15625 0.2888888890625 0.1625 0.2791666671875 0.15859375 0.272222221875 0.16015625 0.272222221875 0.16640625 0.2833333328125 0.1671875