2 0.5319444437499999 0.02890625 0.5319444437499999 0.03671875 0.54305555625 0.03828125 0.5791666671875 0.0359375 0.58055555625 0.025 0.540277778125 0.025 0.5319444437499999 0.02890625
1 0.8222222218749999 0.3859375 0.8263888890625 0.3890625 0.8541666671874999 0.3890625 0.8736111109375001 0.384375 0.890277778125 0.384375 0.897222221875 0.38046875 0.8916666671875 0.3703125 0.7458333328125 0.371875 0.7402777781250001 0.36875 0.7402777781250001 0.3578125 0.7361111109375 0.3578125 0.7291666671875 0.36796875 0.7111111109375 0.37734375 0.7166666671875 0.38515625 0.7111111109375 0.39453125 0.722222221875 0.39375 0.734722221875 0.38671875 0.75 0.38515625 0.7791666671875 0.38515625 0.8055555562500001 0.3890625 0.8222222218749999 0.3859375
1 0.8583333328125 0.45390625 0.9055555562500001 0.4546875 0.91944444375 0.45 0.9138888890624999 0.44296875 0.8430555562500001 0.43984375 0.7861111109375 0.4421875 0.7736111109375 0.4375 0.7736111109375 0.43046875 0.76944444375 0.4296875 0.7569444437499999 0.43828125 0.7486111109375 0.46796875 0.7541666671875 0.46953125 0.7597222218749999 0.46640625 0.7666666671875 0.45546875 0.7833333328125 0.45234375 0.8263888890625 0.45390625 0.83194444375 0.45625 0.8583333328125 0.45390625
6 0.8388888890624999 0.59765625 0.8388888890624999 0.5796875 0.834722221875 0.57421875 0.8263888890625 0.5703125 0.80694444375 0.5671875 0.7805555562500001 0.5671875 0.7611111109375 0.575 0.7402777781250001 0.5984375 0.7416666671875001 0.6515625 0.7486111109375 0.65703125 0.76944444375 0.65546875 0.777777778125 0.6359375 0.7833333328125 0.6328125 0.790277778125 0.6328125 0.7958333328125 0.63671875 0.8027777781250001 0.63671875 0.809722221875 0.6328125 0.8236111109375001 0.6078125 0.8388888890624999 0.59765625
6 0.8041666671875 0.7515625 0.8125 0.73515625 0.8416666671874999 0.73046875 0.85 0.70703125 0.85 0.69140625 0.8361111109375001 0.68125 0.83194444375 0.6609375 0.8222222218749999 0.65625 0.79444444375 0.6546875 0.7708333328125 0.6578125 0.7597222218749999 0.6625 0.7611111109375 0.68515625 0.752777778125 0.6984375 0.73194444375 0.70078125 0.7180555562500001 0.70625 0.715277778125 0.71796875 0.73055555625 0.7296875 0.722222221875 0.7375 0.725 0.7625 0.7583333328124999 0.7640625 0.7833333328125 0.76171875 0.8041666671875 0.7515625
7 0.8680555562500001 0.83671875 0.8486111109375001 0.84453125 0.85 0.86640625 0.8458333328125001 0.87265625 0.8458333328125001 0.88671875 0.852777778125 0.88828125 0.847222221875 0.8921875 0.852777778125 0.88984375 0.8652777781250001 0.8734375 0.8708333328125001 0.85703125 0.8791666671874999 0.84765625 0.8791666671874999 0.83671875 0.8680555562500001 0.83671875
7 0.8986111109375001 0.9734375 0.9166666671874999 0.9625 0.8819444437499999 0.96328125 0.8986111109375001 0.9734375
7 0.8791666671874999 0.94921875 0.89444444375 0.95390625 0.9166666671874999 0.95390625 0.9277777781250001 0.9390625 0.9277777781250001 0.9234375 0.922222221875 0.9125 0.9138888890624999 0.90703125 0.88055555625 0.90625 0.872222221875 0.9203125 0.877777778125 0.92734375 0.8791666671874999 0.94921875
7 0.9291666671875 0.86875 0.9277777781250001 0.86171875 0.922222221875 0.8578125 0.91944444375 0.85625 0.897222221875 0.875 0.8861111109375001 0.8890625 0.8861111109375001 0.89609375 0.91944444375 0.896875 0.9291666671875 0.86875
7 0.7236111109375 0.8953125 0.722222221875 0.92421875 0.73194444375 0.9296875 0.76805555625 0.93046875 0.7791666671875 0.925 0.81805555625 0.915625 0.827777778125 0.909375 0.8444444437499999 0.88046875 0.8458333328125001 0.86484375 0.8444444437499999 0.85625 0.840277778125 0.85390625 0.8444444437499999 0.84765625 0.8444444437499999 0.81875 0.827777778125 0.8140625 0.8111111109375001 0.8140625 0.8041666671875 0.8171875 0.7875 0.81640625 0.7736111109375 0.8203125 0.7708333328125 0.828125 0.7819444437499999 0.83671875 0.7819444437499999 0.8453125 0.777777778125 0.84921875 0.7638888890625 0.85078125 0.7416666671875001 0.878125 0.725 0.88125 0.7194444437499999 0.88671875 0.7236111109375 0.8953125
7 0.9472222218749999 0.3421875 0.94305555625 0.33671875 0.95694444375 0.328125 0.952777778125 0.29296875 0.9486111109375001 0.2828125 0.9305555562500001 0.275 0.8458333328125001 0.27421875 0.83194444375 0.28125 0.8291666671875 0.296875 0.80694444375 0.3109375 0.8083333328125001 0.32421875 0.83194444375 0.33359375 0.827777778125 0.34375 0.83194444375 0.36875 0.890277778125 0.36875 0.8986111109375001 0.38046875 0.9611111109375001 0.37890625 0.95555555625 0.36484375 0.9444444437499999 0.35546875 0.9472222218749999 0.3421875
7 0.83194444375 0.46953125 0.875 0.478125 0.9861111109375 0.478125 0.9930555562500001 0.4625 0.9930555562500001 0.42734375 0.9791666671874999 0.39453125 0.9694444437499999 0.3890625 0.9333333328125001 0.3890625 0.925 0.39140625 0.9138888890624999 0.38828125 0.8833333328125 0.38828125 0.8652777781250001 0.39375 0.8458333328125001 0.39375 0.8208333328125 0.40390625 0.815277778125 0.41953125 0.83194444375 0.43671875 0.875 0.44140625 0.8736111109375001 0.45546875 0.8208333328125 0.45625 0.8208333328125 0.46015625 0.83194444375 0.46953125
7 0.727777778125 0.99375 0.73194444375 0.99921875 0.7805555562500001 0.99921875 0.7819444437499999 0.99296875 0.7638888890625 0.98828125 0.73194444375 0.9875 0.727777778125 0.99375
7 0.83194444375 0.921875 0.825 0.91875 0.809722221875 0.91875 0.8041666671875 0.92265625 0.7819444437499999 0.9265625 0.7611111109375 0.93515625 0.7597222218749999 0.9421875 0.765277778125 0.953125 0.7611111109375 0.95546875 0.7638888890625 0.96015625 0.7541666671875 0.96875 0.7583333328124999 0.971875 0.7736111109375 0.975 0.797222221875 0.9734375 0.83055555625 0.92890625 0.83194444375 0.921875
7 0.85555555625 0.953125 0.8444444437499999 0.9671875 0.840277778125 0.98046875 0.8541666671874999 0.978125 0.8652777781250001 0.9625 0.877777778125 0.9359375 0.875 0.92578125 0.8708333328125001 0.925 0.8583333328125 0.9375 0.8541666671874999 0.94453125 0.85555555625 0.953125
7 0.8888888890625 0.79140625 0.88055555625 0.78671875 0.86944444375 0.7859375 0.8652777781250001 0.78125 0.859722221875 0.78125 0.85 0.7859375 0.8486111109375001 0.79140625 0.86944444375 0.79375 0.8791666671874999 0.79296875 0.8819444437499999 0.78984375 0.89305555625 0.796875 0.902777778125 0.79765625 0.9055555562500001 0.7875 0.8888888890625 0.79140625
7 0.925 0.75390625 0.9236111109375 0.74921875 0.9125 0.7484375 0.8416666671874999 0.7453125 0.840277778125 0.7625 0.8458333328125001 0.76875 0.9111111109375001 0.77109375 0.91944444375 0.7671875 0.925 0.75390625
7 0.952777778125 0.6765625 0.9416666671874999 0.67578125 0.9069444437499999 0.675 0.8986111109375001 0.67734375 0.89305555625 0.6859375 0.872222221875 0.6890625 0.85694444375 0.70625 0.8541666671874999 0.71953125 0.8444444437499999 0.7265625 0.8416666671874999 0.734375 0.8458333328125001 0.73671875 0.9111111109375001 0.7390625 0.93194444375 0.7375 0.94305555625 0.71875 0.95555555625 0.68203125 0.952777778125 0.6765625