2 0.0140625 0.46805555625000006 0.01796875 0.4763888890625 0.02578125 0.4763888890625 0.03046875 0.46805555625000006 0.028125 0.434722221875 0.02109375 0.42222222187499997 0.01328125 0.43055555625 0.0140625 0.46805555625000006
7 0.85 0.23472222187499997 0.87109375 0.25555555625 0.878125 0.25833333281250004 0.8828125 0.27777777812500004 0.890625 0.28055555625 0.8953125 0.275 0.92265625 0.275 0.9296875 0.2638888890625 0.9296875 0.23055555625 0.915625 0.18194444375000002 0.9046875 0.16805555625 0.88125 0.15555555625 0.86796875 0.1541666671875 0.85546875 0.15555555625 0.85234375 0.15972222187500001 0.8421875 0.1541666671875 0.82890625 0.15555555625 0.81953125 0.15972222187500001 0.815625 0.16805555625 0.8140625 0.184722221875 0.8171875 0.215277778125 0.8203125 0.2236111109375 0.82890625 0.22638888906250001 0.83515625 0.215277778125 0.84609375 0.2138888890625 0.84921875 0.21944444375 0.85 0.23472222187499997
7 0.96875 0.275 0.965625 0.26805555625 0.96875 0.2638888890625 0.96328125 0.2708333328125 0.96171875 0.28055555625 0.96171875 0.3083333328125 0.9578125 0.325 0.96015625 0.33194444375 0.96484375 0.32777777812500003 0.9703125 0.302777778125 0.975 0.30555555624999997 0.96875 0.3 0.96875 0.275
7 0.99375 0.252777778125 0.9875 0.25555555625 0.98515625 0.2611111109375 0.98046875 0.29722222187499997 0.975 0.3111111109375 0.975 0.33055555625 0.99375 0.352777778125 0.99921875 0.352777778125 0.99921875 0.28055555625 0.99609375 0.27777777812500004 0.99375 0.252777778125
7 0.33671875 0.16388888906250001 0.34921875 0.1263888890625 0.35078125 0.10138888906250001 0.3484375 0.0888888890625 0.3328125 0.059722221875 0.3296875 0.04305555625 0.31484375 0.04305555625 0.28359375 0.052777778124999994 0.28125 0.06527777812499999 0.2765625 0.072222221875 0.275 0.10555555624999999 0.275 0.1583333328125 0.28046875 0.16805555625 0.28125 0.18055555625 0.296875 0.1763888890625 0.30546875 0.19305555624999998 0.3234375 0.19305555624999998 0.3296875 0.16944444375 0.33671875 0.16388888906250001
7 0.0640625 0.60859375 0.00078125 0.003125
7 0.0671875 0.5763888890625 0.0671875 0.5722222218749999 0.06328125 0.5736111109375 0.0671875 0.5763888890625
7 0.06640625 0.5555555562500001 0.090625 0.5513888890625 0.0984375 0.5458333328125 0.10546875 0.55 0.1078125 0.6 0.1203125 0.6180555562500001 0.134375 0.6208333328125 0.14140625 0.6166666671875001 0.14140625 0.590277778125 0.13828125 0.5833333328125 0.13671875 0.5583333328125 0.13125 0.5375 0.13046875 0.51805555625 0.12734375 0.5166666671875 0.125 0.5083333328124999 0.12265625 0.51805555625 0.11171875 0.5166666671875 0.11171875 0.497222221875 0.1140625 0.49305555625 0.1125 0.4486111109375 0.09453125 0.4458333328125 0.08125 0.45694444375 0.07421875 0.46805555625000006 0.06796875 0.46805555625000006 0.0671875 0.45555555625000005 0.0640625 0.4513888890625 0.0625 0.4583333328125 0.06640625 0.46388888906250003 0.06328125 0.46666666718750005 0.065625 0.5013888890625 0.0578125 0.525 0.05859375 0.5458333328125 0.06328125 0.55694444375 0.0625 0.5611111109375 0.06640625 0.5555555562500001
7 0.1515625 0.477777778125 0.1640625 0.5736111109375 0.21171875 0.56805555625 0.21640625 0.55694444375 0.221875 0.5527777781250001 0.23359375 0.55694444375 0.23671875 0.5625 0.2796875 0.565277778125 0.29375 0.590277778125 0.31796875 0.5930555562500001 0.32890625 0.58055555625 0.3375 0.55694444375 0.34296875 0.5541666671875001 0.35546875 0.5305555562500001 0.3640625 0.4763888890625 0.36015625 0.44166666718750003 0.340625 0.40972222187499996 0.31953125 0.39305555625 0.2890625 0.3583333328125 0.28203125 0.35555555625 0.27265625 0.33194444375 0.26171875 0.3291666671875 0.25546875 0.315277778125 0.25234375 0.3166666671875 0.24765625 0.32777777812500003 0.23125 0.33194444375 0.22265625 0.36666666718749996 0.2125 0.34722222187499996 0.20078125 0.3416666671875 0.19453125 0.3333333328125 0.1921875 0.322222221875 0.1875 0.3166666671875 0.1765625 0.3125 0.15390625 0.29444444375 0.13828125 0.290277778125 0.13828125 0.33055555625 0.14453125 0.3541666671875 0.171875 0.384722221875 0.175 0.3958333328125 0.17421875 0.40972222187499996 0.16640625 0.427777778125 0.15 0.43194444374999996 0.1515625 0.477777778125
7 0.06015625 0.28194444375 0.09296875 0.3013888890625 0.096875 0.30555555624999997 0.10078125 0.322222221875 0.11171875 0.3263888890625 0.109375 0.2791666671875 0.10625 0.2666666671875 0.09921875 0.25833333281250004 0.0828125 0.2513888890625 0.06015625 0.23194444375 0.040625 0.22638888906250001 0.03125 0.21805555625 0.021875 0.2138888890625 0.00625 0.215277778125 0.0015625 0.2166666671875 0.0015625 0.23472222187499997 0.0046875 0.240277778125 0.028125 0.2541666671875 0.0328125 0.26527777812500003 0.046875 0.272222221875 0.05625 0.2833333328125 0.06015625 0.28194444375
7 0.47578125 0.1263888890625 0.4765625 0.115277778125 0.47578125 0.10833333281249999 0.4703125 0.10138888906250001 0.46015625 0.102777778125 0.45703125 0.109722221875 0.4546875 0.134722221875 0.45625 0.177777778125 0.46171875 0.18055555625 0.4734375 0.16805555625 0.47421875 0.14305555625 0.4703125 0.140277778125 0.46875 0.13194444375 0.47578125 0.1263888890625
7 0.4078125 0.1875 0.41953125 0.1875 0.43046875 0.18055555625 0.43828125 0.1708333328125 0.4390625 0.1583333328125 0.44140625 0.15555555625 0.44375 0.08194444375 0.4484375 0.08055555625000001 0.4578125 0.090277778125 0.46796875 0.0916666671875 0.475 0.08055555625000001 0.47421875 0.0388888890625 0.47109375 0.0208333328125 0.46640625 0.009722221875000001 0.46015625 0.00555555625 0.42890625 0.00555555625 0.41640625 0.013888889062500001 0.3953125 0.019444443750000002 0.38984375 0.029166667187500002 0.39140625 0.0625 0.3890625 0.0666666671875 0.38828125 0.11944444375 0.3921875 0.13194444375 0.39375 0.15555555625 0.4 0.16944444375 0.4 0.18055555625 0.4078125 0.1875
7 0.99921875 0.22638888906250001 0.99375 0.222222221875 0.9921875 0.225 0.99140625 0.23472222187499997 0.99921875 0.23472222187499997 0.99921875 0.22638888906250001
7 0.975 0.2208333328125 0.97421875 0.20277777812500003 0.94921875 0.1833333328125 0.925 0.16944444375 0.9203125 0.1708333328125 0.9203125 0.1916666671875 0.93203125 0.2125 0.93515625 0.23055555625 0.94375 0.23472222187499997 0.96015625 0.23055555625 0.9640625 0.240277778125 0.9703125 0.240277778125 0.975 0.2208333328125
7 0.925 0.12361111093749999 0.925 0.1375 0.94140625 0.15 0.96953125 0.165277778125 0.9796875 0.16388888906250001 0.978125 0.14305555625 0.97421875 0.13888888906250002 0.94296875 0.125 0.925 0.12361111093749999
7 0.78671875 0.1416666671875 0.790625 0.13055555624999998 0.7875 0.13055555624999998 0.790625 0.125 0.78828125 0.12361111093749999 0.78203125 0.140277778125 0.78671875 0.1416666671875
7 0.74609375 0.15694444375 0.75703125 0.15972222187500001 0.76796875 0.15277777812499999 0.7703125 0.08333333281250001 0.75859375 0.07638888906249999 0.74921875 0.07638888906249999 0.74609375 0.13055555624999998 0.74609375 0.15694444375
7 0.73671875 0.15555555625 0.7390625 0.090277778125 0.74140625 0.08333333281250001 0.7390625 0.06944444375 0.68203125 0.0458333328125 0.67890625 0.047222221875 0.6765625 0.055555556250000006 0.67734375 0.102777778125 0.68828125 0.109722221875 0.696875 0.12222222187500001 0.7015625 0.1375 0.71171875 0.14444444375 0.71484375 0.15277777812499999 0.7296875 0.15972222187500001 0.73671875 0.15555555625
4 0.96015625 0.23472222187499997 0.9515625 0.23611111093749998 0.94375 0.26527777812500003 0.9421875 0.31805555625 0.95625 0.315277778125 0.96015625 0.3083333328125 0.9578125 0.2916666671875 0.9625 0.26944444375 0.96875 0.25694444375000003 0.9671875 0.24722222187499998 0.96015625 0.23472222187499997