2 0.01484375 0.4291666671875 0.0125 0.43333333281249997 0.0140625 0.47083333281249995 0.01875 0.477777778125 0.025 0.477777778125 0.0328125 0.46805555625000006 0.03046875 0.447222221875 0.0234375 0.425 0.01484375 0.4291666671875
1 0.3875 0.26527777812500003 0.38515625 0.25694444375000003 0.38515625 0.15277777812499999 0.3828125 0.13888888906250002 0.3828125 0.10555555624999999 0.3796875 0.1 0.3703125 0.1041666671875 0.371875 0.2541666671875 0.35703125 0.2541666671875 0.36015625 0.25555555625 0.3631990140625 0.269078946875 0.36640625 0.2708333328125 0.37421875 0.28611111093749997 0.3875 0.28055555625 0.40078125 0.2888888890625 0.4015625 0.28055555625 0.3875 0.26527777812500003
1 0.45703125 0.2513888890625 0.46875 0.2513888890625 0.46796875 0.2416666671875 0.45546875 0.23472222187499997 0.45234375 0.21944444375 0.45234375 0.17916666718750002 0.4546875 0.1708333328125 0.45390625 0.08194444375 0.44453125 0.08055555625000001 0.4421875 0.0861111109375 0.44140625 0.215277778125 0.43828125 0.22638888906250001 0.4265625 0.22638888906250001 0.42578125 0.23055555625 0.43125 0.22777777812500002 0.43046875 0.2388888890625 0.4375 0.24305555625 0.45703125 0.2513888890625
6 0.7703125 0.43055555625 0.7671875 0.427777778125 0.76640625 0.43055555625 0.7703125 0.43055555625
6 0.85 0.39444444375 0.84921875 0.384722221875 0.8546875 0.3791666671875 0.84921875 0.3763888890625 0.84609375 0.384722221875 0.8375 0.38333333281250004 0.8390625 0.35694444375 0.828125 0.33888888906250003 0.82265625 0.33888888906250003 0.80546875 0.3263888890625 0.80234375 0.33055555625 0.7984375 0.39027777812500003 0.79375 0.41944444374999995 0.790625 0.46666666718750005 0.7921875 0.48055555625 0.8015625 0.4875 0.8421875 0.48333333281249996 0.8484375 0.477777778125 0.85390625 0.4625 0.85546875 0.40555555625000006 0.85 0.39444444375
6 0.74296875 0.425 0.75 0.4291666671875 0.7546875 0.4513888890625 0.75703125 0.434722221875 0.7625 0.43055555625 0.75625 0.41805555625 0.7578125 0.39305555625 0.765625 0.3888888890625 0.7734375 0.39444444375 0.7765625 0.38055555625 0.77734375 0.3583333328125 0.78046875 0.3513888890625 0.7828125 0.33194444375 0.78203125 0.28055555625 0.7765625 0.29305555625 0.77421875 0.3513888890625 0.7703125 0.35694444375 0.76171875 0.35694444375 0.76015625 0.34027777812500004 0.76328125 0.27777777812500004 0.76015625 0.272222221875 0.74375 0.25833333281250004 0.7375 0.259722221875 0.728125 0.27638888906250003 0.7171875 0.2708333328125 0.7015625 0.2708333328125 0.7 0.2791666671875 0.69921875 0.3166666671875 0.70234375 0.32777777812500003 0.7 0.34861111093749997 0.7015625 0.3916666671875 0.71171875 0.40416666718750005 0.72421875 0.40277777812500004 0.73515625 0.40833333281249995 0.74296875 0.425
6 0.78671875 0.2388888890625 0.78125 0.22777777812500002 0.78046875 0.24583333281250003 0.7859375 0.24444444375000002 0.7859375 0.25555555625 0.78046875 0.25694444375000003 0.78125 0.2666666671875 0.78359375 0.2666666671875 0.7859375 0.2638888890625 0.78671875 0.2388888890625
6 0.78125 0.1666666671875 0.775 0.16388888906250001 0.77578125 0.16805555625 0.78125 0.1666666671875
6 0.7125 0.23611111093749998 0.71484375 0.222222221875 0.72109375 0.2166666671875 0.72890625 0.23333333281250002 0.73046875 0.25555555625 0.7328125 0.259722221875 0.74765625 0.25555555625 0.75 0.240277778125 0.7640625 0.24305555625 0.76640625 0.2388888890625 0.76875 0.18055555625 0.7609375 0.1708333328125 0.76171875 0.15972222187500001 0.7578125 0.1416666671875 0.75625 0.11388888906250001 0.75 0.10555555624999999 0.72734375 0.0958333328125 0.70625 0.097222221875 0.7015625 0.10694444375 0.69765625 0.14305555625 0.68828125 0.15555555625 0.68359375 0.16944444375 0.6875 0.177777778125 0.6890625 0.22916666718749998 0.69453125 0.2388888890625 0.7078125 0.2416666671875 0.7125 0.23611111093749998
7 0.97421875 0.10694444375 0.97421875 0.0958333328125 0.9625 0.0916666671875 0.96171875 0.1263888890625 0.96640625 0.13055555624999998 0.97421875 0.10694444375
7 0.93046875 0.12222222187500001 0.94921875 0.1208333328125 0.95390625 0.102777778125 0.95234375 0.08333333281250001 0.9390625 0.072222221875 0.9265625 0.07083333281250001 0.90625 0.08194444375 0.9046875 0.090277778125 0.90078125 0.09444444375 0.90546875 0.10138888906250001 0.9046875 0.1166666671875 0.91953125 0.127777778125 0.92734375 0.1291666671875 0.9265625 0.1263888890625 0.93046875 0.12222222187500001
7 0.99921875 0.34027777812500004 0.99921875 0.26805555625 0.99140625 0.25833333281250004 0.9875 0.25833333281250004 0.98203125 0.2791666671875 0.97890625 0.34027777812500004 0.99921875 0.34027777812500004
7 0.96953125 0.24583333281250003 0.9421875 0.23194444375 0.93046875 0.23194444375 0.91796875 0.24583333281250003 0.91328125 0.25694444375000003 0.9078125 0.290277778125 0.909375 0.3 0.92421875 0.32777777812500003 0.94140625 0.33194444375 0.94921875 0.3513888890625 0.95703125 0.35555555625 0.9671875 0.30416666718749996 0.96953125 0.24583333281250003
7 0.88125 0.275 0.88671875 0.28055555625 0.90625 0.27638888906250003 0.9109375 0.26805555625 0.9140625 0.2486111109375 0.9265625 0.23055555625 0.915625 0.18194444375000002 0.9109375 0.17361111093749998 0.890625 0.1583333328125 0.86640625 0.1541666671875 0.85546875 0.15555555625 0.85234375 0.15972222187500001 0.84375 0.15555555625 0.81875 0.15555555625 0.815625 0.16805555625 0.8140625 0.2 0.8203125 0.22638888906250001 0.828125 0.22916666718749998 0.8375 0.21805555625 0.8453125 0.21805555625 0.85078125 0.23611111093749998 0.878125 0.25833333281250004 0.88125 0.275
7 0.99296875 0.25694444375000003 0.99921875 0.25555555625 0.99921875 0.22777777812500002 0.99296875 0.222222221875 0.98828125 0.23333333281250002 0.9875 0.252777778125 0.99296875 0.25694444375000003
7 0.92890625 0.16944444375 0.91875 0.1708333328125 0.91796875 0.1875 0.92890625 0.20833333281250002 0.93046875 0.22777777812500002 0.9671875 0.24305555625 0.971875 0.240277778125 0.97421875 0.20833333281250002 0.96953125 0.197222221875 0.92890625 0.16944444375
7 0.95625 0.13055555624999998 0.93515625 0.12222222187500001 0.9265625 0.125 0.92578125 0.13055555624999998 0.946875 0.14305555625 0.95 0.15 0.9578125 0.15555555625 0.97890625 0.15972222187500001 0.97890625 0.15 0.975 0.14444444375 0.95625 0.13055555624999998
7 0.771875 0.4171875 0.0015625 0.0015625
7 0.771875 0.41015625 0.00234375 0.0015625
7 0.83125 0.33046875 0.00078125 0.00546875
7 0.8578125 0.1291666671875 0.85 0.1208333328125 0.84375 0.11944444375 0.83828125 0.125 0.83671875 0.134722221875 0.83984375 0.1513888890625 0.853125 0.15555555625 0.859375 0.1513888890625 0.878125 0.1541666671875 0.884375 0.15 0.87265625 0.134722221875 0.8578125 0.1291666671875
7 0.859375 0.072222221875 0.85625 0.08055555625000001 0.8625 0.0888888890625 0.87578125 0.1041666671875 0.89375 0.11388888906250001 0.89765625 0.09305555625 0.89609375 0.08055555625000001 0.87890625 0.072222221875 0.859375 0.072222221875