2 0.0140625 0.47222222187499996 0.01796875 0.477777778125 0.025 0.477777778125 0.0328125 0.46666666718750005 0.0296875 0.4458333328125 0.02265625 0.425 0.01328125 0.43194444374999996 0.0140625 0.47222222187499996
1 0.38515625 0.2541666671875 0.38203125 0.1142361109375 0.3859375 0.10138888906250001 0.389367378125 0.1002597109375 0.3875 0.0958333328125 0.384375 0.097222221875 0.38203125 0.10694444375 0.3765625 0.1 0.36953125 0.10555555624999999 0.371875 0.19305555624999998 0.3703125 0.2541666671875 0.3578125 0.259722221875 0.35703125 0.26527777812500003 0.36640625 0.2708333328125 0.37578125 0.2888888890625 0.3796875 0.2888888890625 0.38359375 0.28055555625 0.4 0.2888888890625 0.4015625 0.28055555625 0.38515625 0.2541666671875
6 0.78125 0.21805555625 0.7796875 0.22916666718749998 0.78125 0.240277778125 0.77890625 0.2736111109375 0.78203125 0.27638888906250003 0.7859375 0.26944444375 0.7875 0.25833333281250004 0.78828125 0.23611111093749998 0.7859375 0.21805555625 0.78125 0.21805555625
6 0.7828125 0.21328125 0.00078125 0.0015625
6 0.7828125 0.18055555625 0.78125 0.1763888890625 0.78046875 0.18055555625 0.7828125 0.18055555625
6 0.71171875 0.2388888890625 0.71484375 0.2236111109375 0.71953125 0.2166666671875 0.72265625 0.21805555625 0.72890625 0.23333333281250002 0.73125 0.26805555625 0.7390625 0.27777777812500004 0.74296875 0.27777777812500004 0.75 0.2666666671875 0.75 0.24444444375000002 0.753125 0.240277778125 0.7640625 0.2416666671875 0.76640625 0.23055555625 0.76875 0.18055555625 0.7609375 0.16944444375 0.75703125 0.11805555625 0.75 0.10555555624999999 0.72734375 0.0958333328125 0.70625 0.097222221875 0.7015625 0.10694444375 0.6984375 0.14305555625 0.68828125 0.15555555625 0.68359375 0.16944444375 0.6875 0.177777778125 0.68828125 0.225 0.69453125 0.2388888890625 0.703125 0.24305555625 0.71171875 0.2388888890625
7 0.9796875 0.3416666671875 0.99921875 0.33888888906250003 0.99921875 0.26805555625 0.99375 0.259722221875 0.98671875 0.2611111109375 0.9828125 0.27638888906250003 0.98046875 0.30555555624999997 0.9796875 0.3416666671875
7 0.96953125 0.24583333281250003 0.9421875 0.23194444375 0.93046875 0.23194444375 0.91796875 0.24583333281250003 0.9140625 0.25555555625 0.9078125 0.29722222187499997 0.9234375 0.3263888890625 0.94296875 0.33055555625 0.946875 0.34305555625 0.95390625 0.35555555625 0.95703125 0.35555555625 0.9671875 0.30416666718749996 0.96953125 0.24583333281250003
7 0.88203125 0.27638888906250003 0.88671875 0.28055555625 0.90546875 0.27777777812500004 0.9109375 0.2666666671875 0.9140625 0.24722222187499998 0.9265625 0.23055555625 0.915625 0.18194444375000002 0.90625 0.16944444375 0.890625 0.1583333328125 0.86171875 0.1541666671875 0.85546875 0.15555555625 0.85078125 0.1666666671875 0.8484375 0.15972222187500001 0.8390625 0.15555555625 0.81875 0.15555555625 0.8171875 0.15972222187500001 0.8171875 0.18055555625 0.82890625 0.19444444375 0.83828125 0.2138888890625 0.84921875 0.2166666671875 0.85 0.23055555625 0.85546875 0.24305555625 0.878125 0.25833333281250004 0.88203125 0.27638888906250003
7 0.50703125 0.20555555625 0.5046875 0.20555555625 0.5046875 0.26805555625 0.50625 0.27777777812500004 0.51171875 0.27777777812500004 0.5171875 0.26527777812500003 0.51796875 0.25 0.51328125 0.21944444375 0.50703125 0.20555555625
7 0.38359375 0.140277778125 0.384375 0.22638888906250001 0.38671875 0.2541666671875 0.4328125 0.272222221875 0.4375 0.27777777812500004 0.4390625 0.2916666671875 0.44921875 0.30555555624999997 0.46015625 0.30416666718749996 0.4640625 0.29305555625 0.47578125 0.2916666671875 0.478125 0.28611111093749997 0.4796875 0.1513888890625 0.478125 0.14305555625 0.46015625 0.1111111109375 0.45390625 0.10555555624999999 0.42890625 0.10138888906250001 0.425 0.097222221875 0.4 0.0958333328125 0.38828125 0.090277778125 0.3828125 0.102777778125 0.3796875 0.1 0.38046875 0.0888888890625 0.3609375 0.0861111109375 0.3375 0.0958333328125 0.33359375 0.102777778125 0.33125 0.11805555625 0.33046875 0.2166666671875 0.3375 0.22638888906250001 0.353125 0.23333333281250002 0.35703125 0.25555555625 0.36875 0.25555555625 0.371875 0.24444444375000002 0.3703125 0.140277778125 0.38359375 0.140277778125
7 0.99921875 0.22916666718749998 0.99296875 0.2208333328125 0.98828125 0.23333333281250002 0.98828125 0.2541666671875 0.99921875 0.25555555625 0.99921875 0.22916666718749998
7 0.97421875 0.20694444375 0.96953125 0.197222221875 0.92890625 0.16944444375 0.9203125 0.16805555625 0.91953125 0.1916666671875 0.92421875 0.20416666718749998 0.92890625 0.20833333281250002 0.93203125 0.22916666718749998 0.94453125 0.23055555625 0.96796875 0.24305555625 0.971875 0.240277778125 0.97421875 0.20694444375
7 0.97890625 0.1513888890625 0.975 0.14444444375 0.96328125 0.13888888906250002 0.96015625 0.13333333281249998 0.93125 0.12222222187500001 0.92578125 0.1263888890625 0.925 0.1291666671875 0.93828125 0.140277778125 0.9484375 0.14444444375 0.95078125 0.1513888890625 0.95625 0.15555555625 0.97578125 0.16388888906250001 0.97890625 0.15972222187500001 0.97890625 0.1513888890625
7 0.85625 0.127777778125 0.8484375 0.11944444375 0.83828125 0.12222222187500001 0.8375 0.1416666671875 0.84296875 0.15277777812499999 0.85390625 0.15555555625 0.859375 0.1513888890625 0.88125 0.1513888890625 0.88046875 0.14305555625 0.8671875 0.13055555624999998 0.85625 0.127777778125
7 0.85703125 0.0736111109375 0.85625 0.08055555625000001 0.87578125 0.1041666671875 0.89375 0.11388888906250001 0.89609375 0.0958333328125 0.89609375 0.08055555625000001 0.89375 0.077777778125 0.8734375 0.07083333281250001 0.85703125 0.0736111109375
4 0.63203125 0.2236111109375 0.63671875 0.21944444375 0.63828125 0.1763888890625 0.63671875 0.1583333328125 0.63125 0.1541666671875 0.625 0.15555555625 0.625 0.1666666671875 0.61875 0.18055555625 0.61875 0.1875 0.625 0.19583333281249998 0.625 0.22916666718749998 0.628125 0.23194444375 0.62578125 0.2388888890625 0.63203125 0.2236111109375