1 0.46796875 0.2513888890625 0.46875 0.24305555625 0.45625 0.23333333281250002 0.45390625 0.2208333328125 0.45625 0.16805555625 0.45546875 0.09305555625 0.4515625 0.08055555625000001 0.4453125 0.08194444375 0.4421875 0.09305555625 0.44140625 0.2138888890625 0.4375 0.222222221875 0.43125 0.222222221875 0.4296875 0.23055555625 0.4328125 0.2388888890625 0.43828125 0.24305555625 0.45703125 0.2513888890625 0.46796875 0.2513888890625
6 0.6421875 0.22638888906250001 0.634375 0.21805555625 0.6359375 0.197222221875 0.625 0.184722221875 0.6078125 0.18055555625 0.59921875 0.16388888906250001 0.5765625 0.15972222187500001 0.5703125 0.172222221875 0.5671875 0.190277778125 0.56875 0.22777777812500002 0.57265625 0.23055555625 0.57578125 0.240277778125 0.59453125 0.25694444375000003 0.6109375 0.259722221875 0.65625 0.25555555625 0.6546875 0.23055555625 0.6421875 0.22638888906250001
6 0.70625 0.28194444375 0.7171875 0.28472222187499996 0.73046875 0.26805555625 0.73828125 0.27777777812500004 0.76171875 0.27638888906250003 0.76328125 0.2708333328125 0.7640625 0.240277778125 0.76171875 0.21805555625 0.7515625 0.197222221875 0.73515625 0.1875 0.73125 0.1611111109375 0.72734375 0.15555555625 0.69140625 0.15 0.67890625 0.16388888906250001 0.66796875 0.16388888906250001 0.659375 0.16944444375 0.6546875 0.184722221875 0.65390625 0.20694444375 0.6609375 0.23472222187499997 0.6640625 0.240277778125 0.684375 0.2388888890625 0.696875 0.24722222187499998 0.70078125 0.25694444375000003 0.7015625 0.2736111109375 0.70625 0.28194444375
7 0.8734375 0.1541666671875 0.88515625 0.15 0.8796875 0.140277778125 0.8671875 0.13055555624999998 0.84453125 0.1263888890625 0.84453125 0.1458333328125 0.8734375 0.1541666671875
7 0.9671875 0.09305555625 0.96484375 0.09305555625 0.9625 0.084722221875 0.96171875 0.11805555625 0.96953125 0.10555555624999999 0.9671875 0.09305555625
7 0.95390625 0.08333333281250001 0.9390625 0.072222221875 0.9234375 0.072222221875 0.9078125 0.08194444375 0.90625 0.11944444375 0.91875 0.127777778125 0.92578125 0.1291666671875 0.93125 0.12222222187500001 0.94609375 0.12222222187500001 0.95 0.11805555625 0.95390625 0.10138888906250001 0.95390625 0.08333333281250001
7 0.8578125 0.077777778125 0.85703125 0.08055555625000001 0.875 0.102777778125 0.8890625 0.11388888906250001 0.89609375 0.11388888906250001 0.89609375 0.08055555625000001 0.875 0.072222221875 0.86171875 0.072222221875 0.8578125 0.077777778125
7 0.853125 0.2388888890625 0.8765625 0.25694444375000003 0.88671875 0.28055555625 0.8953125 0.27638888906250003 0.92265625 0.27777777812500004 0.93046875 0.2638888890625 0.93046875 0.23333333281250002 0.915625 0.18194444375000002 0.90625 0.16944444375 0.88125 0.15555555625 0.85625 0.15555555625 0.85 0.17916666718750002 0.84140625 0.1763888890625 0.83046875 0.16388888906250001 0.81953125 0.165277778125 0.81640625 0.16944444375 0.81640625 0.21111111093749999 0.8203125 0.2236111109375 0.828125 0.22777777812500002 0.8375 0.215277778125 0.8453125 0.2138888890625 0.84921875 0.21805555625 0.84921875 0.23055555625 0.853125 0.2388888890625
7 0.96171875 0.3291666671875 0.95703125 0.31944444375000003 0.96015625 0.309722221875 0.95703125 0.2958333328125 0.96015625 0.28611111093749997 0.96171875 0.2638888890625 0.96015625 0.2611111109375 0.9546875 0.26944444375 0.94921875 0.2986111109375 0.94453125 0.3 0.94375 0.30416666718749996 0.94765625 0.3166666671875 0.9578125 0.3236111109375 0.95625 0.3333333328125 0.9609375 0.334722221875 0.96171875 0.3291666671875
7 0.9859375 0.259722221875 0.9828125 0.2791666671875 0.9765625 0.33055555625 0.98984375 0.3513888890625 0.99921875 0.352777778125 0.99921875 0.28055555625 0.99609375 0.27777777812500004 0.99609375 0.26805555625 0.9921875 0.25833333281250004 0.9859375 0.259722221875
7 0.19375 0.20833333281250002 0.21484375 0.20277777812500003 0.23046875 0.16805555625 0.2296875 0.1583333328125 0.2234375 0.14305555625 0.2171875 0.13888888906250002 0.19921875 0.1111111109375 0.1921875 0.10833333281249999 0.1796875 0.1111111109375 0.17109375 0.11805555625 0.15 0.1166666671875 0.13125 0.14444444375 0.13046875 0.18055555625 0.1328125 0.1916666671875 0.13828125 0.2 0.16171875 0.1916666671875 0.16328125 0.1875 0.16953125 0.19305555624999998 0.1859375 0.19305555624999998 0.19375 0.20833333281250002
7 0.95390625 0.222222221875 0.9625 0.23055555625 0.96484375 0.2208333328125 0.9703125 0.2138888890625 0.9703125 0.20277777812500003 0.96640625 0.19444444375 0.92890625 0.16944444375 0.91875 0.16944444375 0.91875 0.1888888890625 0.92734375 0.20694444375 0.92734375 0.21944444375 0.93515625 0.23611111093749998 0.94296875 0.23472222187499997 0.94296875 0.22638888906250001 0.946875 0.2208333328125 0.95390625 0.222222221875
7 0.9390625 0.12222222187500001 0.92578125 0.12361111093749999 0.925 0.13055555624999998 0.9390625 0.14305555625 0.95546875 0.1458333328125 0.96484375 0.1541666671875 0.9796875 0.1583333328125 0.9765625 0.14444444375 0.96015625 0.13194444375 0.9390625 0.12222222187500001
7 0.32421875 0.19305555624999998 0.3328125 0.165277778125 0.3375 0.16388888906250001 0.34609375 0.1513888890625 0.36171875 0.1458333328125 0.3625 0.13333333281249998 0.36875 0.1263888890625 0.36953125 0.109722221875 0.38125 0.1 0.3796875 0.0388888890625 0.375 0.0375 0.36484375 0.04444444375 0.35546875 0.055555556250000006 0.3421875 0.052777778124999994 0.33515625 0.058333332812500006 0.32890625 0.04305555625 0.28671875 0.05 0.28125 0.055555556250000006 0.28046875 0.0791666671875 0.27578125 0.0986111109375 0.275 0.1611111109375 0.28046875 0.16805555625 0.28203125 0.17916666718750002 0.2953125 0.17361111093749998 0.3 0.18055555625 0.30234375 0.1916666671875 0.30625 0.19444444375 0.32421875 0.19305555624999998
7 0.43828125 0.16805555625 0.4390625 0.1125 0.4453125 0.08055555625000001 0.45390625 0.08333333281250001 0.45703125 0.09305555625 0.45625 0.172222221875 0.45859375 0.177777778125 0.4625 0.177777778125 0.46796875 0.1708333328125 0.4734375 0.1458333328125 0.4734375 0.1291666671875 0.4765625 0.1208333328125 0.4765625 0.0625 0.47421875 0.0333333328125 0.4671875 0.009722221875000001 0.4265625 0.006944443749999999 0.39375 0.0208333328125 0.3890625 0.026388889062499997 0.38828125 0.0388888890625 0.38828125 0.115277778125 0.3953125 0.134722221875 0.39375 0.15277777812499999 0.39921875 0.165277778125 0.4 0.17916666718750002 0.41875 0.184722221875 0.428125 0.18055555625 0.43828125 0.16805555625
7 0.79296875 0.140277778125 0.79296875 0.1263888890625 0.78828125 0.1263888890625 0.784375 0.1375 0.7859375 0.14305555625 0.79296875 0.140277778125
7 0.7953125 0.10138888906250001 0.7953125 0.097222221875 0.79296875 0.0986111109375 0.7953125 0.10138888906250001
7 0.7484375 0.084722221875 0.7453125 0.1583333328125 0.76640625 0.1583333328125 0.76953125 0.14305555625 0.77109375 0.0888888890625 0.76875 0.08194444375 0.75234375 0.075 0.74921875 0.07638888906249999 0.7484375 0.084722221875
7 0.73671875 0.15555555625 0.7390625 0.06944444375 0.6875 0.047222221875 0.6796875 0.047222221875 0.6765625 0.055555556250000006 0.67734375 0.10138888906250001 0.68515625 0.10555555624999999 0.69375 0.11944444375 0.6953125 0.127777778125 0.7078125 0.1416666671875 0.71796875 0.1458333328125 0.72578125 0.15555555625 0.73671875 0.15555555625
7 0.79296875 0.1166666671875 0.7921875 0.11388888906250001 0.7890625 0.115277778125 0.79296875 0.1166666671875
7 0.7875 0.0986111109375 0.78828125 0.10555555624999999 0.7953125 0.109722221875 0.79765625 0.097222221875 0.79375 0.09444444375 0.7875 0.09444444375 0.7875 0.0986111109375
7 0.8421875 0.055555556250000006 0.8375 0.047222221875 0.83671875 0.05 0.83515625 0.0638888890625 0.8421875 0.06944444375 0.8421875 0.055555556250000006
7 0.825 0.0458333328125 0.82265625 0.058333332812500006 0.82890625 0.058333332812500006 0.82734375 0.04444444375 0.825 0.0458333328125
7 0.99296875 0.259722221875 0.99921875 0.25833333281250004 0.99921875 0.2208333328125 0.99296875 0.21944444375 0.98828125 0.23472222187499997 0.9875 0.25555555625 0.99296875 0.259722221875
7 0.9625 0.23333333281250002 0.9640625 0.24305555625 0.96953125 0.24583333281250003 0.97421875 0.23055555625 0.975 0.20555555625 0.96796875 0.197222221875 0.96484375 0.2 0.9625 0.23333333281250002
4 0.9640625 0.252777778125 0.9515625 0.28055555625 0.9484375 0.315277778125 0.95546875 0.322222221875 0.95625 0.3333333328125 0.9609375 0.334722221875 0.96640625 0.30555555624999997 0.96875 0.2541666671875 0.96640625 0.25 0.9640625 0.252777778125
4 0.0953125 0.3236111109375 0.09921875 0.28472222187499996 0.09140625 0.2666666671875 0.08984375 0.252777778125 0.08671875 0.2513888890625 0.0828125 0.25694444375000003 0.0828125 0.26527777812500003 0.075 0.28472222187499996 0.08046875 0.29305555625 0.08671875 0.3166666671875 0.0875 0.35694444375 0.09296875 0.3583333328125 0.1 0.34305555625 0.0953125 0.3236111109375