1 0.61015625 0.809722221875 0.615625 0.8888888890625 0.61953125 0.897222221875 0.6296875 0.8916666671875 0.628125 0.747222221875 0.63125 0.7402777781250001 0.640625 0.7402777781250001 0.640625 0.734722221875 0.62890625 0.7236111109375 0.6234375 0.7111111109375 0.61328125 0.7166666671875 0.60625 0.709722221875 0.6046875 0.715277778125 0.6078125 0.727777778125 0.61328125 0.7361111109375 0.6140625 0.75 0.61484375 0.775 0.61015625 0.809722221875
1 0.54765625 0.784722221875 0.54609375 0.825 0.54375 0.83194444375 0.54609375 0.9138888890624999 0.55 0.91944444375 0.5546875 0.915277778125 0.5578125 0.9013888890624999 0.5578125 0.8458333328125001 0.56015625 0.8416666671874999 0.5578125 0.81805555625 0.55859375 0.7833333328125 0.5640625 0.7736111109375 0.56953125 0.7736111109375 0.5703125 0.76805555625 0.56796875 0.7611111109375 0.5625 0.7569444437499999 0.5328125 0.7486111109375 0.53125 0.7541666671875 0.53359375 0.7583333328124999 0.54375 0.765277778125 0.54765625 0.784722221875
6 0.2359375 0.765277778125 0.23828125 0.7833333328125 0.2484375 0.8055555562500001 0.26328125 0.809722221875 0.2671875 0.8208333328125 0.26875 0.8388888890624999 0.27265625 0.8444444437499999 0.30859375 0.85 0.321875 0.8361111109375001 0.32578125 0.8388888890624999 0.3375 0.83194444375 0.34375 0.81805555625 0.3453125 0.7916666671875 0.34296875 0.7736111109375 0.3390625 0.7638888890625 0.3359375 0.7583333328124999 0.3171875 0.7611111109375 0.3015625 0.752777778125 0.29765625 0.725 0.2921875 0.7166666671875 0.28203125 0.715277778125 0.2703125 0.7291666671875 0.26328125 0.722222221875 0.23828125 0.722222221875 0.23671875 0.727777778125 0.2359375 0.765277778125
6 0.3890625 0.8194444437499999 0.403125 0.8388888890624999 0.4234375 0.8361111109375001 0.43125 0.81805555625 0.43359375 0.7916666671875 0.43046875 0.76944444375 0.42421875 0.7583333328124999 0.40859375 0.7486111109375 0.4046875 0.7416666671875001 0.3484375 0.7416666671875001 0.34296875 0.7486111109375 0.3453125 0.76944444375 0.36328125 0.777777778125 0.3671875 0.784722221875 0.36328125 0.79444444375 0.36328125 0.8055555562500001 0.375 0.815277778125 0.3890625 0.8194444437499999
7 0.16328125 0.8791666671874999 0.16484375 0.86944444375 0.1546875 0.8486111109375001 0.1078125 0.8486111109375001 0.1328125 0.86944444375 0.14453125 0.8708333328125001 0.15234375 0.8791666671874999 0.16328125 0.8791666671874999
7 0.02734375 0.902777778125 0.0375 0.9166666671874999 0.03828125 0.8861111109375001 0.03515625 0.8819444437499999 0.02734375 0.89444444375 0.02734375 0.902777778125
7 0.07734375 0.8736111109375001 0.07421875 0.8791666671874999 0.05234375 0.8791666671874999 0.04765625 0.8861111109375001 0.0453125 0.9069444437499999 0.0453125 0.9166666671874999 0.04765625 0.91944444375 0.06171875 0.9277777781250001 0.0765625 0.9277777781250001 0.0875 0.922222221875 0.0921875 0.915277778125 0.09375 0.8791666671874999 0.07734375 0.8736111109375001
7 0.13125 0.9291666671875 0.1375 0.9291666671875 0.14296875 0.922222221875 0.14375 0.91944444375 0.125 0.897222221875 0.1109375 0.8861111109375001 0.10390625 0.8861111109375001 0.10234375 0.91944444375 0.13125 0.9291666671875
7 0.07421875 0.7763888890625 0.08359375 0.8166666671874999 0.090625 0.827777778125 0.11875 0.8444444437499999 0.18125 0.8444444437499999 0.18359375 0.83194444375 0.18359375 0.7888888890625 0.1796875 0.7736111109375 0.16875 0.772222221875 0.1625 0.7819444437499999 0.15234375 0.7819444437499999 0.14921875 0.7638888890625 0.121875 0.7416666671875001 0.11875 0.725 0.1140625 0.7194444437499999 0.10390625 0.7236111109375 0.07578125 0.722222221875 0.06953125 0.7333333328125 0.06953125 0.7666666671875 0.07421875 0.7763888890625
7 0.8703125 0.8666666671875 0.87265625 0.859722221875 0.87265625 0.8333333328125001 0.8671875 0.797222221875 0.82578125 0.8041666671875 0.8234375 0.797222221875 0.81875 0.79444444375 0.80859375 0.7958333328125 0.8 0.815277778125 0.7890625 0.8236111109375001 0.78671875 0.8361111109375001 0.78984375 0.852777778125 0.82734375 0.8958333328125001 0.85 0.890277778125 0.8703125 0.8666666671875
7 0.61953125 0.9 0.61953125 0.95694444375 0.62421875 0.9625 0.63671875 0.9541666671875 0.64453125 0.94305555625 0.66484375 0.94305555625 0.671875 0.95694444375 0.71484375 0.95 0.72578125 0.9305555562500001 0.728125 0.9083333328125001 0.74375 0.9069444437499999 0.74296875 0.875 0.73828125 0.8736111109375001 0.73671875 0.8791666671874999 0.7296875 0.8791666671874999 0.7234375 0.872222221875 0.71640625 0.8333333328125001 0.7046875 0.8291666671875 0.69296875 0.8083333328125001 0.678125 0.80694444375 0.66640625 0.8333333328125001 0.65234375 0.827777778125 0.63125 0.83194444375 0.63125 0.8916666671875 0.61953125 0.9
7 0.55546875 0.9166666671874999 0.5515625 0.91944444375 0.54296875 0.9069444437499999 0.54375 0.8208333328125 0.5390625 0.8208333328125 0.52890625 0.83194444375 0.521875 0.8666666671875 0.521875 0.984722221875 0.53515625 0.9930555562500001 0.57265625 0.9930555562500001 0.6046875 0.9791666671874999 0.6109375 0.9694444437499999 0.6109375 0.934722221875 0.60859375 0.9277777781250001 0.6109375 0.9236111109375 0.61171875 0.8833333328125 0.60703125 0.8680555562500001 0.60625 0.8444444437499999 0.60078125 0.834722221875 0.5984375 0.8208333328125 0.58828125 0.815277778125 0.578125 0.8166666671874999 0.56328125 0.83194444375 0.55859375 0.8652777781250001 0.56015625 0.9 0.55546875 0.9166666671874999
7 0.01171875 0.765277778125 0.0125 0.73055555625 0.01015625 0.725 0.0046875 0.7236111109375 0.00078125 0.727777778125 0.00078125 0.7805555562500001 0.00703125 0.7819444437499999 0.01171875 0.765277778125
7 0.08125 0.825 0.08203125 0.8111111109375001 0.0765625 0.8 0.075 0.7861111109375 0.0671875 0.7638888890625 0.05625 0.7597222218749999 0.0390625 0.765277778125 0.0359375 0.7569444437499999 0.0296875 0.7541666671875 0.02578125 0.7708333328125 0.025 0.79444444375 0.03046875 0.8027777781250001 0.07421875 0.83194444375 0.0796875 0.83055555625 0.08125 0.825
7 0.04609375 0.85555555625 0.0328125 0.8444444437499999 0.01953125 0.840277778125 0.01953125 0.8486111109375001 0.02265625 0.85555555625 0.05625 0.875 0.0734375 0.8791666671874999 0.075 0.86944444375 0.07109375 0.86944444375 0.0609375 0.85694444375 0.04609375 0.85555555625
7 0.20859375 0.890277778125 0.211312746875 0.8824693796874999 0.203125 0.89305555625 0.20234375 0.902777778125 0.2125 0.9069444437499999 0.20859375 0.890277778125
7 0.21015625 0.847222221875 0.20703125 0.8486111109375001 0.20625 0.872222221875 0.2115808828125 0.8816993453125 0.21875 0.8611111109375 0.21015625 0.847222221875
7 0.2296875 0.8611111109375 0.23125 0.86944444375 0.22890625 0.9111111109375001 0.2328125 0.91944444375 0.25078125 0.9236111109375 0.25546875 0.8444444437499999 0.24921875 0.8388888890624999 0.2375 0.840277778125 0.23125 0.8486111109375001 0.2296875 0.8611111109375
7 0.3078125 0.952777778125 0.3234375 0.952777778125 0.325 0.9069444437499999 0.32265625 0.8986111109375001 0.30625 0.890277778125 0.29921875 0.872222221875 0.29375 0.8666666671875 0.2921875 0.85694444375 0.28046875 0.8541666671874999 0.2734375 0.8444444437499999 0.26484375 0.8416666671874999 0.2625 0.8458333328125001 0.2609375 0.9305555562500001 0.278125 0.9416666671874999 0.29765625 0.9458333328125 0.3078125 0.952777778125
4 0.73515625 0.86944444375 0.73828125 0.8444444437499999 0.7359375 0.83194444375 0.7375 0.79444444375 0.73359375 0.7916666671875 0.7328125 0.8055555562500001 0.728125 0.8083333328125001 0.725 0.7916666671875 0.72109375 0.7916666671875 0.721875 0.815277778125 0.725 0.8222222218749999 0.725 0.8444444437499999 0.721875 0.8486111109375001 0.73125 0.8736111109375001 0.73515625 0.86944444375
4 0.31875 0.877777778125 0.31875 0.8458333328125001 0.31484375 0.8458333328125001 0.30859375 0.85694444375 0.30703125 0.8833333328125 0.309375 0.890277778125 0.3140625 0.8916666671875 0.31875 0.877777778125