2 0.0140625 0.47083333281249995 0.01640625 0.4763888890625 0.02421875 0.477777778125 0.0328125 0.46666666718750005 0.03046875 0.4486111109375 0.02265625 0.425 0.01328125 0.43194444374999996 0.0140625 0.47083333281249995
1 0.3828125 0.28055555625 0.4 0.2888888890625 0.4015625 0.2791666671875 0.39140625 0.26805555625 0.384375 0.25 0.384375 0.15555555625 0.38203125 0.1134263890625 0.39140625 0.10138888906250001 0.39140625 0.097222221875 0.3859375 0.097222221875 0.38203125 0.10555555624999999 0.37734375 0.1 0.36953125 0.10555555624999999 0.371875 0.1208333328125 0.3703125 0.25555555625 0.359375 0.25833333281250004 0.35703125 0.26527777812500003 0.36640625 0.2708333328125 0.37578125 0.2888888890625 0.3796875 0.2888888890625 0.3828125 0.28055555625
6 0.78203125 0.27638888906250003 0.78671875 0.2666666671875 0.78828125 0.23611111093749998 0.7828125 0.21805555625 0.78046875 0.22638888906250001 0.77890625 0.2736111109375 0.78203125 0.27638888906250003
6 0.78203125 0.18055555625 0.77421875 0.1763888890625 0.77421875 0.18055555625 0.78203125 0.18055555625
6 0.78125 0.1703125 0.00078125 0.0015625
6 0.7703125 0.1703125 0.00234375 0.0015625
6 0.71171875 0.2388888890625 0.71796875 0.21805555625 0.7234375 0.21805555625 0.72890625 0.23333333281250002 0.73125 0.2666666671875 0.7375 0.27638888906250003 0.74296875 0.27777777812500004 0.75 0.26527777812500003 0.75 0.24444444375000002 0.75390625 0.240277778125 0.7640625 0.24305555625 0.76640625 0.23333333281250002 0.76640625 0.20972222187499998 0.7703125 0.17916666718750002 0.7625 0.1763888890625 0.76015625 0.16944444375 0.7609375 0.1541666671875 0.7578125 0.1416666671875 0.75703125 0.11805555625 0.75 0.10555555624999999 0.72578125 0.0958333328125 0.70625 0.097222221875 0.7015625 0.10555555624999999 0.69921875 0.1416666671875 0.6953125 0.14444444375 0.68359375 0.16944444375 0.6875 0.177777778125 0.6890625 0.22638888906250001 0.69453125 0.2388888890625 0.70703125 0.2416666671875 0.71171875 0.2388888890625
7 0.9796875 0.34305555625 0.99921875 0.33888888906250003 0.99921875 0.26805555625 0.99296875 0.259722221875 0.9875 0.25833333281250004 0.9828125 0.27638888906250003 0.97890625 0.3236111109375 0.9796875 0.34305555625
7 0.9671875 0.302777778125 0.96953125 0.24583333281250003 0.94296875 0.23194444375 0.93046875 0.23194444375 0.91875 0.24444444375000002 0.9125 0.2625 0.9078125 0.2958333328125 0.9203125 0.322222221875 0.92734375 0.32777777812500003 0.94296875 0.33055555625 0.9453125 0.3416666671875 0.95234375 0.3541666671875 0.959375 0.3541666671875 0.9671875 0.302777778125
7 0.878125 0.25833333281250004 0.88125 0.275 0.88515625 0.2791666671875 0.90546875 0.27777777812500004 0.9109375 0.2666666671875 0.9140625 0.2486111109375 0.9265625 0.23055555625 0.915625 0.18194444375000002 0.90625 0.16944444375 0.890625 0.1583333328125 0.85546875 0.15555555625 0.85078125 0.1666666671875 0.84921875 0.15972222187500001 0.84140625 0.15555555625 0.81875 0.15555555625 0.8171875 0.15972222187500001 0.81640625 0.17916666718750002 0.81875 0.1833333328125 0.83125 0.197222221875 0.8375 0.2138888890625 0.84921875 0.2166666671875 0.85078125 0.23194444375 0.85546875 0.24305555625 0.878125 0.25833333281250004
7 0.50703125 0.20555555625 0.5046875 0.20555555625 0.5046875 0.26805555625 0.50625 0.27777777812500004 0.5109375 0.27777777812500004 0.5171875 0.26527777812500003 0.51796875 0.25 0.51328125 0.21805555625 0.50703125 0.20555555625
7 0.3890625 0.25555555625 0.4359375 0.272222221875 0.43828125 0.2888888890625 0.4421875 0.29305555625 0.44296875 0.26527777812500003 0.46171875 0.2625 0.4625 0.28611111093749997 0.4703125 0.29305555625 0.4765625 0.2916666671875 0.4796875 0.2611111109375 0.4796875 0.15277777812499999 0.478125 0.14305555625 0.46015625 0.1111111109375 0.45390625 0.10555555624999999 0.4171875 0.0958333328125 0.4 0.097222221875 0.38828125 0.090277778125 0.3828125 0.10138888906250001 0.38046875 0.0888888890625 0.375 0.1 0.37265625 0.0861111109375 0.3609375 0.0861111109375 0.3375 0.0958333328125 0.33359375 0.102777778125 0.33125 0.1166666671875 0.33046875 0.215277778125 0.3375 0.22638888906250001 0.353125 0.23333333281250002 0.3578125 0.25555555625 0.36953125 0.25555555625 0.371875 0.24305555625 0.38515625 0.240277778125 0.3890625 0.25555555625
7 0.99921875 0.25555555625 0.99921875 0.22638888906250001 0.9953125 0.21805555625 0.99140625 0.21944444375 0.98828125 0.23333333281250002 0.98828125 0.2541666671875 0.99921875 0.25555555625
7 0.97421875 0.20555555625 0.96953125 0.197222221875 0.92890625 0.16944444375 0.91953125 0.16944444375 0.91875 0.1888888890625 0.9234375 0.20138888906250002 0.9296875 0.20833333281250002 0.93125 0.22777777812500002 0.94609375 0.23055555625 0.96796875 0.24305555625 0.971875 0.2388888890625 0.97421875 0.20555555625
7 0.97890625 0.15 0.97421875 0.14305555625 0.95546875 0.13055555624999998 0.93515625 0.12222222187500001 0.92578125 0.1263888890625 0.925 0.1291666671875 0.93828125 0.140277778125 0.9484375 0.14444444375 0.94921875 0.15 0.95625 0.15555555625 0.975 0.16388888906250001 0.9796875 0.15694444375 0.97890625 0.15
7 0.85625 0.127777778125 0.85 0.1208333328125 0.83984375 0.1208333328125 0.83828125 0.125 0.8375 0.140277778125 0.84375 0.15277777812499999 0.853125 0.15555555625 0.859375 0.1513888890625 0.88203125 0.15 0.88046875 0.14305555625 0.87265625 0.134722221875 0.85625 0.127777778125
7 0.85703125 0.075 0.85625 0.08055555625000001 0.87578125 0.1041666671875 0.89375 0.11388888906250001 0.89765625 0.0916666671875 0.8953125 0.0791666671875 0.87265625 0.07083333281250001 0.8609375 0.07083333281250001 0.85703125 0.075
4 0.46328125 0.3083333328125 0.4609375 0.2486111109375 0.4625 0.23194444375 0.4671875 0.22916666718749998 0.46796875 0.21805555625 0.44921875 0.1888888890625 0.4453125 0.190277778125 0.44296875 0.20416666718749998 0.4375 0.20833333281250002 0.43671875 0.222222221875 0.44296875 0.23055555625 0.44453125 0.302777778125 0.44921875 0.315277778125 0.45234375 0.30555555624999997 0.45625 0.3138888890625 0.46171875 0.315277778125 0.46328125 0.3083333328125