2 0.5736111109375 0.02421875 0.575 0.01875 0.56805555625 0.01328125 0.5291666671875 0.0140625 0.522222221875 0.01796875 0.522222221875 0.025 0.5319444437499999 0.0328125 0.5513888890625 0.03046875 0.5736111109375 0.02421875
1 0.8986111109375001 0.38046875 0.8958333328125001 0.371875 0.7458333328125 0.371875 0.7458333328125 0.35703125 0.74444444375 0.36015625 0.730921053125 0.3631990140625 0.7291666671875 0.36640625 0.7208333328125 0.36875 0.7138888890625 0.375 0.7194444437499999 0.3875 0.7111111109375 0.40078125 0.7194444437499999 0.4015625 0.73194444375 0.3890625 0.7430555562500001 0.38515625 0.80694444375 0.3859375 0.8111111109375001 0.3828125 0.89444444375 0.3828125 0.8986111109375001 0.38046875
1 0.8208333328125 0.45234375 0.8291666671875 0.4546875 0.9166666671874999 0.45390625 0.91944444375 0.4453125 0.9125 0.4421875 0.7833333328125 0.44140625 0.772222221875 0.4390625 0.7736111109375 0.4265625 0.76944444375 0.42578125 0.7666666671875 0.428125 0.772222221875 0.4296875 0.7708333328125 0.4375 0.7597222218749999 0.43203125 0.75 0.45234375 0.7486111109375 0.46875 0.7569444437499999 0.46875 0.765277778125 0.45546875 0.7833333328125 0.4515625 0.8208333328125 0.45234375
6 0.60694444375 0.75546875 0.6166666671875001 0.759375 0.640277778125 0.7625 0.6375 0.7640625 0.6416666671875 0.76640625 0.6291666671875 0.775 0.6319444437499999 0.7765625 0.6375 0.76953125 0.64305555625 0.76953125 0.6486111109375 0.77421875 0.6416666671875 0.7765625 0.647222221875 0.7796875 0.6944444437499999 0.78203125 0.6908333328125 0.76171875 0.70694444375 0.7625 0.7291666671875 0.759375 0.747222221875 0.7484375 0.76944444375 0.7453125 0.7736111109375 0.73984375 0.79305555625 0.73046875 0.790277778125 0.72578125 0.7805555562500001 0.72265625 0.7819444437499999 0.69296875 0.75555555625 0.67890625 0.7638888890625 0.67265625 0.7638888890625 0.66796875 0.75 0.6671875 0.74444444375 0.66015625 0.7194444437499999 0.65234375 0.684722221875 0.65234375 0.6736111109375 0.65625 0.66805555625 0.6640625 0.66944444375 0.6859375 0.665277778125 0.690625 0.6458333328125 0.696875 0.63055555625 0.70625 0.6111111109375 0.70859375 0.6 0.71875 0.6 0.728125 0.60694444375 0.7359375 0.6208333328125 0.74296875 0.6083333328125 0.75 0.60694444375 0.75546875
6 0.7236111109375 0.78203125 0.734722221875 0.78671875 0.76805555625 0.7875 0.7763888890625 0.78203125 0.7708333328125 0.7796875 0.7291666671875 0.77734375 0.7236111109375 0.78203125
6 0.8388888890624999 0.7796875 0.8361111109375001 0.77578125 0.83194444375 0.775 0.8375 0.7796875 0.83194444375 0.78125 0.8388888890624999 0.7796875
6 0.852777778125 0.76015625 0.8888888890625 0.75546875 0.8958333328125001 0.74765625 0.9055555562500001 0.721875 0.9041666671874999 0.7078125 0.8888888890625 0.7 0.8583333328125 0.7 0.840277778125 0.71171875 0.8333333328125001 0.71171875 0.8166666671874999 0.721875 0.8 0.72734375 0.79444444375 0.73046875 0.79444444375 0.734375 0.7805555562500001 0.7390625 0.7611111109375 0.753125 0.7569444437499999 0.76484375 0.834722221875 0.76953125 0.8444444437499999 0.76875 0.847222221875 0.7625 0.852777778125 0.76015625
7 0.659722221875 0.99765625 0.73194444375 0.99921875 0.7402777781250001 0.99375 0.7416666671875001 0.9875 0.722222221875 0.98203125 0.659722221875 0.97890625 0.659722221875 0.99765625
7 0.6861111109375 0.91640625 0.672222221875 0.925 0.66944444375 0.9421875 0.6458333328125 0.9515625 0.64444444375 0.95859375 0.7138888890625 0.96875 0.7541666671875 0.96953125 0.76805555625 0.9421875 0.76805555625 0.93046875 0.7638888890625 0.925 0.7430555562500001 0.91328125 0.70555555625 0.9078125 0.6861111109375 0.91640625
7 0.8166666671874999 0.91640625 0.8263888890625 0.9109375 0.840277778125 0.8921875 0.8458333328125001 0.86796875 0.8444444437499999 0.85546875 0.8388888890624999 0.8515625 0.8444444437499999 0.840625 0.8444444437499999 0.81953125 0.840277778125 0.8171875 0.8055555562500001 0.8140625 0.7763888890625 0.81953125 0.7708333328125 0.828125 0.7819444437499999 0.83671875 0.7819444437499999 0.8453125 0.7597222218749999 0.85390625 0.7416666671875001 0.878125 0.725 0.88125 0.7208333328125 0.88515625 0.7236111109375 0.90625 0.752777778125 0.9140625 0.76805555625 0.92578125 0.7819444437499999 0.925 0.8166666671874999 0.91640625
7 0.7763888890625 0.99140625 0.7666666671875 0.98828125 0.7458333328125 0.9875 0.7458333328125 0.99921875 0.7708333328125 0.99921875 0.7763888890625 0.99140625
7 0.7611111109375 0.971875 0.79444444375 0.97421875 0.8027777781250001 0.96953125 0.83055555625 0.92890625 0.83055555625 0.91953125 0.8083333328125001 0.91953125 0.790277778125 0.93046875 0.772222221875 0.93125 0.7569444437499999 0.9671875 0.7611111109375 0.971875
7 0.8708333328125001 0.925 0.86466049375 0.9350694453124999 0.8680555562500001 0.93125 0.877777778125 0.93515625 0.875 0.9265625 0.8708333328125001 0.925
7 0.85555555625 0.975 0.8666666671875 0.96015625 0.875 0.94296875 0.8630287015624999 0.9377313062500001 0.85694444375 0.94765625 0.85 0.95 0.8444444437499999 0.9578125 0.8388888890624999 0.96953125 0.8416666671874999 0.97890625 0.85 0.97890625 0.85555555625 0.975
7 0.6180555562500001 0.775 0.622222221875 0.77421875 0.6180555562500001 0.77265625 0.6180555562500001 0.775
7 0.8486111109375001 0.859375 0.85 0.8828125 0.85694444375 0.88046875 0.86944444375 0.8671875 0.872222221875 0.85625 0.8791666671874999 0.85 0.877777778125 0.8375 0.8638888890624999 0.8359375 0.8486111109375001 0.83984375 0.8444444437499999 0.853125 0.8486111109375001 0.859375
7 0.9263888890624999 0.85703125 0.91944444375 0.85625 0.8958333328125001 0.87578125 0.8861111109375001 0.88984375 0.8888888890625 0.8953125 0.91944444375 0.896875 0.9291666671875 0.8734375 0.9263888890624999 0.85703125
4 0.902777778125 0.58671875 0.902777778125 0.58359375 0.8791666671874999 0.57734375 0.859722221875 0.5796875 0.8430555562500001 0.57421875 0.840277778125 0.58671875 0.8458333328125001 0.59140625 0.8888888890625 0.59296875 0.902777778125 0.58671875