7 0.93046875 0.23055555625 0.92578125 0.222222221875 0.91640625 0.1833333328125 0.9046875 0.16805555625 0.88671875 0.15694444375 0.86640625 0.1541666671875 0.85546875 0.15555555625 0.85234375 0.16805555625 0.84921875 0.15972222187500001 0.8390625 0.1583333328125 0.8203125 0.1611111109375 0.81640625 0.16805555625 0.815625 0.1986111109375 0.8203125 0.2208333328125 0.83125 0.222222221875 0.8359375 0.215277778125 0.84609375 0.2166666671875 0.84921875 0.222222221875 0.85078125 0.23611111093749998 0.878125 0.25833333281250004 0.88125 0.272222221875 0.8859375 0.2791666671875 0.89453125 0.275 0.92421875 0.275 0.93046875 0.26527777812500003 0.93046875 0.23055555625
7 0.065625 0.64305555625 0.06328125 0.63055555625 0.06328125 0.6458333328125 0.065625 0.64305555625
7 0.10625 0.5555555562500001 0.10625 0.5930555562500001 0.10859375 0.602777778125 0.1203125 0.6180555562500001 0.14140625 0.6180555562500001 0.14140625 0.5888888890625 0.13828125 0.58194444375 0.13046875 0.515277778125 0.12734375 0.5097222218749999 0.12578125 0.48333333281249996 0.1203125 0.47222222187499996 0.11796875 0.4583333328125 0.1171875 0.427777778125 0.0890625 0.43194444374999996 0.08203125 0.4513888890625 0.075 0.459722221875 0.0703125 0.45694444375 0.06875 0.44305555625000004 0.06328125 0.440277778125 0.0625 0.44444444375 0.0640625 0.5041666671875 0.05703125 0.5333333328125 0.06171875 0.5625 0.06015625 0.575 0.06640625 0.6013888890625 0.0640625 0.60555555625 0.0671875 0.609722221875 0.0640625 0.6138888890625 0.0671875 0.6180555562500001 0.06875 0.559722221875 0.07421875 0.559722221875 0.0765625 0.5541666671875001 0.09921875 0.5513888890625 0.10625 0.5555555562500001
7 0.16484375 0.5763888890625 0.18984375 0.56805555625 0.2125 0.56805555625 0.21953125 0.55694444375 0.2296875 0.5555555562500001 0.23671875 0.5625 0.27734375 0.565277778125 0.29921875 0.5930555562500001 0.31796875 0.5930555562500001 0.32421875 0.5888888890625 0.33671875 0.559722221875 0.34453125 0.5555555562500001 0.359375 0.5263888890625 0.3640625 0.49305555625 0.3640625 0.46666666718750005 0.3609375 0.44305555625000004 0.3421875 0.41111111093749997 0.31953125 0.39305555625 0.30390625 0.372222221875 0.29296875 0.3638888890625 0.290625 0.35694444375 0.2828125 0.3541666671875 0.27421875 0.3333333328125 0.26015625 0.32777777812500003 0.2546875 0.3138888890625 0.24765625 0.32777777812500003 0.23203125 0.33055555625 0.221875 0.35694444375 0.21640625 0.3458333328125 0.20078125 0.34027777812500004 0.1859375 0.315277778125 0.15859375 0.3 0.15546875 0.29444444375 0.13828125 0.2888888890625 0.1390625 0.33055555625 0.14296875 0.3416666671875 0.1515625 0.34305555625 0.15078125 0.3513888890625 0.1734375 0.3888888890625 0.175 0.4 0.1671875 0.427777778125 0.16171875 0.43333333281249997 0.1609375 0.4486111109375 0.153125 0.45555555625000005 0.16171875 0.4625 0.16640625 0.5 0.1609375 0.5333333328125 0.16484375 0.5763888890625
7 0.1 0.259722221875 0.08203125 0.2513888890625 0.06015625 0.23194444375 0.040625 0.22638888906250001 0.03046875 0.21805555625 0.00625 0.21805555625 0.00390625 0.22638888906250001 0.00625 0.2416666671875 0.0234375 0.2513888890625 0.03125 0.2611111109375 0.03203125 0.26805555625 0.04296875 0.2708333328125 0.05546875 0.2833333328125 0.06484375 0.28472222187499996 0.09453125 0.302777778125 0.1015625 0.322222221875 0.11171875 0.3263888890625 0.109375 0.2791666671875 0.10625 0.26805555625 0.1 0.259722221875
7 0.36875 0.1611111109375 0.36953125 0.13333333281249998 0.3734375 0.10833333281249999 0.38046875 0.10138888906250001 0.3796875 0.0375 0.3640625 0.04444444375 0.35546875 0.054166667187499996 0.33671875 0.054166667187499996 0.32890625 0.04305555625 0.2890625 0.05 0.28203125 0.055555556250000006 0.28125 0.08055555625000001 0.2765625 0.0958333328125 0.275 0.15555555625 0.28125 0.16805555625 0.290625 0.16805555625 0.2953125 0.1611111109375 0.30234375 0.1888888890625 0.32421875 0.190277778125 0.32890625 0.16944444375 0.33359375 0.1611111109375 0.33984375 0.1611111109375 0.34140625 0.15694444375 0.3484375 0.1583333328125 0.3515625 0.16805555625 0.365625 0.16944444375 0.36875 0.1611111109375
7 0.44140625 0.10833333281249999 0.44453125 0.08055555625000001 0.45390625 0.08333333281250001 0.46015625 0.09444444375 0.45625 0.1208333328125 0.45859375 0.16944444375 0.46171875 0.16944444375 0.465625 0.1611111109375 0.4734375 0.1583333328125 0.478125 0.13055555624999998 0.4765625 0.0666666671875 0.47421875 0.034722221875 0.46640625 0.0083333328125 0.42890625 0.00555555625 0.3953125 0.019444443750000002 0.38828125 0.030555556249999997 0.39140625 0.06944444375 0.38671875 0.10555555624999999 0.38828125 0.1208333328125 0.39375 0.13055555624999998 0.39453125 0.15277777812499999 0.4 0.16944444375 0.4 0.18055555625 0.4109375 0.1888888890625 0.421875 0.1875 0.4296875 0.18055555625 0.43203125 0.1708333328125 0.4375 0.16388888906250001 0.44140625 0.14305555625 0.44140625 0.10833333281249999
7 0.97421875 0.20555555625 0.9671875 0.19444444375 0.93359375 0.1763888890625 0.928125 0.16944444375 0.91953125 0.16944444375 0.91796875 0.1861111109375 0.9234375 0.197222221875 0.925 0.2125 0.93046875 0.22916666718749998 0.93828125 0.23333333281250002 0.940625 0.23194444375 0.93828125 0.22777777812500002 0.940625 0.2236111109375 0.95 0.2208333328125 0.96015625 0.22916666718749998 0.96328125 0.2416666671875 0.96875 0.24722222187499998 0.971875 0.24305555625 0.97421875 0.20555555625
7 0.97890625 0.16805555625 0.9796875 0.15694444375 0.975 0.14305555625 0.9484375 0.127777778125 0.925 0.1263888890625 0.925 0.134722221875 0.93203125 0.14305555625 0.9578125 0.15694444375 0.96953125 0.16805555625 0.97890625 0.16805555625
7 0.79296875 0.1263888890625 0.7875 0.127777778125 0.78671875 0.1416666671875 0.7890625 0.1458333328125 0.7921875 0.14444444375 0.79296875 0.1263888890625
7 0.79765625 0.10555555624999999 0.7953125 0.097222221875 0.78828125 0.097222221875 0.7921875 0.10138888906250001 0.79140625 0.10555555624999999 0.79765625 0.10555555624999999
7 0.74765625 0.08055555625000001 0.7453125 0.15555555625 0.74765625 0.15972222187500001 0.76171875 0.15972222187500001 0.76875 0.1513888890625 0.77265625 0.0861111109375 0.75078125 0.075 0.74765625 0.08055555625000001
7 0.67734375 0.102777778125 0.68515625 0.10694444375 0.69765625 0.13055555624999998 0.7109375 0.14305555625 0.71484375 0.15277777812499999 0.72578125 0.15972222187500001 0.734375 0.15972222187500001 0.73671875 0.15555555625 0.7390625 0.1041666671875 0.73671875 0.06805555625000001 0.6875 0.047222221875 0.68046875 0.047222221875 0.6765625 0.055555556250000006 0.67734375 0.102777778125
4 0.153125 0.34305555625 0.153125 0.33194444375 0.14765625 0.322222221875 0.14140625 0.325 0.1390625 0.33055555625 0.1390625 0.34305555625 0.14140625 0.34861111093749997 0.1453125 0.41805555625 0.1484375 0.43194444374999996 0.15703125 0.5263888890625 0.1609375 0.5319444437499999 0.16328125 0.50555555625 0.16171875 0.41111111093749997 0.16484375 0.40277777812500004 0.16484375 0.38055555625 0.16171875 0.36944444375 0.15 0.34861111093749997 0.153125 0.34305555625
4 0.65390625 0.1666666671875 0.65703125 0.13888888906250002 0.66015625 0.13055555624999998 0.66015625 0.1166666671875 0.6546875 0.10138888906250001 0.65 0.10138888906250001 0.6453125 0.1111111109375 0.6453125 0.15 0.6484375 0.172222221875 0.65078125 0.172222221875 0.65390625 0.1666666671875
4 0.27421875 0.23472222187499997 0.275 0.2736111109375 0.2796875 0.27638888906250003 0.290625 0.252777778125 0.290625 0.240277778125 0.28671875 0.22777777812500002 0.28828125 0.1916666671875 0.2859375 0.18055555625 0.28046875 0.172222221875 0.275 0.172222221875 0.2671875 0.1833333328125 0.26484375 0.20833333281250002 0.27421875 0.23472222187499997
4 0.9953125 0.259722221875 0.99921875 0.25555555625 0.99921875 0.2166666671875 0.99375 0.2166666671875 0.98828125 0.23333333281250002 0.984375 0.2916666671875 0.9859375 0.30694444375 0.990625 0.309722221875 0.99296875 0.272222221875 0.9953125 0.259722221875