2 0.03359375 0.41805555625 0.025 0.41944444374999995 0.0234375 0.4388888890625 0.0265625 0.46666666718750005 0.03203125 0.46944444374999994 0.04296875 0.4625 0.04296875 0.4458333328125 0.03828125 0.4375 0.03671875 0.42222222187499997 0.03359375 0.41805555625
1 0.3859375 0.2833333328125 0.39453125 0.290277778125 0.3953125 0.2833333328125 0.38671875 0.259722221875 0.3859375 0.24305555625 0.3859375 0.15555555625 0.38828125 0.1541666671875 0.38671875 0.10833333281249999 0.38046875 0.102777778125 0.3734375 0.102777778125 0.3703125 0.1111111109375 0.37265625 0.1513888890625 0.37265625 0.252777778125 0.36875 0.259722221875 0.36015625 0.259722221875 0.359375 0.26527777812500003 0.3671875 0.2708333328125 0.375 0.28611111093749997 0.3859375 0.2833333328125
1 0.4609375 0.2388888890625 0.46640625 0.240277778125 0.46796875 0.2513888890625 0.46875 0.24305555625 0.45390625 0.2106486109375 0.45390625 0.18194444375000002 0.45625 0.172222221875 0.45625 0.15555555625 0.45390625 0.14861111093749999 0.4546875 0.0861111109375 0.45078125 0.08333333281250001 0.44296875 0.090277778125 0.4421875 0.2166666671875 0.4375 0.22777777812500002 0.43125 0.22638888906250001 0.4296875 0.23055555625 0.434375 0.240277778125 0.45546875 0.25 0.4609375 0.2513888890625 0.4609375 0.2388888890625
6 0.71953125 0.28472222187499996 0.72890625 0.275 0.7375 0.2791666671875 0.76171875 0.27777777812500004 0.7640625 0.26805555625 0.7640625 0.240277778125 0.76015625 0.21944444375 0.76328125 0.215277778125 0.753125 0.19444444375 0.73671875 0.190277778125 0.7328125 0.18055555625 0.73046875 0.1583333328125 0.70546875 0.15 0.69140625 0.15 0.68125 0.165277778125 0.6703125 0.1666666671875 0.66484375 0.177777778125 0.659375 0.1763888890625 0.65625 0.18055555625 0.65625 0.21805555625 0.6625 0.240277778125 0.690625 0.24305555625 0.69609375 0.24722222187499998 0.7 0.252777778125 0.70234375 0.272222221875 0.71171875 0.28472222187499996 0.71953125 0.28472222187499996
6 0.65703125 0.25 0.65703125 0.23611111093749998 0.65390625 0.22777777812500002 0.63671875 0.222222221875 0.634375 0.21805555625 0.634375 0.21111111093749999 0.6375 0.20555555625 0.63671875 0.190277778125 0.60546875 0.17361111093749998 0.5984375 0.15972222187500001 0.57578125 0.1611111109375 0.56875 0.18055555625 0.56640625 0.19583333281249998 0.56875 0.22638888906250001 0.57421875 0.23194444375 0.57578125 0.240277778125 0.59453125 0.25555555625 0.60546875 0.259722221875 0.65 0.25833333281250004 0.65703125 0.25
7 0.88984375 0.147222221875 0.8765625 0.14305555625 0.8671875 0.13055555624999998 0.85625 0.127777778125 0.85 0.1208333328125 0.83828125 0.12222222187500001 0.8375 0.134722221875 0.84453125 0.1513888890625 0.87578125 0.15277777812499999 0.88046875 0.1458333328125 0.8828125 0.147222221875 0.8828125 0.15277777812499999 0.8921875 0.1541666671875 0.88984375 0.147222221875
7 0.971875 0.1041666671875 0.971875 0.1 0.9640625 0.090277778125 0.9625 0.11805555625 0.96640625 0.1166666671875 0.971875 0.1041666671875
7 0.946875 0.077777778125 0.93828125 0.072222221875 0.9234375 0.072222221875 0.90703125 0.08333333281250001 0.90703125 0.1208333328125 0.928125 0.1291666671875 0.93046875 0.125 0.94921875 0.1208333328125 0.95234375 0.115277778125 0.9546875 0.0888888890625 0.95234375 0.08194444375 0.946875 0.077777778125
7 0.87890625 0.072222221875 0.8609375 0.072222221875 0.85703125 0.08055555625000001 0.8625 0.0888888890625 0.8765625 0.1041666671875 0.8890625 0.11388888906250001 0.89453125 0.11388888906250001 0.89765625 0.09305555625 0.89609375 0.08055555625000001 0.87890625 0.072222221875
7 0.85078125 0.23611111093749998 0.878125 0.25833333281250004 0.88203125 0.27638888906250003 0.88671875 0.28055555625 0.89609375 0.27638888906250003 0.921875 0.2791666671875 0.93046875 0.2666666671875 0.93046875 0.23194444375 0.925 0.2208333328125 0.915625 0.18055555625 0.9109375 0.17361111093749998 0.88515625 0.15555555625 0.81875 0.15555555625 0.8140625 0.19305555624999998 0.8171875 0.20138888906250002 0.81875 0.2208333328125 0.82421875 0.22916666718749998 0.83125 0.23055555625 0.8375 0.21805555625 0.846875 0.21944444375 0.85078125 0.23611111093749998
7 0.99453125 0.275 0.99921875 0.272222221875 0.99921875 0.22638888906250001 0.9953125 0.21805555625 0.98984375 0.21805555625 0.98828125 0.2666666671875 0.99453125 0.275
7 0.96953125 0.25 0.97265625 0.24305555625 0.97578125 0.20972222187499998 0.9703125 0.197222221875 0.92890625 0.16944444375 0.9203125 0.16944444375 0.91875 0.175 0.91875 0.190277778125 0.92421875 0.2 0.92578125 0.2125 0.9296875 0.21805555625 0.93046875 0.23055555625 0.93515625 0.2388888890625 0.9609375 0.240277778125 0.96953125 0.25
7 0.94375 0.125 0.92734375 0.127777778125 0.93359375 0.1375 0.94765625 0.14444444375 0.95078125 0.15 0.97578125 0.1611111109375 0.98046875 0.15972222187500001 0.97890625 0.1458333328125 0.95546875 0.13055555624999998 0.94375 0.125
7 0.79140625 0.11388888906250001 0.7875 0.1111111109375 0.7859375 0.115277778125 0.78515625 0.1291666671875 0.77890625 0.1375 0.784375 0.14305555625 0.7859375 0.1541666671875 0.790625 0.1541666671875 0.79375 0.15 0.7953125 0.127777778125 0.79140625 0.11388888906250001
7 0.796875 0.11388888906250001 0.7984375 0.10138888906250001 0.79609375 0.09305555625 0.7875 0.09305555625 0.79453125 0.115277778125 0.796875 0.11388888906250001
7 0.74921875 0.0861111109375 0.7453125 0.15972222187500001 0.76796875 0.15694444375 0.77109375 0.1375 0.77109375 0.09444444375 0.7671875 0.08194444375 0.75859375 0.07638888906249999 0.75 0.075 0.74921875 0.0861111109375
7 0.72421875 0.059722221875 0.7 0.054166667187499996 0.6828125 0.04444444375 0.67734375 0.047222221875 0.6765625 0.055555556250000006 0.67578125 0.09444444375 0.68046875 0.1041666671875 0.68828125 0.109722221875 0.6921875 0.13055555624999998 0.7265625 0.15555555625 0.7359375 0.15555555625 0.7390625 0.06944444375 0.72421875 0.059722221875