0 1 0.006944443749999999 0.98203125 0.0111111109375 0.97109375 0.0236111109375 0.9578125 0.019444443750000002 0.95546875 0.0125 0.94296875 0.002777778125 0.925 0.002777778125 0.909375 0.009722221875000001 0.90078125 0.030555556249999997 0.8984375 0.052777778124999994 0.8765625 0.075 0.86953125 0.10694444375 0.87109375 0.1708333328125 0.875 0.184722221875 0.8765625 0.215277778125 0.88046875 0.2236111109375 0.8828125 0.2416666671875 0.9015625 0.28055555625 0.9125 0.2888888890625 0.9421875 0.290277778125 0.98203125 0.28472222187499996 0.996875 0.29444444375 1 0.29444444375 1 0.006944443749999999
2 0.95703125 0.5291666671875 0.94609375 0.5319444437499999 0.95 0.5722222218749999 0.95625 0.58194444375 0.9609375 0.575 0.9609375 0.534722221875 0.95703125 0.5291666671875
1 0.54375 0.83194444375 0.54453125 0.9055555562500001 0.55 0.91944444375 0.5546875 0.91805555625 0.5578125 0.9083333328125001 0.5578125 0.852777778125 0.56015625 0.8430555562500001 0.55859375 0.7833333328125 0.5625 0.7736111109375 0.56875 0.7763888890625 0.57109375 0.772222221875 0.56875 0.7625 0.5625 0.7569444437499999 0.54375 0.7486111109375 0.53125 0.7486111109375 0.53125 0.7569444437499999 0.54609375 0.76944444375 0.54609375 0.8138888890624999 0.54375 0.83194444375
1 0.61484375 0.872222221875 0.615625 0.89305555625 0.61796875 0.897222221875 0.628125 0.89305555625 0.628125 0.7458333328125 0.63203125 0.7402777781250001 0.6421875 0.7402777781250001 0.6421875 0.734722221875 0.63203125 0.727777778125 0.6234375 0.7138888890625 0.61328125 0.7166666671875 0.60546875 0.7111111109375 0.60625 0.7236111109375 0.6140625 0.747222221875 0.6140625 0.7805555562500001 0.61015625 0.8041666671875 0.61015625 0.859722221875 0.61484375 0.872222221875
6 0.40078125 0.8388888890624999 0.425 0.8388888890624999 0.43046875 0.825 0.4328125 0.809722221875 0.43125 0.772222221875 0.42734375 0.76944444375 0.4234375 0.7583333328124999 0.4046875 0.7416666671875001 0.39453125 0.7388888890625 0.34375 0.74444444375 0.34453125 0.76805555625 0.3640625 0.777777778125 0.365625 0.790277778125 0.36328125 0.7958333328125 0.36796875 0.8 0.371875 0.8125 0.38984375 0.8208333328125 0.40078125 0.8388888890624999
6 0.23828125 0.784722221875 0.246875 0.8055555562500001 0.2625 0.809722221875 0.271875 0.8444444437499999 0.309375 0.85 0.3203125 0.834722221875 0.33203125 0.8361111109375001 0.34296875 0.8291666671875 0.3453125 0.8111111109375001 0.34609375 0.790277778125 0.3421875 0.76944444375 0.33671875 0.7583333328124999 0.32578125 0.7569444437499999 0.3171875 0.7611111109375 0.30234375 0.752777778125 0.29765625 0.7236111109375 0.29140625 0.7166666671875 0.27890625 0.7166666671875 0.2703125 0.73055555625 0.2625 0.722222221875 0.2375 0.725 0.2359375 0.7583333328124999 0.23828125 0.784722221875
7 0.15625 0.8486111109375001 0.10859375 0.8486111109375001 0.1328125 0.86944444375 0.1515625 0.8791666671874999 0.1625 0.8791666671874999 0.16328125 0.8708333328125001 0.15625 0.8486111109375001
7 0.028125 0.902777778125 0.0375 0.9138888890624999 0.03828125 0.8819444437499999 0.03515625 0.8819444437499999 0.028125 0.89444444375 0.028125 0.902777778125
7 0.07265625 0.877777778125 0.053125 0.877777778125 0.04609375 0.902777778125 0.04765625 0.91805555625 0.06171875 0.9277777781250001 0.07734375 0.9277777781250001 0.09296875 0.9166666671874999 0.09375 0.88055555625 0.0796875 0.872222221875 0.075 0.872222221875 0.07265625 0.877777778125
7 0.13046875 0.9291666671875 0.1375 0.9291666671875 0.14296875 0.922222221875 0.14375 0.91944444375 0.125 0.897222221875 0.1109375 0.8861111109375001 0.10390625 0.8861111109375001 0.103125 0.91944444375 0.13046875 0.9291666671875
7 0.0765625 0.722222221875 0.06953125 0.7333333328125 0.06953125 0.7666666671875 0.07421875 0.7763888890625 0.08359375 0.8166666671874999 0.0953125 0.83194444375 0.11953125 0.8444444437499999 0.1375 0.8458333328125001 0.14921875 0.8388888890624999 0.15390625 0.8444444437499999 0.1703125 0.8458333328125001 0.18125 0.8444444437499999 0.184375 0.8291666671875 0.1859375 0.8125 0.18203125 0.7986111109375 0.18046875 0.7763888890625 0.171875 0.7708333328125 0.1625 0.784722221875 0.1546875 0.784722221875 0.15078125 0.7805555562500001 0.15078125 0.76944444375 0.146875 0.7611111109375 0.121875 0.7416666671875001 0.11875 0.725 0.1140625 0.7194444437499999 0.1046875 0.7236111109375 0.0765625 0.722222221875
7 0.828125 0.8888888890625 0.8453125 0.8916666671875 0.85625 0.8819444437499999 0.8578125 0.872222221875 0.8546875 0.8652777781250001 0.85234375 0.8416666671874999 0.85703125 0.8333333328125001 0.86796875 0.83055555625 0.8671875 0.8194444437499999 0.84609375 0.8222222218749999 0.84140625 0.8125 0.825 0.8125 0.81875 0.8055555562500001 0.8078125 0.8041666671875 0.79453125 0.8291666671875 0.79609375 0.8541666671874999 0.828125 0.8888888890625
7 0.63046875 0.8916666671875 0.61953125 0.8986111109375001 0.61796875 0.9055555562500001 0.6203125 0.9208333328125 0.6203125 0.9611111109375001 0.62421875 0.965277778125 0.64453125 0.9444444437499999 0.65859375 0.9472222218749999 0.6640625 0.9416666671874999 0.671875 0.95694444375 0.71328125 0.95 0.71875 0.9444444437499999 0.725 0.89444444375 0.725 0.8333333328125001 0.71796875 0.8208333328125 0.7125 0.8263888890625 0.703125 0.8263888890625 0.69765625 0.809722221875 0.69375 0.8055555562500001 0.67578125 0.80694444375 0.66640625 0.834722221875 0.6375 0.83194444375 0.6375 0.8430555562500001 0.63515625 0.847222221875 0.63203125 0.8458333328125001 0.63125 0.8388888890624999 0.63046875 0.8916666671875
7 0.5546875 0.91944444375 0.54765625 0.9166666671874999 0.5421875 0.9069444437499999 0.54453125 0.872222221875 0.54375 0.8222222218749999 0.5359375 0.8236111109375001 0.5265625 0.8458333328125001 0.521875 0.8736111109375001 0.521875 0.9 0.52421875 0.9125 0.521875 0.93194444375 0.5234375 0.952777778125 0.53125 0.9888888890624999 0.53671875 0.9930555562500001 0.56953125 0.99444444375 0.60546875 0.9791666671874999 0.6109375 0.9666666671874999 0.61015625 0.909722221875 0.61328125 0.9069444437499999 0.61328125 0.897222221875 0.61171875 0.8833333328125 0.60546875 0.8652777781250001 0.60625 0.8458333328125001 0.6 0.834722221875 0.5984375 0.8208333328125 0.58359375 0.815277778125 0.5703125 0.8236111109375001 0.56171875 0.8444444437499999 0.55859375 0.8680555562500001 0.56015625 0.8916666671875 0.5546875 0.91944444375
7 0.0125 0.7597222218749999 0.0125 0.73055555625 0.01015625 0.725 0.00546875 0.7236111109375 0.00078125 0.7291666671875 0.00078125 0.7791666671875 0.00625 0.7819444437499999 0.0125 0.7597222218749999
7 0.07734375 0.8027777781250001 0.075 0.7861111109375 0.0671875 0.7638888890625 0.0625 0.7597222218749999 0.040625 0.7638888890625 0.0296875 0.7541666671875 0.025 0.7833333328125 0.02734375 0.797222221875 0.071875 0.83055555625 0.078125 0.83194444375 0.08046875 0.827777778125 0.08046875 0.80694444375 0.07734375 0.8027777781250001
7 0.03203125 0.8444444437499999 0.01953125 0.840277778125 0.0203125 0.8486111109375001 0.025 0.85694444375 0.03828125 0.8666666671875 0.0625 0.877777778125 0.07265625 0.877777778125 0.075 0.8708333328125001 0.06171875 0.8583333328125 0.04296875 0.8541666671874999 0.03203125 0.8444444437499999
7 0.20703125 0.88055555625 0.2109375 0.8847222218749999 0.2140625 0.8791666671874999 0.2140625 0.8708333328125001 0.21796875 0.8611111109375 0.2140625 0.8486111109375001 0.209375 0.847222221875 0.20625 0.8541666671874999 0.20703125 0.88055555625
7 0.20234375 0.902777778125 0.20625 0.9055555562500001 0.21171875 0.9055555562500001 0.20703125 0.890277778125 0.203125 0.89444444375 0.20234375 0.902777778125
7 0.25078125 0.9236111109375 0.25234375 0.8736111109375001 0.2546875 0.8652777781250001 0.25390625 0.840277778125 0.2375 0.840277778125 0.23203125 0.8458333328125001 0.22890625 0.909722221875 0.2328125 0.91944444375 0.25078125 0.9236111109375
7 0.3234375 0.9013888890624999 0.3140625 0.89444444375 0.30625 0.8708333328125001 0.29296875 0.85694444375 0.28203125 0.8541666671874999 0.2734375 0.8444444437499999 0.265625 0.8416666671874999 0.2625 0.8458333328125001 0.26015625 0.91805555625 0.26171875 0.93194444375 0.31875 0.95555555625 0.32265625 0.952777778125 0.3234375 0.9444444437499999 0.3234375 0.9013888890624999
4 0.0359375 0.19444444375 0.0359375 0.18194444375000002 0.028125 0.1833333328125 0.00078125 0.2888888890625 0.00078125 0.33194444375 0.00390625 0.33888888906250003 0.00078125 0.3611111109375 0.01171875 0.35694444375 0.01875 0.34305555625 0.02421875 0.32777777812500003 0.0296875 0.28472222187499996 0.03125 0.20833333281250002 0.0359375 0.19444444375