2 0.46805555625000006 0.97109375 0.46805555625000006 0.9640625 0.4625 0.96171875 0.42083333281249996 0.9640625 0.41944444374999995 0.975 0.4583333328125 0.975 0.46805555625000006 0.97109375
1 0.15694444375 0.61484375 0.15277777812499999 0.61171875 0.1416666671875 0.61484375 0.1111111109375 0.61484375 0.1041666671875 0.61875 0.102777778125 0.62734375 0.1125 0.63125 0.15972222187500001 0.62734375 0.25 0.62734375 0.259722221875 0.63125 0.259722221875 0.640625 0.2638888890625 0.6421875 0.272222221875 0.63125 0.28611111093749997 0.625 0.2888888890625 0.6203125 0.2833333328125 0.61328125 0.290277778125 0.60625 0.27777777812500004 0.60625 0.26527777812500003 0.61328125 0.2416666671875 0.61484375 0.15694444375 0.61484375
1 0.08194444375 0.5484375 0.0861111109375 0.55703125 0.2166666671875 0.5578125 0.22638888906250001 0.5625 0.22638888906250001 0.56953125 0.23055555625 0.5703125 0.2388888890625 0.5671875 0.24305555625 0.5609375 0.2513888890625 0.53359375 0.24305555625 0.53125 0.23611111093749998 0.54296875 0.215277778125 0.54765625 0.16805555625 0.54375 0.14861111093749999 0.54609375 0.084722221875 0.5453125 0.08194444375 0.5484375
6 0.1875 0.26484375 0.1583333328125 0.26953125 0.15 0.29453125 0.15 0.30859375 0.165277778125 0.31953125 0.172222221875 0.33515625 0.16805555625 0.3390625 0.172222221875 0.34296875 0.21805555625 0.34375 0.2416666671875 0.3359375 0.2388888890625 0.3171875 0.24722222187499998 0.3015625 0.275 0.29765625 0.28472222187499996 0.28828125 0.2833333328125 0.27890625 0.2708333328125 0.27109375 0.27777777812500004 0.2625 0.2736111109375 0.2375 0.23611111093749998 0.2359375 0.21805555625 0.23828125 0.19444444375 0.24765625 0.1875 0.26484375
6 0.20138888906250002 0.3625 0.1888888890625 0.36484375 0.17361111093749998 0.39375 0.15972222187500001 0.4015625 0.1611111109375 0.425 0.18055555625 0.43125 0.197222221875 0.43359375 0.21805555625 0.4328125 0.2416666671875 0.4234375 0.24305555625 0.41484375 0.22638888906250001 0.41328125 0.23611111093749998 0.40234375 0.25555555625 0.4015625 0.259722221875 0.39453125 0.25833333281250004 0.346875 0.2513888890625 0.34296875 0.23611111093749998 0.34296875 0.22638888906250001 0.34609375 0.21805555625 0.36484375 0.20138888906250002 0.3625
7 0.13055555624999998 0.1328125 0.1291666671875 0.14296875 0.1208333328125 0.1515625 0.12222222187500001 0.15625 0.13055555624999998 0.16015625 0.1361111109375 0.1609375 0.1513888890625 0.15546875 0.1541666671875 0.10703125 0.147222221875 0.10859375 0.13055555624999998 0.1328125
7 0.090277778125 0.0375 0.1041666671875 0.03828125 0.10683760625000001 0.0307692296875 0.097222221875 0.0296875 0.090277778125 0.0375
7 0.115277778125 0.03828125 0.11805555625 0.03671875 0.1111111109375 0.03125 0.10732323125000001 0.0308238640625 0.115277778125 0.03828125
7 0.1041666671875 0.04609375 0.08333333281250001 0.04609375 0.072222221875 0.06171875 0.072222221875 0.07578125 0.084722221875 0.09296875 0.11944444375 0.09375 0.1263888890625 0.0859375 0.12222222187500001 0.05390625 0.1166666671875 0.04921875 0.1041666671875 0.04609375
7 0.09305555625 0.10234375 0.08055555625000001 0.10390625 0.07083333281250001 0.13046875 0.072222221875 0.1390625 0.077777778125 0.14296875 0.08055555625000001 0.14375 0.102777778125 0.125 0.11388888906250001 0.1109375 0.11388888906250001 0.1046875 0.09305555625 0.10234375
7 0.23333333281250002 0.06953125 0.2236111109375 0.07421875 0.18194444375000002 0.084375 0.172222221875 0.090625 0.15555555625 0.11953125 0.15555555625 0.14375 0.1611111109375 0.14765625 0.15555555625 0.153125 0.15555555625 0.1765625 0.15694444375 0.18125 0.1625 0.1828125 0.19444444375 0.184375 0.21944444375 0.18125 0.22638888906250001 0.178125 0.22916666718749998 0.16875 0.21805555625 0.1625 0.21805555625 0.153125 0.23611111093749998 0.14921875 0.25833333281250004 0.121875 0.275 0.11875 0.28055555625 0.11328125 0.27638888906250003 0.10390625 0.27777777812500004 0.07578125 0.2666666671875 0.06953125 0.23333333281250002 0.06953125
7 0.21944444375 0.00703125 0.23194444375 0.0109375 0.26805555625 0.01171875 0.26805555625 0.00078125 0.2208333328125 0.00078125 0.21944444375 0.00703125
7 0.2208333328125 0.025 0.20277777812500003 0.02734375 0.16944444375 0.07109375 0.16805555625 0.078125 0.17361111093749998 0.08125 0.1888888890625 0.08203125 0.2388888890625 0.06484375 0.23611111093749998 0.04765625 0.24583333281250003 0.03046875 0.2208333328125 0.025
7 0.1541666671875 0.03515625 0.15972222187500001 0.01953125 0.14305555625 0.02421875 0.1263888890625 0.05390625 0.12361111093749999 0.07421875 0.13055555624999998 0.075 0.134722221875 0.06875 0.14305555625 0.06484375 0.147222221875 0.04140625 0.1541666671875 0.03515625
7 0.1375 0.2203125 0.1513888890625 0.21328125 0.1513888890625 0.20859375 0.1208333328125 0.20703125 0.11944444375 0.21484375 0.13194444375 0.215625 0.1375 0.2203125
7 0.097222221875 0.20234375 0.09305555625 0.20703125 0.09305555625 0.21171875 0.10138888906250001 0.21171875 0.10833333281249999 0.2046875 0.097222221875 0.20234375
7 0.07638888906249999 0.25078125 0.1291666671875 0.25234375 0.1361111109375 0.2546875 0.15972222187500001 0.25390625 0.15972222187500001 0.2375 0.15277777812499999 0.23125 0.0916666671875 0.22890625 0.08194444375 0.23203125 0.07638888906249999 0.25078125
7 0.1041666671875 0.31953125 0.10833333281249999 0.3125 0.1208333328125 0.30859375 0.1291666671875 0.309375 0.15555555625 0.27421875 0.15555555625 0.26328125 0.075 0.2609375 0.06805555625000001 0.2625 0.04444444375 0.31796875 0.0458333328125 0.32265625 0.0513888890625 0.3234375 0.09305555625 0.325 0.1041666671875 0.31953125
4 0.215277778125 0.39453125 0.19305555624999998 0.39453125 0.177777778125 0.40078125 0.17916666718750002 0.40859375 0.21111111093749999 0.41328125 0.26805555625 0.4140625 0.2708333328125 0.4078125 0.25555555625 0.403125 0.23472222187499997 0.40234375 0.215277778125 0.39453125