2 0.96171875 0.5625 0.9640625 0.5791666671875 0.975 0.58055555625 0.9765625 0.5625 0.9734375 0.5333333328125 0.96796875 0.5305555562500001 0.95703125 0.5361111109375 0.95703125 0.5527777781250001 0.96171875 0.5625
1 0.54375 0.827777778125 0.54609375 0.8541666671874999 0.5453125 0.915277778125 0.55703125 0.9125 0.5578125 0.7833333328125 0.5625 0.772222221875 0.56875 0.7736111109375 0.5703125 0.76944444375 0.5671875 0.7611111109375 0.54453125 0.75 0.5390625 0.7486111109375 0.5390625 0.7611111109375 0.53359375 0.7597222218749999 0.53203125 0.7486111109375 0.53046875 0.75555555625 0.54609375 0.7893513890625 0.54609375 0.81805555625 0.54375 0.827777778125
1 0.6203125 0.897222221875 0.6265625 0.897222221875 0.6296875 0.8833333328125 0.62734375 0.852777778125 0.62734375 0.747222221875 0.63125 0.7402777781250001 0.63984375 0.7402777781250001 0.640625 0.734722221875 0.62890625 0.7236111109375 0.62421875 0.7111111109375 0.6125 0.715277778125 0.60546875 0.709722221875 0.6046875 0.7166666671875 0.6125 0.7361111109375 0.6140625 0.75555555625 0.61328125 0.890277778125 0.6203125 0.897222221875
6 0.24453125 0.8027777781250001 0.25 0.8083333328125001 0.26328125 0.809722221875 0.27109375 0.8430555562500001 0.30859375 0.85 0.31953125 0.8333333328125001 0.32734375 0.8333333328125001 0.334375 0.8222222218749999 0.33984375 0.8263888890625 0.34375 0.8208333328125 0.34453125 0.7888888890625 0.3375 0.7597222218749999 0.30234375 0.752777778125 0.29765625 0.7291666671875 0.2921875 0.7180555562500001 0.28046875 0.715277778125 0.27109375 0.727777778125 0.26171875 0.7208333328125 0.23984375 0.722222221875 0.23671875 0.727777778125 0.2359375 0.7611111109375 0.23984375 0.777777778125 0.2375 0.7833333328125 0.24453125 0.8027777781250001
6 0.42421875 0.8388888890624999 0.43125 0.8194444437499999 0.43359375 0.8027777781250001 0.4328125 0.7819444437499999 0.42265625 0.7569444437499999 0.39453125 0.7402777781250001 0.35 0.7416666671875001 0.34296875 0.7486111109375 0.34296875 0.7638888890625 0.3453125 0.7708333328125 0.365625 0.7819444437499999 0.3625 0.797222221875 0.36328125 0.8111111109375001 0.39453125 0.8263888890625 0.4015625 0.840277778125 0.42421875 0.8388888890624999
7 0.078125 0.7208333328125 0.06953125 0.7333333328125 0.06953125 0.7666666671875 0.07421875 0.7763888890625 0.08359375 0.8166666671874999 0.090625 0.827777778125 0.11484375 0.8444444437499999 0.13515625 0.8458333328125001 0.14609375 0.840277778125 0.15625 0.8444444437499999 0.18125 0.8430555562500001 0.1859375 0.8083333328125001 0.18203125 0.7958333328125 0.18125 0.7791666671875 0.17578125 0.7708333328125 0.16875 0.76944444375 0.1625 0.7819444437499999 0.153125 0.7805555562500001 0.14921875 0.7638888890625 0.12109375 0.7416666671875001 0.11796875 0.7236111109375 0.11328125 0.7194444437499999 0.10625 0.7194444437499999 0.10390625 0.7236111109375 0.078125 0.7208333328125
7 0.00546875 0.725 0.00078125 0.727777778125 0.00078125 0.7736111109375 0.0046875 0.7833333328125 0.01015625 0.7819444437499999 0.01171875 0.73194444375 0.00546875 0.725
7 0.06484375 0.7611111109375 0.03984375 0.7597222218749999 0.03046875 0.75 0.021875 0.7861111109375 0.0265625 0.7986111109375 0.071875 0.83055555625 0.08046875 0.827777778125 0.08125 0.8111111109375001 0.0703125 0.7875 0.06953125 0.76944444375 0.06484375 0.7611111109375
7 0.021875 0.8541666671874999 0.03671875 0.8611111109375 0.04453125 0.86944444375 0.06875 0.877777778125 0.0734375 0.8736111109375001 0.07421875 0.8708333328125001 0.0578125 0.85694444375 0.02578125 0.840277778125 0.01953125 0.8416666671874999 0.021875 0.8541666671874999
7 0.21484375 0.872222221875 0.22109375 0.8625 0.215625 0.85694444375 0.2140625 0.8458333328125001 0.2078125 0.8458333328125001 0.203125 0.86944444375 0.2046875 0.8833333328125 0.2015625 0.9041666671874999 0.2125 0.9055555562500001 0.2109375 0.89305555625 0.2140625 0.8861111109375001 0.21484375 0.872222221875
7 0.2328125 0.8416666671874999 0.22890625 0.8611111109375 0.22890625 0.9069444437499999 0.23359375 0.91944444375 0.25 0.9277777781250001 0.2546875 0.8416666671874999 0.2328125 0.8416666671874999
7 0.325 0.9069444437499999 0.31953125 0.8958333328125001 0.3109375 0.890277778125 0.3078125 0.86944444375 0.29453125 0.85694444375 0.28125 0.852777778125 0.27421875 0.8444444437499999 0.26328125 0.8444444437499999 0.26015625 0.9305555562500001 0.2828125 0.94305555625 0.3 0.9458333328125 0.31953125 0.95555555625 0.32421875 0.9291666671875 0.325 0.9069444437499999
4 0.91953125 0.8444444437499999 0.9125 0.8430555562500001 0.9109375 0.8583333328125 0.90546875 0.852777778125 0.90546875 0.8444444437499999 0.903125 0.8486111109375001 0.90625 0.859722221875 0.90625 0.8986111109375001 0.91015625 0.9277777781250001 0.90859375 0.9486111109375001 0.91328125 0.95 0.915625 0.9375 0.91953125 0.93194444375 0.91953125 0.8444444437499999