1 0.38515625 0.10555555624999999 0.3765625 0.102777778125 0.371875 0.109722221875 0.371875 0.25555555625 0.36875 0.259722221875 0.359375 0.259722221875 0.3578125 0.2666666671875 0.36953125 0.272222221875 0.375 0.28472222187499996 0.3859375 0.28194444375 0.39375 0.2888888890625 0.39375 0.27777777812500004 0.3875 0.2638888890625 0.38515625 0.24583333281250003 0.3859375 0.2138888890625 0.38984375 0.19444444375 0.38515625 0.10555555624999999
1 0.4453125 0.08194444375 0.4421875 0.090277778125 0.4421875 0.147222221875 0.43984375 0.1583333328125 0.44140625 0.2166666671875 0.4375 0.2236111109375 0.43046875 0.2236111109375 0.4296875 0.23055555625 0.43828125 0.24305555625 0.45703125 0.2513888890625 0.46875 0.2513888890625 0.4671875 0.2416666671875 0.4546875 0.23055555625 0.4546875 0.090277778125 0.45078125 0.08055555625000001 0.4453125 0.08194444375
6 0.5984375 0.1611111109375 0.57421875 0.1611111109375 0.5671875 0.190277778125 0.5671875 0.21944444375 0.5703125 0.23055555625 0.5734375 0.23194444375 0.57734375 0.24305555625 0.5953125 0.25833333281250004 0.6515625 0.25833333281250004 0.65703125 0.2513888890625 0.65546875 0.23333333281250002 0.634375 0.21944444375 0.63203125 0.20694444375 0.6359375 0.197222221875 0.62265625 0.1833333328125 0.60625 0.18055555625 0.5984375 0.1611111109375
6 0.76171875 0.27638888906250003 0.76328125 0.2708333328125 0.7640625 0.2416666671875 0.76171875 0.2166666671875 0.7515625 0.197222221875 0.7375 0.1916666671875 0.7328125 0.177777778125 0.73125 0.1611111109375 0.72734375 0.15555555625 0.69140625 0.15 0.67734375 0.16805555625 0.6671875 0.165277778125 0.659375 0.16944444375 0.65546875 0.18055555625 0.6546875 0.20833333281250002 0.65703125 0.22777777812500002 0.6609375 0.2375 0.67109375 0.240277778125 0.6734375 0.23611111093749998 0.68046875 0.23611111093749998 0.69765625 0.24722222187499998 0.70234375 0.27638888906250003 0.70859375 0.2833333328125 0.7203125 0.2833333328125 0.73046875 0.26805555625 0.7328125 0.275 0.7375 0.27777777812500004 0.76171875 0.27638888906250003
7 0.8390625 0.1361111109375 0.84375 0.15 0.86640625 0.15 0.87421875 0.1541666671875 0.88125 0.1541666671875 0.884375 0.15 0.88046875 0.1416666671875 0.86640625 0.13055555624999998 0.85625 0.1291666671875 0.8484375 0.1208333328125 0.83671875 0.1208333328125 0.83359375 0.13055555624999998 0.8390625 0.1361111109375
7 0.971875 0.097222221875 0.96171875 0.08333333281250001 0.9625 0.11944444375 0.96640625 0.11805555625 0.97265625 0.102777778125 0.971875 0.097222221875
7 0.93125 0.12222222187500001 0.9484375 0.11944444375 0.9546875 0.0916666671875 0.95234375 0.08194444375 0.9390625 0.072222221875 0.9234375 0.072222221875 0.90703125 0.08333333281250001 0.90625 0.1208333328125 0.92578125 0.1291666671875 0.92890625 0.1291666671875 0.93125 0.12222222187500001
7 0.89375 0.077777778125 0.86953125 0.07083333281250001 0.8578125 0.07638888906249999 0.8578125 0.08194444375 0.8765625 0.1041666671875 0.89296875 0.115277778125 0.89765625 0.1111111109375 0.89765625 0.08194444375 0.89375 0.077777778125
7 0.8859375 0.28055555625 0.8953125 0.27638888906250003 0.921875 0.27777777812500004 0.93046875 0.2638888890625 0.93046875 0.23333333281250002 0.92578125 0.2236111109375 0.915625 0.18194444375000002 0.90625 0.16944444375 0.88125 0.15555555625 0.8421875 0.1541666671875 0.81953125 0.15694444375 0.81640625 0.16805555625 0.8140625 0.1833333328125 0.81796875 0.197222221875 0.81953125 0.2236111109375 0.8296875 0.22777777812500002 0.8359375 0.21805555625 0.8375 0.20972222187499998 0.8421875 0.20972222187499998 0.84921875 0.21805555625 0.84921875 0.23055555625 0.8515625 0.23611111093749998 0.87109375 0.25555555625 0.878125 0.25833333281250004 0.88203125 0.27638888906250003 0.8859375 0.28055555625
7 0.91796875 0.1875 0.925 0.20277777812500003 0.9265625 0.21805555625 0.93515625 0.2388888890625 0.94296875 0.240277778125 0.95 0.23194444375 0.9625 0.23055555625 0.96484375 0.2208333328125 0.96875 0.2166666671875 0.9703125 0.20277777812500003 0.96640625 0.19444444375 0.92890625 0.16944444375 0.91875 0.16944444375 0.91796875 0.1875
7 0.953125 0.14444444375 0.96796875 0.15555555625 0.9796875 0.1583333328125 0.97578125 0.14305555625 0.96171875 0.13333333281249998 0.9375 0.12222222187500001 0.9265625 0.12222222187500001 0.925 0.1291666671875 0.9375 0.1416666671875 0.94453125 0.1458333328125 0.953125 0.14444444375
7 0.203125 0.14444444375 0.19453125 0.13888888906250002 0.171875 0.1111111109375 0.15 0.109722221875 0.13125 0.13055555624999998 0.13046875 0.16944444375 0.1359375 0.17916666718750002 0.14375 0.17916666718750002 0.13984375 0.16388888906250001 0.13984375 0.15 0.14453125 0.1375 0.14765625 0.1375 0.15546875 0.15555555625 0.1609375 0.1888888890625 0.175 0.1888888890625 0.18203125 0.197222221875 0.19140625 0.197222221875 0.20546875 0.16944444375 0.203125 0.14444444375
7 0.38125 0.1 0.37890625 0.07083333281250001 0.38046875 0.0388888890625 0.37734375 0.034722221875 0.3546875 0.055555556250000006 0.3421875 0.052777778124999994 0.3359375 0.058333332812500006 0.3328125 0.05694444375 0.328125 0.04305555625 0.2875 0.05 0.28125 0.055555556250000006 0.28046875 0.0791666671875 0.27578125 0.0958333328125 0.275 0.16388888906250001 0.28046875 0.16805555625 0.28203125 0.177777778125 0.28828125 0.172222221875 0.29609375 0.172222221875 0.3046875 0.19305555624999998 0.32421875 0.19305555624999998 0.3328125 0.165277778125 0.36328125 0.16944444375 0.3625 0.1583333328125 0.36484375 0.1541666671875 0.36875 0.15694444375 0.36953125 0.109722221875 0.38125 0.1
7 0.4625 0.177777778125 0.46640625 0.17361111093749998 0.4734375 0.15 0.47421875 0.1291666671875 0.478125 0.11805555625 0.47578125 0.04444444375 0.4671875 0.009722221875000001 0.4265625 0.006944443749999999 0.4171875 0.013888889062500001 0.39375 0.0208333328125 0.38984375 0.025 0.38828125 0.0333333328125 0.3890625 0.061111110937500004 0.39140625 0.06944444375 0.38671875 0.1041666671875 0.3953125 0.134722221875 0.39375 0.15277777812499999 0.4 0.16944444375 0.4 0.17916666718750002 0.41640625 0.184722221875 0.42890625 0.177777778125 0.43828125 0.15555555625 0.44140625 0.127777778125 0.45546875 0.1291666671875 0.45703125 0.1763888890625 0.4625 0.177777778125
7 0.7875 0.1208333328125 0.7859375 0.13194444375 0.78203125 0.1375 0.7875 0.1513888890625 0.790625 0.1513888890625 0.79296875 0.147222221875 0.79296875 0.1208333328125 0.7875 0.1208333328125
7 0.78984375 0.115625 0.0015625 0.0015625
7 0.790625 0.10555555624999999 0.79609375 0.10694444375 0.79609375 0.0958333328125 0.78828125 0.0986111109375 0.790625 0.10555555624999999
7 0.7484375 0.0861111109375 0.7453125 0.1583333328125 0.76328125 0.15972222187500001 0.76875 0.15 0.77109375 0.0888888890625 0.76875 0.08194444375 0.75078125 0.075 0.7484375 0.0861111109375
7 0.68515625 0.10555555624999999 0.69375 0.11944444375 0.6953125 0.127777778125 0.70703125 0.140277778125 0.71796875 0.14444444375 0.72578125 0.15555555625 0.73671875 0.15555555625 0.7390625 0.06944444375 0.69140625 0.047222221875 0.67890625 0.0458333328125 0.6765625 0.055555556250000006 0.67734375 0.10138888906250001 0.68515625 0.10555555624999999
4 0.96796875 0.24305555625 0.9578125 0.25833333281250004 0.9515625 0.2833333328125 0.94921875 0.3166666671875 0.95546875 0.3236111109375 0.95859375 0.3375 0.9625 0.33194444375 0.96796875 0.290277778125 0.96796875 0.24305555625
4 0.1609375 0.2 0.15546875 0.197222221875 0.15078125 0.20138888906250002 0.15 0.22916666718749998 0.15625 0.24444444375000002 0.16015625 0.2736111109375 0.1640625 0.275 0.16875 0.21944444375 0.1609375 0.2
4 0.15078125 0.14305555625 0.14765625 0.1375 0.14296875 0.14305555625 0.1421875 0.1666666671875 0.15 0.20416666718749998 0.15703125 0.19305555624999998 0.1578125 0.16944444375 0.15625 0.15694444375 0.15078125 0.14305555625