1 0.3953125 0.2888888890625 0.3953125 0.28194444375 0.3875 0.2638888890625 0.38515625 0.24444444375000002 0.3875 0.197222221875 0.38984375 0.19305555624999998 0.3859375 0.18055555625 0.3890625 0.1541666671875 0.38515625 0.127777778125 0.38515625 0.10694444375 0.38359375 0.102777778125 0.3765625 0.102777778125 0.3703125 0.1111111109375 0.371875 0.2541666671875 0.36875 0.259722221875 0.3578125 0.259722221875 0.3578125 0.2666666671875 0.37109375 0.27638888906250003 0.37578125 0.28611111093749997 0.3859375 0.28194444375 0.3953125 0.2888888890625
1 0.46875 0.2513888890625 0.46796875 0.2416666671875 0.4546875 0.23055555625 0.4546875 0.0888888890625 0.45234375 0.08194444375 0.4453125 0.08055555625000001 0.4421875 0.0916666671875 0.44140625 0.2166666671875 0.43828125 0.222222221875 0.43125 0.222222221875 0.42890625 0.22777777812500002 0.43046875 0.23472222187499997 0.4375 0.24305555625 0.45625 0.2513888890625 0.46875 0.2513888890625
6 0.6328125 0.2166666671875 0.63515625 0.2 0.62421875 0.184722221875 0.60625 0.18055555625 0.59921875 0.16388888906250001 0.5890625 0.15972222187500001 0.575 0.1611111109375 0.5671875 0.190277778125 0.56875 0.22638888906250001 0.58125 0.24583333281250003 0.5953125 0.25833333281250004 0.60546875 0.2611111109375 0.65546875 0.25555555625 0.6546875 0.23194444375 0.63671875 0.2236111109375 0.6328125 0.2166666671875
6 0.721875 0.28194444375 0.7296875 0.26805555625 0.73828125 0.27777777812500004 0.7625 0.2736111109375 0.7640625 0.24305555625 0.76171875 0.2166666671875 0.75 0.197222221875 0.7375 0.1916666671875 0.73125 0.1611111109375 0.72734375 0.15555555625 0.690625 0.15 0.67734375 0.16805555625 0.66796875 0.16388888906250001 0.659375 0.16944444375 0.6546875 0.184722221875 0.65390625 0.20833333281250002 0.6578125 0.23333333281250002 0.6640625 0.24305555625 0.6828125 0.2388888890625 0.69765625 0.24722222187499998 0.70234375 0.27638888906250003 0.70859375 0.2833333328125 0.721875 0.28194444375
7 0.85625 0.1291666671875 0.8484375 0.1208333328125 0.83828125 0.12222222187500001 0.8375 0.13055555624999998 0.84375 0.15 0.865625 0.15 0.87421875 0.1541666671875 0.88515625 0.15 0.87890625 0.140277778125 0.86640625 0.13055555624999998 0.85625 0.1291666671875
7 0.9640625 0.090277778125 0.96171875 0.09305555625 0.96171875 0.11805555625 0.9640625 0.11805555625 0.97265625 0.10555555624999999 0.97265625 0.1 0.9625 0.08333333281250001 0.9640625 0.090277778125
7 0.95390625 0.08333333281250001 0.940625 0.072222221875 0.92265625 0.072222221875 0.90703125 0.084722221875 0.90625 0.1208333328125 0.91875 0.127777778125 0.925 0.1291666671875 0.93046875 0.12222222187500001 0.946875 0.12222222187500001 0.95 0.11805555625 0.95390625 0.1 0.95390625 0.08333333281250001
7 0.8578125 0.08055555625000001 0.8640625 0.090277778125 0.88828125 0.11388888906250001 0.89609375 0.11388888906250001 0.89609375 0.08055555625000001 0.87578125 0.072222221875 0.8625 0.072222221875 0.8578125 0.08055555625000001
7 0.203125 0.14444444375 0.16875 0.109722221875 0.15 0.109722221875 0.13828125 0.12222222187500001 0.13125 0.140277778125 0.13203125 0.16944444375 0.146875 0.16388888906250001 0.1578125 0.190277778125 0.17578125 0.190277778125 0.18515625 0.197222221875 0.1921875 0.19583333281249998 0.20546875 0.1708333328125 0.203125 0.14444444375
7 0.878125 0.25833333281250004 0.88125 0.275 0.8859375 0.28055555625 0.8953125 0.27638888906250003 0.925 0.27638888906250003 0.9296875 0.26527777812500003 0.9296875 0.23055555625 0.92578125 0.2236111109375 0.915625 0.18194444375000002 0.9046875 0.16805555625 0.88125 0.15555555625 0.82578125 0.1541666671875 0.81953125 0.15555555625 0.815625 0.1708333328125 0.8140625 0.1833333328125 0.8203125 0.2236111109375 0.82890625 0.22777777812500002 0.8375 0.2138888890625 0.8484375 0.2166666671875 0.84921875 0.23055555625 0.853125 0.2388888890625 0.878125 0.25833333281250004
7 0.96171875 0.33055555625 0.95625 0.32777777812500003 0.95703125 0.3333333328125 0.96171875 0.33055555625
7 0.96328125 0.25555555625 0.9578125 0.259722221875 0.94921875 0.2958333328125 0.94921875 0.31805555625 0.9546875 0.32083333281250004 0.96328125 0.25555555625
7 0.96875 0.25 0.9671875 0.24722222187499998 0.96640625 0.2513888890625 0.96875 0.25
7 0.99921875 0.26805555625 0.99921875 0.25694444375000003 0.99609375 0.25 0.99921875 0.24305555625 0.99921875 0.22638888906250001 0.99609375 0.2236111109375 0.99296875 0.2236111109375 0.9890625 0.23333333281250002 0.98046875 0.29722222187499997 0.978125 0.3166666671875 0.9796875 0.3375 0.9859375 0.3416666671875 0.9890625 0.3513888890625 0.99921875 0.3541666671875 0.99921875 0.28055555625 0.996875 0.2708333328125 0.99921875 0.26805555625
7 0.96796875 0.22638888906250001 0.9671875 0.222222221875 0.97265625 0.2138888890625 0.971875 0.20416666718749998 0.96640625 0.19444444375 0.92890625 0.16944444375 0.91875 0.16805555625 0.91796875 0.1875 0.92265625 0.19583333281249998 0.93046875 0.23055555625 0.9375 0.2388888890625 0.94609375 0.23333333281250002 0.95 0.2236111109375 0.96328125 0.23055555625 0.96796875 0.22638888906250001
7 0.959375 0.13194444375 0.9375 0.12222222187500001 0.92578125 0.125 0.925 0.13055555624999998 0.93203125 0.13333333281249998 0.9375 0.1416666671875 0.9546875 0.1458333328125 0.9703125 0.15694444375 0.97890625 0.15694444375 0.97578125 0.14305555625 0.959375 0.13194444375
7 0.31015625 0.19444444375 0.32578125 0.1916666671875 0.33203125 0.165277778125 0.3390625 0.16388888906250001 0.34765625 0.15555555625 0.35234375 0.15694444375 0.3546875 0.1513888890625 0.359375 0.15 0.36484375 0.1375 0.36875 0.1458333328125 0.36640625 0.13888888906250002 0.36875 0.134722221875 0.36640625 0.13055555624999998 0.36875 0.1111111109375 0.38046875 0.10138888906250001 0.38203125 0.09444444375 0.3796875 0.0791666671875 0.3796875 0.0375 0.3765625 0.034722221875 0.35546875 0.055555556250000006 0.34296875 0.052777778124999994 0.33515625 0.058333332812500006 0.328125 0.04305555625 0.29375 0.047222221875 0.28203125 0.054166667187499996 0.27890625 0.0666666671875 0.28046875 0.0791666671875 0.275 0.102777778125 0.275 0.165277778125 0.28203125 0.177777778125 0.28828125 0.172222221875 0.29609375 0.172222221875 0.30234375 0.190277778125 0.31015625 0.19444444375
7 0.41875 0.184722221875 0.4375 0.1708333328125 0.44140625 0.125 0.4390625 0.1111111109375 0.44453125 0.08055555625000001 0.45390625 0.08333333281250001 0.45703125 0.09444444375 0.45703125 0.177777778125 0.4625 0.177777778125 0.46796875 0.1708333328125 0.47421875 0.15 0.4765625 0.1263888890625 0.4765625 0.0666666671875 0.47421875 0.034722221875 0.46640625 0.0083333328125 0.43125 0.00555555625 0.41875 0.009722221875000001 0.41640625 0.013888889062500001 0.39375 0.0208333328125 0.38984375 0.025 0.38828125 0.0361111109375 0.3890625 0.0888888890625 0.38515625 0.09444444375 0.38828125 0.1166666671875 0.39375 0.13333333281249998 0.39375 0.15277777812499999 0.4 0.16944444375 0.4 0.18055555625 0.41875 0.184722221875
7 0.7859375 0.13194444375 0.78125 0.13888888906250002 0.7875 0.15 0.790625 0.15 0.79296875 0.14444444375 0.79296875 0.12222222187500001 0.78828125 0.1208333328125 0.7859375 0.13194444375
7 0.79296875 0.097222221875 0.79296875 0.10833333281249999 0.7953125 0.10555555624999999 0.7953125 0.097222221875 0.79296875 0.097222221875
7 0.7453125 0.134722221875 0.74609375 0.15972222187500001 0.75859375 0.1611111109375 0.76796875 0.1541666671875 0.77109375 0.0916666671875 0.76796875 0.08194444375 0.74921875 0.07638888906249999 0.74765625 0.125 0.7453125 0.134722221875
7 0.7390625 0.06944444375 0.6890625 0.047222221875 0.68046875 0.0458333328125 0.6765625 0.055555556250000006 0.675 0.0875 0.67734375 0.10138888906250001 0.68515625 0.10555555624999999 0.69453125 0.127777778125 0.70625 0.140277778125 0.73203125 0.1583333328125 0.7375 0.1541666671875 0.7390625 0.06944444375
4 0.9546875 0.33055555625 0.9609375 0.334722221875 0.96875 0.2833333328125 0.96953125 0.24305555625 0.96640625 0.24305555625 0.9609375 0.25694444375000003 0.95625 0.290277778125 0.9546875 0.33055555625
4 0.1484375 0.1666666671875 0.14296875 0.165277778125 0.13828125 0.172222221875 0.13984375 0.23472222187499997 0.14296875 0.240277778125 0.146875 0.240277778125 0.15 0.23611111093749998 0.15 0.2166666671875 0.15390625 0.20277777812500003 0.15390625 0.1916666671875 0.1484375 0.1666666671875
4 0.2921875 0.9875 0.30546875 0.9888888890624999 0.31015625 0.9791666671874999 0.30078125 0.9680555562500001 0.3015625 0.9583333328125001 0.309375 0.934722221875 0.3125 0.9138888890624999 0.315625 0.9125 0.32890625 0.922222221875 0.33359375 0.9375 0.33671875 0.9375 0.34375 0.915277778125 0.34296875 0.9055555562500001 0.33359375 0.9125 0.32578125 0.9041666671874999 0.3140625 0.8791666671874999 0.31875 0.872222221875 0.33125 0.875 0.33671875 0.86944444375 0.33828125 0.8625 0.3359375 0.8583333328125 0.31796875 0.852777778125 0.31640625 0.8194444437499999 0.3109375 0.8125 0.30625 0.79305555625 0.3078125 0.7736111109375 0.3046875 0.7541666671875 0.29453125 0.75 0.2890625 0.7569444437499999 0.2875 0.7763888890625 0.2796875 0.7833333328125 0.27578125 0.7958333328125 0.275 0.8291666671875 0.29453125 0.872222221875 0.2953125 0.897222221875 0.29921875 0.9069444437499999 0.296875 0.9277777781250001 0.2984375 0.940277778125 0.29375 0.95555555625 0.2921875 0.9875