0 0.7208333328125 0.9828125 0.6611111109375 0.978125 0.6569444437499999 0.98046875 0.659722221875 0.99921875 0.73194444375 0.99921875 0.7402777781250001 0.99375 0.7430555562500001 0.9875 0.7208333328125 0.9828125
0 0.7430555562500001 0.9125 0.7083333328125 0.9125 0.690277778125 0.9390625 0.6833333328125 0.9421875 0.659722221875 0.94296875 0.64444444375 0.95703125 0.6541666671875 0.9609375 0.6833333328125 0.96328125 0.6944444437499999 0.96640625 0.7541666671875 0.9703125 0.76805555625 0.94140625 0.76805555625 0.9296875 0.752777778125 0.9171875 0.7430555562500001 0.9125
2 0.575 0.0234375 0.575 0.01875 0.56805555625 0.01328125 0.527777778125 0.0140625 0.522222221875 0.01796875 0.522222221875 0.025 0.5319444437499999 0.0328125 0.5541666671875001 0.0296875 0.575 0.0234375
1 0.80694444375 0.38671875 0.8111111109375001 0.384375 0.89444444375 0.3828125 0.8986111109375001 0.38046875 0.8958333328125001 0.371875 0.751709721875 0.371875 0.74444444375 0.35625 0.7402777781250001 0.3671875 0.7291666671875 0.36640625 0.734722221875 0.35625 0.725 0.36875 0.7208333328125 0.36875 0.7138888890625 0.375 0.7194444437499999 0.3875 0.7111111109375 0.4 0.7194444437499999 0.4015625 0.74444444375 0.38515625 0.8027777781250001 0.384375 0.80694444375 0.38671875
1 0.7791666671875 0.45234375 0.8208333328125 0.45234375 0.827777778125 0.4546875 0.9166666671874999 0.45390625 0.9166666671874999 0.44296875 0.7833333328125 0.44140625 0.7708333328125 0.43828125 0.7736111109375 0.4265625 0.76944444375 0.42578125 0.7666666671875 0.428125 0.772222221875 0.4296875 0.7708333328125 0.43359375 0.7597222218749999 0.43203125 0.7569444437499999 0.4375 0.75 0.45234375 0.7486111109375 0.46875 0.7569444437499999 0.46875 0.7638888890625 0.45625 0.7791666671875 0.45234375
6 0.55694444375 0.91015625 0.5583333328125 0.9203125 0.5986111109375 0.94375 0.6291666671875 0.94375 0.6416666671875 0.93671875 0.6833333328125 0.9390625 0.690277778125 0.9359375 0.7083333328125 0.9109375 0.752777778125 0.91015625 0.7583333328124999 0.89921875 0.79444444375 0.89765625 0.8166666671874999 0.85546875 0.815277778125 0.83984375 0.80694444375 0.83125 0.797222221875 0.82734375 0.7861111109375 0.82890625 0.747222221875 0.81875 0.7416666671875001 0.81328125 0.7291666671875 0.80859375 0.6972222218749999 0.80546875 0.6611111109375 0.80546875 0.6333333328124999 0.8109375 0.6208333328125 0.81875 0.6152777781250001 0.83671875 0.6291666671875 0.8515625 0.6319444437499999 0.8671875 0.64305555625 0.8796875 0.6319444437499999 0.89765625 0.627777778125 0.8984375 0.6180555562500001 0.89375 0.6041666671875 0.89140625 0.575 0.89609375 0.5611111109375 0.9015625 0.55694444375 0.91015625
6 0.8041666671875 0.63203125 0.815277778125 0.625 0.8263888890625 0.60546875 0.840277778125 0.59765625 0.8388888890624999 0.57421875 0.8138888890624999 0.5671875 0.7805555562500001 0.5671875 0.7569444437499999 0.5765625 0.75 0.58359375 0.7402777781250001 0.6 0.7416666671875001 0.6515625 0.7458333328125 0.65625 0.76944444375 0.6546875 0.7763888890625 0.6484375 0.777777778125 0.6375 0.7833333328125 0.6328125 0.7875 0.63203125 0.79444444375 0.63671875 0.8027777781250001 0.63671875 0.8041666671875 0.63203125
7 0.8708333328125001 0.8578125 0.8791666671874999 0.85 0.877777778125 0.83984375 0.85555555625 0.83828125 0.8458333328125001 0.8453125 0.85 0.884375 0.85555555625 0.8828125 0.86944444375 0.86640625 0.8708333328125001 0.8578125
7 0.8958333328125001 0.875 0.8861111109375001 0.89375 0.91944444375 0.89609375 0.9291666671875 0.8734375 0.9263888890624999 0.85703125 0.91805555625 0.85703125 0.8958333328125001 0.875
7 0.902777778125 0.9625 0.8736111109375001 0.9625 0.872222221875 0.96640625 0.8888888890625 0.96953125 0.89444444375 0.97421875 0.902777778125 0.97421875 0.909722221875 0.96640625 0.902777778125 0.9625
7 0.8736111109375001 0.928125 0.8791666671874999 0.93125 0.88055555625 0.95 0.8958333328125001 0.95390625 0.9166666671874999 0.95234375 0.9277777781250001 0.9390625 0.9277777781250001 0.92265625 0.91944444375 0.9078125 0.9138888890624999 0.90546875 0.8819444437499999 0.90546875 0.872222221875 0.9203125 0.8736111109375001 0.928125
7 0.7736111109375 0.76484375 0.8125 0.76953125 0.83194444375 0.76953125 0.8444444437499999 0.76640625 0.847222221875 0.76171875 0.8388888890624999 0.74921875 0.8125 0.7375 0.7805555562500001 0.7375 0.7763888890625 0.74375 0.7791666671875 0.75546875 0.7736111109375 0.76484375
7 0.83055555625 0.78125 0.7569444437499999 0.7796875 0.7458333328125 0.78125 0.74444444375 0.78671875 0.8083333328125001 0.79296875 0.8583333328125 0.79296875 0.85694444375 0.784375 0.83055555625 0.78125
7 0.777777778125 0.99296875 0.765277778125 0.98828125 0.747222221875 0.9875 0.74444444375 0.99921875 0.76944444375 0.99921875 0.777777778125 0.99296875
7 0.79444444375 0.97421875 0.8041666671875 0.96875 0.83055555625 0.9296875 0.83194444375 0.9203125 0.827777778125 0.91875 0.8083333328125001 0.91875 0.772222221875 0.93046875 0.7569444437499999 0.96796875 0.7597222218749999 0.971875 0.79444444375 0.97421875
7 0.8708333328125001 0.92578125 0.85694444375 0.946875 0.85 0.94921875 0.8444444437499999 0.95625 0.8388888890624999 0.96953125 0.8416666671874999 0.9796875 0.852777778125 0.978125 0.8666666671875 0.96015625 0.875 0.94375 0.875 0.9338539062500001 0.8666666671875 0.9328125 0.875 0.92890625 0.8736111109375001 0.9265625 0.8708333328125001 0.92578125
7 0.8916666671875 0.79296875 0.902777778125 0.7953125 0.9041666671874999 0.7890625 0.897222221875 0.7890625 0.8916666671875 0.79296875
7 0.8486111109375001 0.75703125 0.85 0.76640625 0.852777778125 0.76875 0.86944444375 0.7703125 0.915277778125 0.76875 0.9277777781250001 0.75078125 0.925 0.7453125 0.8486111109375001 0.74453125 0.8444444437499999 0.74609375 0.8444444437499999 0.7546875 0.8486111109375001 0.75703125
7 0.9013888890624999 0.6765625 0.8861111109375001 0.690625 0.8708333328125001 0.6921875 0.8611111109375 0.696875 0.8458333328125001 0.7125 0.8333333328125001 0.73515625 0.8958333328125001 0.7375 0.9277777781250001 0.7421875 0.9416666671874999 0.72265625 0.9444444437499999 0.70078125 0.95555555625 0.68203125 0.952777778125 0.67734375 0.9444444437499999 0.6765625 0.9013888890624999 0.6765625
7 0.827777778125 0.9109375 0.8416666671874999 0.8921875 0.847222221875 0.8671875 0.8416666671874999 0.853125 0.8430555562500001 0.81875 0.81805555625 0.81953125 0.8083333328125001 0.825 0.8111111109375001 0.834375 0.81805555625 0.83984375 0.8194444437499999 0.85234375 0.797222221875 0.89453125 0.7916666671875 0.89921875 0.7625 0.9 0.75555555625 0.91171875 0.75 0.9125 0.76944444375 0.92734375 0.8194444437499999 0.915625 0.8194444437499999 0.91328125 0.827777778125 0.9109375