2 0.41944444374999995 0.975 0.459722221875 0.975 0.46805555625000006 0.96953125 0.46388888906250003 0.95703125 0.4458333328125 0.95625 0.4388888890625 0.9609375 0.42083333281249996 0.9640625 0.41944444374999995 0.975
1 0.1833333328125 0.61484375 0.15555555625 0.6140625 0.15277777812499999 0.61171875 0.1416666671875 0.6140625 0.10833333281249999 0.61328125 0.102777778125 0.625 0.115277778125 0.6296875 0.15 0.62734375 0.252777778125 0.62734375 0.259722221875 0.63125 0.2611111109375 0.640625 0.26527777812500003 0.640625 0.2708333328125 0.6328125 0.28611111093749997 0.625 0.2888888890625 0.6203125 0.28472222187499996 0.6125 0.290277778125 0.60546875 0.28194444375 0.6046875 0.25833333281250004 0.61328125 0.24444444375000002 0.6140625 0.1833333328125 0.61484375
1 0.2166666671875 0.5578125 0.22777777812500002 0.56171875 0.22638888906250001 0.56875 0.23055555625 0.5703125 0.2416666671875 0.56328125 0.2513888890625 0.5390625 0.2388888890625 0.53828125 0.24007936562499999 0.5342633921875 0.22916666718749998 0.5453125 0.222222221875 0.54609375 0.18194444375000002 0.54609375 0.16944444375 0.54375 0.1458333328125 0.54609375 0.084722221875 0.5453125 0.0875 0.55703125 0.2166666671875 0.5578125
6 0.215277778125 0.23671875 0.1916666671875 0.25 0.190277778125 0.26328125 0.15694444375 0.27109375 0.15 0.30859375 0.1666666671875 0.3203125 0.16805555625 0.33125 0.177777778125 0.33515625 0.177777778125 0.34296875 0.1916666671875 0.34453125 0.20833333281250002 0.3453125 0.2416666671875 0.33671875 0.2416666671875 0.31875 0.24722222187499998 0.30234375 0.272222221875 0.29765625 0.28194444375 0.2921875 0.28472222187499996 0.28046875 0.272222221875 0.2703125 0.2791666671875 0.2609375 0.27777777812500004 0.240625 0.26944444375 0.2359375 0.2388888890625 0.2359375 0.2236111109375 0.2390625 0.215277778125 0.23671875
6 0.17361111093749998 0.39453125 0.15972222187500001 0.4015625 0.1611111109375 0.425 0.18055555625 0.43125 0.197222221875 0.43359375 0.21805555625 0.4328125 0.2416666671875 0.4234375 0.24583333281250003 0.4140625 0.25555555625 0.40625 0.259722221875 0.39453125 0.25833333281250004 0.35 0.2541666671875 0.34375 0.2388888890625 0.34296875 0.22916666718749998 0.3453125 0.21805555625 0.365625 0.20138888906250002 0.3625 0.190277778125 0.36328125 0.17361111093749998 0.39453125
7 0.23333333281250002 0.06953125 0.2236111109375 0.07421875 0.1833333328125 0.08359375 0.172222221875 0.090625 0.15555555625 0.11484375 0.1541666671875 0.12734375 0.1583333328125 0.1453125 0.15555555625 0.18046875 0.16944444375 0.18359375 0.19444444375 0.184375 0.2208333328125 0.18125 0.22916666718749998 0.175 0.23055555625 0.16875 0.21805555625 0.1625 0.21944444375 0.153125 0.23611111093749998 0.14921875 0.25833333281250004 0.12109375 0.27638888906250003 0.11796875 0.28055555625 0.11328125 0.27638888906250003 0.10234375 0.2791666671875 0.07734375 0.26805555625 0.06953125 0.23333333281250002 0.06953125
7 0.22638888906250001 0.01015625 0.24305555625 0.0125 0.26805555625 0.01171875 0.27777777812500004 0.00625 0.275 0.00078125 0.2208333328125 0.00078125 0.21805555625 0.00859375 0.22638888906250001 0.01015625
7 0.1916666671875 0.08046875 0.19583333281249998 0.0765625 0.2166666671875 0.0703125 0.23055555625 0.06953125 0.2388888890625 0.06484375 0.23611111093749998 0.046875 0.24722222187499998 0.03203125 0.24305555625 0.02734375 0.2166666671875 0.02421875 0.20277777812500003 0.02578125 0.16944444375 0.071875 0.16805555625 0.0765625 0.172222221875 0.08046875 0.1916666671875 0.08046875
7 0.14444444375 0.025 0.13888888906250002 0.03671875 0.13055555624999998 0.04375 0.125 0.0578125 0.1263888890625 0.0734375 0.1291666671875 0.07421875 0.15 0.04765625 0.15972222187500001 0.02109375 0.15277777812499999 0.02109375 0.14444444375 0.025
7 0.11388888906250001 0.2140625 0.127777778125 0.21484375 0.1375 0.22265625 0.1416666671875 0.21640625 0.1541666671875 0.21328125 0.1541666671875 0.20859375 0.13055555624999998 0.203125 0.1166666671875 0.2046875 0.097222221875 0.2015625 0.09305555625 0.20390625 0.09305555625 0.2125 0.10694444375 0.2109375 0.11388888906250001 0.2140625
7 0.0736111109375 0.25 0.15972222187500001 0.2546875 0.15972222187500001 0.234375 0.13888888906250002 0.22734375 0.13333333281249998 0.2296875 0.09305555625 0.22890625 0.08194444375 0.2328125 0.0736111109375 0.25
7 0.04444444375 0.3171875 0.047222221875 0.32109375 0.059722221875 0.3234375 0.09444444375 0.32421875 0.1041666671875 0.31953125 0.109722221875 0.31171875 0.11805555625 0.30859375 0.1263888890625 0.3109375 0.1291666671875 0.309375 0.14444444375 0.2921875 0.147222221875 0.28046875 0.15555555625 0.2734375 0.15555555625 0.26328125 0.06944444375 0.2609375 0.05694444375 0.28203125 0.054166667187499996 0.29921875 0.04444444375 0.3171875