0 0.99921875 0.34027777812500004 0.99921875 0.2666666671875 0.99375 0.25833333281250004 0.9875 0.25694444375000003 0.9828125 0.2791666671875 0.97890625 0.33888888906250003 0.99921875 0.34027777812500004
0 0.9671875 0.302777778125 0.9703125 0.24722222187499998 0.9421875 0.23194444375 0.93046875 0.23194444375 0.91875 0.24444444375000002 0.9125 0.259722221875 0.90703125 0.2958333328125 0.925 0.32777777812500003 0.94140625 0.33055555625 0.95 0.3513888890625 0.9578125 0.35555555625 0.96015625 0.3513888890625 0.9640625 0.3111111109375 0.9671875 0.302777778125
2 0.0140625 0.47222222187499996 0.01796875 0.477777778125 0.025 0.477777778125 0.0328125 0.46666666718750005 0.03046875 0.4486111109375 0.02265625 0.425 0.01328125 0.43194444374999996 0.0140625 0.47222222187499996
1 0.43203125 0.240277778125 0.4375 0.24305555625 0.45234375 0.25 0.46875 0.2513888890625 0.46875 0.24305555625 0.45546875 0.23472222187499997 0.45234375 0.21944444375 0.45234375 0.18055555625 0.4546875 0.172222221875 0.45390625 0.08333333281250001 0.44453125 0.08055555625000001 0.4421875 0.0861111109375 0.44140625 0.215277778125 0.4375 0.22916666718749998 0.42578125 0.22638888906250001 0.42578125 0.23055555625 0.428125 0.23333333281250002 0.43046875 0.22777777812500002 0.434375 0.22916666718749998 0.43203125 0.240277778125
1 0.3875 0.28055555625 0.40078125 0.2888888890625 0.4015625 0.28055555625 0.3890625 0.26805555625 0.38515625 0.25694444375000003 0.3859375 0.134722221875 0.3828125 0.125 0.3828125 0.10555555624999999 0.38046875 0.10138888906250001 0.37265625 0.10138888906250001 0.3703125 0.10555555624999999 0.371875 0.2484125 0.35703125 0.2541666671875 0.36171875 0.259722221875 0.36171875 0.26805555625 0.35625 0.26527777812500003 0.36640625 0.2708333328125 0.375 0.28611111093749997 0.3875 0.28055555625
6 0.63359375 0.21805555625 0.62734375 0.1888888890625 0.60546875 0.17361111093749998 0.59921875 0.1611111109375 0.5765625 0.15972222187500001 0.56953125 0.172222221875 0.56640625 0.19444444375 0.5671875 0.21944444375 0.57890625 0.24444444375000002 0.603125 0.259722221875 0.65078125 0.25833333281250004 0.65625 0.2541666671875 0.6546875 0.23055555625 0.63359375 0.21805555625
6 0.78125 0.2416666671875 0.77890625 0.2736111109375 0.78203125 0.27638888906250003 0.7875 0.26527777812500003 0.78828125 0.23333333281250002 0.7828125 0.2236111109375 0.7796875 0.22916666718749998 0.78125 0.2416666671875
6 0.78125 0.18055555625 0.77890625 0.1763888890625 0.77421875 0.17916666718750002 0.78125 0.18055555625
6 0.77421875 0.1703125 0.0015625 0.0015625
6 0.7109375 0.2388888890625 0.71640625 0.21805555625 0.721875 0.2166666671875 0.72890625 0.23194444375 0.73125 0.26805555625 0.7390625 0.27777777812500004 0.74296875 0.27777777812500004 0.75 0.2666666671875 0.75078125 0.24305555625 0.76328125 0.24305555625 0.76640625 0.23472222187499997 0.76875 0.18055555625 0.76015625 0.1666666671875 0.76171875 0.15972222187500001 0.75703125 0.11805555625 0.75 0.10555555624999999 0.72578125 0.0958333328125 0.7109375 0.0958333328125 0.70234375 0.10555555624999999 0.6984375 0.14305555625 0.68828125 0.15555555625 0.68359375 0.16944444375 0.6875 0.17916666718750002 0.68828125 0.225 0.69453125 0.2388888890625 0.70703125 0.2416666671875 0.7109375 0.2388888890625
7 0.99921875 0.25555555625 0.99921875 0.22638888906250001 0.9953125 0.21805555625 0.99140625 0.21944444375 0.98828125 0.23472222187499997 0.9875 0.2541666671875 0.99921875 0.25555555625
7 0.97421875 0.20694444375 0.96953125 0.197222221875 0.92890625 0.16944444375 0.91953125 0.16944444375 0.91875 0.1875 0.9234375 0.20277777812500003 0.92890625 0.20833333281250002 0.93046875 0.22777777812500002 0.94453125 0.23055555625 0.96796875 0.24305555625 0.971875 0.240277778125 0.97421875 0.20694444375
7 0.978125 0.147222221875 0.9734375 0.14305555625 0.93671875 0.12222222187500001 0.9336560421875 0.134473053125 0.94765625 0.14305555625 0.95859375 0.15555555625 0.97890625 0.15972222187500001 0.978125 0.147222221875
7 0.84140625 0.1208333328125 0.8390625 0.125 0.83984375 0.147222221875 0.84765625 0.1541666671875 0.87890625 0.1541666671875 0.8828125 0.1458333328125 0.87265625 0.134722221875 0.85625 0.127777778125 0.85078125 0.1208333328125 0.84140625 0.1208333328125
7 0.85625 0.08055555625000001 0.86328125 0.090277778125 0.8765625 0.10555555624999999 0.89375 0.11388888906250001 0.89609375 0.08055555625000001 0.8796875 0.072222221875 0.859375 0.07083333281250001 0.85625 0.08055555625000001
4 0.83671875 0.19305555624999998 0.8359375 0.215277778125 0.8421875 0.23055555625 0.84921875 0.23055555625 0.85078125 0.2 0.8484375 0.18194444375000002 0.84296875 0.18055555625 0.84140625 0.1888888890625 0.83671875 0.19305555624999998
4 0.9109375 0.7375 0.9140625 0.7013888890625 0.9171875 0.6944444437499999 0.925 0.70694444375 0.93125 0.6986111109375 0.9421875 0.6555555562500001 0.94453125 0.6666666671875 0.95 0.665277778125 0.95390625 0.6263888890625 0.95390625 0.5861111109375 0.94921875 0.5763888890625 0.94765625 0.559722221875 0.94375 0.55694444375 0.940625 0.54305555625 0.93203125 0.54444444375 0.9296875 0.559722221875 0.9203125 0.5736111109375 0.9046875 0.63055555625 0.9109375 0.6333333328124999 0.9125 0.640277778125 0.90234375 0.684722221875 0.9015625 0.725 0.89453125 0.73194444375 0.89453125 0.7388888890625 0.89921875 0.7416666671875001 0.9109375 0.7375