2 0.02421875 0.4236111109375 0.025 0.4625 0.0296875 0.46944444374999994 0.04296875 0.46527777812500004 0.046875 0.4486111109375 0.03828125 0.44166666718750003 0.0359375 0.42083333281249996 0.02578125 0.41805555625 0.02421875 0.4236111109375
1 0.38671875 0.2833333328125 0.39453125 0.290277778125 0.3953125 0.2833333328125 0.38671875 0.259722221875 0.3859375 0.24305555625 0.3875 0.115277778125 0.3859375 0.10694444375 0.38046875 0.1041666671875 0.37265625 0.10555555624999999 0.3703125 0.115277778125 0.37265625 0.15 0.37265625 0.2541666671875 0.36875 0.259722221875 0.3609375 0.259722221875 0.359375 0.26527777812500003 0.3671875 0.2708333328125 0.375 0.28611111093749997 0.38671875 0.2833333328125
1 0.46953125 0.24444444375000002 0.45703125 0.23611111093749998 0.45390625 0.222222221875 0.45390625 0.184722221875 0.45625 0.172222221875 0.45625 0.15555555625 0.45390625 0.14861111093749999 0.4546875 0.084722221875 0.44375 0.0861111109375 0.44296875 0.090277778125 0.4421875 0.2166666671875 0.4375 0.22777777812500002 0.43125 0.22638888906250001 0.4296875 0.23055555625 0.4328125 0.2388888890625 0.43828125 0.24305555625 0.46796875 0.2513888890625 0.46953125 0.24444444375000002
6 0.7296875 0.272222221875 0.73828125 0.2791666671875 0.759375 0.27777777812500004 0.76328125 0.272222221875 0.7640625 0.240277778125 0.76015625 0.222222221875 0.7625 0.2166666671875 0.75546875 0.197222221875 0.75 0.1916666671875 0.73828125 0.1916666671875 0.73515625 0.1875 0.73046875 0.1583333328125 0.71171875 0.1513888890625 0.6921875 0.15 0.68125 0.165277778125 0.6703125 0.1666666671875 0.665625 0.1763888890625 0.6625 0.1763888890625 0.6609375 0.1708333328125 0.65625 0.17916666718750002 0.65625 0.21805555625 0.6625 0.240277778125 0.6859375 0.2416666671875 0.69765625 0.24722222187499998 0.70234375 0.272222221875 0.7078125 0.28194444375 0.72109375 0.28472222187499996 0.7296875 0.272222221875
6 0.6546875 0.22916666718749998 0.634375 0.21805555625 0.6375 0.20555555625 0.63671875 0.1888888890625 0.609375 0.1763888890625 0.5984375 0.15972222187500001 0.57578125 0.1611111109375 0.56875 0.18055555625 0.56640625 0.197222221875 0.56875 0.22638888906250001 0.58203125 0.24583333281250003 0.60546875 0.259722221875 0.65 0.25833333281250004 0.65703125 0.2513888890625 0.65703125 0.23611111093749998 0.6546875 0.22916666718749998
7 0.87890625 0.25833333281250004 0.88203125 0.27638888906250003 0.88671875 0.28055555625 0.89375 0.28055555625 0.89609375 0.27638888906250003 0.921875 0.2791666671875 0.93046875 0.26805555625 0.93046875 0.23333333281250002 0.9265625 0.22638888906250001 0.91640625 0.1833333328125 0.909375 0.172222221875 0.88515625 0.15555555625 0.86484375 0.1541666671875 0.85078125 0.1583333328125 0.84140625 0.1541666671875 0.81953125 0.15555555625 0.815625 0.17361111093749998 0.8140625 0.19305555624999998 0.81796875 0.20277777812500003 0.8203125 0.2236111109375 0.83125 0.23055555625 0.83671875 0.21805555625 0.84609375 0.21805555625 0.85078125 0.23611111093749998 0.87890625 0.25833333281250004
7 0.98828125 0.26805555625 0.98984375 0.275 0.99453125 0.2791666671875 0.99921875 0.27638888906250003 0.99921875 0.21944444375 0.99296875 0.21805555625 0.9890625 0.23194444375 0.98828125 0.26805555625
7 0.95234375 0.23611111093749998 0.96953125 0.25 0.975 0.22638888906250001 0.9734375 0.20277777812500003 0.928125 0.16944444375 0.921875 0.16944444375 0.91953125 0.17361111093749998 0.91953125 0.1916666671875 0.9234375 0.19583333281249998 0.925 0.20416666718749998 0.93046875 0.20833333281250002 0.93046875 0.23055555625 0.93515625 0.2388888890625 0.946875 0.240277778125 0.95234375 0.23611111093749998
7 0.93984375 0.125 0.92734375 0.1263888890625 0.9265625 0.13055555624999998 0.94296875 0.14305555625 0.9484375 0.14305555625 0.96953125 0.1583333328125 0.978125 0.1583333328125 0.975 0.147222221875 0.95546875 0.13055555624999998 0.93984375 0.125
7 0.7859375 0.1166666671875 0.78515625 0.1291666671875 0.7796875 0.13888888906250002 0.78515625 0.14305555625 0.7859375 0.15277777812499999 0.7921875 0.15277777812499999 0.7953125 0.1291666671875 0.79140625 0.115277778125 0.7859375 0.1166666671875
7 0.79609375 0.09305555625 0.78828125 0.09305555625 0.78828125 0.1 0.7953125 0.115277778125 0.796875 0.11388888906250001 0.79296875 0.10694444375 0.79765625 0.10555555624999999 0.7984375 0.097222221875 0.79609375 0.09305555625
7 0.7453125 0.15972222187500001 0.7640625 0.15972222187500001 0.76875 0.1541666671875 0.77109375 0.1375 0.77109375 0.09444444375 0.76640625 0.08055555625000001 0.75 0.072222221875 0.7453125 0.15972222187500001
7 0.72578125 0.15555555625 0.7359375 0.15555555625 0.7390625 0.06944444375 0.7171875 0.05694444375 0.7 0.054166667187499996 0.68203125 0.04444444375 0.67890625 0.047222221875 0.6765625 0.059722221875 0.675 0.0888888890625 0.6796875 0.102777778125 0.6859375 0.10555555624999999 0.690625 0.115277778125 0.6890625 0.1291666671875 0.70546875 0.14305555625 0.7171875 0.1458333328125 0.72578125 0.15555555625