2 0.025 0.459722221875 0.03046875 0.46805555625000006 0.04296875 0.46388888906250003 0.04375 0.4458333328125 0.0390625 0.4388888890625 0.0359375 0.42083333281249996 0.025 0.41944444374999995 0.025 0.459722221875
1 0.3796875 0.2888888890625 0.3875 0.28472222187499996 0.39453125 0.290277778125 0.3953125 0.28194444375 0.38671875 0.25833333281250004 0.3859375 0.24444444375000002 0.38515625 0.1833333328125 0.3859375 0.15555555625 0.38828125 0.15277777812499999 0.3859375 0.1416666671875 0.38671875 0.10833333281249999 0.375 0.102777778125 0.3703125 0.115277778125 0.37265625 0.15 0.37265625 0.252777778125 0.36875 0.259722221875 0.359375 0.2611111109375 0.359375 0.26527777812500003 0.3671875 0.2708333328125 0.375 0.28611111093749997 0.3796875 0.2888888890625
1 0.45390625 0.222222221875 0.45390625 0.18194444375000002 0.45625 0.16944444375 0.45390625 0.1458333328125 0.4546875 0.084722221875 0.44296875 0.0875 0.4421875 0.2166666671875 0.43828125 0.22777777812500002 0.43125 0.22638888906250001 0.4296875 0.23055555625 0.43671875 0.2416666671875 0.4609375 0.2513888890625 0.46171875 0.2388888890625 0.46573660781250004 0.24007936562499999 0.4546875 0.22916666718749998 0.45390625 0.222222221875
6 0.7296875 0.272222221875 0.7390625 0.2791666671875 0.759375 0.27777777812500004 0.7640625 0.26944444375 0.7640625 0.2388888890625 0.7609375 0.2236111109375 0.76328125 0.215277778125 0.75 0.1916666671875 0.73671875 0.190277778125 0.72890625 0.15694444375 0.69140625 0.15 0.6796875 0.1666666671875 0.66875 0.16805555625 0.66484375 0.177777778125 0.65703125 0.177777778125 0.65546875 0.1916666671875 0.6546875 0.20833333281250002 0.66328125 0.2416666671875 0.68125 0.2416666671875 0.69765625 0.24722222187499998 0.70234375 0.272222221875 0.7078125 0.28194444375 0.71953125 0.28472222187499996 0.7296875 0.272222221875
6 0.65625 0.2541666671875 0.65703125 0.2388888890625 0.6546875 0.22916666718749998 0.634375 0.21805555625 0.6375 0.20138888906250002 0.63671875 0.190277778125 0.60546875 0.17361111093749998 0.5984375 0.15972222187500001 0.575 0.1611111109375 0.56875 0.18055555625 0.56640625 0.197222221875 0.5671875 0.21805555625 0.5765625 0.2416666671875 0.5859375 0.24583333281250003 0.59375 0.25555555625 0.60546875 0.259722221875 0.65 0.25833333281250004 0.65625 0.2541666671875
7 0.87890625 0.25833333281250004 0.88203125 0.27638888906250003 0.88671875 0.28055555625 0.89765625 0.27638888906250003 0.92265625 0.2791666671875 0.93046875 0.26805555625 0.93046875 0.23333333281250002 0.92578125 0.2236111109375 0.91640625 0.1833333328125 0.909375 0.172222221875 0.88515625 0.15555555625 0.87265625 0.1541666671875 0.8546875 0.1583333328125 0.81953125 0.15555555625 0.81640625 0.16944444375 0.815625 0.19444444375 0.81875 0.2208333328125 0.825 0.22916666718749998 0.83125 0.23055555625 0.8375 0.21805555625 0.846875 0.21944444375 0.85078125 0.23611111093749998 0.87890625 0.25833333281250004
7 0.9875 0.24305555625 0.98828125 0.26805555625 0.99375 0.27777777812500004 0.99921875 0.275 0.99921875 0.2208333328125 0.99140625 0.21805555625 0.98984375 0.22638888906250001 0.9875 0.24305555625
7 0.97265625 0.24305555625 0.97578125 0.2166666671875 0.97421875 0.20277777812500003 0.928125 0.16944444375 0.9234375 0.16805555625 0.91953125 0.172222221875 0.91953125 0.1916666671875 0.9234375 0.19583333281249998 0.9296875 0.2166666671875 0.93046875 0.23055555625 0.93515625 0.2388888890625 0.953125 0.23611111093749998 0.96796875 0.24722222187499998 0.97265625 0.24305555625
7 0.9421875 0.125 0.9265625 0.1263888890625 0.92578125 0.1291666671875 0.95234375 0.15 0.97890625 0.15972222187500001 0.97890625 0.15277777812499999 0.975 0.14444444375 0.96328125 0.13888888906250002 0.95625 0.13055555624999998 0.9421875 0.125
7 0.796875 0.13055555624999998 0.7953125 0.1166666671875 0.7984375 0.097222221875 0.79609375 0.09305555625 0.7875 0.09305555625 0.7890625 0.10694444375 0.7859375 0.11388888906250001 0.78515625 0.127777778125 0.77734375 0.1375 0.78359375 0.1416666671875 0.78671875 0.1541666671875 0.79140625 0.1541666671875 0.796875 0.13055555624999998
7 0.7453125 0.15972222187500001 0.765625 0.15972222187500001 0.77265625 0.13888888906250002 0.7703125 0.13333333281249998 0.77109375 0.09305555625 0.7671875 0.08194444375 0.75 0.0736111109375 0.7453125 0.15972222187500001
7 0.71953125 0.147222221875 0.7265625 0.15555555625 0.73671875 0.15555555625 0.7390625 0.06944444375 0.71796875 0.05694444375 0.70078125 0.054166667187499996 0.6828125 0.04444444375 0.67890625 0.047222221875 0.6765625 0.059722221875 0.67578125 0.09444444375 0.68046875 0.1041666671875 0.68828125 0.109722221875 0.69140625 0.11805555625 0.6890625 0.1263888890625 0.690625 0.1291666671875 0.7078125 0.14444444375 0.71953125 0.147222221875