2 0.04765625 0.42083333281249996 0.0421875 0.41805555625 0.0390625 0.425 0.0375 0.44444444375 0.04140625 0.46805555625000006 0.04921875 0.47083333281249995 0.05390625 0.46666666718750005 0.0546875 0.459722221875 0.04765625 0.42083333281249996
1 0.45390625 0.0861111109375 0.4515625 0.08055555625000001 0.446875 0.08055555625000001 0.4421875 0.0916666671875 0.4421875 0.1541666671875 0.43984375 0.1583333328125 0.44140625 0.21805555625 0.43828125 0.22638888906250001 0.42890625 0.22777777812500002 0.43203125 0.2388888890625 0.43828125 0.24305555625 0.45703125 0.2513888890625 0.46875 0.2513888890625 0.46875 0.24305555625 0.45390625 0.23055555625 0.45390625 0.1861111109375 0.45625 0.16805555625 0.45390625 0.0861111109375
1 0.38984375 0.140277778125 0.38515625 0.127777778125 0.384375 0.10555555624999999 0.37578125 0.1041666671875 0.3703125 0.1166666671875 0.371875 0.2541666671875 0.36875 0.259722221875 0.3578125 0.259722221875 0.3578125 0.26527777812500003 0.36796875 0.2708333328125 0.375 0.28611111093749997 0.38671875 0.2833333328125 0.39453125 0.2888888890625 0.39375 0.27638888906250003 0.38828125 0.26527777812500003 0.38515625 0.25 0.38515625 0.2208333328125 0.38984375 0.19305555624999998 0.38984375 0.140277778125
6 0.7609375 0.215277778125 0.7578125 0.2125 0.75390625 0.197222221875 0.7375 0.190277778125 0.73046875 0.1583333328125 0.72734375 0.15555555625 0.70390625 0.15 0.68828125 0.1513888890625 0.68125 0.16388888906250001 0.66796875 0.16388888906250001 0.659375 0.16944444375 0.65625 0.17361111093749998 0.6546875 0.190277778125 0.65390625 0.20694444375 0.6625 0.240277778125 0.684375 0.2388888890625 0.69765625 0.24722222187499998 0.70078125 0.25555555625 0.70234375 0.27638888906250003 0.7078125 0.2833333328125 0.71796875 0.28472222187499996 0.72890625 0.2708333328125 0.7375 0.27777777812500004 0.76015625 0.2791666671875 0.7625 0.275 0.7640625 0.240277778125 0.7609375 0.215277778125
6 0.62890625 0.1888888890625 0.6078125 0.1763888890625 0.5984375 0.1611111109375 0.575 0.1611111109375 0.56875 0.17916666718750002 0.56640625 0.19583333281249998 0.5671875 0.21805555625 0.57421875 0.23194444375 0.57578125 0.2416666671875 0.58515625 0.25 0.59921875 0.259722221875 0.65078125 0.25833333281250004 0.65703125 0.2513888890625 0.65546875 0.23055555625 0.634375 0.21944444375 0.6328125 0.2125 0.6359375 0.20555555625 0.63125 0.2 0.62890625 0.1888888890625
7 0.88671875 0.14444444375 0.87421875 0.134722221875 0.85 0.12222222187500001 0.84375 0.12361111093749999 0.83984375 0.1375 0.84453125 0.1513888890625 0.88671875 0.1541666671875 0.8890625 0.14861111093749999 0.88671875 0.14444444375
7 0.9703125 0.1 0.9625 0.08333333281250001 0.96171875 0.11805555625 0.9640625 0.11805555625 0.96953125 0.109722221875 0.9703125 0.1
7 0.925 0.1208333328125 0.94609375 0.12222222187500001 0.95390625 0.10138888906250001 0.95390625 0.08333333281250001 0.9390625 0.072222221875 0.9234375 0.072222221875 0.90703125 0.08333333281250001 0.90625 0.11944444375 0.91796875 0.1263888890625 0.92421875 0.1263888890625 0.925 0.1208333328125
7 0.871875 0.07083333281250001 0.8625 0.07083333281250001 0.8578125 0.07638888906249999 0.8578125 0.08194444375 0.875 0.102777778125 0.88984375 0.11388888906250001 0.8953125 0.11388888906250001 0.89765625 0.08055555625000001 0.871875 0.07083333281250001
7 0.92421875 0.27777777812500004 0.93046875 0.2666666671875 0.93046875 0.23333333281250002 0.92578125 0.2236111109375 0.91640625 0.1833333328125 0.9046875 0.16805555625 0.88046875 0.15555555625 0.85625 0.15555555625 0.8515625 0.1611111109375 0.846875 0.15555555625 0.8375 0.1541666671875 0.81875 0.15555555625 0.815625 0.16805555625 0.8140625 0.1875 0.8171875 0.197222221875 0.81796875 0.21944444375 0.8234375 0.22777777812500002 0.83125 0.22777777812500002 0.8375 0.2138888890625 0.846875 0.2166666671875 0.84921875 0.21944444375 0.85078125 0.23611111093749998 0.878125 0.25833333281250004 0.88125 0.275 0.8859375 0.28055555625 0.8953125 0.27638888906250003 0.92421875 0.27777777812500004
7 0.1515625 0.109722221875 0.14140625 0.13055555624999998 0.14375 0.1583333328125 0.1328125 0.17361111093749998 0.1328125 0.1875 0.14296875 0.19305555624999998 0.16640625 0.1875 0.1921875 0.19583333281249998 0.1953125 0.19305555624999998 0.19765625 0.18194444375000002 0.2046875 0.17361111093749998 0.20546875 0.15277777812499999 0.203125 0.14444444375 0.18984375 0.13333333281249998 0.1796875 0.11805555625 0.16875 0.109722221875 0.15546875 0.10833333281249999 0.1515625 0.109722221875
7 0.3625 0.14861111093749999 0.36953125 0.13888888906250002 0.36953125 0.10694444375 0.38125 0.1 0.37890625 0.0375 0.36484375 0.04444444375 0.35546875 0.05694444375 0.34921875 0.052777778124999994 0.334375 0.05694444375 0.32890625 0.04305555625 0.29140625 0.047222221875 0.28125 0.055555556250000006 0.2796875 0.075 0.2765625 0.077777778125 0.27890625 0.08333333281250001 0.2765625 0.0861111109375 0.275 0.10694444375 0.275 0.16388888906250001 0.28125 0.1708333328125 0.28203125 0.17916666718750002 0.2875 0.17361111093749998 0.29609375 0.17361111093749998 0.30625 0.19444444375 0.325 0.19305555624999998 0.3328125 0.16388888906250001 0.35546875 0.15972222187500001 0.3625 0.15277777812499999 0.3625 0.14861111093749999
7 0.4375 0.16805555625 0.44140625 0.14305555625 0.43984375 0.10694444375 0.4453125 0.08055555625000001 0.45390625 0.084722221875 0.4578125 0.09444444375 0.45546875 0.127777778125 0.45625 0.177777778125 0.46171875 0.177777778125 0.46953125 0.16805555625 0.4765625 0.13888888906250002 0.478125 0.1 0.47578125 0.0875 0.47421875 0.030555556249999997 0.4671875 0.009722221875000001 0.42734375 0.006944443749999999 0.3953125 0.0208333328125 0.3890625 0.030555556249999997 0.3890625 0.0625 0.3921875 0.075 0.38828125 0.08333333281250001 0.38828125 0.1166666671875 0.39765625 0.134722221875 0.39453125 0.140277778125 0.39375 0.1541666671875 0.39765625 0.1583333328125 0.4015625 0.17916666718750002 0.40625 0.1833333328125 0.421875 0.1833333328125 0.4296875 0.177777778125 0.43125 0.1708333328125 0.4375 0.16805555625
7 0.99453125 0.27777777812500004 0.99921875 0.2708333328125 0.99921875 0.222222221875 0.99296875 0.21805555625 0.98828125 0.23472222187499997 0.9875 0.2708333328125 0.99453125 0.27777777812500004
7 0.91953125 0.1916666671875 0.92265625 0.19583333281249998 0.925 0.2138888890625 0.93359375 0.23611111093749998 0.93828125 0.240277778125 0.95859375 0.23194444375 0.9671875 0.24444444375000002 0.9703125 0.24444444375000002 0.97421875 0.22638888906250001 0.9734375 0.20277777812500003 0.928125 0.16944444375 0.9234375 0.16805555625 0.91953125 0.172222221875 0.91953125 0.1916666671875
7 0.95546875 0.1458333328125 0.9640625 0.1541666671875 0.98046875 0.15972222187500001 0.9796875 0.15 0.97578125 0.14305555625 0.9375 0.12222222187500001 0.92578125 0.12222222187500001 0.925 0.13055555624999998 0.93203125 0.13333333281249998 0.9375 0.1416666671875 0.95546875 0.1458333328125
7 0.78125 0.1375 0.7859375 0.1513888890625 0.79296875 0.1513888890625 0.79296875 0.1208333328125 0.7859375 0.12222222187500001 0.78515625 0.13194444375 0.78125 0.1375
7 0.7890625 0.115625 0.003125 0.0015625
7 0.7953125 0.109722221875 0.79765625 0.097222221875 0.7890625 0.09305555625 0.7890625 0.10555555624999999 0.7953125 0.109722221875
7 0.76796875 0.08194444375 0.75078125 0.075 0.74921875 0.077777778125 0.7484375 0.115277778125 0.7453125 0.134722221875 0.74609375 0.15972222187500001 0.76171875 0.15972222187500001 0.76875 0.1513888890625 0.77109375 0.090277778125 0.76796875 0.08194444375
7 0.7375 0.15555555625 0.7390625 0.06944444375 0.69296875 0.047222221875 0.68046875 0.0458333328125 0.6765625 0.055555556250000006 0.6765625 0.097222221875 0.6875 0.10694444375 0.69375 0.1291666671875 0.7265625 0.15555555625 0.7375 0.15555555625
4 0.10078125 0.27777777812500004 0.09765625 0.26527777812500003 0.09375 0.2611111109375 0.09140625 0.26527777812500003 0.09140625 0.27777777812500004 0.08671875 0.28194444375 0.0828125 0.30416666718749996 0.08046875 0.3638888890625 0.0859375 0.36666666718749996 0.09140625 0.3458333328125 0.09375 0.352777778125 0.09453125 0.375 0.1 0.3916666671875 0.1046875 0.3736111109375 0.11015625 0.36805555624999997 0.109375 0.34722222187499996 0.10703125 0.34305555625 0.10703125 0.31944444375000003 0.11015625 0.315277778125 0.109375 0.2888888890625 0.10078125 0.27777777812500004