0 0.006944443749999999 0 0.0361111109375 0.10234375 0.04444444375 0.12109375 0.058333332812500006 0.1296875 0.0513888890625 0.13203125 0.0486111109375 0.1390625 0.03194444375 0.15390625 0.03194444375 0.1796875 0.04305555625 0.19296875 0.05694444375 0.2 0.0861111109375 0.20546875 0.10833333281249999 0.2265625 0.1375 0.234375 0.18194444375000002 0.23125 0.19583333281249998 0.22734375 0.21111111093749999 0.22890625 0.26527777812500003 0.21875 0.2875 0.2109375 0.30555555624999997 0.2 0.31805555625 0.18671875 0.32083333281250004 0.10234375 0.325 0.09921875 0.3333333328125 0.09921875 0.3375 0.10546875 0.34444444375 0.10625 0.3541666671875 0.10078125 0.3458333328125 0.09375 0.3361111109375 0.09375 0.3361111109375 0.090625 0.3625 0.075 0.38194444375000003 0.06796875 0.3861111109375 0.0640625 0.38333333281250004 0.0609375 0.3958333328125 0.059375 0.4138888890625 0.04921875 0.4 0.05234375 0.3861111109375 0.06015625 0.34305555625 0.065625 0.3361111109375 0 0.006944443749999999 0
2 0.58194444375 0.03359375 0.58194444375 0.02578125 0.577777778125 0.02421875 0.5361111109375 0.025 0.5305555562500001 0.0296875 0.5319444437499999 0.03671875 0.5375 0.040625 0.577777778125 0.03671875 0.58194444375 0.03359375
1 0.8458333328125001 0.38828125 0.890277778125 0.38671875 0.8958333328125001 0.37265625 0.8875 0.36875 0.8416666671874999 0.37265625 0.752777778125 0.37265625 0.7402777781250001 0.36875 0.7402777781250001 0.359375 0.7361111109375 0.3578125 0.727777778125 0.36875 0.7111111109375 0.37734375 0.7166666671875 0.38671875 0.709722221875 0.39375 0.7166666671875 0.3953125 0.7361111109375 0.38671875 0.7597222218749999 0.38515625 0.8388888890624999 0.38515625 0.8458333328125001 0.38828125
1 0.91805555625 0.44921875 0.9138888890624999 0.44296875 0.7833333328125 0.4421875 0.7736111109375 0.4375 0.7736111109375 0.43046875 0.76944444375 0.4296875 0.7611111109375 0.4328125 0.7569444437499999 0.4390625 0.7486111109375 0.46796875 0.7569444437499999 0.46875 0.765277778125 0.45625 0.7833333328125 0.45234375 0.83194444375 0.45625 0.8513888890624999 0.45390625 0.915277778125 0.4546875 0.91805555625 0.44921875
6 0.8055555562500001 0.753125 0.8125 0.73515625 0.8416666671874999 0.73046875 0.852777778125 0.6953125 0.8486111109375001 0.68828125 0.834722221875 0.68046875 0.83194444375 0.6609375 0.827777778125 0.65703125 0.7819444437499999 0.65625 0.7583333328124999 0.6640625 0.7569444437499999 0.675 0.7611111109375 0.68203125 0.752777778125 0.69765625 0.74444444375 0.70078125 0.725 0.70234375 0.715277778125 0.71171875 0.7166666671875 0.72109375 0.725 0.728125 0.725 0.7625 0.747222221875 0.76484375 0.7833333328125 0.76171875 0.8055555562500001 0.753125
6 0.80694444375 0.5671875 0.7805555562500001 0.5671875 0.7597222218749999 0.57578125 0.7430555562500001 0.5953125 0.7416666671875001 0.6515625 0.7486111109375 0.65703125 0.76944444375 0.65546875 0.7763888890625 0.63671875 0.7833333328125 0.6328125 0.8041666671875 0.6359375 0.815277778125 0.625 0.8236111109375001 0.6078125 0.840277778125 0.5984375 0.8388888890624999 0.575 0.80694444375 0.5671875
7 0.8652777781250001 0.87421875 0.877777778125 0.85078125 0.877777778125 0.84375 0.8625 0.83984375 0.8486111109375001 0.84453125 0.8458333328125001 0.89296875 0.852777778125 0.89140625 0.85555555625 0.8828125 0.8652777781250001 0.87421875
7 0.902777778125 0.96953125 0.9138888890624999 0.9625 0.8819444437499999 0.96171875 0.8833333328125 0.96640625 0.89305555625 0.96953125 0.902777778125 0.96953125
7 0.877777778125 0.9265625 0.877777778125 0.94921875 0.8847222218749999 0.95234375 0.91805555625 0.95390625 0.9277777781250001 0.93828125 0.9277777781250001 0.92265625 0.9166666671874999 0.90703125 0.88055555625 0.90625 0.875 0.9125 0.872222221875 0.9234375 0.877777778125 0.9265625
7 0.9055555562500001 0.89765625 0.91944444375 0.89609375 0.9291666671875 0.86875 0.9277777781250001 0.86015625 0.9236111109375 0.8578125 0.91805555625 0.8578125 0.897222221875 0.875 0.8861111109375001 0.88984375 0.8861111109375001 0.8953125 0.9055555562500001 0.89765625
7 0.7333333328125 0.93046875 0.7666666671875 0.93046875 0.7763888890625 0.92578125 0.8194444437499999 0.915625 0.827777778125 0.909375 0.8444444437499999 0.8796875 0.8444444437499999 0.85625 0.840277778125 0.85390625 0.8444444437499999 0.84609375 0.8444444437499999 0.81953125 0.83055555625 0.81640625 0.80694444375 0.815625 0.777777778125 0.81875 0.7708333328125 0.825 0.772222221875 0.834375 0.7819444437499999 0.8375 0.7819444437499999 0.8453125 0.777777778125 0.84921875 0.7638888890625 0.85078125 0.7416666671875001 0.878125 0.725 0.88125 0.7194444437499999 0.88671875 0.7236111109375 0.8953125 0.722222221875 0.92421875 0.7333333328125 0.93046875
7 0.76944444375 0.9890625 0.7291666671875 0.9875 0.722222221875 0.98984375 0.7208333328125 0.99609375 0.7236111109375 0.99921875 0.7805555562500001 0.99921875 0.7819444437499999 0.9921875 0.76944444375 0.9890625
7 0.797222221875 0.925 0.76944444375 0.93046875 0.7611111109375 0.93515625 0.7611111109375 0.9609375 0.752777778125 0.96953125 0.7569444437499999 0.971875 0.7736111109375 0.975 0.797222221875 0.97421875 0.83055555625 0.92890625 0.83194444375 0.921875 0.8263888890625 0.91875 0.8083333328125001 0.91875 0.797222221875 0.925
7 0.877777778125 0.92734375 0.8680555562500001 0.925 0.85694444375 0.93515625 0.840277778125 0.98046875 0.8541666671874999 0.97890625 0.859722221875 0.97265625 0.8736111109375001 0.94609375 0.877777778125 0.92734375
7 0.8611111109375 0.7796875 0.8486111109375001 0.78984375 0.852777778125 0.79296875 0.8791666671874999 0.79296875 0.8819444437499999 0.7859375 0.86944444375 0.78515625 0.8611111109375 0.7796875
7 0.902777778125 0.79765625 0.9069444437499999 0.79296875 0.9069444437499999 0.78828125 0.9 0.78828125 0.8916666671875 0.7953125 0.902777778125 0.79765625
7 0.8583333328125 0.7703125 0.8958333328125001 0.77109375 0.9166666671874999 0.76875 0.925 0.75390625 0.9236111109375 0.74921875 0.872222221875 0.74765625 0.8652777781250001 0.7453125 0.840277778125 0.74609375 0.840277778125 0.76171875 0.847222221875 0.76796875 0.8583333328125 0.7703125
7 0.9472222218749999 0.6765625 0.9083333328125001 0.675 0.8958333328125001 0.68046875 0.89305555625 0.68671875 0.8819444437499999 0.690625 0.8708333328125001 0.690625 0.85694444375 0.70546875 0.852777778125 0.71953125 0.8444444437499999 0.72578125 0.8444444437499999 0.73671875 0.925 0.7390625 0.93194444375 0.7375 0.95555555625 0.68203125 0.9541666671875 0.67734375 0.9472222218749999 0.6765625