2 0.02890625 0.46805555625000006 0.0359375 0.46805555625000006 0.0359375 0.42083333281249996 0.02578125 0.41805555625 0.02421875 0.42222222187499997 0.025 0.459722221875 0.02890625 0.46805555625000006
1 0.38671875 0.2833333328125 0.39375 0.290277778125 0.39453125 0.28055555625 0.38671875 0.2625 0.38515625 0.21805555625 0.38984375 0.19305555624999998 0.3859375 0.1888888890625 0.38515625 0.165277778125 0.38828125 0.15277777812499999 0.38515625 0.1111111109375 0.3796875 0.102777778125 0.3703125 0.109722221875 0.3734375 0.20138888906250002 0.371875 0.2541666671875 0.36875 0.259722221875 0.3609375 0.259722221875 0.359375 0.26527777812500003 0.36875 0.272222221875 0.375 0.28611111093749997 0.38671875 0.2833333328125
1 0.46875 0.24305555625 0.45703125 0.23611111093749998 0.45234375 0.2166666671875 0.45625 0.1708333328125 0.45390625 0.13888888906250002 0.4546875 0.084722221875 0.45 0.08194444375 0.44296875 0.0861111109375 0.4421875 0.2166666671875 0.43828125 0.22638888906250001 0.43125 0.22638888906250001 0.4296875 0.23055555625 0.4328125 0.2388888890625 0.43828125 0.24305555625 0.4671875 0.2513888890625 0.46875 0.24305555625
6 0.71171875 0.28472222187499996 0.72109375 0.2833333328125 0.7296875 0.2708333328125 0.73671875 0.27777777812500004 0.7625 0.275 0.7640625 0.23472222187499997 0.76171875 0.21805555625 0.75234375 0.19444444375 0.73515625 0.1875 0.73046875 0.1583333328125 0.7125 0.1513888890625 0.69140625 0.15 0.6796875 0.1666666671875 0.675 0.165277778125 0.6640625 0.17361111093749998 0.6609375 0.16944444375 0.65703125 0.175 0.65625 0.2166666671875 0.6640625 0.2416666671875 0.675 0.24305555625 0.68203125 0.2388888890625 0.69765625 0.24722222187499998 0.70078125 0.25555555625 0.70234375 0.275 0.71171875 0.28472222187499996
6 0.65703125 0.2513888890625 0.65546875 0.23055555625 0.634375 0.2208333328125 0.63046875 0.190277778125 0.615625 0.177777778125 0.6078125 0.1763888890625 0.5984375 0.15972222187500001 0.57578125 0.1611111109375 0.56875 0.18055555625 0.56640625 0.19583333281249998 0.56875 0.22638888906250001 0.5734375 0.23055555625 0.5765625 0.240277778125 0.58828125 0.24722222187499998 0.59765625 0.25833333281250004 0.65 0.25833333281250004 0.65703125 0.2513888890625
7 0.88984375 0.147222221875 0.87421875 0.134722221875 0.85546875 0.1291666671875 0.84921875 0.1208333328125 0.84140625 0.12222222187500001 0.8390625 0.1263888890625 0.8390625 0.1375 0.84453125 0.1513888890625 0.86640625 0.15 0.8859375 0.1541666671875 0.8859375 0.1458333328125 0.8921875 0.1541666671875 0.88984375 0.147222221875
7 0.96953125 0.10555555624999999 0.96875 0.097222221875 0.9640625 0.090277778125 0.95859375 0.09305555625 0.95390625 0.08333333281250001 0.93828125 0.072222221875 0.9234375 0.072222221875 0.90703125 0.0861111109375 0.90625 0.11944444375 0.91796875 0.127777778125 0.953125 0.11805555625 0.9546875 0.1041666671875 0.9625 0.11805555625 0.96171875 0.115277778125 0.96640625 0.115277778125 0.96953125 0.10555555624999999
7 0.8578125 0.07638888906249999 0.8578125 0.08333333281250001 0.875 0.102777778125 0.8890625 0.11388888906250001 0.8953125 0.11388888906250001 0.8984375 0.0916666671875 0.89609375 0.08055555625000001 0.86875 0.07083333281250001 0.8578125 0.07638888906249999
7 0.85078125 0.23611111093749998 0.878125 0.25833333281250004 0.88125 0.275 0.8859375 0.28055555625 0.89296875 0.28055555625 0.89609375 0.27638888906250003 0.925 0.27777777812500004 0.93046875 0.26805555625 0.93046875 0.23194444375 0.9265625 0.22638888906250001 0.915625 0.18194444375000002 0.90390625 0.16805555625 0.88515625 0.15555555625 0.85703125 0.15555555625 0.853125 0.1611111109375 0.8421875 0.15555555625 0.81953125 0.15555555625 0.815625 0.1708333328125 0.8140625 0.184722221875 0.81875 0.2208333328125 0.8234375 0.22777777812500002 0.83203125 0.22916666718749998 0.83671875 0.21805555625 0.8453125 0.21805555625 0.84921875 0.222222221875 0.85078125 0.23611111093749998
7 0.99375 0.27638888906250003 0.99921875 0.26805555625 0.99921875 0.21944444375 0.99296875 0.21805555625 0.98828125 0.2375 0.9875 0.26527777812500003 0.99375 0.27638888906250003
7 0.975 0.20972222187499998 0.96875 0.197222221875 0.92578125 0.16805555625 0.9203125 0.16944444375 0.91875 0.175 0.91875 0.190277778125 0.92265625 0.19583333281249998 0.9265625 0.21805555625 0.93515625 0.2388888890625 0.9625 0.240277778125 0.96875 0.24583333281250003 0.971875 0.24305555625 0.975 0.20972222187499998
7 0.92578125 0.1263888890625 0.925 0.13055555624999998 0.9390625 0.14305555625 0.9546875 0.1458333328125 0.9640625 0.1541666671875 0.98046875 0.15972222187500001 0.9765625 0.14305555625 0.93515625 0.12222222187500001 0.92578125 0.1263888890625
7 0.7859375 0.1208333328125 0.78515625 0.13055555624999998 0.7796875 0.1375 0.784375 0.14305555625 0.7859375 0.15277777812499999 0.79140625 0.15277777812499999 0.79375 0.14444444375 0.79296875 0.1208333328125 0.7859375 0.1208333328125
7 0.7890625 0.1041666671875 0.79296875 0.1111111109375 0.796875 0.10555555624999999 0.79765625 0.097222221875 0.79296875 0.09305555625 0.7875 0.09305555625 0.7890625 0.1041666671875
7 0.7453125 0.1583333328125 0.7625 0.15972222187500001 0.76875 0.15277777812499999 0.7703125 0.1416666671875 0.7703125 0.090277778125 0.76640625 0.08055555625000001 0.74921875 0.07638888906249999 0.7453125 0.1583333328125
7 0.734375 0.1583333328125 0.7375 0.1541666671875 0.7390625 0.06944444375 0.72421875 0.059722221875 0.684375 0.04444444375 0.67734375 0.0458333328125 0.6765625 0.055555556250000006 0.675 0.09305555625 0.67890625 0.10138888906250001 0.68828125 0.109722221875 0.6921875 0.13055555624999998 0.7015625 0.140277778125 0.71953125 0.147222221875 0.72578125 0.15555555625 0.734375 0.1583333328125