2 0.425 0.96328125 0.41805555625 0.9671875 0.41944444374999995 0.975 0.440277778125 0.9765625 0.4625 0.97421875 0.46805555625000006 0.97109375 0.46805555625000006 0.9640625 0.4625 0.96171875 0.425 0.96328125
1 0.19305555624999998 0.61171875 0.1861111109375 0.6140625 0.1611111109375 0.61484375 0.1513888890625 0.61171875 0.140277778125 0.6140625 0.11388888906250001 0.6140625 0.10694444375 0.615625 0.1041666671875 0.61953125 0.1041666671875 0.62734375 0.109722221875 0.63046875 0.15972222187500001 0.62734375 0.24722222187499998 0.62734375 0.259722221875 0.63125 0.259722221875 0.640625 0.26527777812500003 0.640625 0.272222221875 0.63125 0.28611111093749997 0.625 0.2888888890625 0.6203125 0.2833333328125 0.61328125 0.2888888890625 0.60546875 0.272222221875 0.60859375 0.26527777812500003 0.61328125 0.21944444375 0.61484375 0.19305555624999998 0.61171875
1 0.08194444375 0.55078125 0.0861111109375 0.55703125 0.215277778125 0.5578125 0.22638888906250001 0.5625 0.22638888906250001 0.56953125 0.23055555625 0.5703125 0.2388888890625 0.5671875 0.24305555625 0.5609375 0.2513888890625 0.5328125 0.24305555625 0.53125 0.23472222187499997 0.54375 0.215277778125 0.54765625 0.16944444375 0.54375 0.14444444375 0.54609375 0.084722221875 0.5453125 0.08194444375 0.55078125
6 0.2125 0.2421875 0.197222221875 0.2453125 0.1875 0.26484375 0.1583333328125 0.26953125 0.147222221875 0.30546875 0.1513888890625 0.31171875 0.1666666671875 0.3203125 0.16805555625 0.3390625 0.175 0.34375 0.2208333328125 0.34375 0.2416666671875 0.33671875 0.24305555625 0.325 0.2388888890625 0.31875 0.24722222187499998 0.3015625 0.275 0.29765625 0.28472222187499996 0.28828125 0.2833333328125 0.2796875 0.2708333328125 0.27109375 0.27777777812500004 0.2625 0.27638888906250003 0.23828125 0.2638888890625 0.2359375 0.21805555625 0.23828125 0.2125 0.2421875
6 0.15972222187500001 0.4015625 0.1611111109375 0.42421875 0.17361111093749998 0.4296875 0.19305555624999998 0.4328125 0.22777777812500002 0.43125 0.23055555625 0.4265625 0.2416666671875 0.4234375 0.24583333281250003 0.41328125 0.259722221875 0.4015625 0.25833333281250004 0.3484375 0.25 0.34296875 0.23055555625 0.34453125 0.2236111109375 0.3625 0.2166666671875 0.3671875 0.20694444375 0.36328125 0.190277778125 0.36328125 0.17361111093749998 0.39375 0.15972222187500001 0.4015625
7 0.147222221875 0.10859375 0.13055555624999998 0.1328125 0.1291666671875 0.1421875 0.1208333328125 0.1515625 0.12361111093749999 0.15859375 0.1375 0.1609375 0.15 0.1578125 0.15277777812499999 0.1546875 0.15277777812499999 0.10703125 0.147222221875 0.10859375
7 0.0861111109375 0.0375 0.10555555624999999 0.03828125 0.10833333281249999 0.03203125 0.11805555625 0.0375 0.115277778125 0.03359375 0.10555555624999999 0.03046875 0.097222221875 0.03046875 0.0861111109375 0.0375
7 0.1263888890625 0.07578125 0.1208333328125 0.0734375 0.12222222187500001 0.06328125 0.1166666671875 0.04765625 0.102777778125 0.0453125 0.08055555625000001 0.046875 0.072222221875 0.06171875 0.072222221875 0.0765625 0.084722221875 0.09296875 0.11944444375 0.09375 0.125 0.0875 0.1263888890625 0.07578125
7 0.0958333328125 0.10234375 0.08055555625000001 0.10390625 0.07083333281250001 0.13046875 0.07083333281250001 0.1375 0.07638888906249999 0.14296875 0.08055555625000001 0.14375 0.102777778125 0.125 0.11388888906250001 0.1109375 0.11388888906250001 0.1046875 0.0958333328125 0.10234375
7 0.23333333281250002 0.06953125 0.22638888906250001 0.0734375 0.18055555625 0.084375 0.172222221875 0.090625 0.15555555625 0.11953125 0.15555555625 0.14375 0.165277778125 0.1484375 0.15972222187500001 0.1515625 0.15555555625 0.1609375 0.15555555625 0.18125 0.1611111109375 0.1828125 0.184722221875 0.1859375 0.22638888906250001 0.1796875 0.22916666718749998 0.16875 0.21805555625 0.16328125 0.21805555625 0.153125 0.23611111093749998 0.14921875 0.2541666671875 0.13046875 0.25833333281250004 0.12109375 0.275 0.11875 0.28055555625 0.11328125 0.27638888906250003 0.10390625 0.27777777812500004 0.075 0.2666666671875 0.06953125 0.23333333281250002 0.06953125
7 0.27638888906250003 0.00625 0.2708333328125 0.00078125 0.21944444375 0.00078125 0.21805555625 0.00703125 0.23333333281250002 0.01171875 0.26805555625 0.0125 0.27638888906250003 0.00625
7 0.24722222187499998 0.03125 0.24305555625 0.028125 0.23055555625 0.02578125 0.20277777812500003 0.0265625 0.16944444375 0.071875 0.16805555625 0.078125 0.17361111093749998 0.08125 0.1916666671875 0.08125 0.2388888890625 0.06484375 0.240277778125 0.0375 0.24722222187499998 0.03125
7 0.14305555625 0.0671875 0.147222221875 0.05625 0.1458333328125 0.04453125 0.1541666671875 0.0359375 0.15972222187500001 0.01953125 0.147222221875 0.02109375 0.14305555625 0.025 0.1263888890625 0.053125 0.12222222187500001 0.0734375 0.13194444375 0.075 0.13333333281249998 0.07109375 0.14305555625 0.0671875
7 0.11805555625 0.2140625 0.1291666671875 0.21484375 0.13888888906250002 0.22265625 0.14305555625 0.21640625 0.1513888890625 0.21328125 0.1513888890625 0.2078125 0.11944444375 0.20703125 0.11805555625 0.2140625
7 0.1041666671875 0.21171875 0.11388888906250001 0.20703125 0.1 0.20234375 0.09444444375 0.203125 0.09305555625 0.20703125 0.09305555625 0.2125 0.1041666671875 0.21171875
7 0.13888888906250002 0.22890625 0.0916666671875 0.22890625 0.08333333281250001 0.23125 0.075 0.24609375 0.07638888906249999 0.25078125 0.1291666671875 0.25234375 0.134722221875 0.2546875 0.15972222187500001 0.25390625 0.15972222187500001 0.2390625 0.15277777812499999 0.23203125 0.13888888906250002 0.22890625
7 0.10138888906250001 0.32265625 0.10833333281249999 0.3125 0.1291666671875 0.31171875 0.14305555625 0.29453125 0.1458333328125 0.28125 0.15555555625 0.27421875 0.15694444375 0.2640625 0.06944444375 0.26171875 0.047222221875 0.30859375 0.04444444375 0.32109375 0.0486111109375 0.3234375 0.09305555625 0.325 0.10138888906250001 0.32265625