2 0.97109375 0.5319444437499999 0.96328125 0.5319444437499999 0.96171875 0.5416666671875 0.9640625 0.5791666671875 0.975 0.58055555625 0.975 0.540277778125 0.97109375 0.5319444437499999
1 0.61484375 0.8416666671874999 0.61015625 0.847222221875 0.6109375 0.85555555625 0.6140625 0.859722221875 0.61484375 0.8916666671875 0.62421875 0.897222221875 0.63125 0.890277778125 0.62734375 0.8388888890624999 0.62734375 0.75 0.63125 0.7402777781250001 0.640625 0.7402777781250001 0.640625 0.734722221875 0.63125 0.727777778125 0.625 0.7138888890625 0.6203125 0.7111111109375 0.61328125 0.7166666671875 0.60546875 0.7111111109375 0.60625 0.722222221875 0.61328125 0.7361111109375 0.61484375 0.7583333328124999 0.61484375 0.8416666671874999
1 0.56171875 0.7736111109375 0.56953125 0.7736111109375 0.5703125 0.76944444375 0.5671875 0.7611111109375 0.53984375 0.7486111109375 0.53828125 0.7611111109375 0.5342633921875 0.759920634375 0.5453125 0.7708333328125 0.54765625 0.784722221875 0.54375 0.83055555625 0.54609375 0.8513888890624999 0.5453125 0.9138888890624999 0.55703125 0.9138888890624999 0.5578125 0.7833333328125 0.56171875 0.7736111109375
6 0.23828125 0.7819444437499999 0.24609375 0.8027777781250001 0.26484375 0.8125 0.26953125 0.8416666671874999 0.29453125 0.85 0.30859375 0.85 0.32109375 0.8333333328125001 0.3296875 0.8333333328125001 0.3359375 0.827777778125 0.3390625 0.83194444375 0.34375 0.8236111109375001 0.34375 0.7819444437499999 0.3359375 0.7583333328124999 0.325 0.7569444437499999 0.3171875 0.7611111109375 0.3015625 0.752777778125 0.29765625 0.725 0.2890625 0.715277778125 0.278125 0.7166666671875 0.27109375 0.7291666671875 0.26328125 0.722222221875 0.2375 0.725 0.2359375 0.7611111109375 0.23828125 0.7819444437499999
6 0.3734375 0.815277778125 0.3953125 0.827777778125 0.40234375 0.840277778125 0.42421875 0.8388888890624999 0.43125 0.8194444437499999 0.43359375 0.8055555562500001 0.4328125 0.7805555562500001 0.43125 0.772222221875 0.4265625 0.76944444375 0.42265625 0.7569444437499999 0.4140625 0.7541666671875 0.4 0.7402777781250001 0.35 0.7416666671875001 0.34375 0.7458333328125 0.34453125 0.76944444375 0.3640625 0.7763888890625 0.3671875 0.7833333328125 0.36328125 0.8041666671875 0.3734375 0.815277778125
7 0.11953125 0.8444444437499999 0.109375 0.8444444437499999 0.10703125 0.8486111109375001 0.1265625 0.8652777781250001 0.1421875 0.8708333328125001 0.1515625 0.8791666671874999 0.1609375 0.8736111109375001 0.1609375 0.8638888890624999 0.15546875 0.8486111109375001 0.1390625 0.85 0.11953125 0.8444444437499999
7 0.03203125 0.902777778125 0.0359375 0.9041666671874999 0.0375 0.8819444437499999 0.03359375 0.8847222218749999 0.03046875 0.89444444375 0.03203125 0.902777778125
7 0.0734375 0.877777778125 0.0484375 0.88055555625 0.04453125 0.9013888890624999 0.0375 0.9055555562500001 0.04296875 0.9069444437499999 0.04765625 0.91805555625 0.06171875 0.9277777781250001 0.0765625 0.9277777781250001 0.09296875 0.9166666671874999 0.09375 0.88055555625 0.08125 0.872222221875 0.0734375 0.877777778125
7 0.1421875 0.9236111109375 0.14375 0.91944444375 0.12421875 0.8958333328125001 0.1046875 0.8861111109375001 0.103125 0.91944444375 0.13046875 0.9291666671875 0.1375 0.9291666671875 0.1421875 0.9236111109375
7 0.07734375 0.7208333328125 0.06953125 0.7333333328125 0.06953125 0.7666666671875 0.07421875 0.7763888890625 0.084375 0.81805555625 0.090625 0.827777778125 0.1203125 0.8444444437499999 0.14375 0.8444444437499999 0.1484375 0.8361111109375001 0.1609375 0.8444444437499999 0.18046875 0.8444444437499999 0.1828125 0.8375 0.1859375 0.81805555625 0.18125 0.777777778125 0.178125 0.7736111109375 0.16875 0.7708333328125 0.16328125 0.7819444437499999 0.153125 0.7819444437499999 0.14921875 0.7638888890625 0.13046875 0.7458333328125 0.12109375 0.7416666671875001 0.11875 0.725 0.1140625 0.7194444437499999 0.10703125 0.7194444437499999 0.10390625 0.7236111109375 0.07734375 0.7208333328125
7 0.01171875 0.7625 0.0125 0.73194444375 0.01015625 0.725 0.00546875 0.7236111109375 0.00078125 0.73055555625 0.00078125 0.7805555562500001 0.00625 0.7819444437499999 0.01171875 0.7625
7 0.08203125 0.8125 0.07578125 0.7986111109375 0.07421875 0.7833333328125 0.06484375 0.7611111109375 0.0359375 0.7597222218749999 0.03046875 0.7541666671875 0.025 0.777777778125 0.025 0.7916666671875 0.02734375 0.797222221875 0.034375 0.8055555562500001 0.071875 0.83055555625 0.078125 0.83194444375 0.08125 0.8263888890625 0.08203125 0.8125
7 0.01953125 0.840277778125 0.02265625 0.85555555625 0.03984375 0.8666666671875 0.06875 0.877777778125 0.07421875 0.8736111109375001 0.07421875 0.86944444375 0.0625 0.85694444375 0.0453125 0.8541666671874999 0.0359375 0.8458333328125001 0.01953125 0.840277778125
7 0.21171875 0.8958333328125001 0.20859375 0.89305555625 0.20859375 0.8847222218749999 0.2140625 0.8819444437499999 0.21484375 0.8708333328125001 0.21953125 0.8611111109375 0.21015625 0.847222221875 0.20703125 0.8486111109375001 0.2078125 0.8833333328125 0.203125 0.89305555625 0.20234375 0.902777778125 0.2078125 0.9069444437499999 0.2125 0.9041666671874999 0.21171875 0.8958333328125001
7 0.23125 0.8458333328125001 0.2296875 0.8583333328125 0.22890625 0.9083333328125001 0.2328125 0.91805555625 0.25078125 0.9236111109375 0.2515625 0.8833333328125 0.25546875 0.8458333328125001 0.25390625 0.840277778125 0.23671875 0.840277778125 0.23125 0.8458333328125001
7 0.325 0.9069444437499999 0.31953125 0.8958333328125001 0.31328125 0.89305555625 0.30859375 0.8819444437499999 0.309375 0.8708333328125001 0.29453125 0.85694444375 0.28203125 0.8541666671874999 0.27421875 0.8444444437499999 0.2640625 0.8430555562500001 0.26171875 0.9305555562500001 0.30859375 0.952777778125 0.32109375 0.95555555625 0.3234375 0.9513888890625 0.325 0.9069444437499999
4 0.8703125 0.784722221875 0.86171875 0.8333333328125001 0.86328125 0.8541666671874999 0.86875 0.859722221875 0.8734375 0.85555555625 0.87421875 0.7986111109375 0.8703125 0.784722221875