2 0.41944444374999995 0.975 0.459722221875 0.975 0.46944444374999994 0.96875 0.46805555625000006 0.96328125 0.4625 0.95859375 0.45555555625000005 0.95859375 0.42083333281249996 0.9640625 0.41944444374999995 0.975
1 0.115277778125 0.61328125 0.10833333281249999 0.61484375 0.102777778125 0.6203125 0.1041666671875 0.62734375 0.11388888906250001 0.6296875 0.15555555625 0.62734375 0.2513888890625 0.62734375 0.259722221875 0.63125 0.259722221875 0.63984375 0.26527777812500003 0.640625 0.2708333328125 0.6328125 0.2888888890625 0.6234375 0.2833333328125 0.6140625 0.290277778125 0.60546875 0.2833333328125 0.6046875 0.259722221875 0.61328125 0.24305555625 0.6140625 0.1833333328125 0.615625 0.115277778125 0.61328125
1 0.08333333281250001 0.55 0.0875 0.55703125 0.2166666671875 0.5578125 0.22777777812500002 0.5625 0.22638888906250001 0.56875 0.23055555625 0.5703125 0.2388888890625 0.5671875 0.24305555625 0.56171875 0.2513888890625 0.53203125 0.24305555625 0.53125 0.23333333281250002 0.54453125 0.215277778125 0.54765625 0.1708333328125 0.54375 0.1458333328125 0.54609375 0.0861111109375 0.5453125 0.08333333281250001 0.55
6 0.215277778125 0.2359375 0.2138888890625 0.2390625 0.19444444375 0.24765625 0.190277778125 0.26328125 0.17916666718750002 0.2671875 0.1583333328125 0.26953125 0.15 0.3078125 0.15277777812499999 0.3125 0.165277778125 0.31875 0.1666666671875 0.328125 0.177777778125 0.33515625 0.17361111093749998 0.3390625 0.17916666718750002 0.34375 0.21805555625 0.34375 0.2375 0.33828125 0.24305555625 0.3328125 0.2416666671875 0.3140625 0.24722222187499998 0.303125 0.28055555625 0.29375 0.28472222187499996 0.28046875 0.275 0.271875 0.2791666671875 0.26171875 0.2791666671875 0.24375 0.275 0.23671875 0.2388888890625 0.2359375 0.21944444375 0.2390625 0.215277778125 0.2359375
6 0.18055555625 0.43125 0.19583333281249998 0.43359375 0.21805555625 0.4328125 0.24305555625 0.42265625 0.259722221875 0.39453125 0.25833333281250004 0.35 0.2513888890625 0.34296875 0.22916666718749998 0.3453125 0.21805555625 0.365625 0.20277777812500003 0.3625 0.1888888890625 0.3640625 0.1763888890625 0.3921875 0.15972222187500001 0.4015625 0.1611111109375 0.42421875 0.18055555625 0.43125
7 0.1361111109375 0.1609375 0.14861111093749999 0.15703125 0.1541666671875 0.15078125 0.15 0.13671875 0.15277777812499999 0.1078125 0.147222221875 0.1109375 0.1513888890625 0.11640625 0.1458333328125 0.11875 0.14305555625 0.125 0.134722221875 0.12734375 0.1208333328125 0.14921875 0.1208333328125 0.15703125 0.1291666671875 0.16015625 0.1361111109375 0.1609375
7 0.097222221875 0.02734375 0.0888888890625 0.0375 0.11805555625 0.03828125 0.11805555625 0.0359375 0.10555555624999999 0.02734375 0.097222221875 0.02734375
7 0.12222222187500001 0.06953125 0.11944444375 0.0484375 0.097222221875 0.04375 0.08194444375 0.046875 0.072222221875 0.0609375 0.072222221875 0.0765625 0.08333333281250001 0.09296875 0.11944444375 0.09375 0.1291666671875 0.078125 0.1291666671875 0.07109375 0.12222222187500001 0.06953125
7 0.09305555625 0.10234375 0.08055555625000001 0.103125 0.07083333281250001 0.128125 0.07083333281250001 0.1375 0.07638888906249999 0.1421875 0.08194444375 0.1421875 0.102777778125 0.125 0.11388888906250001 0.1109375 0.11388888906250001 0.10546875 0.09305555625 0.10234375
7 0.2791666671875 0.078125 0.26805555625 0.06953125 0.23194444375 0.06953125 0.222222221875 0.07421875 0.1833333328125 0.08359375 0.172222221875 0.090625 0.1541666671875 0.1203125 0.15555555625 0.14296875 0.16388888906250001 0.1484375 0.1583333328125 0.1515625 0.15555555625 0.159375 0.15555555625 0.18046875 0.1625 0.1828125 0.19583333281249998 0.184375 0.2208333328125 0.18125 0.22916666718749998 0.17578125 0.22777777812500002 0.165625 0.21805555625 0.1625 0.21944444375 0.15234375 0.23611111093749998 0.14921875 0.252777778125 0.13203125 0.25833333281250004 0.12109375 0.27638888906250003 0.11796875 0.28055555625 0.11328125 0.28055555625 0.10625 0.27638888906250003 0.10390625 0.2791666671875 0.078125
7 0.27638888906250003 0.01015625 0.2791666671875 0.00234375 0.21944444375 0.00078125 0.21805555625 0.00859375 0.23611111093749998 0.01171875 0.26805555625 0.0125 0.27638888906250003 0.01015625
7 0.2125 0.07109375 0.23055555625 0.06953125 0.2388888890625 0.06484375 0.2416666671875 0.0375 0.25 0.03125 0.24583333281250003 0.028125 0.2138888890625 0.02421875 0.20277777812500003 0.02578125 0.16944444375 0.07109375 0.16805555625 0.07734375 0.175 0.08125 0.1861111109375 0.08203125 0.2125 0.07109375
7 0.13055555624999998 0.04453125 0.125 0.05625 0.1263888890625 0.07265625 0.1291666671875 0.07421875 0.140277778125 0.0625 0.1583333328125 0.03125 0.15972222187500001 0.01953125 0.147222221875 0.02109375 0.13055555624999998 0.04453125
7 0.15 0.20625 0.097222221875 0.2015625 0.09305555625 0.2125 0.1263888890625 0.2140625 0.1375 0.2203125 0.14444444375 0.21484375 0.1541666671875 0.2140625 0.1541666671875 0.209375 0.15 0.20625
7 0.077777778125 0.25078125 0.15972222187500001 0.2546875 0.1583333328125 0.23359375 0.134722221875 0.22890625 0.09444444375 0.22890625 0.08055555625000001 0.234375 0.072222221875 0.24921875 0.077777778125 0.25078125
7 0.0916666671875 0.325 0.1041666671875 0.31953125 0.10694444375 0.31328125 0.11805555625 0.309375 0.13055555624999998 0.30859375 0.15555555625 0.27421875 0.15555555625 0.2640625 0.06944444375 0.2609375 0.059722221875 0.2765625 0.054166667187499996 0.3 0.04444444375 0.31796875 0.047222221875 0.32109375 0.058333332812500006 0.3234375 0.0916666671875 0.325