0 1 0.006944443749999999 0.89765625 0.0361111109375 0.87890625 0.04444444375 0.8703125 0.055555556250000006 0.8671875 0.0486111109375 0.8609375 0.0486111109375 0.8484375 0.0333333328125 0.8390625 0.030555556249999997 0.8203125 0.03194444375 0.80546875 0.04444444375 0.8 0.05694444375 0.79609375 0.08194444375 0.77109375 0.1111111109375 0.765625 0.1375 0.77109375 0.2125 0.78125 0.2666666671875 0.7890625 0.2888888890625 0.80078125 0.30694444375 0.81328125 0.31805555625 0.89765625 0.32083333281250004 0.9015625 0.32777777812500003 0.89765625 0.3375 0.89453125 0.3375 0.8953125 0.3513888890625 0.90234375 0.3513888890625 0.90859375 0.334722221875 0.95 0.415277778125 0.95078125 0.40833333281249995 0.9375 0.38194444375000003 0.93515625 0.34305555625 0.9625 0.34305555625 1 0.3361111109375 1 0.006944443749999999
2 0.96640625 0.58194444375 0.97421875 0.58194444375 0.97578125 0.577777778125 0.97734375 0.5694444437499999 0.9734375 0.5319444437499999 0.959375 0.534722221875 0.959375 0.55694444375 0.96328125 0.577777778125 0.96640625 0.58194444375
1 0.61171875 0.8458333328125001 0.6140625 0.8583333328125 0.61328125 0.8916666671875 0.62734375 0.897222221875 0.63125 0.8888888890625 0.62734375 0.8388888890624999 0.62734375 0.7541666671875 0.63125 0.7402777781250001 0.640625 0.7402777781250001 0.6421875 0.7361111109375 0.6328125 0.7291666671875 0.62265625 0.7111111109375 0.6140625 0.7166666671875 0.60625 0.709722221875 0.6046875 0.715277778125 0.61328125 0.7375 0.61484375 0.7611111109375 0.61484375 0.8430555562500001 0.61171875 0.8458333328125001
1 0.55703125 0.9138888890624999 0.5578125 0.7833333328125 0.5625 0.7736111109375 0.56953125 0.7736111109375 0.5703125 0.76944444375 0.5671875 0.7611111109375 0.56171875 0.7569444437499999 0.53984375 0.7486111109375 0.5375 0.7611111109375 0.5354687499999999 0.7611111109375 0.5453125 0.7708333328125 0.54765625 0.7833333328125 0.54375 0.83055555625 0.54609375 0.8541666671874999 0.5453125 0.9138888890624999 0.546875 0.91805555625 0.55703125 0.9138888890624999
6 0.23828125 0.7833333328125 0.24453125 0.8027777781250001 0.26484375 0.8125 0.26953125 0.8416666671874999 0.30546875 0.852777778125 0.31171875 0.8486111109375001 0.3203125 0.834722221875 0.3390625 0.83194444375 0.34375 0.825 0.34375 0.7819444437499999 0.3359375 0.7583333328124999 0.325 0.7569444437499999 0.31796875 0.7611111109375 0.30234375 0.7541666671875 0.3 0.75 0.29765625 0.725 0.28828125 0.715277778125 0.27890625 0.7166666671875 0.27109375 0.727777778125 0.2640625 0.722222221875 0.2375 0.725 0.2359375 0.7638888890625 0.23828125 0.7833333328125
6 0.4015625 0.840277778125 0.425 0.8388888890624999 0.43125 0.8194444437499999 0.43359375 0.80694444375 0.4328125 0.7805555562500001 0.42265625 0.7569444437499999 0.41484375 0.75555555625 0.3984375 0.7402777781250001 0.34921875 0.7416666671875001 0.34296875 0.7486111109375 0.34453125 0.76944444375 0.3640625 0.777777778125 0.3671875 0.7833333328125 0.36328125 0.79444444375 0.36328125 0.80694444375 0.39296875 0.8263888890625 0.4015625 0.840277778125
7 0.11875 0.85694444375 0.12578125 0.8652777781250001 0.14296875 0.8708333328125001 0.1515625 0.8791666671874999 0.15625 0.877777778125 0.1609375 0.8625 0.15546875 0.8486111109375001 0.10703125 0.8458333328125001 0.11015625 0.8541666671874999 0.11875 0.85694444375
7 0.0359375 0.9069444437499999 0.0375 0.897222221875 0.0375 0.8819444437499999 0.03046875 0.89444444375 0.03359375 0.9069444437499999 0.0359375 0.9069444437499999
7 0.0734375 0.877777778125 0.05078125 0.877777778125 0.04609375 0.8888888890625 0.04609375 0.9166666671874999 0.0609375 0.9277777781250001 0.07734375 0.9277777781250001 0.09296875 0.9166666671874999 0.09375 0.88055555625 0.0875 0.875 0.07734375 0.872222221875 0.0734375 0.877777778125
7 0.10234375 0.9069444437499999 0.10390625 0.91944444375 0.13125 0.9291666671875 0.1390625 0.9277777781250001 0.14296875 0.922222221875 0.14375 0.91944444375 0.125 0.897222221875 0.1109375 0.8861111109375001 0.1046875 0.8861111109375001 0.10234375 0.9069444437499999
7 0.06953125 0.7333333328125 0.06953125 0.7666666671875 0.0734375 0.7736111109375 0.08359375 0.8166666671874999 0.09375 0.83055555625 0.12109375 0.8444444437499999 0.14375 0.8444444437499999 0.14765625 0.8388888890624999 0.1578125 0.8444444437499999 0.18046875 0.8444444437499999 0.184375 0.83194444375 0.1859375 0.8125 0.18203125 0.797222221875 0.18203125 0.7833333328125 0.17578125 0.7708333328125 0.16875 0.7708333328125 0.1625 0.7819444437499999 0.153125 0.7819444437499999 0.14921875 0.7638888890625 0.121875 0.7416666671875001 0.11875 0.725 0.11328125 0.7194444437499999 0.10390625 0.7236111109375 0.075 0.722222221875 0.06953125 0.7333333328125
7 0.01171875 0.765277778125 0.0125 0.73194444375 0.01015625 0.7236111109375 0.00625 0.7208333328125 0.00078125 0.7291666671875 0.00078125 0.7805555562500001 0.00703125 0.7819444437499999 0.01171875 0.765277778125
7 0.07421875 0.784722221875 0.06484375 0.7611111109375 0.0375 0.7597222218749999 0.03046875 0.752777778125 0.02578125 0.7708333328125 0.0265625 0.797222221875 0.07421875 0.83194444375 0.078125 0.83194444375 0.08125 0.8263888890625 0.08125 0.8083333328125001 0.078125 0.8055555562500001 0.07421875 0.784722221875
7 0.01953125 0.8388888890624999 0.02109375 0.8541666671874999 0.0265625 0.859722221875 0.05390625 0.8736111109375001 0.07265625 0.877777778125 0.075 0.86944444375 0.0703125 0.8666666671875 0.06640625 0.85694444375 0.0453125 0.852777778125 0.01953125 0.8388888890624999
7 0.2140625 0.8791666671874999 0.21484375 0.8680555562500001 0.21953125 0.8611111109375 0.2140625 0.85 0.20859375 0.8486111109375001 0.20625 0.859722221875 0.20703125 0.8791666671874999 0.2140625 0.8791666671874999
7 0.203125 0.8916666671875 0.20234375 0.902777778125 0.20703125 0.9069444437499999 0.2125 0.9069444437499999 0.2078125 0.8916666671875 0.2109375 0.8833333328125 0.20703125 0.8833333328125 0.2078125 0.8875 0.203125 0.8916666671875
7 0.23125 0.8486111109375001 0.2296875 0.859722221875 0.22890625 0.9083333328125001 0.23359375 0.91944444375 0.24609375 0.925 0.25078125 0.9236111109375 0.2515625 0.9138888890624999 0.25546875 0.8444444437499999 0.25 0.8388888890624999 0.23828125 0.840277778125 0.23125 0.8486111109375001
7 0.31953125 0.8958333328125001 0.3125 0.8916666671875 0.31171875 0.86944444375 0.2953125 0.85694444375 0.28046875 0.852777778125 0.27421875 0.8444444437499999 0.26328125 0.8444444437499999 0.2625 0.93194444375 0.31796875 0.95555555625 0.32265625 0.9541666671875 0.3234375 0.9472222218749999 0.325 0.9069444437499999 0.31953125 0.8958333328125001