1 0.43828125 0.24305555625 0.45625 0.2513888890625 0.46875 0.2513888890625 0.46953125 0.24583333281250003 0.45703125 0.23472222187499997 0.45390625 0.222222221875 0.45625 0.16944444375 0.45390625 0.0861111109375 0.44765625 0.08055555625000001 0.4421875 0.09305555625 0.4421875 0.14305555625 0.43984375 0.1611111109375 0.44140625 0.215277778125 0.43671875 0.22638888906250001 0.43046875 0.2236111109375 0.42890625 0.22916666718749998 0.4328125 0.2388888890625 0.43828125 0.24305555625
1 0.3859375 0.28194444375 0.3953125 0.2888888890625 0.3953125 0.28194444375 0.38671875 0.259722221875 0.3859375 0.21805555625 0.38984375 0.19444444375 0.38984375 0.15 0.38515625 0.1263888890625 0.38515625 0.10833333281249999 0.38203125 0.102777778125 0.37578125 0.102777778125 0.371875 0.10694444375 0.3703125 0.11805555625 0.37265625 0.134722221875 0.371875 0.2541666671875 0.36796875 0.259722221875 0.359375 0.259722221875 0.3578125 0.26527777812500003 0.36796875 0.272222221875 0.3765625 0.28611111093749997 0.3859375 0.28194444375
6 0.63515625 0.21944444375 0.63515625 0.197222221875 0.625 0.184722221875 0.61171875 0.18055555625 0.5984375 0.1611111109375 0.57578125 0.1611111109375 0.56953125 0.17361111093749998 0.5671875 0.1888888890625 0.56640625 0.2125 0.56953125 0.22916666718749998 0.5765625 0.2416666671875 0.5984375 0.2611111109375 0.6515625 0.259722221875 0.65703125 0.252777778125 0.65546875 0.23055555625 0.63515625 0.21944444375
6 0.7078125 0.2833333328125 0.7171875 0.28472222187499996 0.72890625 0.2708333328125 0.7375 0.27777777812500004 0.7625 0.275 0.7640625 0.240277778125 0.76171875 0.21805555625 0.75703125 0.2125 0.753125 0.197222221875 0.73515625 0.1875 0.73125 0.1611111109375 0.72734375 0.15555555625 0.690625 0.15 0.67890625 0.16388888906250001 0.66796875 0.1611111109375 0.65703125 0.1708333328125 0.6546875 0.1888888890625 0.65390625 0.20555555625 0.6609375 0.23611111093749998 0.66328125 0.240277778125 0.6828125 0.2388888890625 0.69765625 0.24722222187499998 0.70078125 0.25555555625 0.70234375 0.27638888906250003 0.7078125 0.2833333328125
7 0.85625 0.1291666671875 0.846875 0.1208333328125 0.83828125 0.12222222187500001 0.8375 0.1291666671875 0.84375 0.15 0.865625 0.15 0.87265625 0.1541666671875 0.8875 0.15 0.88671875 0.1458333328125 0.8671875 0.13055555624999998 0.85625 0.1291666671875
7 0.96171875 0.090277778125 0.9625 0.11944444375 0.97421875 0.10555555624999999 0.9734375 0.097222221875 0.9625 0.08333333281250001 0.96484375 0.0888888890625 0.96171875 0.090277778125
7 0.940625 0.072222221875 0.92421875 0.072222221875 0.90703125 0.084722221875 0.90625 0.11944444375 0.9203125 0.127777778125 0.925 0.127777778125 0.92890625 0.12222222187500001 0.9484375 0.1208333328125 0.95390625 0.09305555625 0.953125 0.08194444375 0.940625 0.072222221875
7 0.8578125 0.07638888906249999 0.8578125 0.08194444375 0.87578125 0.1041666671875 0.88828125 0.11388888906250001 0.89609375 0.11388888906250001 0.89765625 0.08055555625000001 0.871875 0.07083333281250001 0.8625 0.07083333281250001 0.8578125 0.07638888906249999
7 0.17265625 0.184722221875 0.184375 0.19583333281249998 0.19296875 0.19444444375 0.20546875 0.16805555625 0.203125 0.14444444375 0.19453125 0.13888888906250002 0.171875 0.1111111109375 0.15546875 0.10833333281249999 0.14453125 0.11944444375 0.14453125 0.14305555625 0.146875 0.1458333328125 0.14765625 0.15972222187500001 0.15 0.1666666671875 0.1546875 0.16805555625 0.15859375 0.1833333328125 0.16328125 0.1875 0.17265625 0.184722221875
7 0.85078125 0.23611111093749998 0.878125 0.25833333281250004 0.88125 0.275 0.8859375 0.28055555625 0.8953125 0.27638888906250003 0.92265625 0.27777777812500004 0.9296875 0.26805555625 0.93046875 0.23333333281250002 0.915625 0.18194444375000002 0.9109375 0.17361111093749998 0.88125 0.15555555625 0.81875 0.15555555625 0.8140625 0.184722221875 0.8171875 0.197222221875 0.8171875 0.2166666671875 0.8234375 0.22638888906250001 0.83046875 0.22777777812500002 0.83984375 0.2138888890625 0.8484375 0.2166666671875 0.85078125 0.23611111093749998
7 0.9625 0.3138888890625 0.9671875 0.30555555624999997 0.96953125 0.25694444375000003 0.9625 0.2666666671875 0.95859375 0.28055555625 0.9578125 0.30555555624999997 0.9625 0.3138888890625
7 0.9828125 0.2791666671875 0.98046875 0.315277778125 0.9765625 0.33055555625 0.98984375 0.3513888890625 0.99921875 0.352777778125 0.99765625 0.222222221875 0.99296875 0.222222221875 0.9890625 0.23194444375 0.9828125 0.2791666671875
7 0.95078125 0.23055555625 0.96171875 0.22916666718749998 0.96484375 0.2166666671875 0.96875 0.2125 0.9703125 0.20277777812500003 0.96640625 0.19444444375 0.928125 0.16944444375 0.9203125 0.16805555625 0.91796875 0.172222221875 0.91796875 0.1875 0.92578125 0.20416666718749998 0.93046875 0.20694444375 0.92890625 0.21805555625 0.93359375 0.23611111093749998 0.94375 0.2388888890625 0.95078125 0.23055555625
7 0.9328125 0.1208333328125 0.92421875 0.12361111093749999 0.92421875 0.13055555624999998 0.9296875 0.13194444375 0.9359375 0.14305555625 0.95546875 0.147222221875 0.97890625 0.15972222187500001 0.97578125 0.14305555625 0.96171875 0.13333333281249998 0.9328125 0.1208333328125
7 0.33828125 0.16388888906250001 0.34609375 0.15277777812499999 0.35234375 0.1541666671875 0.36484375 0.14444444375 0.36875 0.147222221875 0.36875 0.10833333281249999 0.38125 0.0986111109375 0.3796875 0.0388888890625 0.375 0.0375 0.3640625 0.04444444375 0.35546875 0.055555556250000006 0.34296875 0.052777778124999994 0.3375 0.058333332812500006 0.33359375 0.058333332812500006 0.328125 0.04305555625 0.28671875 0.05 0.28125 0.055555556250000006 0.2796875 0.08055555625000001 0.27578125 0.09305555625 0.275 0.15972222187500001 0.27890625 0.1625 0.28125 0.1763888890625 0.2953125 0.17361111093749998 0.3046875 0.19305555624999998 0.325 0.19305555624999998 0.3328125 0.165277778125 0.33828125 0.16388888906250001
7 0.40625 0.1833333328125 0.421875 0.1833333328125 0.43125 0.177777778125 0.43671875 0.16805555625 0.44140625 0.1291666671875 0.43984375 0.10694444375 0.4453125 0.08055555625000001 0.45234375 0.08333333281250001 0.45703125 0.09305555625 0.45625 0.1708333328125 0.45859375 0.177777778125 0.465625 0.1763888890625 0.47578125 0.15 0.478125 0.13333333281249998 0.47578125 0.0458333328125 0.46796875 0.0111111109375 0.4625 0.006944443749999999 0.42578125 0.006944443749999999 0.4171875 0.013888889062500001 0.39375 0.0208333328125 0.3890625 0.034722221875 0.38984375 0.075 0.3875 0.10555555624999999 0.38984375 0.1208333328125 0.39609375 0.134722221875 0.39375 0.1513888890625 0.39921875 0.165277778125 0.4 0.177777778125 0.40625 0.1833333328125
7 0.7859375 0.13194444375 0.78203125 0.134722221875 0.78203125 0.13888888906250002 0.78984375 0.1513888890625 0.79296875 0.15 0.79296875 0.1208333328125 0.7875 0.1208333328125 0.7859375 0.13194444375
7 0.796875 0.097222221875 0.79140625 0.097222221875 0.7921875 0.10555555624999999 0.7953125 0.10555555624999999 0.796875 0.097222221875
7 0.74765625 0.1291666671875 0.7453125 0.1361111109375 0.74609375 0.15972222187500001 0.75859375 0.1611111109375 0.76796875 0.1541666671875 0.77109375 0.09305555625 0.76796875 0.08194444375 0.75078125 0.075 0.74921875 0.077777778125 0.74765625 0.1291666671875
7 0.7328125 0.1583333328125 0.7375 0.1541666671875 0.73984375 0.084722221875 0.73828125 0.06805555625000001 0.72109375 0.058333332812500006 0.70234375 0.054166667187499996 0.69375 0.047222221875 0.67890625 0.0458333328125 0.6765625 0.052777778124999994 0.675 0.084722221875 0.67734375 0.10138888906250001 0.6859375 0.10555555624999999 0.696875 0.127777778125 0.7109375 0.14305555625 0.71796875 0.1458333328125 0.7203125 0.1513888890625 0.7328125 0.1583333328125
4 0.928125 0.46666666718750005 0.93203125 0.48055555625 0.9328125 0.47361111093749997 0.9375 0.48055555625 0.94296875 0.46388888906250003 0.94453125 0.44444444375 0.95625 0.38333333281250004 0.95546875 0.372222221875 0.94921875 0.365277778125 0.94921875 0.352777778125 0.94375 0.34861111093749997 0.94140625 0.35972222187499997 0.9328125 0.36805555624999997 0.92421875 0.3916666671875 0.925 0.4 0.9296875 0.40277777812500004 0.9296875 0.4166666671875 0.9234375 0.4513888890625 0.91953125 0.459722221875 0.91796875 0.477777778125 0.9234375 0.48055555625 0.928125 0.46666666718750005