1 0.872222221875 0.3859375 0.8847222218749999 0.38671875 0.89444444375 0.38515625 0.8986111109375001 0.38046875 0.89305555625 0.371875 0.752777778125 0.371875 0.7416666671875001 0.36796875 0.7402777781250001 0.359375 0.734722221875 0.3578125 0.727777778125 0.36953125 0.7138888890625 0.3765625 0.7166666671875 0.38671875 0.7111111109375 0.39375 0.7166666671875 0.3953125 0.747222221875 0.3859375 0.7805555562500001 0.3859375 0.8055555562500001 0.38984375 0.852777778125 0.38984375 0.872222221875 0.3859375
1 0.815277778125 0.45390625 0.83194444375 0.45625 0.9111111109375001 0.4546875 0.91944444375 0.4515625 0.91944444375 0.446875 0.9069444437499999 0.4421875 0.85 0.4421875 0.8361111109375001 0.43984375 0.815277778125 0.4421875 0.784722221875 0.44140625 0.7763888890625 0.43828125 0.7763888890625 0.43125 0.76944444375 0.4296875 0.7611111109375 0.4328125 0.7569444437499999 0.43828125 0.7486111109375 0.45703125 0.7486111109375 0.46796875 0.7569444437499999 0.46796875 0.7708333328125 0.45390625 0.815277778125 0.45390625
6 0.7805555562500001 0.76171875 0.8027777781250001 0.7515625 0.8125 0.73515625 0.8361111109375001 0.73203125 0.8444444437499999 0.72734375 0.85 0.69140625 0.8388888890624999 0.68125 0.83055555625 0.6578125 0.815277778125 0.6546875 0.7888888890625 0.65390625 0.7638888890625 0.6609375 0.7597222218749999 0.6640625 0.765277778125 0.6734375 0.7638888890625 0.6796875 0.752777778125 0.69765625 0.725 0.70234375 0.7166666671875 0.7078125 0.7180555562500001 0.721875 0.73194444375 0.73046875 0.722222221875 0.7375 0.7263888890625 0.7625 0.7569444437499999 0.7640625 0.7805555562500001 0.76171875
6 0.8222222218749999 0.56875 0.80694444375 0.56640625 0.772222221875 0.56875 0.76805555625 0.57421875 0.7541666671875 0.58125 0.7416666671875001 0.5953125 0.7416666671875001 0.65390625 0.7486111109375 0.65703125 0.76944444375 0.6546875 0.7805555562500001 0.63359375 0.8125 0.625 0.8222222218749999 0.609375 0.8388888890624999 0.59921875 0.8388888890624999 0.575 0.8222222218749999 0.56875
7 0.8652777781250001 0.87265625 0.8708333328125001 0.8546875 0.8791666671874999 0.84765625 0.8791666671874999 0.83671875 0.86944444375 0.83671875 0.85 0.84453125 0.8458333328125001 0.87421875 0.8486111109375001 0.88671875 0.8652777781250001 0.87265625
7 0.8833333328125 0.9671875 0.89444444375 0.9734375 0.902777778125 0.9734375 0.9055555562500001 0.96875 0.9166666671874999 0.96328125 0.8819444437499999 0.96171875 0.8833333328125 0.9671875
7 0.8708333328125001 0.925 0.877777778125 0.93125 0.877777778125 0.946875 0.8833333328125 0.95078125 0.8986111109375001 0.95390625 0.9166666671874999 0.95390625 0.9277777781250001 0.93828125 0.9277777781250001 0.92421875 0.915277778125 0.90703125 0.88055555625 0.90625 0.872222221875 0.91875 0.8708333328125001 0.925
7 0.9069444437499999 0.89765625 0.91944444375 0.89609375 0.9291666671875 0.86875 0.9291666671875 0.8625 0.9236111109375 0.8578125 0.91805555625 0.8578125 0.897222221875 0.875 0.8861111109375001 0.8890625 0.8861111109375001 0.8953125 0.9069444437499999 0.89765625
7 0.7333333328125 0.9296875 0.7666666671875 0.93046875 0.7736111109375 0.9265625 0.81805555625 0.915625 0.827777778125 0.909375 0.8444444437499999 0.88125 0.8444444437499999 0.85625 0.83194444375 0.85078125 0.8444444437499999 0.8484375 0.8458333328125001 0.84140625 0.8444444437499999 0.8203125 0.8361111109375001 0.8171875 0.8166666671874999 0.8140625 0.8 0.81796875 0.7819444437499999 0.81796875 0.7736111109375 0.82265625 0.772222221875 0.8296875 0.790277778125 0.8375 0.790277778125 0.84140625 0.7819444437499999 0.84921875 0.7638888890625 0.85078125 0.7416666671875001 0.878125 0.7194444437499999 0.8859375 0.7236111109375 0.8953125 0.722222221875 0.92265625 0.7333333328125 0.9296875
7 0.69305555625 0.96171875 0.690277778125 0.9625 0.6944444437499999 0.96640625 0.70694444375 0.96640625 0.70555555625 0.9625 0.6944444437499999 0.96484375 0.69305555625 0.96171875
7 0.7763888890625 0.99921875 0.777777778125 0.99375 0.76944444375 0.9890625 0.7166666671875 0.984375 0.7013888890625 0.98046875 0.6638888890625 0.97890625 0.6611111109375 0.984375 0.6486111109375 0.98984375 0.6458333328125 0.99921875 0.7763888890625 0.99921875
7 0.8888888890625 0.171875 0.890277778125 0.153125 0.877777778125 0.1453125 0.8680555562500001 0.14375 0.8375 0.14765625 0.8291666671875 0.1546875 0.8166666671874999 0.15859375 0.8125 0.1640625 0.815277778125 0.1734375 0.8041666671875 0.1828125 0.8027777781250001 0.18828125 0.80694444375 0.19453125 0.8194444437499999 0.19765625 0.83055555625 0.20546875 0.85555555625 0.203125 0.8611111109375 0.19453125 0.8888888890625 0.171875
7 0.8444444437499999 0.36640625 0.852777778125 0.36953125 0.8888888890625 0.36875 0.89444444375 0.37109375 0.8986111109375001 0.38046875 0.9041666671874999 0.38203125 0.9208333328125 0.3796875 0.9611111109375001 0.3796875 0.9625 0.37578125 0.9541666671875 0.3625 0.9444444437499999 0.35546875 0.9472222218749999 0.3421875 0.94305555625 0.33359375 0.95694444375 0.32890625 0.95 0.28671875 0.9444444437499999 0.28125 0.91944444375 0.2796875 0.9055555562500001 0.27578125 0.8333333328125001 0.275 0.83055555625 0.2796875 0.8208333328125 0.28203125 0.8263888890625 0.28828125 0.8263888890625 0.296875 0.809722221875 0.30234375 0.8055555562500001 0.30625 0.8055555562500001 0.321875 0.8083333328125001 0.32578125 0.834722221875 0.3328125 0.83055555625 0.3625 0.8444444437499999 0.36484375 0.840277778125 0.36875 0.8444444437499999 0.36640625
7 0.9166666671874999 0.45390625 0.9055555562500001 0.4578125 0.8708333328125001 0.45546875 0.8222222218749999 0.45625 0.8222222218749999 0.4625 0.83194444375 0.46953125 0.86944444375 0.478125 0.8986111109375001 0.478125 0.9666666671874999 0.47421875 0.9916666671875 0.46640625 0.99444444375 0.43125 0.98055555625 0.3953125 0.9694444437499999 0.3890625 0.9083333328125001 0.3890625 0.9055555562500001 0.384375 0.8666666671875 0.39453125 0.8486111109375001 0.39375 0.834722221875 0.39921875 0.8208333328125 0.4 0.8166666671874999 0.41875 0.8222222218749999 0.43125 0.83194444375 0.43515625 0.83194444375 0.43828125 0.877777778125 0.44140625 0.89305555625 0.43984375 0.91944444375 0.44453125 0.9166666671874999 0.45390625
7 0.83194444375 0.921875 0.827777778125 0.91875 0.8138888890624999 0.91796875 0.79305555625 0.9265625 0.76805555625 0.93125 0.7638888890625 0.93515625 0.765277778125 0.94140625 0.7791666671875 0.94921875 0.7708333328125 0.9609375 0.7597222218749999 0.9671875 0.7611111109375 0.96953125 0.777777778125 0.9734375 0.790277778125 0.9734375 0.8041666671875 0.96796875 0.83055555625 0.92890625 0.83194444375 0.921875
7 0.840277778125 0.975 0.8416666671874999 0.9796875 0.85694444375 0.97578125 0.875 0.94453125 0.877777778125 0.92734375 0.86944444375 0.925 0.8666666671875 0.93203125 0.85694444375 0.9390625 0.85555555625 0.95546875 0.840277778125 0.975
7 0.8611111109375 0.78203125 0.8486111109375001 0.78984375 0.85 0.79296875 0.8791666671874999 0.79296875 0.8791666671874999 0.7875 0.8680555562500001 0.7859375 0.8611111109375 0.78203125
7 0.8958333328125001 0.796875 0.902777778125 0.796875 0.902777778125 0.7890625 0.8986111109375001 0.79296875 0.89305555625 0.79296875 0.8958333328125001 0.796875
7 0.8388888890624999 0.75 0.840277778125 0.7625 0.85 0.76875 0.9111111109375001 0.77109375 0.91944444375 0.76640625 0.925 0.75078125 0.915277778125 0.7484375 0.8708333328125001 0.74765625 0.8458333328125001 0.74453125 0.840277778125 0.74609375 0.8388888890624999 0.75
7 0.8986111109375001 0.67734375 0.89444444375 0.6859375 0.88055555625 0.69375 0.872222221875 0.6953125 0.859722221875 0.70625 0.85555555625 0.71640625 0.8444444437499999 0.7265625 0.8444444437499999 0.73671875 0.9305555562500001 0.7390625 0.940277778125 0.7234375 0.952777778125 0.68828125 0.952777778125 0.6796875 0.94305555625 0.6765625 0.8986111109375001 0.67734375
4 0.7013888890625 0.96171875 0.70694444375 0.96640625 0.7208333328125 0.96875 0.7569444437499999 0.96796875 0.7583333328124999 0.96171875 0.7513888890625 0.95625 0.7166666671875 0.95 0.6791666671875001 0.94921875 0.672222221875 0.9515625 0.66944444375 0.9609375 0.7013888890625 0.96171875