1 0.384375 0.109722221875 0.38203125 0.1041666671875 0.37265625 0.10555555624999999 0.3703125 0.11805555625 0.371875 0.2541666671875 0.36875 0.259722221875 0.3578125 0.2611111109375 0.3765625 0.28611111093749997 0.38671875 0.2833333328125 0.3953125 0.2888888890625 0.39375 0.27638888906250003 0.3875 0.26527777812500003 0.38515625 0.24444444375000002 0.38515625 0.222222221875 0.38984375 0.19583333281249998 0.3890625 0.140277778125 0.384375 0.1263888890625 0.384375 0.109722221875
1 0.4546875 0.09305555625 0.45 0.08055555625000001 0.44375 0.0861111109375 0.4421875 0.09305555625 0.4421875 0.1541666671875 0.43984375 0.15972222187500001 0.44140625 0.2166666671875 0.43515625 0.22638888906250001 0.43125 0.2236111109375 0.4296875 0.23194444375 0.43203125 0.2388888890625 0.43828125 0.24305555625 0.46875 0.2513888890625 0.46796875 0.24305555625 0.4546875 0.23055555625 0.45234375 0.2166666671875 0.45625 0.16805555625 0.4546875 0.09305555625
6 0.76171875 0.2166666671875 0.75625 0.20833333281250002 0.75390625 0.197222221875 0.73515625 0.1875 0.73046875 0.1583333328125 0.70703125 0.15 0.69140625 0.15 0.6796875 0.165277778125 0.675 0.1611111109375 0.66796875 0.16388888906250001 0.6609375 0.16805555625 0.65625 0.1763888890625 0.65390625 0.20694444375 0.6578125 0.23055555625 0.6640625 0.2416666671875 0.68046875 0.23611111093749998 0.6984375 0.24722222187499998 0.70078125 0.26805555625 0.70625 0.28194444375 0.71796875 0.28472222187499996 0.72421875 0.28055555625 0.72890625 0.2708333328125 0.7375 0.27777777812500004 0.7625 0.275 0.7640625 0.23611111093749998 0.76171875 0.2166666671875
6 0.56875 0.18055555625 0.56640625 0.19444444375 0.5671875 0.2208333328125 0.5765625 0.24305555625 0.58515625 0.25 0.5984375 0.259722221875 0.6515625 0.25833333281250004 0.65703125 0.2513888890625 0.6546875 0.23055555625 0.6359375 0.222222221875 0.625 0.1875 0.61015625 0.18055555625 0.6 0.16388888906250001 0.575 0.16388888906250001 0.56875 0.18055555625
7 0.83671875 0.1208333328125 0.8359375 0.13055555624999998 0.84453125 0.1513888890625 0.89140625 0.1513888890625 0.8671875 0.13055555624999998 0.8578125 0.1291666671875 0.84921875 0.1208333328125 0.83671875 0.1208333328125
7 0.9625 0.08333333281250001 0.96484375 0.090277778125 0.9625 0.0923611109375 0.96171875 0.11388888906250001 0.9640625 0.11805555625 0.9734375 0.10555555624999999 0.9734375 0.1 0.9625 0.08333333281250001
7 0.91796875 0.1263888890625 0.925 0.1263888890625 0.9265625 0.12222222187500001 0.946875 0.12222222187500001 0.9515625 0.1166666671875 0.95390625 0.1041666671875 0.95390625 0.08333333281250001 0.9375 0.072222221875 0.92421875 0.072222221875 0.9125 0.077777778125 0.90703125 0.0861111109375 0.90625 0.11944444375 0.91796875 0.1263888890625
7 0.86015625 0.0736111109375 0.85703125 0.08055555625000001 0.8640625 0.090277778125 0.8890625 0.11388888906250001 0.89609375 0.115277778125 0.89765625 0.08055555625000001 0.8765625 0.072222221875 0.86015625 0.0736111109375
7 0.89296875 0.28055555625 0.89609375 0.27638888906250003 0.925 0.27777777812500004 0.93046875 0.2666666671875 0.93046875 0.23194444375 0.92578125 0.2236111109375 0.91640625 0.1833333328125 0.9109375 0.17361111093749998 0.89609375 0.165277778125 0.89296875 0.15972222187500001 0.88046875 0.15555555625 0.81953125 0.15555555625 0.8171875 0.16388888906250001 0.8140625 0.1875 0.81796875 0.20138888906250002 0.81875 0.222222221875 0.821875 0.22638888906250001 0.83125 0.22777777812500002 0.83671875 0.2166666671875 0.846875 0.21805555625 0.84921875 0.2208333328125 0.85078125 0.23611111093749998 0.87109375 0.25555555625 0.87890625 0.25833333281250004 0.88125 0.275 0.8859375 0.28055555625 0.89296875 0.28055555625
7 0.12734375 0.16944444375 0.13203125 0.19444444375 0.14921875 0.19444444375 0.1640625 0.1875 0.190625 0.19583333281249998 0.20546875 0.1708333328125 0.20546875 0.15555555625 0.20078125 0.14305555625 0.19375 0.13888888906250002 0.16640625 0.10555555624999999 0.15 0.10555555624999999 0.13125 0.13055555624999998 0.1265625 0.14305555625 0.12734375 0.16944444375
7 0.3640625 0.15972222187500001 0.36875 0.1611111109375 0.36875 0.109722221875 0.38046875 0.10138888906250001 0.38046875 0.0416666671875 0.375 0.0388888890625 0.36484375 0.04444444375 0.35546875 0.055555556250000006 0.33359375 0.055555556250000006 0.32890625 0.04305555625 0.28671875 0.047222221875 0.275 0.06944444375 0.275 0.0916666671875 0.27265625 0.097222221875 0.2578125 0.09444444375 0.25625 0.10555555624999999 0.275 0.125 0.27265625 0.16944444375 0.27890625 0.18055555625 0.2859375 0.18055555625 0.2875 0.16944444375 0.29296875 0.16944444375 0.30625 0.190277778125 0.31796875 0.1916666671875 0.32421875 0.1888888890625 0.33125 0.17361111093749998 0.3375 0.16805555625 0.3609375 0.16805555625 0.3640625 0.15972222187500001
7 0.44140625 0.127777778125 0.45546875 0.127777778125 0.45625 0.17916666718750002 0.46953125 0.1666666671875 0.47578125 0.14444444375 0.478125 0.1208333328125 0.47734375 0.013888889062500001 0.46328125 0.006944443749999999 0.42734375 0.006944443749999999 0.39453125 0.0208333328125 0.3890625 0.03194444375 0.3890625 0.0638888890625 0.3921875 0.07083333281250001 0.3890625 0.08055555625000001 0.3890625 0.11805555625 0.39375 0.13194444375 0.39375 0.15555555625 0.3984375 0.1611111109375 0.403125 0.17916666718750002 0.4078125 0.1833333328125 0.42109375 0.1833333328125 0.42890625 0.1763888890625 0.43203125 0.16805555625 0.43671875 0.1666666671875 0.44140625 0.127777778125
7 0.99453125 0.272222221875 0.99921875 0.26805555625 0.99921875 0.2236111109375 0.99296875 0.21805555625 0.9890625 0.23333333281250002 0.9875 0.26805555625 0.99453125 0.272222221875
7 0.93359375 0.23611111093749998 0.94296875 0.2388888890625 0.94921875 0.23194444375 0.959375 0.22916666718749998 0.96484375 0.24305555625 0.96953125 0.24583333281250003 0.97421875 0.222222221875 0.97265625 0.20277777812500003 0.92890625 0.16944444375 0.9203125 0.16805555625 0.91875 0.172222221875 0.91875 0.190277778125 0.93359375 0.23611111093749998
7 0.95390625 0.1458333328125 0.96328125 0.1541666671875 0.98046875 0.15972222187500001 0.978125 0.14444444375 0.9640625 0.134722221875 0.93671875 0.12222222187500001 0.92578125 0.12361111093749999 0.925 0.13055555624999998 0.93125 0.13333333281249998 0.9375 0.14305555625 0.95390625 0.1458333328125
7 0.78671875 0.1513888890625 0.7921875 0.1513888890625 0.79375 0.1291666671875 0.79296875 0.1166666671875 0.790625 0.11388888906250001 0.796875 0.10694444375 0.79765625 0.097222221875 0.790625 0.09305555625 0.7875 0.0958333328125 0.7921875 0.109722221875 0.78125 0.1375 0.78671875 0.1513888890625
7 0.77109375 0.090277778125 0.76796875 0.08194444375 0.75234375 0.075 0.74921875 0.07638888906249999 0.7484375 0.0861111109375 0.74453125 0.15555555625 0.75078125 0.1611111109375 0.7625 0.15972222187500001 0.76875 0.1513888890625 0.77109375 0.090277778125
7 0.6765625 0.0513888890625 0.675 0.0916666671875 0.68046875 0.1041666671875 0.6875 0.10694444375 0.69375 0.13055555624999998 0.7078125 0.14305555625 0.71875 0.1458333328125 0.72578125 0.15555555625 0.73671875 0.15555555625 0.7390625 0.06944444375 0.72265625 0.058333332812500006 0.70703125 0.055555556250000006 0.69296875 0.047222221875 0.67890625 0.04444444375 0.6765625 0.0513888890625
7 0.96328125 0.21944444375 0.9625 0.2388888890625 0.96953125 0.2513888890625 0.97421875 0.23194444375 0.97421875 0.20277777812500003 0.9671875 0.20277777812500003 0.96796875 0.20833333281250002 0.96328125 0.21944444375
4 0.259375 0.20277777812500003 0.2640625 0.1916666671875 0.26640625 0.15555555625 0.26015625 0.13055555624999998 0.25546875 0.1291666671875 0.25 0.14305555625 0.25 0.172222221875 0.25234375 0.19305555624999998 0.25625 0.20277777812500003 0.259375 0.20277777812500003