2 0.025 0.4625 0.03046875 0.46944444374999994 0.04296875 0.46527777812500004 0.046875 0.447222221875 0.0390625 0.4388888890625 0.03515625 0.41944444374999995 0.025 0.41944444374999995 0.025 0.4625
1 0.3859375 0.2833333328125 0.39453125 0.290277778125 0.3953125 0.2833333328125 0.3875 0.2638888890625 0.38515625 0.240277778125 0.3875 0.1111111109375 0.38671875 0.10694444375 0.3734375 0.102777778125 0.3703125 0.1166666671875 0.37265625 0.1513888890625 0.37265625 0.252777778125 0.36875 0.259722221875 0.359375 0.2611111109375 0.359375 0.26527777812500003 0.37109375 0.27638888906250003 0.37578125 0.2888888890625 0.3859375 0.2833333328125
1 0.45703125 0.23611111093749998 0.45234375 0.2166666671875 0.45625 0.1708333328125 0.45625 0.15555555625 0.45390625 0.15 0.4546875 0.084722221875 0.44296875 0.0875 0.4421875 0.2166666671875 0.43828125 0.22777777812500002 0.43046875 0.22638888906250001 0.4296875 0.23194444375 0.4390625 0.24305555625 0.46796875 0.2513888890625 0.46875 0.24305555625 0.45703125 0.23611111093749998
6 0.7203125 0.28472222187499996 0.7296875 0.2708333328125 0.73828125 0.2791666671875 0.759375 0.27777777812500004 0.76328125 0.272222221875 0.7640625 0.2416666671875 0.76015625 0.21944444375 0.7640625 0.215277778125 0.7609375 0.2138888890625 0.75546875 0.197222221875 0.75 0.1916666671875 0.73671875 0.190277778125 0.7328125 0.17916666718750002 0.73046875 0.1583333328125 0.70546875 0.15 0.69140625 0.15 0.68125 0.165277778125 0.6703125 0.1666666671875 0.66640625 0.1763888890625 0.6609375 0.16944444375 0.66171875 0.17361111093749998 0.65625 0.17916666718750002 0.65546875 0.2138888890625 0.6609375 0.2375 0.665625 0.24305555625 0.68203125 0.240277778125 0.69765625 0.24722222187499998 0.70234375 0.272222221875 0.70859375 0.2833333328125 0.7203125 0.28472222187499996
6 0.65 0.25833333281250004 0.65625 0.2541666671875 0.65546875 0.23055555625 0.634375 0.21805555625 0.6375 0.20277777812500003 0.63515625 0.1888888890625 0.62109375 0.184722221875 0.60625 0.17361111093749998 0.5984375 0.15972222187500001 0.57734375 0.15972222187500001 0.56875 0.18055555625 0.56640625 0.19583333281249998 0.56875 0.22638888906250001 0.57265625 0.22916666718749998 0.5765625 0.240277778125 0.5890625 0.24722222187499998 0.59375 0.25555555625 0.6171875 0.259722221875 0.65 0.25833333281250004
7 0.85078125 0.23611111093749998 0.87890625 0.25833333281250004 0.88203125 0.27638888906250003 0.88671875 0.28055555625 0.8953125 0.27638888906250003 0.91953125 0.2791666671875 0.92421875 0.27777777812500004 0.93046875 0.26805555625 0.93046875 0.23333333281250002 0.92578125 0.2236111109375 0.91640625 0.1833333328125 0.909375 0.172222221875 0.88515625 0.15555555625 0.87734375 0.1541666671875 0.85703125 0.15555555625 0.85234375 0.15972222187500001 0.846875 0.15555555625 0.81953125 0.15555555625 0.815625 0.172222221875 0.8140625 0.19305555624999998 0.8171875 0.20138888906250002 0.81875 0.21944444375 0.825 0.22916666718749998 0.83125 0.23055555625 0.8375 0.21805555625 0.846875 0.21944444375 0.85078125 0.23611111093749998
7 0.99921875 0.2208333328125 0.99296875 0.21805555625 0.98828125 0.23611111093749998 0.9890625 0.26805555625 0.99921875 0.26944444375 0.99921875 0.2208333328125
7 0.96953125 0.25 0.9734375 0.2388888890625 0.97578125 0.215277778125 0.971875 0.2 0.928125 0.16944444375 0.9234375 0.16805555625 0.91953125 0.172222221875 0.91875 0.1888888890625 0.92265625 0.19444444375 0.9296875 0.2166666671875 0.93046875 0.23055555625 0.93515625 0.2388888890625 0.946875 0.240277778125 0.95234375 0.23611111093749998 0.96953125 0.25
7 0.93515625 0.125 0.93203125 0.13333333281249998 0.92890625 0.13055555624999998 0.9296875 0.125 0.92734375 0.1263888890625 0.92578125 0.1291666671875 0.93359375 0.1375 0.94765625 0.14444444375 0.95078125 0.15 0.978125 0.15972222187500001 0.975 0.1458333328125 0.95546875 0.13055555624999998 0.93515625 0.125
7 0.79609375 0.1166666671875 0.79765625 0.09444444375 0.78828125 0.09305555625 0.7890625 0.1041666671875 0.79375 0.1166666671875 0.79609375 0.1166666671875
7 0.79296875 0.1513888890625 0.79453125 0.14305555625 0.79375 0.11944444375 0.796875 0.1166666671875 0.7984375 0.0958333328125 0.7875 0.09305555625 0.7890625 0.10694444375 0.7859375 0.109722221875 0.78515625 0.127777778125 0.78046875 0.13888888906250002 0.784375 0.14305555625 0.7859375 0.15277777812499999 0.78984375 0.1541666671875 0.79296875 0.1513888890625
7 0.74921875 0.075 0.7453125 0.1583333328125 0.76484375 0.15972222187500001 0.76875 0.1541666671875 0.77109375 0.13888888906250002 0.77109375 0.09305555625 0.7671875 0.08055555625000001 0.753125 0.072222221875 0.74921875 0.075
7 0.83671875 0.054166667187499996 0.8419921875 0.0568452375 0.8375 0.05 0.83671875 0.054166667187499996
7 0.84296875 0.058333332812500006 0.842127403125 0.057051281249999995 0.83671875 0.0666666671875 0.84296875 0.06944444375 0.84296875 0.058333332812500006
7 0.734375 0.1583333328125 0.73671875 0.1541666671875 0.73984375 0.06944444375 0.721875 0.058333332812500006 0.69921875 0.054166667187499996 0.68203125 0.04444444375 0.67890625 0.047222221875 0.6765625 0.058333332812500006 0.6765625 0.1 0.6859375 0.10694444375 0.69140625 0.11944444375 0.69140625 0.13055555624999998 0.7046875 0.14305555625 0.71796875 0.147222221875 0.7265625 0.15555555625 0.734375 0.1583333328125