2 0.025 0.4625 0.03125 0.46944444374999994 0.04296875 0.4625 0.0421875 0.44444444375 0.03828125 0.4388888890625 0.0359375 0.42083333281249996 0.025 0.41944444374999995 0.025 0.4625
1 0.38671875 0.2833333328125 0.39453125 0.290277778125 0.3953125 0.28194444375 0.38671875 0.2638888890625 0.38515625 0.1111111109375 0.3796875 0.102777778125 0.3703125 0.10694444375 0.3734375 0.20138888906250002 0.37265625 0.2541666671875 0.36875 0.2611111109375 0.3609375 0.259722221875 0.3578125 0.26527777812500003 0.36640625 0.2708333328125 0.37578125 0.28611111093749997 0.38671875 0.2833333328125
1 0.46875 0.24305555625 0.45703125 0.23611111093749998 0.45234375 0.2166666671875 0.45234375 0.197222221875 0.45625 0.16944444375 0.45390625 0.140277778125 0.4546875 0.084722221875 0.44296875 0.0875 0.4421875 0.2166666671875 0.4375 0.22777777812500002 0.43125 0.22638888906250001 0.4296875 0.23055555625 0.4328125 0.2388888890625 0.43828125 0.24305555625 0.4671875 0.2513888890625 0.46875 0.24305555625
6 0.72421875 0.28194444375 0.72890625 0.272222221875 0.73828125 0.2791666671875 0.7546875 0.2791666671875 0.7625 0.275 0.7640625 0.240277778125 0.7609375 0.21944444375 0.76484375 0.215277778125 0.7625 0.2166666671875 0.75546875 0.197222221875 0.75 0.1916666671875 0.73671875 0.190277778125 0.7328125 0.18055555625 0.73046875 0.1583333328125 0.7046875 0.15 0.69140625 0.15 0.68125 0.16388888906250001 0.6609375 0.16805555625 0.66328125 0.175 0.65625 0.1763888890625 0.6546875 0.215277778125 0.65703125 0.23055555625 0.66328125 0.2416666671875 0.68125 0.240277778125 0.69765625 0.24722222187499998 0.70234375 0.272222221875 0.71171875 0.28472222187499996 0.72421875 0.28194444375
6 0.6546875 0.22916666718749998 0.634375 0.21944444375 0.6375 0.20277777812500003 0.6359375 0.1888888890625 0.609375 0.1763888890625 0.5984375 0.15972222187500001 0.57578125 0.1611111109375 0.56875 0.18055555625 0.56640625 0.19444444375 0.5671875 0.21944444375 0.5765625 0.240277778125 0.59453125 0.25555555625 0.6046875 0.259722221875 0.65078125 0.25833333281250004 0.65703125 0.25 0.6546875 0.22916666718749998
7 0.8765625 0.14305555625 0.87265625 0.134722221875 0.85546875 0.127777778125 0.85 0.1208333328125 0.83984375 0.125 0.8375 0.1291666671875 0.83828125 0.134722221875 0.84296875 0.14861111093749999 0.84921875 0.1541666671875 0.86328125 0.15 0.8921875 0.15277777812499999 0.8890625 0.147222221875 0.8765625 0.14305555625
7 0.96953125 0.097222221875 0.96484375 0.0958333328125 0.9625 0.1041666671875 0.96328125 0.11805555625 0.96875 0.1111111109375 0.96953125 0.097222221875
7 0.9234375 0.072222221875 0.90703125 0.084722221875 0.90625 0.11944444375 0.921875 0.1291666671875 0.95 0.11944444375 0.95546875 0.0986111109375 0.96015625 0.0958333328125 0.9515625 0.08194444375 0.9375 0.072222221875 0.9234375 0.072222221875
7 0.85703125 0.077777778125 0.85625 0.08055555625000001 0.875 0.102777778125 0.89453125 0.11388888906250001 0.89765625 0.09305555625 0.89609375 0.08055555625000001 0.86953125 0.07083333281250001 0.8625 0.07083333281250001 0.85703125 0.077777778125
7 0.85078125 0.23611111093749998 0.87890625 0.25833333281250004 0.88125 0.275 0.88671875 0.28055555625 0.89609375 0.27638888906250003 0.92265625 0.2791666671875 0.93046875 0.26805555625 0.93046875 0.23333333281250002 0.9265625 0.22638888906250001 0.91640625 0.1833333328125 0.91015625 0.17361111093749998 0.88515625 0.15555555625 0.85703125 0.15555555625 0.8515625 0.16388888906250001 0.8484375 0.1583333328125 0.840625 0.15555555625 0.81953125 0.15555555625 0.8171875 0.16388888906250001 0.8140625 0.19305555624999998 0.81796875 0.20277777812500003 0.81875 0.2208333328125 0.821875 0.22638888906250001 0.83203125 0.22916666718749998 0.83671875 0.21805555625 0.846875 0.21805555625 0.85078125 0.23611111093749998
7 0.20546875 0.28611111093749997 0.2078125 0.3013888890625 0.2125 0.30416666718749996 0.2171875 0.302777778125 0.21953125 0.2916666671875 0.22734375 0.28611111093749997 0.2546875 0.28055555625 0.26171875 0.2888888890625 0.26640625 0.2833333328125 0.2703125 0.26805555625 0.26875 0.23055555625 0.25234375 0.20694444375 0.23515625 0.172222221875 0.215625 0.165277778125 0.1890625 0.17361111093749998 0.18125 0.1888888890625 0.1703125 0.1916666671875 0.175 0.20138888906250002 0.171875 0.2486111109375 0.1765625 0.26805555625 0.18828125 0.26527777812500003 0.19765625 0.26944444375 0.20546875 0.28611111093749997
7 0.99453125 0.2791666671875 0.99921875 0.27638888906250003 0.99921875 0.21944444375 0.9921875 0.21805555625 0.9890625 0.23194444375 0.9875 0.26805555625 0.99453125 0.2791666671875
7 0.975 0.2236111109375 0.9734375 0.20138888906250002 0.928125 0.16944444375 0.9234375 0.16805555625 0.91875 0.17361111093749998 0.91875 0.190277778125 0.9296875 0.20833333281250002 0.93046875 0.23055555625 0.93515625 0.2388888890625 0.96015625 0.240277778125 0.96875 0.24722222187499998 0.971875 0.24444444375000002 0.975 0.2236111109375
7 0.92734375 0.1263888890625 0.92578125 0.1291666671875 0.9390625 0.14305555625 0.9703125 0.15972222187500001 0.98046875 0.1611111109375 0.97890625 0.147222221875 0.975 0.14305555625 0.9421875 0.125 0.92734375 0.1263888890625
7 0.79140625 0.11388888906250001 0.78828125 0.1111111109375 0.7859375 0.115277778125 0.78515625 0.1291666671875 0.77890625 0.13888888906250002 0.78515625 0.14444444375 0.7859375 0.1541666671875 0.790625 0.1541666671875 0.79453125 0.1458333328125 0.7953125 0.127777778125 0.79140625 0.11388888906250001
7 0.78828125 0.09444444375 0.7890625 0.10555555624999999 0.79609375 0.115277778125 0.7984375 0.097222221875 0.78828125 0.09444444375
7 0.74921875 0.07638888906249999 0.7453125 0.1583333328125 0.76328125 0.15972222187500001 0.76875 0.1541666671875 0.77109375 0.1375 0.77109375 0.09444444375 0.76796875 0.084722221875 0.76171875 0.077777778125 0.74921875 0.07638888906249999
7 0.73984375 0.07638888906249999 0.7375 0.06805555625000001 0.7234375 0.058333332812500006 0.69921875 0.054166667187499996 0.6828125 0.04444444375 0.67734375 0.047222221875 0.6765625 0.055555556250000006 0.675 0.09305555625 0.69140625 0.1166666671875 0.690625 0.1291666671875 0.7046875 0.14305555625 0.71796875 0.147222221875 0.72578125 0.15555555625 0.7359375 0.15555555625 0.73984375 0.07638888906249999