2 0.425 0.9609375 0.4625 0.9609375 0.47083333281249995 0.95703125 0.47083333281249995 0.95 0.46666666718750005 0.94609375 0.4291666671875 0.95 0.41805555625 0.95546875 0.425 0.9609375
1 0.09305555625 0.54453125 0.08055555625000001 0.54921875 0.08055555625000001 0.5546875 0.0916666671875 0.5578125 0.1513888890625 0.5578125 0.16388888906250001 0.56015625 0.2166666671875 0.55859375 0.22638888906250001 0.5625 0.2236111109375 0.56875 0.22916666718749998 0.57109375 0.24305555625 0.5625 0.25 0.5484375 0.2513888890625 0.53125 0.2416666671875 0.5328125 0.23055555625 0.54609375 0.215277778125 0.54765625 0.16805555625 0.54375 0.09305555625 0.54453125
1 0.1263888890625 0.615625 0.10555555624999999 0.615625 0.10555555624999999 0.62734375 0.12222222187500001 0.6296875 0.2541666671875 0.628125 0.259722221875 0.63203125 0.25833333281250004 0.640625 0.26527777812500003 0.6421875 0.272222221875 0.63203125 0.28611111093749997 0.62421875 0.2833333328125 0.61328125 0.2888888890625 0.60625 0.28194444375 0.6046875 0.2541666671875 0.6140625 0.21944444375 0.61484375 0.19444444375 0.61015625 0.1541666671875 0.61015625 0.1263888890625 0.615625
6 0.21805555625 0.23828125 0.2125 0.24296875 0.197222221875 0.24609375 0.1875 0.26484375 0.16388888906250001 0.26796875 0.15555555625 0.27265625 0.15 0.29609375 0.1513888890625 0.31171875 0.16388888906250001 0.32109375 0.1611111109375 0.32578125 0.16944444375 0.340625 0.17361111093749998 0.34375 0.1888888890625 0.3453125 0.20694444375 0.34609375 0.240277778125 0.3375 0.2388888890625 0.3171875 0.24722222187499998 0.30234375 0.2513888890625 0.3 0.275 0.29765625 0.2833333328125 0.2921875 0.2833333328125 0.2796875 0.26805555625 0.26953125 0.275 0.2671875 0.27777777812500004 0.2625 0.2791666671875 0.23828125 0.25833333281250004 0.2359375 0.21805555625 0.23828125
6 0.16388888906250001 0.4 0.1611111109375 0.4046875 0.1611111109375 0.425 0.17361111093749998 0.43046875 0.19583333281249998 0.43359375 0.21944444375 0.4328125 0.24305555625 0.4234375 0.259722221875 0.4015625 0.25833333281250004 0.34921875 0.2513888890625 0.34296875 0.23055555625 0.3453125 0.222222221875 0.3640625 0.2166666671875 0.3671875 0.197222221875 0.36328125 0.197222221875 0.36796875 0.1888888890625 0.37109375 0.177777778125 0.3921875 0.16388888906250001 0.4
7 0.1291666671875 0.1421875 0.12222222187500001 0.15 0.1208333328125 0.16328125 0.13055555624999998 0.16484375 0.1513888890625 0.15546875 0.1513888890625 0.11015625 0.14444444375 0.1140625 0.13055555624999998 0.1328125 0.1291666671875 0.1421875
7 0.097222221875 0.03046875 0.08333333281250001 0.0375 0.11805555625 0.03828125 0.11805555625 0.0359375 0.11388888906250001 0.03203125 0.097222221875 0.03046875
7 0.12222222187500001 0.053125 0.11805555625 0.05 0.097222221875 0.04609375 0.08194444375 0.046875 0.072222221875 0.06171875 0.072222221875 0.0765625 0.08333333281250001 0.09296875 0.11944444375 0.09375 0.127777778125 0.078125 0.1208333328125 0.0703125 0.12222222187500001 0.053125
7 0.07083333281250001 0.1296875 0.07083333281250001 0.1375 0.077777778125 0.1421875 0.08055555625000001 0.14296875 0.102777778125 0.125 0.11388888906250001 0.1109375 0.11388888906250001 0.1046875 0.08055555625000001 0.103125 0.07083333281250001 0.1296875
7 0.23333333281250002 0.06953125 0.2236111109375 0.07421875 0.1833333328125 0.08359375 0.16944444375 0.09375 0.15555555625 0.11953125 0.15555555625 0.14375 0.15972222187500001 0.14921875 0.15555555625 0.15234375 0.1541666671875 0.17109375 0.15555555625 0.18125 0.1708333328125 0.184375 0.1833333328125 0.1859375 0.2236111109375 0.18046875 0.22777777812500002 0.16875 0.2125 0.1625 0.215277778125 0.153125 0.21805555625 0.15078125 0.23055555625 0.15078125 0.23611111093749998 0.1484375 0.25555555625 0.12890625 0.25833333281250004 0.121875 0.27777777812500004 0.1171875 0.27777777812500004 0.07734375 0.26527777812500003 0.06953125 0.23333333281250002 0.06953125
7 0.1291666671875 0.8671875 0.1416666671875 0.8703125 0.18194444375000002 0.8703125 0.2 0.86796875 0.190277778125 0.83515625 0.190277778125 0.825 0.197222221875 0.81484375 0.19583333281249998 0.80703125 0.1708333328125 0.79453125 0.1458333328125 0.79609375 0.1263888890625 0.8171875 0.11805555625 0.8203125 0.1111111109375 0.828125 0.10833333281249999 0.8484375 0.1291666671875 0.8671875
7 0.109722221875 0.63125 0.10138888906250001 0.6234375 0.1 0.61328125 0.1166666671875 0.61171875 0.134722221875 0.60390625 0.1513888890625 0.60625 0.16388888906250001 0.6 0.177777778125 0.5984375 0.1833333328125 0.59140625 0.18055555625 0.57578125 0.1625 0.56796875 0.15555555625 0.56171875 0.109722221875 0.5609375 0.08055555625000001 0.5546875 0.08333333281250001 0.54765625 0.09305555625 0.5421875 0.1291666671875 0.54453125 0.177777778125 0.5421875 0.177777778125 0.5375 0.1708333328125 0.53203125 0.14305555625 0.5234375 0.125 0.521875 0.030555556249999997 0.52578125 0.0111111109375 0.53125 0.006944443749999999 0.53671875 0.00555555625 0.56875 0.0208333328125 0.60625 0.0333333328125 0.6109375 0.075 0.60859375 0.097222221875 0.61484375 0.097222221875 0.6171875 0.0791666671875 0.6203125 0.0375 0.62109375 0.04444444375 0.6359375 0.055555556250000006 0.64453125 0.052777778124999994 0.65625 0.059722221875 0.6625 0.058333332812500006 0.66640625 0.04305555625 0.671875 0.05 0.71328125 0.055555556250000006 0.71875 0.072222221875 0.71953125 0.0861111109375 0.7234375 0.1611111109375 0.725 0.1666666671875 0.71953125 0.177777778125 0.71796875 0.17361111093749998 0.703125 0.1888888890625 0.6984375 0.19444444375 0.69375 0.19305555624999998 0.675 0.165277778125 0.66796875 0.16388888906250001 0.66171875 0.15555555625 0.65546875 0.15555555625 0.64765625 0.147222221875 0.64375 0.147222221875 0.63125 0.109722221875 0.63125
7 0.272222221875 0.00625 0.26805555625 0.00078125 0.222222221875 0.00078125 0.21805555625 0.00703125 0.23611111093749998 0.01171875 0.26805555625 0.0125 0.272222221875 0.00625
7 0.2166666671875 0.07421875 0.2388888890625 0.06484375 0.240277778125 0.0578125 0.23055555625 0.0390625 0.24722222187499998 0.03046875 0.22638888906250001 0.02578125 0.20277777812500003 0.02734375 0.16944444375 0.07109375 0.1708333328125 0.08046875 0.1888888890625 0.08125 0.19583333281249998 0.07734375 0.2166666671875 0.07421875
7 0.1416666671875 0.0609375 0.14444444375 0.04453125 0.15555555625 0.03203125 0.15972222187500001 0.01953125 0.14444444375 0.021875 0.134722221875 0.0359375 0.1208333328125 0.0671875 0.13333333281249998 0.0671875 0.13055555624999998 0.07109375 0.1208333328125 0.0734375 0.12222222187500001 0.075 0.13055555624999998 0.075 0.1416666671875 0.0609375
7 0.11944444375 0.2140625 0.1291666671875 0.2140625 0.1375 0.21875 0.1513888890625 0.2140625 0.1513888890625 0.2078125 0.1208333328125 0.20703125 0.115277778125 0.2109375 0.11944444375 0.2140625
7 0.0958333328125 0.203125 0.09444444375 0.209375 0.1 0.2109375 0.109722221875 0.20703125 0.10555555624999999 0.203125 0.0958333328125 0.203125
7 0.08055555625000001 0.23359375 0.075 0.24921875 0.090277778125 0.2515625 0.15555555625 0.25546875 0.1611111109375 0.24921875 0.15972222187500001 0.2375 0.15 0.23125 0.090277778125 0.22890625 0.08055555625000001 0.23359375
7 0.052777778124999994 0.3234375 0.10138888906250001 0.32265625 0.10555555624999999 0.3140625 0.1291666671875 0.3046875 0.14305555625 0.2921875 0.1458333328125 0.28203125 0.1583333328125 0.2671875 0.1541666671875 0.2625 0.075 0.26015625 0.06805555625000001 0.26171875 0.05694444375 0.28203125 0.054166667187499996 0.29765625 0.047222221875 0.30625 0.04444444375 0.31953125 0.052777778124999994 0.3234375
7 0.25 0.0296875 0.23194444375 0.02578125 0.20277777812500003 0.02578125 0.20277777812500003 0.03125 0.222222221875 0.03671875 0.2388888890625 0.0375 0.25 0.0296875