2 0.41944444374999995 0.975 0.4625 0.975 0.46944444374999994 0.96953125 0.46388888906250003 0.95703125 0.447222221875 0.95625 0.4375 0.9625 0.42083333281249996 0.9640625 0.41944444374999995 0.975
1 0.19444444375 0.6125 0.15694444375 0.6140625 0.1541666671875 0.61171875 0.1111111109375 0.61328125 0.10555555624999999 0.61640625 0.102777778125 0.6265625 0.11388888906250001 0.6296875 0.15277777812499999 0.62734375 0.2513888890625 0.62734375 0.259722221875 0.63125 0.259722221875 0.63984375 0.26527777812500003 0.640625 0.272222221875 0.63203125 0.28611111093749997 0.625 0.2888888890625 0.6203125 0.28472222187499996 0.61171875 0.290277778125 0.60546875 0.2833333328125 0.6046875 0.259722221875 0.61328125 0.23472222187499997 0.61484375 0.19444444375 0.6125
1 0.1708333328125 0.54375 0.15555555625 0.54375 0.14861111093749999 0.54609375 0.0861111109375 0.5453125 0.08333333281250001 0.54921875 0.0875 0.55703125 0.2166666671875 0.5578125 0.22777777812500002 0.56171875 0.22638888906250001 0.56875 0.23055555625 0.5703125 0.240277778125 0.565625 0.25 0.54453125 0.2513888890625 0.5390625 0.2388888890625 0.5390625 0.240277778125 0.53359375 0.2513888890625 0.53203125 0.24305555625 0.53125 0.225 0.54609375 0.18194444375000002 0.54609375 0.1708333328125 0.54375
6 0.21805555625 0.2390625 0.215277778125 0.2359375 0.2125 0.23984375 0.197222221875 0.24453125 0.1916666671875 0.25078125 0.190277778125 0.26328125 0.15694444375 0.27109375 0.15 0.3078125 0.165277778125 0.3203125 0.16805555625 0.33203125 0.1763888890625 0.33359375 0.1763888890625 0.33671875 0.16944444375 0.3390625 0.17361111093749998 0.33828125 0.17916666718750002 0.34375 0.21111111093749999 0.34453125 0.2388888890625 0.33828125 0.24305555625 0.3328125 0.240277778125 0.31875 0.24722222187499998 0.30234375 0.272222221875 0.29765625 0.28194444375 0.2921875 0.28472222187499996 0.28046875 0.272222221875 0.27109375 0.2791666671875 0.26015625 0.27777777812500004 0.240625 0.272222221875 0.23671875 0.2388888890625 0.2359375 0.21805555625 0.2390625
6 0.15972222187500001 0.4015625 0.1611111109375 0.425 0.18055555625 0.43125 0.19583333281249998 0.43359375 0.21805555625 0.4328125 0.24305555625 0.42265625 0.259722221875 0.39453125 0.25833333281250004 0.353125 0.25694444375000003 0.346875 0.25 0.34296875 0.22916666718749998 0.34453125 0.222222221875 0.36328125 0.21805555625 0.365625 0.20277777812500003 0.3625 0.190277778125 0.36328125 0.17361111093749998 0.39375 0.15972222187500001 0.4015625
7 0.26805555625 0.06953125 0.23333333281250002 0.06953125 0.2236111109375 0.07421875 0.1833333328125 0.08359375 0.17361111093749998 0.0890625 0.15555555625 0.1140625 0.15555555625 0.14296875 0.16805555625 0.1484375 0.15555555625 0.16171875 0.15555555625 0.18125 0.1625 0.1828125 0.19305555624999998 0.1859375 0.20138888906250002 0.1828125 0.2208333328125 0.18125 0.22777777812500002 0.1765625 0.22916666718749998 0.16796875 0.21805555625 0.16328125 0.21805555625 0.15390625 0.23611111093749998 0.14921875 0.25833333281250004 0.121875 0.275 0.11875 0.28055555625 0.11328125 0.27638888906250003 0.10390625 0.2791666671875 0.07734375 0.26805555625 0.06953125
7 0.1513888890625 0.15546875 0.1541666671875 0.14609375 0.15 0.1328125 0.1541666671875 0.1140625 0.147222221875 0.1125 0.1541666671875 0.1078125 0.147222221875 0.11015625 0.14305555625 0.1234375 0.13055555624999998 0.1328125 0.1208333328125 0.15 0.12222222187500001 0.16015625 0.134722221875 0.1609375 0.1513888890625 0.15546875
7 0.11805555625 0.0359375 0.1041666671875 0.028125 0.097222221875 0.028125 0.09305555625 0.0359375 0.102777778125 0.0375 0.11805555625 0.03828125 0.11805555625 0.0359375
7 0.0958333328125 0.04375 0.08333333281250001 0.046875 0.072222221875 0.0625 0.072222221875 0.07578125 0.08333333281250001 0.09296875 0.11944444375 0.09375 0.1291666671875 0.078125 0.1263888890625 0.06171875 0.11805555625 0.0484375 0.0958333328125 0.04375
7 0.11388888906250001 0.1109375 0.11388888906250001 0.1046875 0.09305555625 0.10234375 0.08055555625000001 0.10390625 0.07083333281250001 0.128125 0.07083333281250001 0.13671875 0.077777778125 0.14296875 0.08055555625000001 0.14375 0.090277778125 0.13671875 0.102777778125 0.12421875 0.11388888906250001 0.1109375
7 0.2791666671875 0.00625 0.272222221875 0.00078125 0.21944444375 0.00078125 0.21805555625 0.00703125 0.23194444375 0.0109375 0.26805555625 0.01171875 0.2791666671875 0.00625
7 0.175 0.08125 0.1861111109375 0.08203125 0.19444444375 0.07734375 0.21111111093749999 0.075 0.2166666671875 0.07109375 0.23055555625 0.06953125 0.2388888890625 0.06484375 0.2388888890625 0.040625 0.25 0.03125 0.24305555625 0.02734375 0.20555555625 0.025 0.197222221875 0.0296875 0.16944444375 0.07109375 0.16805555625 0.07734375 0.175 0.08125
7 0.1513888890625 0.01953125 0.14444444375 0.0234375 0.134722221875 0.03828125 0.125 0.0578125 0.127777778125 0.0734375 0.1375 0.06640625 0.14444444375 0.0515625 0.15 0.0484375 0.1611111109375 0.01953125 0.1513888890625 0.01953125
7 0.1541666671875 0.21015625 0.15 0.20625 0.127777778125 0.2046875 0.115277778125 0.20703125 0.1111111109375 0.2140625 0.13194444375 0.215625 0.1375 0.22265625 0.1416666671875 0.21640625 0.15277777812499999 0.2140625 0.1541666671875 0.21015625
7 0.1111111109375 0.20390625 0.0958333328125 0.20234375 0.09444444375 0.2109375 0.10555555624999999 0.209375 0.1111111109375 0.20390625
7 0.15555555625 0.25546875 0.15972222187500001 0.2546875 0.1611111109375 0.24921875 0.15972222187500001 0.23671875 0.1541666671875 0.23125 0.1375 0.22890625 0.09305555625 0.22890625 0.08194444375 0.2328125 0.077777778125 0.23828125 0.072222221875 0.24921875 0.077777778125 0.25078125 0.11944444375 0.2515625 0.15555555625 0.25546875
7 0.047222221875 0.32109375 0.058333332812500006 0.3234375 0.09444444375 0.32421875 0.1041666671875 0.31875 0.10833333281249999 0.31171875 0.11944444375 0.3078125 0.1291666671875 0.30859375 0.14305555625 0.29453125 0.147222221875 0.28203125 0.15555555625 0.27421875 0.15555555625 0.26328125 0.06944444375 0.2609375 0.059722221875 0.27578125 0.054166667187499996 0.3 0.04444444375 0.3171875 0.047222221875 0.32109375