1 0.38671875 0.2833333328125 0.39375 0.290277778125 0.3953125 0.2833333328125 0.38671875 0.2638888890625 0.38515625 0.2416666671875 0.3859375 0.115277778125 0.384375 0.10694444375 0.38046875 0.102777778125 0.3734375 0.102777778125 0.36953125 0.109722221875 0.37265625 0.1611111109375 0.37265625 0.24583333281250003 0.36875 0.2611111109375 0.36015625 0.259722221875 0.359375 0.26527777812500003 0.36875 0.272222221875 0.375 0.28611111093749997 0.38671875 0.2833333328125
1 0.46875 0.24305555625 0.45703125 0.23611111093749998 0.45234375 0.215277778125 0.45390625 0.177777778125 0.45625 0.16944444375 0.453125 0.140277778125 0.4546875 0.084722221875 0.45078125 0.08194444375 0.44296875 0.0861111109375 0.4421875 0.2166666671875 0.43828125 0.22638888906250001 0.43046875 0.22638888906250001 0.4296875 0.23055555625 0.43203125 0.2388888890625 0.43828125 0.24305555625 0.4671875 0.2513888890625 0.46875 0.24305555625
6 0.71796875 0.28472222187499996 0.7296875 0.2708333328125 0.73671875 0.27777777812500004 0.7609375 0.27638888906250003 0.76328125 0.2708333328125 0.7640625 0.2388888890625 0.76171875 0.2166666671875 0.75546875 0.197222221875 0.73515625 0.1875 0.73046875 0.1583333328125 0.7046875 0.15 0.69140625 0.15 0.68125 0.165277778125 0.671875 0.1666666671875 0.66484375 0.1763888890625 0.6609375 0.172222221875 0.65625 0.177777778125 0.65703125 0.22916666718749998 0.6625 0.240277778125 0.6671875 0.24305555625 0.68203125 0.2388888890625 0.6984375 0.24722222187499998 0.70234375 0.275 0.7078125 0.2833333328125 0.71796875 0.28472222187499996
6 0.65546875 0.23055555625 0.634375 0.21805555625 0.6375 0.20277777812500003 0.63671875 0.190277778125 0.60546875 0.17361111093749998 0.59765625 0.15972222187500001 0.57578125 0.1611111109375 0.5703125 0.17361111093749998 0.5671875 0.19305555624999998 0.5671875 0.21805555625 0.5703125 0.22777777812500002 0.57734375 0.2416666671875 0.5859375 0.24583333281250003 0.5953125 0.25694444375000003 0.6515625 0.25833333281250004 0.65625 0.2541666671875 0.65546875 0.23055555625
7 0.83828125 0.12222222187500001 0.83984375 0.1458333328125 0.84453125 0.1513888890625 0.8921875 0.1541666671875 0.88984375 0.147222221875 0.8671875 0.13055555624999998 0.85546875 0.1291666671875 0.84921875 0.1208333328125 0.83828125 0.12222222187500001
7 0.96875 0.10555555624999999 0.96875 0.097222221875 0.96171875 0.084722221875 0.95625 0.0861111109375 0.93828125 0.072222221875 0.92421875 0.072222221875 0.90703125 0.084722221875 0.90625 0.11944444375 0.91796875 0.127777778125 0.95234375 0.11805555625 0.95234375 0.10833333281249999 0.95703125 0.097222221875 0.9625 0.1 0.9625 0.11805555625 0.96875 0.10555555624999999
7 0.8625 0.07083333281250001 0.8578125 0.07638888906249999 0.85625 0.08055555625000001 0.87578125 0.1041666671875 0.8890625 0.11388888906250001 0.8953125 0.11388888906250001 0.89765625 0.09305555625 0.89609375 0.08055555625000001 0.86953125 0.07083333281250001 0.8625 0.07083333281250001
7 0.878125 0.25833333281250004 0.88125 0.275 0.8859375 0.28055555625 0.8953125 0.27638888906250003 0.921875 0.2791666671875 0.93046875 0.26527777812500003 0.93046875 0.23333333281250002 0.92578125 0.2236111109375 0.915625 0.18194444375000002 0.90390625 0.16805555625 0.8796875 0.15555555625 0.85625 0.15555555625 0.84921875 0.18055555625 0.84453125 0.177777778125 0.84453125 0.1708333328125 0.83984375 0.16805555625 0.83671875 0.15555555625 0.81875 0.15555555625 0.81640625 0.16805555625 0.8171875 0.2125 0.8234375 0.22777777812500002 0.83125 0.22916666718749998 0.83515625 0.22638888906250001 0.8375 0.21805555625 0.84609375 0.21805555625 0.85078125 0.23611111093749998 0.878125 0.25833333281250004
7 0.9875 0.26805555625 0.9890625 0.275 0.99375 0.2791666671875 0.99921875 0.26805555625 0.99921875 0.21944444375 0.99375 0.21805555625 0.98828125 0.23472222187499997 0.9875 0.26805555625
7 0.92578125 0.16805555625 0.921875 0.16805555625 0.91875 0.17361111093749998 0.91796875 0.1888888890625 0.93515625 0.2388888890625 0.9625 0.240277778125 0.96875 0.24722222187499998 0.971875 0.24305555625 0.975 0.20694444375 0.96953125 0.197222221875 0.92578125 0.16805555625
7 0.94609375 0.1263888890625 0.93125 0.12222222187500001 0.92734375 0.125 0.925 0.1291666671875 0.9375 0.14305555625 0.94453125 0.147222221875 0.953125 0.1458333328125 0.9578125 0.1513888890625 0.98046875 0.15972222187500001 0.9765625 0.14305555625 0.94609375 0.1263888890625
7 0.79296875 0.15 0.79375 0.13055555624999998 0.79140625 0.11805555625 0.79296875 0.1111111109375 0.796875 0.10833333281249999 0.79765625 0.0958333328125 0.7875 0.09305555625 0.78828125 0.102777778125 0.7921875 0.109722221875 0.7859375 0.11805555625 0.784375 0.13194444375 0.7796875 0.13888888906250002 0.7859375 0.1513888890625 0.78984375 0.15277777812499999 0.79296875 0.15
7 0.7453125 0.1361111109375 0.74609375 0.15972222187500001 0.7625 0.15972222187500001 0.76875 0.15277777812499999 0.77109375 0.0916666671875 0.76796875 0.08194444375 0.74921875 0.07638888906249999 0.74765625 0.1291666671875 0.7453125 0.1361111109375
7 0.73828125 0.06805555625000001 0.715625 0.055555556250000006 0.70234375 0.054166667187499996 0.68203125 0.04444444375 0.67734375 0.0458333328125 0.6765625 0.0513888890625 0.675 0.090277778125 0.68046875 0.1041666671875 0.6875 0.10833333281249999 0.690625 0.11805555625 0.6890625 0.1291666671875 0.72578125 0.15555555625 0.73671875 0.15555555625 0.73828125 0.06805555625000001
4 0.96171875 0.2638888890625 0.95234375 0.28055555625 0.9546875 0.32083333281250004 0.95078125 0.33888888906250003 0.95625 0.33888888906250003 0.96171875 0.33055555625 0.9625 0.309722221875 0.9671875 0.29305555625 0.96796875 0.27638888906250003 0.96171875 0.2638888890625
4 0.9546875 0.3375 0.95234375 0.33055555625 0.9515625 0.3375 0.9546875 0.3375
4 0.9875 0.302777778125 0.9875 0.28194444375 0.98515625 0.28055555625 0.9828125 0.28194444375 0.98046875 0.3236111109375 0.9765625 0.334722221875 0.97578125 0.34305555625 0.98046875 0.3370375 0.98046875 0.34490694375 0.97578125 0.352777778125 0.97734375 0.3541666671875 0.98046875 0.352777778125 0.98125 0.3263888890625 0.9875 0.302777778125
4 0.96484375 0.27638888906250003 0.96171875 0.29305555625 0.96484375 0.2986111109375 0.96171875 0.3013888890625 0.96171875 0.309722221875 0.96640625 0.2958333328125 0.96328125 0.2916666671875 0.9671875 0.28611111093749997 0.96484375 0.27638888906250003
4 0.9625 0.33055555625 0.95703125 0.27777777812500004 0.96328125 0.26805555625 0.9578125 0.2708333328125 0.95546875 0.2791666671875 0.95546875 0.3083333328125 0.96015625 0.3166666671875 0.96015625 0.322222221875 0.95625 0.322222221875 0.9578125 0.3333333328125 0.9609375 0.334722221875 0.9625 0.33055555625