2 0.43194444374999996 0.98671875 0.47083333281249995 0.9859375 0.4763888890625 0.98359375 0.477777778125 0.975 0.46805555625000006 0.96796875 0.4458333328125 0.9703125 0.425 0.97734375 0.43194444374999996 0.98671875
1 0.2513888890625 0.615625 0.10138888906250001 0.6171875 0.10555555624999999 0.63046875 0.11944444375 0.628125 0.1916666671875 0.6296875 0.20138888906250002 0.62734375 0.2541666671875 0.6296875 0.259722221875 0.6421875 0.2666666671875 0.64296875 0.2708333328125 0.6328125 0.2888888890625 0.62421875 0.2888888890625 0.6203125 0.28055555625 0.615625 0.2888888890625 0.59921875 0.28055555625 0.5984375 0.26805555625 0.60859375 0.2513888890625 0.615625
6 0.27638888906250003 0.21796875 0.2666666671875 0.21328125 0.23055555625 0.2125 0.21805555625 0.2171875 0.23055555625 0.2203125 0.2736111109375 0.22109375 0.27638888906250003 0.21796875
6 0.18055555625 0.2203125 0.177777778125 0.22421875 0.18055555625 0.22578125 0.18055555625 0.2203125
6 0.27777777812500004 0.25625 0.2666666671875 0.25 0.24444444375000002 0.24921875 0.24305555625 0.2375 0.23194444375 0.23359375 0.18055555625 0.23125 0.1763888890625 0.2375 0.1666666671875 0.240625 0.1583333328125 0.2390625 0.11805555625 0.24296875 0.10555555624999999 0.25 0.0958333328125 0.27265625 0.09444444375 0.2875 0.097222221875 0.29375 0.1041666671875 0.29765625 0.14305555625 0.3015625 0.15555555625 0.31171875 0.16944444375 0.31640625 0.17916666718750002 0.3125 0.225 0.31171875 0.2388888890625 0.30546875 0.24305555625 0.29453125 0.2388888890625 0.28828125 0.21944444375 0.284375 0.21805555625 0.27734375 0.23055555625 0.27109375 0.2666666671875 0.26875 0.27638888906250003 0.2625 0.27777777812500004 0.25625
7 0.3138888890625 0.0203125 0.3416666671875 0.0203125 0.33888888906250003 0.00078125 0.26805555625 0.00078125 0.259722221875 0.00703125 0.259722221875 0.0125 0.27638888906250003 0.0171875 0.3138888890625 0.0203125
7 0.322222221875 0.0796875 0.32777777812500003 0.075 0.33055555625 0.05703125 0.35555555625 0.04609375 0.35555555625 0.0421875 0.30416666718749996 0.0328125 0.24583333281250003 0.03046875 0.23194444375 0.0578125 0.23194444375 0.06953125 0.24583333281250003 0.08203125 0.28611111093749997 0.0921875 0.29444444375 0.09296875 0.322222221875 0.0796875
7 0.18194444375000002 0.084375 0.16944444375 0.09375 0.1583333328125 0.109375 0.1541666671875 0.13828125 0.15555555625 0.14453125 0.16388888906250001 0.1484375 0.15555555625 0.159375 0.15555555625 0.18125 0.15972222187500001 0.1828125 0.18055555625 0.1828125 0.197222221875 0.16875 0.2125 0.1625 0.2166666671875 0.15078125 0.22916666718749998 0.15 0.2416666671875 0.1453125 0.25833333281250004 0.121875 0.275 0.11875 0.2791666671875 0.11484375 0.27638888906250003 0.09375 0.2666666671875 0.0890625 0.25 0.08671875 0.23055555625 0.07421875 0.18194444375000002 0.084375
7 0.2791666671875 0.49140625 0.2666666671875 0.4828125 0.25 0.48203125 0.20833333281250002 0.48984375 0.20555555625 0.4953125 0.26944444375 0.4953125 0.2791666671875 0.49140625
7 0.30555555624999997 0.54296875 0.302777778125 0.5390625 0.29305555625 0.5359375 0.29305555625 0.52421875 0.2888888890625 0.521875 0.1513888890625 0.5203125 0.14305555625 0.521875 0.1111111109375 0.53984375 0.10555555624999999 0.54609375 0.10138888906250001 0.57109375 0.097222221875 0.575 0.0861111109375 0.6390625 0.0958333328125 0.6625 0.10555555624999999 0.6671875 0.11805555625 0.66875 0.2166666671875 0.66953125 0.22638888906250001 0.6625 0.23333333281250002 0.64765625 0.2541666671875 0.64296875 0.25555555625 0.63125 0.24583333281250003 0.628125 0.10555555624999999 0.6296875 0.1 0.621875 0.1041666671875 0.6171875 0.252777778125 0.6140625 0.275 0.56484375 0.29305555625 0.56015625 0.30555555624999997 0.55078125 0.30555555624999997 0.54296875
7 0.25694444375000003 0.00703125 0.25555555625 0.00078125 0.22777777812500002 0.00078125 0.21944444375 0.0078125 0.23333333281250002 0.01171875 0.252777778125 0.0125 0.25694444375000003 0.00703125
7 0.23055555625 0.05546875 0.24305555625 0.03203125 0.240277778125 0.028125 0.20555555625 0.02578125 0.197222221875 0.03046875 0.16944444375 0.07109375 0.16944444375 0.08046875 0.1916666671875 0.08046875 0.20833333281250002 0.0703125 0.22916666718749998 0.06796875 0.23055555625 0.05546875
7 0.14305555625 0.0265625 0.125 0.05625 0.125 0.0734375 0.13055555624999998 0.07421875 0.14305555625 0.05390625 0.15555555625 0.04375 0.16388888906250001 0.021875 0.15 0.02109375 0.14305555625 0.0265625
7 0.1513888890625 0.140625 0.1513888890625 0.11875 0.1458333328125 0.11796875 0.134722221875 0.12734375 0.127777778125 0.14375 0.1208333328125 0.14921875 0.12222222187500001 0.16171875 0.1361111109375 0.16328125 0.1513888890625 0.15859375 0.15555555625 0.15 0.1513888890625 0.140625
7 0.07638888906249999 0.14375 0.08055555625000001 0.14453125 0.1041666671875 0.125 0.11388888906250001 0.10625 0.08055555625000001 0.10390625 0.07083333281250001 0.1265625 0.07083333281250001 0.13984375 0.07638888906249999 0.14375
4 0.91805555625 0.99453125 0.8861111109375001 0.99453125 0.8791666671874999 0.98984375 0.8625 0.98671875 0.8194444437499999 0.99921875 0.91805555625 1 0.91805555625 0.99453125
4 0.23055555625 0.396875 0.2236111109375 0.4015625 0.222222221875 0.40546875 0.23055555625 0.41015625 0.2541666671875 0.40859375 0.26944444375 0.41640625 0.28611111093749997 0.4125 0.3375 0.4140625 0.3458333328125 0.4203125 0.34861111093749997 0.41484375 0.34444444375 0.41015625 0.3166666671875 0.40625 0.322222221875 0.4 0.34305555625 0.39609375 0.33888888906250003 0.3953125 0.3416666671875 0.39140625 0.3291666671875 0.38984375 0.30694444375 0.40078125 0.252777778125 0.3953125 0.23055555625 0.396875