7 0.18194444375000002 0.084375 0.16805555625 0.09609375 0.15555555625 0.11875 0.15555555625 0.14453125 0.16944444375 0.1484375 0.15972222187500001 0.15078125 0.15694444375 0.1671875 0.15972222187500001 0.17578125 0.1708333328125 0.18359375 0.19305555624999998 0.184375 0.222222221875 0.1796875 0.22638888906250001 0.16875 0.215277778125 0.1625 0.2166666671875 0.1515625 0.23611111093749998 0.14921875 0.25833333281250004 0.121875 0.275 0.11796875 0.2791666671875 0.1140625 0.275 0.10390625 0.27638888906250003 0.07734375 0.26527777812500003 0.0703125 0.23055555625 0.0703125 0.18194444375000002 0.084375
7 0.275 0.03359375 0.28611111093749997 0.0390625 0.2888888890625 0.04375 0.3 0.04296875 0.309722221875 0.0484375 0.322222221875 0.0484375 0.3291666671875 0.0390625 0.3083333328125 0.0359375 0.30555555624999997 0.03359375 0.275 0.03359375
7 0.2708333328125 0.04140625 0.275 0.04375 0.2833333328125 0.04375 0.2708333328125 0.04140625
7 0.2791666671875 0.00078125 0.2736111109375 0.00390625 0.2611111109375 0.00390625 0.25833333281250004 0.00078125 0.23194444375 0.00078125 0.23194444375 0.01015625 0.28472222187499996 0.01796875 0.33194444375 0.0234375 0.3513888890625 0.0109375 0.352777778125 0.00078125 0.2791666671875 0.00078125
7 0.58194444375 0.86171875 0.54444444375 0.86484375 0.5111111109375 0.87265625 0.4763888890625 0.875 0.4611111109375 0.8828125 0.447222221875 0.88125 0.434722221875 0.88359375 0.434722221875 0.90625 0.440277778125 0.9125 0.46527777812500004 0.92578125 0.459722221875 0.93125 0.4375 0.9328125 0.440277778125 0.9375 0.48333333281249996 0.93671875 0.49583333281249997 0.93359375 0.525 0.9421875 0.5541666671875001 0.9390625 0.5555555562500001 0.928125 0.547222221875 0.89921875 0.5555555562500001 0.89375 0.577777778125 0.89453125 0.6041666671875 0.8890625 0.6166666671875001 0.88125 0.6208333328125 0.87421875 0.6166666671875001 0.8578125 0.5861111109375 0.85859375 0.58194444375 0.86171875
7 0.5555555562500001 0.78046875 0.5555555562500001 0.76953125 0.5625 0.76328125 0.565277778125 0.72109375 0.5916666671875 0.7046875 0.5930555562500001 0.68203125 0.5791666671875 0.66953125 0.5722222218749999 0.66875 0.5583333328125 0.6609375 0.5527777781250001 0.65234375 0.5263888890625 0.6390625 0.50555555625 0.63515625 0.46805555625000006 0.6359375 0.447222221875 0.63828125 0.434722221875 0.64296875 0.41111111093749997 0.6578125 0.3916666671875 0.68203125 0.372222221875 0.69609375 0.3513888890625 0.71796875 0.3333333328125 0.72578125 0.3291666671875 0.7390625 0.3166666671875 0.7453125 0.32777777812500003 0.75234375 0.33055555625 0.7671875 0.34305555625 0.77265625 0.36805555624999997 0.77578125 0.3736111109375 0.7796875 0.3583333328125 0.7828125 0.3416666671875 0.8 0.33055555625 0.80703125 0.31944444375000003 0.809375 0.29444444375 0.84609375 0.290277778125 0.8609375 0.33194444375 0.86171875 0.3513888890625 0.85703125 0.38055555625 0.83125 0.397222221875 0.82421875 0.415277778125 0.82734375 0.4263888890625 0.83359375 0.43194444374999996 0.85 0.45416666718750004 0.85 0.46527777812500004 0.846875 0.4763888890625 0.8484375 0.5763888890625 0.8359375 0.56805555625 0.8078125 0.56805555625 0.7875 0.5555555562500001 0.78046875
7 0.25833333281250004 0.9 0.2513888890625 0.9171875 0.23194444375 0.93984375 0.22638888906250001 0.96171875 0.215277778125 0.97734375 0.215277778125 0.99140625 0.2208333328125 0.996875 0.2388888890625 0.996875 0.24583333281250003 0.98203125 0.25694444375000003 0.96953125 0.26527777812500003 0.96796875 0.272222221875 0.9546875 0.2833333328125 0.94609375 0.28472222187499996 0.93359375 0.3013888890625 0.90703125 0.30694444375 0.90234375 0.322222221875 0.89921875 0.3263888890625 0.88828125 0.2791666671875 0.890625 0.2666666671875 0.89375 0.25833333281250004 0.9
7 0.1708333328125 0.08046875 0.184722221875 0.08203125 0.23055555625 0.06875 0.22916666718749998 0.0625 0.21944444375 0.0578125 0.2208333328125 0.0484375 0.22916666718749998 0.03984375 0.24305555625 0.03359375 0.240277778125 0.03046875 0.23055555625 0.03046875 0.21805555625 0.0265625 0.197222221875 0.03125 0.17361111093749998 0.0640625 0.16944444375 0.071875 0.1708333328125 0.08046875
7 0.1541666671875 0.05 0.15972222187500001 0.01953125 0.13194444375 0.04140625 0.12222222187500001 0.0609375 0.125 0.0734375 0.13055555624999998 0.075 0.1541666671875 0.05
7 0.1111111109375 0.63125 0.097222221875 0.61796875 0.040277778125000004 0.6203125 0.0375 0.62421875 0.04444444375 0.6359375 0.055555556250000006 0.64453125 0.052777778124999994 0.6578125 0.05694444375 0.6640625 0.04305555625 0.671875 0.05 0.7125 0.055555556250000006 0.71875 0.075 0.71875 0.0986111109375 0.72421875 0.16805555625 0.725 0.17361111093749998 0.71796875 0.16944444375 0.7046875 0.17361111093749998 0.7015625 0.1916666671875 0.69765625 0.19444444375 0.678125 0.1888888890625 0.6734375 0.165277778125 0.66875 0.16388888906250001 0.659375 0.15555555625 0.6515625 0.1583333328125 0.64453125 0.15 0.640625 0.1541666671875 0.63125 0.1111111109375 0.63125
7 0.1763888890625 0.5375 0.15277777812499999 0.52421875 0.134722221875 0.521875 0.04305555625 0.521875 0.029166667187500002 0.52578125 0.015277778124999999 0.52578125 0.009722221875000001 0.534375 0.0083333328125 0.57109375 0.019444443750000002 0.60390625 0.029166667187500002 0.6109375 0.06944444375 0.60859375 0.09444444375 0.61328125 0.10555555624999999 0.6125 0.13194444375 0.60625 0.1625 0.60625 0.1708333328125 0.60078125 0.18055555625 0.6 0.184722221875 0.58203125 0.17916666718750002 0.57109375 0.1541666671875 0.5609375 0.13055555624999998 0.55859375 0.13055555624999998 0.54375 0.177777778125 0.5421875 0.1763888890625 0.5375
7 0.15555555625 0.234375 0.1458333328125 0.23125 0.0861111109375 0.2296875 0.077777778125 0.23984375 0.077777778125 0.2515625 0.097222221875 0.25078125 0.1541666671875 0.2546875 0.15972222187500001 0.25 0.1583333328125 0.23828125 0.15555555625 0.234375
7 0.1 0.32265625 0.10694444375 0.31484375 0.13194444375 0.3046875 0.147222221875 0.2828125 0.1541666671875 0.28046875 0.15972222187500001 0.265625 0.1513888890625 0.2625 0.115277778125 0.2625 0.09305555625 0.25859375 0.072222221875 0.25859375 0.047222221875 0.31484375 0.047222221875 0.31875 0.054166667187499996 0.32265625 0.1 0.32265625
4 0.2916666671875 0.03359375 0.26944444375 0.03125 0.24722222187499998 0.0328125 0.2611111109375 0.04140625 0.2916666671875 0.04765625 0.322222221875 0.0484375 0.32777777812500003 0.04375 0.3125 0.03828125 0.2986111109375 0.03828125 0.2916666671875 0.03359375
4 0.4291666671875 0.9421875 0.43055555625 0.9296875 0.42222222187499997 0.9265625 0.38333333281250004 0.92734375 0.3763888890625 0.925 0.35555555625 0.925 0.3291666671875 0.9390625 0.33055555625 0.94375 0.35 0.94921875 0.3791666671875 0.95 0.4 0.94453125 0.4291666671875 0.9421875