2 0.575 0.0234375 0.575 0.01875 0.56805555625 0.01328125 0.5291666671875 0.0140625 0.522222221875 0.01875 0.522222221875 0.025 0.5319444437499999 0.0328125 0.5541666671875001 0.0296875 0.575 0.0234375
1 0.7486111109375 0.384375 0.89444444375 0.38203125 0.8986111109375001 0.38515625 0.9 0.3765625 0.89444444375 0.36953125 0.877777778125 0.371875 0.8083333328125001 0.3703125 0.797222221875 0.37265625 0.74444444375 0.3703125 0.7402777781250001 0.3578125 0.7333333328125 0.35703125 0.7291666671875 0.36640625 0.7111111109375 0.37578125 0.7111111109375 0.3796875 0.7194444437499999 0.3828125 0.7111111109375 0.40078125 0.7208333328125 0.4015625 0.7361111109375 0.38828125 0.7486111109375 0.384375
6 0.8 0.784375 0.8009263890625 0.78203125 0.809722221875 0.78203125 0.80694444375 0.78515625 0.815277778125 0.78671875 0.815277778125 0.78203125 0.8236111109375001 0.78125 0.8194444437499999 0.77890625 0.7921291671875 0.78203125 0.790277778125 0.784375 0.76944444375 0.7796875 0.7583333328124999 0.78125 0.7263888890625 0.77890625 0.7236111109375 0.78203125 0.7333333328125 0.78671875 0.765277778125 0.78828125 0.7819444437499999 0.7875 0.7833333328125 0.78515625 0.7875 0.7875 0.7916666671875 0.78359375 0.8 0.784375
6 0.722222221875 0.74296875 0.7333333328125 0.75 0.7569444437499999 0.75078125 0.7569444437499999 0.7625 0.76805555625 0.76640625 0.8194444437499999 0.76953125 0.83055555625 0.7609375 0.8819444437499999 0.75703125 0.89444444375 0.75 0.9041666671874999 0.725 0.9041666671874999 0.7109375 0.89444444375 0.70234375 0.85694444375 0.6984375 0.8541666671874999 0.69375 0.83055555625 0.68359375 0.8222222218749999 0.6875 0.775 0.68828125 0.7611111109375 0.69453125 0.7569444437499999 0.70390625 0.7611111109375 0.71171875 0.7791666671875 0.71484375 0.7833333328125 0.721875 0.76805555625 0.72890625 0.7333333328125 0.73125 0.7236111109375 0.7375 0.722222221875 0.74296875
7 0.7236111109375 0.98046875 0.7041666671875 0.98203125 0.659722221875 0.97890625 0.6611111109375 0.99921875 0.73194444375 0.99921875 0.7402777781250001 0.99296875 0.7402777781250001 0.9875 0.7236111109375 0.98046875
7 0.7541666671875 0.96953125 0.76805555625 0.9421875 0.76805555625 0.93046875 0.7541666671875 0.91796875 0.7138888890625 0.9078125 0.702777778125 0.9078125 0.6916666671875 0.915625 0.6777777781250001 0.9203125 0.672222221875 0.925 0.66805555625 0.94453125 0.6625 0.946875 0.6583333328125 0.9453125 0.64444444375 0.95390625 0.64444444375 0.95703125 0.6708333328125 0.96328125 0.7194444437499999 0.96875 0.722222221875 0.971875 0.73055555625 0.96953125 0.7541666671875 0.96953125
7 0.8263888890625 0.9109375 0.8416666671874999 0.890625 0.8458333328125001 0.8625 0.8416666671874999 0.8546875 0.83194444375 0.85234375 0.840277778125 0.84765625 0.8444444437499999 0.83828125 0.8444444437499999 0.81875 0.840277778125 0.8171875 0.8166666671874999 0.8171875 0.8041666671875 0.8296875 0.7861111109375 0.83828125 0.7833333328125 0.84921875 0.76944444375 0.85078125 0.7569444437499999 0.85546875 0.7416666671875001 0.878125 0.725 0.88125 0.7208333328125 0.88515625 0.722222221875 0.90546875 0.752777778125 0.915625 0.76944444375 0.9265625 0.81805555625 0.915625 0.8263888890625 0.9109375
7 0.79305555625 0.5046875 0.7291666671875 0.5046875 0.7208333328125 0.50859375 0.73055555625 0.51640625 0.75 0.5171875 0.784722221875 0.51171875 0.79444444375 0.50703125 0.79305555625 0.5046875
7 0.6944444437499999 0.45703125 0.70694444375 0.4640625 0.709722221875 0.4765625 0.734722221875 0.4796875 0.8486111109375001 0.4796875 0.85694444375 0.478125 0.89305555625 0.45546875 0.909722221875 0.38828125 0.8986111109375001 0.38125 0.9111111109375001 0.38046875 0.9138888890624999 0.3609375 0.9041666671874999 0.33828125 0.897222221875 0.33359375 0.8819444437499999 0.33125 0.7833333328125 0.33046875 0.7736111109375 0.3375 0.7666666671875 0.353125 0.7458333328125 0.35703125 0.7430555562500001 0.36640625 0.7486111109375 0.3703125 0.89444444375 0.3703125 0.9 0.37578125 0.897222221875 0.3828125 0.747222221875 0.3859375 0.725 0.43515625 0.70694444375 0.43984375 0.6944444437499999 0.44921875 0.6944444437499999 0.45703125
7 0.7430555562500001 0.99296875 0.74444444375 0.99921875 0.7708333328125 0.99921875 0.7791666671875 0.99375 0.765277778125 0.98828125 0.747222221875 0.9875 0.7430555562500001 0.99296875
7 0.7916666671875 0.9296875 0.7708333328125 0.93203125 0.76944444375 0.94453125 0.7569444437499999 0.96796875 0.7597222218749999 0.971875 0.79444444375 0.97421875 0.8027777781250001 0.96953125 0.83055555625 0.9296875 0.83055555625 0.91953125 0.8138888890624999 0.91875 0.797222221875 0.92421875 0.7916666671875 0.9296875
7 0.8361111109375001 0.975 0.8388888890624999 0.97890625 0.8458333328125001 0.9796875 0.8541666671874999 0.9765625 0.8666666671875 0.96015625 0.877777778125 0.93515625 0.875 0.9265625 0.8708333328125001 0.925 0.85694444375 0.9453125 0.8486111109375001 0.94921875 0.8361111109375001 0.975
7 0.8444444437499999 0.85234375 0.8486111109375001 0.8578125 0.85 0.8828125 0.85694444375 0.88125 0.8652777781250001 0.87265625 0.872222221875 0.85625 0.8791666671874999 0.85078125 0.8791666671874999 0.84140625 0.875 0.8390625 0.852777778125 0.8390625 0.847222221875 0.84375 0.8444444437499999 0.85234375
7 0.9291666671875 0.87265625 0.9291666671875 0.86171875 0.9236111109375 0.85703125 0.91944444375 0.85625 0.8958333328125001 0.87578125 0.8861111109375001 0.89375 0.915277778125 0.89765625 0.9208333328125 0.8953125 0.9291666671875 0.87265625
4 0.7416666671875001 0.5234375 0.7041666671875 0.52421875 0.70694444375 0.52734375 0.715277778125 0.52890625 0.70555555625 0.5375 0.7430555562500001 0.53828125 0.75 0.54296875 0.7819444437499999 0.54140625 0.8111111109375001 0.53203125 0.8083333328125001 0.52734375 0.7875 0.51875 0.7569444437499999 0.51875 0.7416666671875001 0.5234375