1 0.45625 0.2513888890625 0.46875 0.2513888890625 0.46953125 0.24444444375000002 0.45625 0.23333333281250002 0.45390625 0.222222221875 0.45625 0.172222221875 0.45546875 0.09444444375 0.45078125 0.08055555625000001 0.44453125 0.08194444375 0.4421875 0.0888888890625 0.4421875 0.15277777812499999 0.4390625 0.165277778125 0.44140625 0.2138888890625 0.4375 0.2236111109375 0.4296875 0.2236111109375 0.42890625 0.22916666718749998 0.4375 0.24305555625 0.45625 0.2513888890625
1 0.38671875 0.2833333328125 0.39375 0.290277778125 0.3953125 0.2833333328125 0.38671875 0.25694444375000003 0.3859375 0.222222221875 0.38984375 0.19444444375 0.3890625 0.13888888906250002 0.38515625 0.127777778125 0.384375 0.10555555624999999 0.37578125 0.102777778125 0.3703125 0.10694444375 0.371875 0.2541666671875 0.36875 0.25833333281250004 0.3578125 0.259722221875 0.3578125 0.2666666671875 0.36796875 0.272222221875 0.375 0.28611111093749997 0.3796875 0.2888888890625 0.38671875 0.2833333328125
6 0.71796875 0.28472222187499996 0.72421875 0.28055555625 0.72890625 0.2708333328125 0.7375 0.27777777812500004 0.7609375 0.27638888906250003 0.76328125 0.2708333328125 0.7640625 0.23472222187499997 0.76171875 0.2166666671875 0.75390625 0.197222221875 0.7375 0.190277778125 0.73046875 0.1583333328125 0.72734375 0.15555555625 0.69140625 0.15 0.6796875 0.16388888906250001 0.675 0.1611111109375 0.6625 0.1666666671875 0.65625 0.17361111093749998 0.65546875 0.18055555625 0.65390625 0.21111111093749999 0.6578125 0.23194444375 0.66328125 0.2416666671875 0.6828125 0.2388888890625 0.69765625 0.24722222187499998 0.70234375 0.275 0.7078125 0.2833333328125 0.71796875 0.28472222187499996
6 0.65625 0.2541666671875 0.65546875 0.23194444375 0.64609375 0.2236111109375 0.6375 0.222222221875 0.63515625 0.21805555625 0.63671875 0.19583333281249998 0.63203125 0.19583333281249998 0.625 0.184722221875 0.61171875 0.18055555625 0.596875 0.15972222187500001 0.57734375 0.15972222187500001 0.56953125 0.17361111093749998 0.565625 0.197222221875 0.5671875 0.2208333328125 0.56875 0.22916666718749998 0.58359375 0.25 0.6015625 0.2611111109375 0.64375 0.259722221875 0.65390625 0.25833333281250004 0.65625 0.2541666671875
7 0.84375 0.1513888890625 0.88984375 0.15277777812499999 0.8671875 0.13055555624999998 0.84921875 0.1208333328125 0.8359375 0.1208333328125 0.83515625 0.13055555624999998 0.84375 0.1513888890625
7 0.971875 0.10555555624999999 0.971875 0.097222221875 0.9625 0.08333333281250001 0.9625 0.11944444375 0.96640625 0.11805555625 0.971875 0.10555555624999999
7 0.93203125 0.07083333281250001 0.9125 0.077777778125 0.90703125 0.084722221875 0.90625 0.11944444375 0.91796875 0.127777778125 0.925 0.127777778125 0.92890625 0.12222222187500001 0.9484375 0.1208333328125 0.9546875 0.0916666671875 0.95234375 0.08194444375 0.93203125 0.07083333281250001
7 0.8578125 0.07638888906249999 0.8578125 0.08194444375 0.87578125 0.102777778125 0.8890625 0.11388888906250001 0.89609375 0.11388888906250001 0.89765625 0.08055555625000001 0.86875 0.07083333281250001 0.8625 0.07083333281250001 0.8578125 0.07638888906249999
7 0.86875 0.2541666671875 0.878125 0.25833333281250004 0.88125 0.275 0.8859375 0.28055555625 0.89296875 0.28055555625 0.89609375 0.27638888906250003 0.925 0.27777777812500004 0.93046875 0.26527777812500003 0.93046875 0.23194444375 0.92578125 0.2236111109375 0.915625 0.18194444375000002 0.90625 0.16944444375 0.890625 0.1583333328125 0.8625 0.1541666671875 0.85625 0.15555555625 0.85078125 0.165277778125 0.84765625 0.16388888906250001 0.8484375 0.15972222187500001 0.840625 0.15555555625 0.81953125 0.15555555625 0.815625 0.1708333328125 0.8140625 0.1833333328125 0.81875 0.222222221875 0.82421875 0.22777777812500002 0.83125 0.22777777812500002 0.8375 0.21805555625 0.84609375 0.21805555625 0.85078125 0.23611111093749998 0.86875 0.2541666671875
7 0.1390625 0.172222221875 0.15390625 0.16944444375 0.16171875 0.1875 0.17421875 0.1875 0.1875 0.197222221875 0.1953125 0.19305555624999998 0.20546875 0.16944444375 0.2046875 0.147222221875 0.17265625 0.1111111109375 0.15078125 0.10833333281249999 0.13203125 0.1291666671875 0.1328125 0.1458333328125 0.13828125 0.15 0.13828125 0.15555555625 0.1421875 0.1611111109375 0.13125 0.16944444375 0.1328125 0.17361111093749998 0.13671875 0.16805555625 0.1390625 0.172222221875
7 0.30234375 0.1916666671875 0.30703125 0.19444444375 0.325 0.19305555624999998 0.3328125 0.165277778125 0.33828125 0.16388888906250001 0.34765625 0.147222221875 0.3625 0.14305555625 0.3640625 0.134722221875 0.3671875 0.13333333281249998 0.36875 0.10833333281249999 0.38046875 0.10138888906250001 0.38203125 0.0958333328125 0.3796875 0.077777778125 0.3796875 0.034722221875 0.3640625 0.04444444375 0.3546875 0.055555556250000006 0.34375 0.052777778124999994 0.3375 0.059722221875 0.33359375 0.058333332812500006 0.328125 0.04305555625 0.2921875 0.047222221875 0.2828125 0.052777778124999994 0.2796875 0.0666666671875 0.28046875 0.08194444375 0.275 0.10555555624999999 0.275 0.14305555625 0.28046875 0.15555555625 0.28203125 0.177777778125 0.28828125 0.172222221875 0.296875 0.17361111093749998 0.30234375 0.1916666671875
7 0.4390625 0.1541666671875 0.44140625 0.127777778125 0.45546875 0.127777778125 0.4578125 0.1763888890625 0.4671875 0.17361111093749998 0.478125 0.13333333281249998 0.478125 0.10555555624999999 0.475 0.0875 0.478125 0.0666666671875 0.47421875 0.03194444375 0.4671875 0.009722221875000001 0.43046875 0.00555555625 0.39609375 0.019444443750000002 0.3890625 0.027777778125000003 0.38828125 0.1166666671875 0.39453125 0.13333333281249998 0.39375 0.1513888890625 0.4 0.1666666671875 0.40078125 0.177777778125 0.41875 0.1833333328125 0.42890625 0.1763888890625 0.4390625 0.1541666671875
7 0.99375 0.28055555625 0.99921875 0.26944444375 0.99921875 0.222222221875 0.99296875 0.21944444375 0.98828125 0.23472222187499997 0.9875 0.2708333328125 0.99375 0.28055555625
7 0.96640625 0.19444444375 0.93515625 0.17361111093749998 0.925 0.16805555625 0.91953125 0.16944444375 0.91875 0.190277778125 0.9328125 0.23611111093749998 0.94453125 0.240277778125 0.96015625 0.23055555625 0.96953125 0.24722222187499998 0.97421875 0.2236111109375 0.97265625 0.20277777812500003 0.96640625 0.19444444375
7 0.975 0.1416666671875 0.93671875 0.12222222187500001 0.92734375 0.12222222187500001 0.92578125 0.13055555624999998 0.9296875 0.13055555624999998 0.9390625 0.1416666671875 0.9546875 0.14444444375 0.96875 0.15555555625 0.9796875 0.15555555625 0.97890625 0.1458333328125 0.975 0.1416666671875
7 0.79140625 0.11805555625 0.796875 0.10833333281249999 0.79765625 0.0958333328125 0.7875 0.0958333328125 0.7921875 0.1111111109375 0.78828125 0.115277778125 0.78203125 0.13888888906250002 0.7875 0.15277777812499999 0.790625 0.15277777812499999 0.79296875 0.1513888890625 0.79453125 0.140277778125 0.79140625 0.11805555625
7 0.75234375 0.075 0.75 0.075 0.7484375 0.0875 0.7453125 0.1583333328125 0.765625 0.1583333328125 0.76875 0.15277777812499999 0.7703125 0.13888888906250002 0.76875 0.13194444375 0.77265625 0.090277778125 0.7671875 0.08055555625000001 0.75234375 0.075
7 0.72265625 0.058333332812500006 0.7 0.052777778124999994 0.69140625 0.0458333328125 0.67890625 0.04444444375 0.6765625 0.0486111109375 0.67734375 0.10138888906250001 0.6859375 0.10555555624999999 0.69375 0.1291666671875 0.70234375 0.13888888906250002 0.73515625 0.1583333328125 0.7375 0.1541666671875 0.73984375 0.07083333281250001 0.72265625 0.058333332812500006
7 0.9703125 0.25 0.97421875 0.22916666718749998 0.975 0.20555555625 0.96875 0.20277777812500003 0.96484375 0.2125 0.9625 0.240277778125 0.9703125 0.25
4 0.13984375 0.997222221875 0.14140625 0.984722221875 0.1375 0.959722221875 0.13046875 0.940277778125 0.125 0.8958333328125001 0.1203125 0.8847222218749999 0.11171875 0.872222221875 0.1015625 0.875 0.09296875 0.859722221875 0.0875 0.85694444375 0.0796875 0.872222221875 0.07890625 0.8875 0.08125 0.89305555625 0.08828125 0.902777778125 0.10078125 0.9083333328125001 0.10234375 0.94305555625 0.11171875 0.965277778125 0.11953125 0.99444444375 0.13984375 0.997222221875
4 0.1609375 0.834722221875 0.16328125 0.8791666671874999 0.15859375 0.9055555562500001 0.16328125 0.91805555625 0.16796875 0.925 0.171875 0.925 0.171875 0.9055555562500001 0.178125 0.8847222218749999 0.18125 0.8819444437499999 0.18671875 0.8916666671875 0.20625 0.9083333328125001 0.2125 0.9208333328125 0.2125 0.934722221875 0.21796875 0.9375 0.22421875 0.9333333328125001 0.22421875 0.922222221875 0.19296875 0.852777778125 0.19296875 0.8208333328125 0.1875 0.8013888890624999 0.184375 0.75555555625 0.18046875 0.7402777781250001 0.17421875 0.73055555625 0.16171875 0.73055555625 0.153125 0.7111111109375 0.14296875 0.7166666671875 0.1390625 0.7291666671875 0.13984375 0.7430555562500001 0.153125 0.7583333328124999 0.1546875 0.7666666671875 0.1515625 0.7763888890625 0.13671875 0.7888888890625 0.13515625 0.797222221875 0.1515625 0.8263888890625 0.1609375 0.834722221875
4 0.26328125 0.15972222187500001 0.26484375 0.165277778125 0.27265625 0.165277778125 0.275 0.13888888906250002 0.27265625 0.09305555625 0.26796875 0.090277778125 0.26328125 0.10694444375 0.26328125 0.15972222187500001