2 0.97109375 0.5319444437499999 0.9640625 0.5319444437499999 0.96171875 0.5375 0.9640625 0.5791666671875 0.975 0.58055555625 0.975 0.5416666671875 0.97109375 0.5319444437499999
1 0.61484375 0.8430555562500001 0.61171875 0.847222221875 0.61484375 0.8583333328125 0.61484375 0.8888888890625 0.61875 0.8958333328125001 0.62734375 0.897222221875 0.63125 0.8875 0.62734375 0.840277778125 0.62734375 0.75 0.63125 0.7402777781250001 0.640625 0.7402777781250001 0.6421875 0.7361111109375 0.63125 0.727777778125 0.625 0.7138888890625 0.6203125 0.7111111109375 0.61328125 0.7166666671875 0.60625 0.709722221875 0.60625 0.722222221875 0.61328125 0.734722221875 0.61484375 0.7583333328124999 0.61484375 0.8430555562500001
1 0.5484375 0.91805555625 0.55703125 0.9138888890624999 0.5578125 0.7833333328125 0.5625 0.7736111109375 0.56953125 0.7736111109375 0.5703125 0.76944444375 0.5671875 0.7611111109375 0.5609375 0.7569444437499999 0.53359375 0.7486111109375 0.53125 0.7569444437499999 0.54296875 0.7638888890625 0.54765625 0.784722221875 0.54375 0.83194444375 0.54609375 0.8513888890624999 0.5453125 0.915277778125 0.5484375 0.91805555625
6 0.26484375 0.8125 0.26953125 0.8416666671874999 0.29453125 0.85 0.30859375 0.85 0.31953125 0.834722221875 0.33515625 0.827777778125 0.3390625 0.83194444375 0.34296875 0.827777778125 0.34375 0.7819444437499999 0.3359375 0.7583333328124999 0.3171875 0.7611111109375 0.3015625 0.752777778125 0.29765625 0.725 0.28828125 0.715277778125 0.27890625 0.7166666671875 0.27109375 0.7291666671875 0.2625 0.722222221875 0.2375 0.7263888890625 0.2359375 0.7638888890625 0.23828125 0.7819444437499999 0.24765625 0.8055555562500001 0.26484375 0.8125
6 0.3625 0.7986111109375 0.36484375 0.8111111109375001 0.39375 0.8263888890625 0.4015625 0.840277778125 0.425 0.8388888890624999 0.43125 0.8194444437499999 0.43359375 0.8027777781250001 0.4328125 0.7819444437499999 0.4234375 0.7583333328124999 0.41484375 0.7569444437499999 0.41328125 0.7736111109375 0.40234375 0.7638888890625 0.4015625 0.74444444375 0.39453125 0.7402777781250001 0.346875 0.7416666671875001 0.34296875 0.7486111109375 0.34296875 0.7638888890625 0.34609375 0.7736111109375 0.36484375 0.7819444437499999 0.3625 0.7986111109375
7 0.1328125 0.86944444375 0.14296875 0.8708333328125001 0.1515625 0.8791666671874999 0.15625 0.877777778125 0.16015625 0.86944444375 0.1609375 0.8638888890624999 0.15546875 0.8486111109375001 0.10703125 0.8458333328125001 0.10859375 0.852777778125 0.1328125 0.86944444375
7 0.0375 0.909722221875 0.03828125 0.8958333328125001 0.0307692296875 0.89316239375 0.0296875 0.902777778125 0.0375 0.909722221875
7 0.03828125 0.8847222218749999 0.03671875 0.8819444437499999 0.03125 0.8888888890625 0.0308238640625 0.89267676875 0.03828125 0.8847222218749999
7 0.04609375 0.8958333328125001 0.04609375 0.9166666671874999 0.06171875 0.9277777781250001 0.07578125 0.9277777781250001 0.09296875 0.915277778125 0.09375 0.88055555625 0.0859375 0.8736111109375001 0.05390625 0.877777778125 0.04921875 0.8833333328125 0.04609375 0.8958333328125001
7 0.10234375 0.9069444437499999 0.10390625 0.91944444375 0.13046875 0.9291666671875 0.1390625 0.9277777781250001 0.14296875 0.922222221875 0.14375 0.91944444375 0.125 0.897222221875 0.1109375 0.8861111109375001 0.1046875 0.8861111109375001 0.10234375 0.9069444437499999
7 0.06953125 0.7666666671875 0.07421875 0.7763888890625 0.084375 0.81805555625 0.090625 0.827777778125 0.11953125 0.8444444437499999 0.14375 0.8444444437499999 0.14765625 0.8388888890624999 0.153125 0.8444444437499999 0.1765625 0.8444444437499999 0.18125 0.8430555562500001 0.1828125 0.8375 0.184375 0.8055555562500001 0.18125 0.7805555562500001 0.178125 0.7736111109375 0.16875 0.7708333328125 0.1625 0.7819444437499999 0.153125 0.7819444437499999 0.14921875 0.7638888890625 0.121875 0.7416666671875001 0.11875 0.725 0.11328125 0.7194444437499999 0.10390625 0.7236111109375 0.07578125 0.722222221875 0.06953125 0.7333333328125 0.06953125 0.7666666671875
7 0.00703125 0.7805555562500001 0.0109375 0.76805555625 0.01171875 0.73194444375 0.00078125 0.73194444375 0.00078125 0.7791666671875 0.00703125 0.7805555562500001
7 0.025 0.7791666671875 0.02734375 0.797222221875 0.07109375 0.83055555625 0.078125 0.83194444375 0.08125 0.8263888890625 0.08203125 0.8111111109375001 0.06484375 0.7611111109375 0.04765625 0.7638888890625 0.03046875 0.7541666671875 0.025 0.7791666671875
7 0.03515625 0.8458333328125001 0.01953125 0.840277778125 0.02421875 0.85694444375 0.05390625 0.8736111109375001 0.07421875 0.8763888890624999 0.075 0.86944444375 0.06875 0.8652777781250001 0.06484375 0.85694444375 0.04140625 0.852777778125 0.03515625 0.8458333328125001
7 0.2203125 0.8625 0.21328125 0.8486111109375001 0.20859375 0.8486111109375001 0.20703125 0.8791666671874999 0.21484375 0.88055555625 0.215625 0.8680555562500001 0.2203125 0.8625
7 0.20234375 0.902777778125 0.20703125 0.9069444437499999 0.21171875 0.9069444437499999 0.21171875 0.8986111109375001 0.2046875 0.8916666671875 0.20234375 0.902777778125
7 0.25078125 0.9236111109375 0.25234375 0.8708333328125001 0.2546875 0.8638888890624999 0.25390625 0.840277778125 0.2375 0.840277778125 0.23125 0.847222221875 0.22890625 0.9083333328125001 0.23203125 0.91805555625 0.25078125 0.9236111109375
7 0.31953125 0.8958333328125001 0.3125 0.8916666671875 0.30859375 0.8791666671874999 0.309375 0.8708333328125001 0.27421875 0.8444444437499999 0.26328125 0.8444444437499999 0.2609375 0.925 0.2625 0.93194444375 0.31796875 0.95555555625 0.32265625 0.9541666671875 0.3234375 0.9486111109375001 0.325 0.9069444437499999 0.31953125 0.8958333328125001
4 0.39453125 0.784722221875 0.39453125 0.80694444375 0.40078125 0.8222222218749999 0.40859375 0.8208333328125 0.41328125 0.7888888890625 0.4140625 0.73194444375 0.4078125 0.7291666671875 0.403125 0.74444444375 0.40234375 0.765277778125 0.39453125 0.784722221875