1 0.83194444375 0.45625 0.9138888890624999 0.45390625 0.91944444375 0.44765625 0.9083333328125001 0.4421875 0.847222221875 0.4421875 0.8416666671874999 0.43984375 0.7833333328125 0.44140625 0.7736111109375 0.43828125 0.7736111109375 0.4296875 0.76805555625 0.4296875 0.7611111109375 0.43203125 0.7569444437499999 0.4375 0.75 0.4515625 0.7486111109375 0.46875 0.7569444437499999 0.46875 0.76944444375 0.45390625 0.79305555625 0.45234375 0.83194444375 0.45625
1 0.8486111109375001 0.39140625 0.8652777781250001 0.3890625 0.875 0.384375 0.89444444375 0.384375 0.897222221875 0.3765625 0.8916666671875 0.371875 0.7458333328125 0.371875 0.7402777781250001 0.36796875 0.7402777781250001 0.3578125 0.734722221875 0.3578125 0.727777778125 0.36875 0.7138888890625 0.37578125 0.7166666671875 0.38671875 0.7111111109375 0.39453125 0.7236111109375 0.39375 0.7361111109375 0.3875 0.7458333328125 0.3859375 0.7805555562500001 0.3859375 0.797222221875 0.3890625 0.8486111109375001 0.39140625
6 0.7833333328125 0.76171875 0.8027777781250001 0.7546875 0.8125 0.73515625 0.8416666671874999 0.73046875 0.8486111109375001 0.71328125 0.85 0.690625 0.8361111109375001 0.68125 0.8388888890624999 0.67421875 0.834722221875 0.6640625 0.8194444437499999 0.65546875 0.7875 0.65390625 0.7625 0.6609375 0.7583333328124999 0.66328125 0.7611111109375 0.684375 0.752777778125 0.6984375 0.725 0.70234375 0.7180555562500001 0.70703125 0.715277778125 0.71796875 0.73194444375 0.73046875 0.725 0.7328125 0.722222221875 0.7375 0.722222221875 0.76171875 0.7402777781250001 0.7640625 0.7833333328125 0.76171875
6 0.8388888890624999 0.6 0.840277778125 0.5765625 0.8208333328125 0.56875 0.7888888890625 0.56640625 0.7708333328125 0.56953125 0.7597222218749999 0.57578125 0.7430555562500001 0.59453125 0.7416666671875001 0.6515625 0.75 0.65703125 0.76944444375 0.65546875 0.777777778125 0.63671875 0.784722221875 0.6328125 0.79444444375 0.6359375 0.8 0.63125 0.8111111109375001 0.628125 0.8236111109375001 0.6078125 0.8388888890624999 0.6
7 0.8791666671874999 0.8390625 0.8791666671874999 0.83671875 0.8708333328125001 0.83671875 0.8486111109375001 0.8453125 0.8486111109375001 0.88984375 0.85694444375 0.88515625 0.86944444375 0.8671875 0.8791666671874999 0.8390625
7 0.902777778125 0.971875 0.9166666671874999 0.9625 0.8819444437499999 0.96171875 0.8819444437499999 0.9640625 0.89444444375 0.971875 0.902777778125 0.971875
7 0.8986111109375001 0.95390625 0.9166666671874999 0.95390625 0.9277777781250001 0.9390625 0.9277777781250001 0.9234375 0.915277778125 0.90703125 0.88055555625 0.90625 0.872222221875 0.9203125 0.8791666671874999 0.93125 0.877777778125 0.946875 0.8986111109375001 0.95390625
7 0.91944444375 0.89765625 0.9277777781250001 0.878125 0.9277777781250001 0.8609375 0.91944444375 0.85703125 0.909722221875 0.8640625 0.8958333328125001 0.8765625 0.8861111109375001 0.88984375 0.8861111109375001 0.89609375 0.91944444375 0.89765625
7 0.85694444375 0.1453125 0.8361111109375001 0.1484375 0.83194444375 0.1546875 0.8125 0.16171875 0.8125 0.17421875 0.8041666671875 0.18203125 0.8041666671875 0.19296875 0.81805555625 0.19765625 0.8291666671875 0.20546875 0.852777778125 0.2046875 0.8888888890625 0.171875 0.8916666671875 0.15625 0.877777778125 0.146875 0.85694444375 0.1453125
7 0.7236111109375 0.8953125 0.722222221875 0.925 0.734722221875 0.93046875 0.7666666671875 0.93046875 0.7763888890625 0.92578125 0.8166666671874999 0.91640625 0.83055555625 0.90625 0.8444444437499999 0.88046875 0.8444444437499999 0.85625 0.840277778125 0.8515625 0.847222221875 0.83671875 0.8444444437499999 0.81875 0.83055555625 0.815625 0.8111111109375001 0.8140625 0.8027777781250001 0.8171875 0.7833333328125 0.81640625 0.7736111109375 0.8203125 0.772222221875 0.83046875 0.7875 0.8375 0.784722221875 0.846875 0.7819444437499999 0.84921875 0.7638888890625 0.85078125 0.7416666671875001 0.878125 0.725 0.88125 0.7194444437499999 0.8859375 0.7194444437499999 0.89296875 0.7236111109375 0.8953125
7 0.8986111109375001 0.37578125 0.8986111109375001 0.38046875 0.9611111109375001 0.3796875 0.9625 0.375 0.95555555625 0.3640625 0.9444444437499999 0.35546875 0.9472222218749999 0.34375 0.9375 0.3375 0.9444444437499999 0.33203125 0.952777778125 0.33125 0.95694444375 0.328125 0.95 0.28671875 0.94305555625 0.28125 0.925 0.28046875 0.902777778125 0.27578125 0.840277778125 0.275 0.8375 0.27890625 0.825 0.28125 0.827777778125 0.29609375 0.8055555562500001 0.30625 0.80694444375 0.32421875 0.8361111109375001 0.3328125 0.8361111109375001 0.3375 0.852777778125 0.34765625 0.8486111109375001 0.35546875 0.8680555562500001 0.3578125 0.872222221875 0.36875 0.8916666671875 0.36953125 0.8986111109375001 0.37578125
7 0.8208333328125 0.45625 0.8194444437499999 0.46015625 0.8263888890625 0.46640625 0.85 0.4765625 0.875 0.478125 0.952777778125 0.47578125 0.9902777781250001 0.46796875 0.99444444375 0.43046875 0.98055555625 0.39609375 0.9708333328125001 0.3890625 0.8833333328125 0.38828125 0.8666666671875 0.3953125 0.8486111109375001 0.39375 0.8333333328125001 0.4 0.8208333328125 0.40078125 0.8166666671874999 0.40625 0.8166666671874999 0.421875 0.8444444437499999 0.43828125 0.8611111109375 0.44140625 0.8916666671875 0.43984375 0.91944444375 0.4453125 0.91805555625 0.4515625 0.9069444437499999 0.45703125 0.8208333328125 0.45625
7 0.725 0.9953125 0.7291666671875 0.99921875 0.7791666671875 0.99921875 0.7819444437499999 0.99375 0.765277778125 0.98828125 0.73055555625 0.9875 0.725 0.9953125
7 0.83055555625 0.928125 0.83194444375 0.9234375 0.8263888890625 0.91875 0.8111111109375001 0.91875 0.8041666671875 0.92265625 0.7861111109375 0.925 0.7638888890625 0.9328125 0.7597222218749999 0.94296875 0.76944444375 0.9515625 0.76944444375 0.959375 0.7569444437499999 0.9640625 0.752777778125 0.96875 0.7569444437499999 0.971875 0.7833333328125 0.975 0.797222221875 0.9734375 0.8055555562500001 0.96640625 0.83055555625 0.928125
7 0.840277778125 0.98046875 0.852777778125 0.97890625 0.85694444375 0.97578125 0.875 0.94375 0.877777778125 0.9265625 0.86944444375 0.92578125 0.85694444375 0.940625 0.85555555625 0.9546875 0.8458333328125001 0.96484375 0.840277778125 0.98046875
7 0.8791666671874999 0.7890625 0.875 0.7875 0.8611111109375 0.784375 0.859722221875 0.79296875 0.877777778125 0.79296875 0.8791666671874999 0.7890625
7 0.9069444437499999 0.78828125 0.89444444375 0.7890625 0.8916666671875 0.79140625 0.8833333328125 0.78828125 0.8888888890625 0.79140625 0.8833333328125 0.79296875 0.902777778125 0.79765625 0.9069444437499999 0.78828125
7 0.925 0.75234375 0.922222221875 0.74921875 0.9138888890624999 0.7484375 0.8416666671874999 0.7453125 0.8416666671874999 0.76484375 0.8583333328125 0.76953125 0.9111111109375001 0.77109375 0.91805555625 0.76796875 0.925 0.75234375
7 0.89444444375 0.6859375 0.872222221875 0.69453125 0.85694444375 0.70859375 0.8541666671874999 0.71875 0.8416666671874999 0.73203125 0.8458333328125001 0.7375 0.9305555562500001 0.7390625 0.952777778125 0.69375 0.9541666671875 0.6796875 0.952777778125 0.67734375 0.9444444437499999 0.6765625 0.8986111109375001 0.67734375 0.89444444375 0.6859375