2 0.975 0.58055555625 0.975 0.540277778125 0.97109375 0.5319444437499999 0.96328125 0.5319444437499999 0.9609375 0.5361111109375 0.9625 0.5722222218749999 0.96640625 0.58194444375 0.975 0.58055555625
1 0.6265625 0.8958333328125001 0.6296875 0.8833333328125 0.62734375 0.8486111109375001 0.62734375 0.7486111109375 0.63125 0.7402777781250001 0.63984375 0.7402777781250001 0.640625 0.734722221875 0.63125 0.727777778125 0.625 0.7138888890625 0.6140625 0.7166666671875 0.60625 0.709722221875 0.6046875 0.7166666671875 0.6125 0.7361111109375 0.61484375 0.7597222218749999 0.61328125 0.8916666671875 0.6265625 0.8958333328125001
1 0.5453125 0.9138888890624999 0.55 0.9166666671874999 0.55703125 0.9125 0.5578125 0.7833333328125 0.56171875 0.772222221875 0.56875 0.7736111109375 0.5703125 0.76944444375 0.56796875 0.7611111109375 0.56171875 0.7569444437499999 0.53203125 0.7486111109375 0.53203125 0.7583333328124999 0.54453125 0.7666666671875 0.54765625 0.784722221875 0.54375 0.8291666671875 0.54375 0.8444444437499999 0.54609375 0.8513888890624999 0.5453125 0.9138888890624999
6 0.2390625 0.7763888890625 0.2375 0.7833333328125 0.25 0.8083333328125001 0.26328125 0.809722221875 0.27109375 0.8430555562500001 0.3078125 0.85 0.31875 0.834722221875 0.3296875 0.8333333328125001 0.33359375 0.8222222218749999 0.34375 0.8194444437499999 0.34453125 0.7888888890625 0.33828125 0.7611111109375 0.3328125 0.7569444437499999 0.315625 0.7583333328124999 0.30234375 0.752777778125 0.29765625 0.727777778125 0.2921875 0.7180555562500001 0.28046875 0.715277778125 0.2703125 0.727777778125 0.26171875 0.7208333328125 0.2390625 0.722222221875 0.23671875 0.727777778125 0.2359375 0.7597222218749999 0.2390625 0.7763888890625
6 0.4015625 0.840277778125 0.42421875 0.8388888890624999 0.43125 0.8194444437499999 0.43359375 0.8027777781250001 0.43125 0.7736111109375 0.4265625 0.76944444375 0.4234375 0.7597222218749999 0.40546875 0.74444444375 0.39453125 0.7402777781250001 0.35 0.7416666671875001 0.34296875 0.75 0.3453125 0.7708333328125 0.365625 0.7805555562500001 0.3625 0.79444444375 0.36328125 0.809722221875 0.390625 0.8236111109375001 0.4015625 0.840277778125
7 0.10859375 0.8458333328125001 0.10859375 0.85 0.11171875 0.852777778125 0.115625 0.8486111109375001 0.1328125 0.86944444375 0.15 0.8791666671874999 0.15703125 0.877777778125 0.1578125 0.86944444375 0.1609375 0.8652777781250001 0.15546875 0.8486111109375001 0.10859375 0.8458333328125001
7 0.0265625 0.8958333328125001 0.03359375 0.9083333328125001 0.0375 0.9083333328125001 0.0359375 0.902777778125 0.03828125 0.89444444375 0.03203125 0.8875 0.0375 0.88055555625 0.03359375 0.8819444437499999 0.0265625 0.8958333328125001
7 0.0875 0.875 0.078125 0.8708333328125001 0.05546875 0.875 0.04921875 0.8819444437499999 0.04609375 0.89444444375 0.04609375 0.9166666671874999 0.06171875 0.9277777781250001 0.0765625 0.9277777781250001 0.090625 0.91944444375 0.09375 0.9138888890624999 0.09375 0.8819444437499999 0.0875 0.875
7 0.1296875 0.9291666671875 0.13671875 0.9291666671875 0.14296875 0.9236111109375 0.14296875 0.91805555625 0.125 0.897222221875 0.10546875 0.8861111109375001 0.10234375 0.9069444437499999 0.10390625 0.91944444375 0.1296875 0.9291666671875
7 0.07734375 0.7208333328125 0.06953125 0.7333333328125 0.06953125 0.76805555625 0.0734375 0.7736111109375 0.08359375 0.8166666671874999 0.0890625 0.8263888890625 0.1203125 0.8458333328125001 0.14296875 0.8444444437499999 0.1484375 0.83194444375 0.15234375 0.8388888890624999 0.16171875 0.8444444437499999 0.18125 0.8444444437499999 0.184375 0.83055555625 0.184375 0.8041666671875 0.18125 0.7791666671875 0.178125 0.7736111109375 0.16796875 0.7708333328125 0.16328125 0.7819444437499999 0.153125 0.7805555562500001 0.14921875 0.7638888890625 0.13203125 0.747222221875 0.12109375 0.7416666671875001 0.11875 0.727777778125 0.11328125 0.7194444437499999 0.10390625 0.7236111109375 0.07734375 0.7208333328125
7 0.00703125 0.727777778125 0.00078125 0.7291666671875 0.00078125 0.7763888890625 0.00625 0.784722221875 0.01015625 0.7819444437499999 0.01171875 0.734722221875 0.00703125 0.727777778125
7 0.0703125 0.7875 0.06953125 0.7708333328125 0.06484375 0.7611111109375 0.04609375 0.7611111109375 0.03125 0.752777778125 0.028125 0.75555555625 0.0234375 0.7819444437499999 0.0265625 0.7986111109375 0.053125 0.8194444437499999 0.075 0.83194444375 0.0796875 0.83055555625 0.08125 0.8125 0.0703125 0.7875
7 0.07265625 0.8736111109375001 0.0734375 0.86944444375 0.04765625 0.85 0.021875 0.840277778125 0.025 0.8541666671874999 0.0453125 0.86944444375 0.05859375 0.875 0.07265625 0.8736111109375001
7 0.20703125 0.8819444437499999 0.209375 0.8861111109375001 0.2140625 0.8847222218749999 0.215625 0.8680555562500001 0.22109375 0.8625 0.21484375 0.85694444375 0.2140625 0.847222221875 0.20703125 0.847222221875 0.20703125 0.8819444437499999
7 0.203125 0.9069444437499999 0.2125 0.9069444437499999 0.21171875 0.8986111109375001 0.2046875 0.8847222218749999 0.203125 0.8861111109375001 0.20625 0.890277778125 0.2015625 0.9 0.203125 0.9069444437499999
7 0.22890625 0.9069444437499999 0.2328125 0.91805555625 0.23828125 0.922222221875 0.2484375 0.9277777781250001 0.25078125 0.922222221875 0.2546875 0.8416666671874999 0.234375 0.8416666671874999 0.23125 0.8444444437499999 0.22890625 0.8625 0.22890625 0.9069444437499999
7 0.32265625 0.9472222218749999 0.32421875 0.9291666671875 0.325 0.9083333328125001 0.31953125 0.8958333328125001 0.31484375 0.89444444375 0.309375 0.8833333328125 0.30859375 0.86944444375 0.2921875 0.85555555625 0.28046875 0.852777778125 0.27421875 0.8444444437499999 0.26328125 0.8444444437499999 0.2609375 0.9305555562500001 0.27578125 0.940277778125 0.3 0.9458333328125 0.31953125 0.95555555625 0.32265625 0.9472222218749999