2 0.02890625 0.46805555625000006 0.03671875 0.46805555625000006 0.03828125 0.45277777812500003 0.0359375 0.42083333281249996 0.025 0.41944444374999995 0.025 0.459722221875 0.02890625 0.46805555625000006
1 0.38671875 0.2833333328125 0.39375 0.290277778125 0.3953125 0.2833333328125 0.38671875 0.2638888890625 0.38515625 0.23472222187499997 0.38515625 0.15694444375 0.3890625 0.15277777812499999 0.3859375 0.1416666671875 0.38515625 0.109722221875 0.3796875 0.102777778125 0.37265625 0.102777778125 0.36953125 0.10833333281249999 0.37265625 0.15694444375 0.37265625 0.25 0.36875 0.259722221875 0.359375 0.259722221875 0.359375 0.26527777812500003 0.36875 0.272222221875 0.3765625 0.2888888890625 0.38671875 0.2833333328125
1 0.46875 0.24305555625 0.45625 0.23472222187499997 0.45234375 0.2166666671875 0.45625 0.16805555625 0.45390625 0.14861111093749999 0.4546875 0.0861111109375 0.44296875 0.0861111109375 0.4421875 0.2166666671875 0.43671875 0.22777777812500002 0.43125 0.22638888906250001 0.4296875 0.23055555625 0.43203125 0.2388888890625 0.4390625 0.24305555625 0.46640625 0.2513888890625 0.46875 0.24305555625
6 0.72890625 0.275 0.76171875 0.27638888906250003 0.7640625 0.2666666671875 0.76171875 0.21805555625 0.7578125 0.2125 0.75390625 0.19583333281249998 0.73515625 0.1875 0.73046875 0.1583333328125 0.70625 0.15 0.69140625 0.15 0.68125 0.165277778125 0.6703125 0.1666666671875 0.66484375 0.172222221875 0.6609375 0.16805555625 0.65625 0.175 0.65625 0.21805555625 0.6625 0.2388888890625 0.6828125 0.2388888890625 0.6984375 0.24722222187499998 0.70234375 0.275 0.70703125 0.2833333328125 0.71875 0.28472222187499996 0.72890625 0.275
6 0.6359375 0.222222221875 0.6328125 0.2125 0.63671875 0.20555555625 0.63671875 0.1916666671875 0.62890625 0.184722221875 0.609375 0.1763888890625 0.596875 0.15972222187500001 0.575 0.1611111109375 0.56875 0.18055555625 0.5671875 0.21805555625 0.57890625 0.24305555625 0.5875 0.24583333281250003 0.6015625 0.259722221875 0.65078125 0.25833333281250004 0.65625 0.2541666671875 0.65546875 0.23055555625 0.6359375 0.222222221875
7 0.8671875 0.13055555624999998 0.85625 0.1291666671875 0.84921875 0.12222222187500001 0.83984375 0.1263888890625 0.8390625 0.1375 0.84140625 0.140277778125 0.84140625 0.14861111093749999 0.84453125 0.1513888890625 0.89296875 0.1541666671875 0.89140625 0.147222221875 0.8828125 0.14444444375 0.8671875 0.13055555624999998
7 0.96171875 0.1041666671875 0.96953125 0.10694444375 0.96171875 0.1166666671875 0.96328125 0.11805555625 0.971875 0.1041666671875 0.971875 0.097222221875 0.9625 0.0888888890625 0.96171875 0.1041666671875
7 0.95234375 0.08055555625000001 0.9296875 0.07083333281250001 0.9078125 0.08194444375 0.90625 0.11944444375 0.91171875 0.125 0.9359375 0.125 0.946875 0.12222222187500001 0.95234375 0.115277778125 0.9546875 0.1 0.9546875 0.08333333281250001 0.95234375 0.08055555625000001
7 0.8578125 0.08194444375 0.875 0.102777778125 0.8890625 0.11388888906250001 0.8953125 0.11388888906250001 0.896875 0.08055555625000001 0.86875 0.07083333281250001 0.8578125 0.07638888906249999 0.8578125 0.08194444375
7 0.878125 0.25833333281250004 0.88125 0.275 0.88671875 0.28055555625 0.89609375 0.27638888906250003 0.925 0.27777777812500004 0.93046875 0.26805555625 0.93046875 0.23194444375 0.925 0.2208333328125 0.915625 0.18055555625 0.909375 0.172222221875 0.87890625 0.15555555625 0.85625 0.15555555625 0.853125 0.15972222187500001 0.846875 0.15555555625 0.81875 0.15555555625 0.8140625 0.184722221875 0.8203125 0.22638888906250001 0.83203125 0.22916666718749998 0.8375 0.21805555625 0.8453125 0.21805555625 0.8484375 0.222222221875 0.85078125 0.23611111093749998 0.878125 0.25833333281250004
7 0.9875 0.26805555625 0.99140625 0.27638888906250003 0.9953125 0.27777777812500004 0.99921875 0.272222221875 0.99921875 0.21944444375 0.99296875 0.21805555625 0.98828125 0.23472222187499997 0.9875 0.26805555625
7 0.9703125 0.24583333281250003 0.975 0.2236111109375 0.9734375 0.20277777812500003 0.92578125 0.16805555625 0.91953125 0.172222221875 0.91875 0.1916666671875 0.9234375 0.2 0.925 0.2138888890625 0.93359375 0.23611111093749998 0.93828125 0.240277778125 0.94765625 0.23611111093749998 0.9609375 0.2388888890625 0.9703125 0.24583333281250003
7 0.94609375 0.1263888890625 0.92734375 0.12222222187500001 0.925 0.13194444375 0.93046875 0.134722221875 0.93359375 0.14305555625 0.94375 0.147222221875 0.95546875 0.1458333328125 0.98046875 0.1611111109375 0.978125 0.14305555625 0.94609375 0.1263888890625
7 0.78515625 0.13194444375 0.78046875 0.13888888906250002 0.784375 0.14305555625 0.7859375 0.1513888890625 0.79296875 0.1513888890625 0.79296875 0.1208333328125 0.7859375 0.12222222187500001 0.78515625 0.13194444375
7 0.78828125 0.1 0.79296875 0.109722221875 0.796875 0.10555555624999999 0.796875 0.0958333328125 0.79140625 0.09305555625 0.78828125 0.09305555625 0.78828125 0.1
7 0.74921875 0.07638888906249999 0.7484375 0.0875 0.7453125 0.1583333328125 0.76328125 0.15972222187500001 0.76875 0.1541666671875 0.7703125 0.1416666671875 0.77109375 0.0916666671875 0.76640625 0.08055555625000001 0.753125 0.075 0.74921875 0.07638888906249999
7 0.7265625 0.15555555625 0.73671875 0.15555555625 0.7390625 0.075 0.7375 0.06805555625000001 0.68203125 0.04444444375 0.67734375 0.0458333328125 0.6765625 0.052777778124999994 0.675 0.09305555625 0.68046875 0.1041666671875 0.68671875 0.10694444375 0.690625 0.1166666671875 0.6890625 0.127777778125 0.7015625 0.140277778125 0.71953125 0.147222221875 0.7265625 0.15555555625
4 0.9765625 0.34722222187499996 0.96875 0.40416666718750005 0.9730859374999999 0.41315972187499994 0.98046875 0.397222221875 0.98046875 0.372222221875 0.9765625 0.3625 0.9765625 0.34722222187499996
4 0.9671875 0.46388888906250003 0.96953125 0.42083333281249996 0.9708984375 0.41788194375 0.96796875 0.415277778125 0.96640625 0.4236111109375 0.96875 0.43055555625 0.96484375 0.43194444374999996 0.9625 0.4486111109375 0.96171875 0.46388888906250003 0.9671875 0.46388888906250003