2 0.447222221875 0.953125 0.4388888890625 0.96171875 0.42083333281249996 0.9640625 0.41805555625 0.97421875 0.4236111109375 0.97578125 0.46527777812500004 0.9734375 0.46944444374999994 0.96875 0.46527777812500004 0.95703125 0.45555555625000005 0.953125 0.447222221875 0.953125
1 0.10694444375 0.6140625 0.102777778125 0.6203125 0.102777778125 0.6265625 0.109722221875 0.6296875 0.1513888890625 0.62734375 0.252777778125 0.62734375 0.259722221875 0.63125 0.2611111109375 0.640625 0.26527777812500003 0.640625 0.2708333328125 0.6328125 0.2888888890625 0.6234375 0.2833333328125 0.6140625 0.290277778125 0.60625 0.28194444375 0.6046875 0.259722221875 0.61328125 0.23194444375 0.61484375 0.115277778125 0.6125 0.10694444375 0.6140625
1 0.0861111109375 0.5453125 0.08333333281250001 0.55 0.0875 0.55703125 0.21805555625 0.5578125 0.22777777812500002 0.56171875 0.22638888906250001 0.56875 0.23055555625 0.5703125 0.2388888890625 0.5671875 0.24305555625 0.5609375 0.2513888890625 0.5328125 0.24305555625 0.53125 0.23611111093749998 0.54296875 0.215277778125 0.54765625 0.16944444375 0.54375 0.15555555625 0.54375 0.15 0.54609375 0.0861111109375 0.5453125
6 0.2236111109375 0.2390625 0.215277778125 0.2359375 0.1916666671875 0.24921875 0.190277778125 0.26328125 0.17916666718750002 0.2671875 0.1583333328125 0.26953125 0.15 0.2953125 0.1513888890625 0.3109375 0.165277778125 0.31875 0.16805555625 0.33125 0.177777778125 0.334375 0.17361111093749998 0.3390625 0.1763888890625 0.34296875 0.19583333281249998 0.3453125 0.21111111093749999 0.34609375 0.2416666671875 0.33671875 0.2416666671875 0.3140625 0.24722222187499998 0.30234375 0.272222221875 0.29765625 0.28472222187499996 0.28828125 0.2833333328125 0.278125 0.272222221875 0.27109375 0.2791666671875 0.26171875 0.2791666671875 0.24609375 0.27638888906250003 0.23828125 0.26944444375 0.2359375 0.23611111093749998 0.2359375 0.2236111109375 0.2390625
6 0.1888888890625 0.36484375 0.1763888890625 0.390625 0.15972222187500001 0.4015625 0.1611111109375 0.42421875 0.18055555625 0.43125 0.19583333281249998 0.43359375 0.22638888906250001 0.43125 0.23055555625 0.4265625 0.240277778125 0.4234375 0.25555555625 0.40625 0.259722221875 0.38203125 0.25833333281250004 0.35078125 0.2541666671875 0.34375 0.240277778125 0.34296875 0.22916666718749998 0.3453125 0.2236111109375 0.36328125 0.21944444375 0.365625 0.20277777812500003 0.3625 0.1888888890625 0.36484375
7 0.2666666671875 0.06953125 0.23194444375 0.06953125 0.22777777812500002 0.07265625 0.1833333328125 0.08359375 0.17361111093749998 0.0890625 0.15555555625 0.11484375 0.15555555625 0.14296875 0.16805555625 0.14765625 0.15555555625 0.1625 0.15555555625 0.18125 0.172222221875 0.184375 0.19444444375 0.184375 0.2208333328125 0.18125 0.22916666718749998 0.17578125 0.23055555625 0.16875 0.21805555625 0.1625 0.21944444375 0.153125 0.23611111093749998 0.14921875 0.25833333281250004 0.12109375 0.2708333328125 0.11875 0.28055555625 0.11328125 0.27638888906250003 0.10390625 0.2791666671875 0.07734375 0.2666666671875 0.06953125
7 0.1513888890625 0.15546875 0.1513888890625 0.12265625 0.1458333328125 0.11875 0.15277777812499999 0.1171875 0.1541666671875 0.10703125 0.147222221875 0.11015625 0.14305555625 0.12421875 0.134722221875 0.12734375 0.13055555624999998 0.13359375 0.1208333328125 0.15 0.12222222187500001 0.1609375 0.134722221875 0.16171875 0.1513888890625 0.15546875
7 0.1041666671875 0.0265625 0.0916666671875 0.03359375 0.090277778125 0.0375 0.097222221875 0.0359375 0.10555555624999999 0.03828125 0.1125 0.03203125 0.11944444375 0.0375 0.1166666671875 0.0328125 0.1041666671875 0.0265625
7 0.10138888906250001 0.0453125 0.084722221875 0.04609375 0.072222221875 0.06171875 0.072222221875 0.0765625 0.0861111109375 0.09296875 0.11805555625 0.09375 0.1291666671875 0.078125 0.13055555624999998 0.06875 0.11944444375 0.05078125 0.10138888906250001 0.0453125
7 0.07083333281250001 0.1296875 0.07083333281250001 0.13671875 0.077777778125 0.14296875 0.08333333281250001 0.1421875 0.102777778125 0.125 0.11388888906250001 0.1109375 0.11388888906250001 0.1046875 0.08055555625000001 0.103125 0.07083333281250001 0.1296875
7 0.2791666671875 0.0078125 0.2791666671875 0.00078125 0.222222221875 0.00078125 0.21805555625 0.00703125 0.23194444375 0.0109375 0.2736111109375 0.01171875 0.2791666671875 0.0078125
7 0.22916666718749998 0.06953125 0.2388888890625 0.06484375 0.240277778125 0.040625 0.25 0.03125 0.24583333281250003 0.028125 0.2138888890625 0.02421875 0.20138888906250002 0.02734375 0.17361111093749998 0.06484375 0.16944444375 0.0796875 0.1916666671875 0.08046875 0.20833333281250002 0.0703125 0.22916666718749998 0.06953125
7 0.125 0.0640625 0.1342927265625 0.0655559734375 0.15 0.0484375 0.15972222187500001 0.02109375 0.1458333328125 0.0234375 0.13055555624999998 0.0453125 0.125 0.0640625
7 0.1375 0.22265625 0.1416666671875 0.21640625 0.15277777812499999 0.2140625 0.15277777812499999 0.20703125 0.097222221875 0.2015625 0.09305555625 0.203125 0.09305555625 0.2125 0.10694444375 0.2109375 0.1111111109375 0.2140625 0.1291666671875 0.21484375 0.1375 0.22265625
7 0.1375 0.22734375 0.13333333281249998 0.2296875 0.09305555625 0.22890625 0.077777778125 0.23828125 0.072222221875 0.25 0.1583333328125 0.2546875 0.15972222187500001 0.2359375 0.15555555625 0.23125 0.147222221875 0.23125 0.1375 0.22734375
7 0.0916666671875 0.325 0.102777778125 0.3203125 0.109722221875 0.3109375 0.13055555624999998 0.3078125 0.14305555625 0.29453125 0.147222221875 0.28046875 0.15555555625 0.27421875 0.1541666671875 0.26328125 0.072222221875 0.26015625 0.06805555625000001 0.2625 0.04444444375 0.31796875 0.047222221875 0.32109375 0.059722221875 0.3234375 0.0916666671875 0.325