2 0.425 0.9765625 0.425 0.98125 0.43194444374999996 0.98671875 0.47222222187499996 0.9859375 0.477777778125 0.98203125 0.477777778125 0.975 0.46805555625000006 0.9671875 0.4486111109375 0.96953125 0.425 0.9765625
1 0.252777778125 0.61484375 0.2125 0.6171875 0.15555555625 0.615625 0.140277778125 0.61796875 0.10555555624999999 0.61796875 0.10138888906250001 0.61484375 0.1 0.6234375 0.10555555624999999 0.63046875 0.177777778125 0.628125 0.1916666671875 0.6296875 0.20138888906250002 0.62734375 0.25555555625 0.6296875 0.25833333281250004 0.640625 0.2666666671875 0.64296875 0.2708333328125 0.63359375 0.2888888890625 0.62421875 0.2888888890625 0.6203125 0.28055555625 0.6171875 0.2888888890625 0.6 0.27777777812500004 0.59921875 0.275 0.60390625 0.252777778125 0.61484375
6 0.22777777812500002 0.21953125 0.2736111109375 0.22109375 0.27638888906250003 0.21796875 0.2638888890625 0.2125 0.23333333281250002 0.21171875 0.20972222187499998 0.2140625 0.20833333281250002 0.21796875 0.22777777812500002 0.21953125
6 0.17916666718750002 0.2203125 0.1833333328125 0.21796875 0.1763888890625 0.21875 0.18055555625 0.2234375 0.17916666718750002 0.2203125
6 0.16944444375 0.22421875 0.16805555625 0.22890625 0.16944444375 0.23125 0.16944444375 0.22421875
6 0.27777777812500004 0.25625 0.26527777812500003 0.25 0.24444444375000002 0.25 0.240277778125 0.246875 0.24305555625 0.2375 0.23194444375 0.23359375 0.18055555625 0.23125 0.16805555625 0.23984375 0.11805555625 0.24296875 0.10555555624999999 0.25 0.0958333328125 0.27421875 0.097222221875 0.29296875 0.10555555624999999 0.29765625 0.14305555625 0.3015625 0.1458333328125 0.30625 0.16944444375 0.31640625 0.177777778125 0.3125 0.22777777812500002 0.3109375 0.2388888890625 0.30546875 0.2416666671875 0.29296875 0.2388888890625 0.2890625 0.21805555625 0.2828125 0.21805555625 0.27734375 0.23472222187499997 0.27109375 0.26805555625 0.26875 0.27777777812500004 0.2609375 0.27777777812500004 0.25625
7 0.33888888906250003 0.00234375 0.26805555625 0.00078125 0.259722221875 0.00703125 0.259722221875 0.0125 0.27638888906250003 0.01796875 0.33888888906250003 0.02109375 0.33888888906250003 0.00234375
7 0.2958333328125 0.09296875 0.3263888890625 0.0765625 0.33055555625 0.05703125 0.334722221875 0.053125 0.3513888890625 0.04921875 0.35555555625 0.04296875 0.34027777812500004 0.03828125 0.2888888890625 0.03125 0.24583333281250003 0.03046875 0.23194444375 0.05703125 0.23194444375 0.06953125 0.24583333281250003 0.08203125 0.2625 0.0875 0.2958333328125 0.09296875
7 0.17361111093749998 0.0890625 0.15972222187500001 0.10703125 0.15555555625 0.11484375 0.15555555625 0.14453125 0.16805555625 0.1484375 0.15972222187500001 0.1515625 0.1625 0.15234375 0.15555555625 0.16171875 0.15555555625 0.18125 0.15972222187500001 0.1828125 0.1833333328125 0.18203125 0.19583333281249998 0.1703125 0.2125 0.16171875 0.215277778125 0.1515625 0.22916666718749998 0.15 0.2416666671875 0.1453125 0.25833333281250004 0.121875 0.275 0.11875 0.2791666671875 0.11484375 0.27638888906250003 0.09296875 0.24722222187499998 0.0859375 0.23055555625 0.0734375 0.18194444375000002 0.084375 0.17361111093749998 0.0890625
7 0.222222221875 0.4859375 0.20972222187499998 0.4890625 0.20555555625 0.4953125 0.2708333328125 0.4953125 0.2791666671875 0.49140625 0.26944444375 0.48359375 0.2513888890625 0.48203125 0.2388888890625 0.4859375 0.222222221875 0.4859375
7 0.2916666671875 0.5609375 0.30555555624999997 0.55078125 0.30416666718749996 0.53984375 0.29305555625 0.5359375 0.2916666671875 0.52421875 0.28611111093749997 0.521875 0.2513888890625 0.52109375 0.24305555625 0.51796875 0.20555555625 0.52109375 0.1513888890625 0.5203125 0.14305555625 0.521875 0.1111111109375 0.53984375 0.097222221875 0.575 0.0958333328125 0.59921875 0.090277778125 0.61171875 0.10138888906250001 0.61953125 0.0888888890625 0.61953125 0.0861111109375 0.6390625 0.0958333328125 0.6625 0.102777778125 0.66640625 0.11805555625 0.66875 0.2166666671875 0.66953125 0.22638888906250001 0.6625 0.23333333281250002 0.646875 0.2541666671875 0.64296875 0.25555555625 0.63125 0.24722222187499998 0.628125 0.21111111093749999 0.6296875 0.20833333281250002 0.615625 0.24583333281250003 0.61484375 0.25555555625 0.61171875 0.25694444375000003 0.60078125 0.2666666671875 0.5875 0.275 0.5640625 0.2916666671875 0.5609375
7 0.222222221875 0.0078125 0.23472222187499997 0.01171875 0.2541666671875 0.01171875 0.2541666671875 0.00078125 0.22777777812500002 0.00078125 0.222222221875 0.0078125
7 0.20833333281250002 0.0703125 0.22777777812500002 0.06875 0.23055555625 0.05390625 0.24305555625 0.03203125 0.2388888890625 0.028125 0.20555555625 0.02578125 0.197222221875 0.03046875 0.16944444375 0.07109375 0.16944444375 0.08046875 0.1888888890625 0.08125 0.20138888906250002 0.0765625 0.20833333281250002 0.0703125
7 0.15 0.05078125 0.15555555625 0.04375 0.16388888906250001 0.0265625 0.1611111109375 0.02109375 0.15 0.02109375 0.1458333328125 0.0234375 0.13055555624999998 0.04375 0.12222222187500001 0.0640625 0.1263888890625 0.07421875 0.1291666671875 0.075 0.14305555625 0.053125 0.15 0.05078125
7 0.1513888890625 0.140625 0.15 0.11796875 0.14305555625 0.11875 0.13055555624999998 0.13359375 0.1291666671875 0.1421875 0.11944444375 0.1515625 0.12222222187500001 0.1609375 0.1361111109375 0.16328125 0.15277777812499999 0.15703125 0.15555555625 0.146875 0.1513888890625 0.140625
7 0.0736111109375 0.14296875 0.08055555625000001 0.14375 0.1041666671875 0.12421875 0.11388888906250001 0.10625 0.0916666671875 0.10234375 0.08055555625000001 0.103125 0.07083333281250001 0.12734375 0.0736111109375 0.14296875
4 0.197222221875 0.8296875 0.20972222187499998 0.8328125 0.22638888906250001 0.83359375 0.26527777812500003 0.83125 0.27777777812500004 0.82734375 0.2888888890625 0.828125 0.29305555625 0.815625 0.28611111093749997 0.81484375 0.27638888906250003 0.81875 0.23611111093749998 0.8203125 0.22916666718749998 0.81953125 0.222222221875 0.81484375 0.215277778125 0.81953125 0.19583333281249998 0.821875 0.19305555624999998 0.82421875 0.197222221875 0.8296875