2 0.975 0.58055555625 0.975 0.5361111109375 0.96953125 0.5305555562500001 0.9625 0.5319444437499999 0.959375 0.5375 0.9625 0.5722222218749999 0.9671875 0.58194444375 0.975 0.58055555625
1 0.61171875 0.847222221875 0.6140625 0.8583333328125 0.6140625 0.8861111109375001 0.615625 0.89305555625 0.625 0.897222221875 0.6296875 0.8847222218749999 0.6265625 0.7986111109375 0.62734375 0.7458333328125 0.63125 0.7388888890625 0.640625 0.7402777781250001 0.6421875 0.734722221875 0.63203125 0.727777778125 0.625 0.7138888890625 0.61328125 0.7166666671875 0.60546875 0.709722221875 0.60625 0.722222221875 0.61328125 0.7361111109375 0.61484375 0.7986111109375 0.6140625 0.8444444437499999 0.61171875 0.847222221875
1 0.5453125 0.9138888890624999 0.55078125 0.9166666671874999 0.55703125 0.9125 0.5578125 0.7833333328125 0.5625 0.772222221875 0.56875 0.7736111109375 0.5703125 0.76944444375 0.56796875 0.7611111109375 0.53984375 0.7486111109375 0.5390625 0.7611111109375 0.534375 0.7597222218749999 0.5328125 0.7486111109375 0.53125 0.75555555625 0.54765625 0.79305555625 0.54375 0.8291666671875 0.54609375 0.859722221875 0.5453125 0.9138888890624999
6 0.2390625 0.7805555562500001 0.23515625 0.7861111109375 0.2390625 0.7875 0.24921875 0.8083333328125001 0.26328125 0.809722221875 0.2671875 0.8208333328125 0.26953125 0.8416666671874999 0.30859375 0.85 0.31875 0.834722221875 0.33828125 0.83194444375 0.34375 0.8222222218749999 0.34453125 0.7888888890625 0.3375 0.7597222218749999 0.31875 0.7597222218749999 0.3015625 0.752777778125 0.29921875 0.73194444375 0.29375 0.7194444437499999 0.28828125 0.715277778125 0.278125 0.7166666671875 0.271875 0.727777778125 0.26171875 0.7208333328125 0.23828125 0.722222221875 0.2359375 0.7333333328125 0.2359375 0.7611111109375 0.2390625 0.7805555562500001
6 0.36328125 0.809722221875 0.390625 0.8236111109375001 0.4015625 0.840277778125 0.42421875 0.8388888890624999 0.43125 0.8194444437499999 0.43359375 0.8027777781250001 0.43125 0.7736111109375 0.4265625 0.76944444375 0.4234375 0.7597222218749999 0.41328125 0.7541666671875 0.40546875 0.74444444375 0.39453125 0.7402777781250001 0.35 0.7416666671875001 0.34296875 0.75 0.3453125 0.7708333328125 0.36328125 0.7763888890625 0.365625 0.7805555562500001 0.3625 0.797222221875 0.36328125 0.809722221875
7 0.15703125 0.8513888890624999 0.15078125 0.8458333328125001 0.13828125 0.85 0.1078125 0.847222221875 0.11015625 0.852777778125 0.1234375 0.8583333328125 0.12734375 0.8652777781250001 0.15 0.8791666671874999 0.15546875 0.8791666671874999 0.1578125 0.8708333328125001 0.1609375 0.86944444375 0.1625 0.8652777781250001 0.15703125 0.8513888890624999
7 0.03515625 0.9069444437499999 0.0375 0.897222221875 0.03828125 0.8847222218749999 0.03359375 0.8833333328125 0.0296875 0.902777778125 0.03515625 0.9069444437499999
7 0.06171875 0.9277777781250001 0.0765625 0.9277777781250001 0.09296875 0.9166666671874999 0.09375 0.88055555625 0.0765625 0.8708333328125001 0.05078125 0.88055555625 0.0453125 0.902777778125 0.04765625 0.91805555625 0.06171875 0.9277777781250001
7 0.10234375 0.9069444437499999 0.103125 0.91944444375 0.1296875 0.9291666671875 0.1375 0.9291666671875 0.1421875 0.9236111109375 0.14375 0.91944444375 0.125 0.897222221875 0.1109375 0.8861111109375001 0.10546875 0.8861111109375001 0.10234375 0.9069444437499999
7 0.06953125 0.73194444375 0.06953125 0.7666666671875 0.0734375 0.7736111109375 0.084375 0.81805555625 0.090625 0.827777778125 0.1140625 0.8444444437499999 0.12265625 0.8458333328125001 0.14375 0.8444444437499999 0.146875 0.8388888890624999 0.159375 0.8444444437499999 0.18125 0.8444444437499999 0.1828125 0.8375 0.1859375 0.80694444375 0.18203125 0.79444444375 0.18125 0.7791666671875 0.1765625 0.772222221875 0.16875 0.76944444375 0.1625 0.7819444437499999 0.1546875 0.7819444437499999 0.1515625 0.777777778125 0.14921875 0.7638888890625 0.121875 0.7416666671875001 0.11328125 0.7194444437499999 0.10390625 0.7236111109375 0.078125 0.7208333328125 0.06953125 0.73194444375
7 0.7453125 0.7194444437499999 0.73828125 0.7111111109375 0.73359375 0.7166666671875 0.7296875 0.73194444375 0.73125 0.76805555625 0.76484375 0.827777778125 0.7859375 0.834722221875 0.8109375 0.8263888890625 0.81875 0.8111111109375001 0.8296875 0.8083333328125001 0.82578125 0.8027777781250001 0.82734375 0.7486111109375 0.8234375 0.73194444375 0.809375 0.734722221875 0.80078125 0.7291666671875 0.7953125 0.7166666671875 0.7921875 0.7 0.7875 0.6958333328124999 0.7828125 0.6972222218749999 0.7796875 0.7083333328125 0.77265625 0.7138888890625 0.7453125 0.7194444437499999
7 0.00859375 0.7208333328125 0.00078125 0.7208333328125 0.00078125 0.784722221875 0.00625 0.7861111109375 0.01015625 0.7819444437499999 0.0125 0.7291666671875 0.00859375 0.7208333328125
7 0.0703125 0.790277778125 0.06953125 0.76944444375 0.06484375 0.7611111109375 0.0375 0.7583333328124999 0.03125 0.752777778125 0.028125 0.75555555625 0.02421875 0.7819444437499999 0.02734375 0.8 0.071875 0.83055555625 0.0765625 0.83194444375 0.08125 0.8263888890625 0.08203125 0.8138888890624999 0.0703125 0.790277778125
7 0.025 0.85694444375 0.05625 0.875 0.06953125 0.875 0.07421875 0.8708333328125001 0.04765625 0.8486111109375001 0.03046875 0.840277778125 0.0203125 0.840277778125 0.02109375 0.85 0.025 0.85694444375
7 0.21484375 0.85555555625 0.2140625 0.8458333328125001 0.209375 0.8458333328125001 0.20703125 0.847222221875 0.2046875 0.8708333328125001 0.209375 0.8847222218749999 0.2140625 0.8833333328125 0.21484375 0.8708333328125001 0.2203125 0.8652777781250001 0.2203125 0.8611111109375 0.21484375 0.85555555625
7 0.203125 0.8861111109375001 0.20234375 0.9041666671874999 0.2109375 0.9069444437499999 0.2109375 0.8958333328125001 0.203125 0.8861111109375001
7 0.23203125 0.915277778125 0.23828125 0.922222221875 0.25078125 0.9236111109375 0.2546875 0.840277778125 0.23515625 0.840277778125 0.23125 0.8444444437499999 0.2296875 0.859722221875 0.22890625 0.9055555562500001 0.23203125 0.915277778125
7 0.1625 0.9361111109375001 0.15859375 0.934722221875 0.15859375 0.94305555625 0.1625 0.94305555625 0.1625 0.9361111109375001
7 0.31953125 0.8958333328125001 0.3125 0.890277778125 0.3109375 0.8708333328125001 0.27421875 0.8444444437499999 0.2640625 0.8444444437499999 0.2609375 0.9305555562500001 0.2765625 0.9416666671874999 0.3 0.9458333328125 0.31796875 0.95555555625 0.32265625 0.952777778125 0.32421875 0.9305555562500001 0.32421875 0.9055555562500001 0.31953125 0.8958333328125001