2 0.42083333281249996 0.9640625 0.41805555625 0.97421875 0.4236111109375 0.97578125 0.46666666718750005 0.9734375 0.46944444374999994 0.96796875 0.46527777812500004 0.9578125 0.4486111109375 0.95625 0.4388888890625 0.9625 0.42083333281249996 0.9640625
1 0.1111111109375 0.61328125 0.10555555624999999 0.61640625 0.102777778125 0.625 0.1166666671875 0.6296875 0.1513888890625 0.62734375 0.252777778125 0.62734375 0.259722221875 0.63125 0.2611111109375 0.640625 0.26527777812500003 0.640625 0.272222221875 0.63203125 0.28611111093749997 0.625 0.2888888890625 0.6203125 0.2833333328125 0.6140625 0.290277778125 0.60546875 0.2833333328125 0.6046875 0.2625 0.6125 0.24444444375000002 0.6140625 0.1111111109375 0.61328125
1 0.1708333328125 0.54375 0.15555555625 0.54375 0.14861111093749999 0.54609375 0.084722221875 0.5453125 0.0861111109375 0.55625 0.090277778125 0.55703125 0.2166666671875 0.5578125 0.22777777812500002 0.56171875 0.22638888906250001 0.56875 0.23055555625 0.5703125 0.2388888890625 0.5671875 0.25 0.54453125 0.2513888890625 0.5390625 0.2388888890625 0.5390625 0.240277778125 0.53359375 0.2513888890625 0.53203125 0.24305555625 0.53125 0.222222221875 0.54609375 0.184722221875 0.54609375 0.1708333328125 0.54375
6 0.2166666671875 0.2375 0.19444444375 0.24765625 0.1916666671875 0.26171875 0.1875 0.26484375 0.1583333328125 0.26953125 0.15 0.30859375 0.1666666671875 0.31953125 0.1666666671875 0.328125 0.177777778125 0.334375 0.17916666718750002 0.34375 0.21805555625 0.34375 0.2416666671875 0.3359375 0.2416666671875 0.3140625 0.24722222187499998 0.30234375 0.272222221875 0.29765625 0.28472222187499996 0.28828125 0.2833333328125 0.278125 0.272222221875 0.2703125 0.2791666671875 0.26171875 0.27777777812500004 0.23828125 0.26805555625 0.2359375 0.2388888890625 0.2359375 0.2236111109375 0.2390625 0.2166666671875 0.2375
6 0.1833333328125 0.38046875 0.17361111093749998 0.39375 0.15972222187500001 0.4015625 0.1611111109375 0.42421875 0.18055555625 0.43125 0.197222221875 0.43359375 0.21805555625 0.4328125 0.24305555625 0.42265625 0.24444444375000002 0.415625 0.25833333281250004 0.40234375 0.259722221875 0.39453125 0.25833333281250004 0.35 0.2513888890625 0.34296875 0.23611111093749998 0.34296875 0.22916666718749998 0.3453125 0.21805555625 0.365625 0.20555555625 0.3625 0.1888888890625 0.36328125 0.1833333328125 0.38046875
7 0.1541666671875 0.1078125 0.147222221875 0.11015625 0.1513888890625 0.11640625 0.1458333328125 0.11796875 0.13055555624999998 0.1328125 0.1208333328125 0.15 0.12361111093749999 0.1578125 0.13055555624999998 0.15703125 0.134722221875 0.16171875 0.1513888890625 0.15625 0.1541666671875 0.1078125
7 0.11805555625 0.0328125 0.102777778125 0.025 0.0861111109375 0.0375 0.11944444375 0.03671875 0.11805555625 0.0328125
7 0.11944444375 0.05078125 0.1 0.0453125 0.08194444375 0.046875 0.072222221875 0.06171875 0.072222221875 0.07578125 0.077777778125 0.08671875 0.0861111109375 0.09296875 0.11944444375 0.09375 0.1291666671875 0.0765625 0.1263888890625 0.06015625 0.11944444375 0.05078125
7 0.07083333281250001 0.128125 0.07083333281250001 0.1375 0.077777778125 0.14296875 0.08055555625000001 0.14375 0.102777778125 0.125 0.11388888906250001 0.1109375 0.11388888906250001 0.1046875 0.08055555625000001 0.10234375 0.07083333281250001 0.128125
7 0.2666666671875 0.06953125 0.23333333281250002 0.06953125 0.22638888906250001 0.0734375 0.1833333328125 0.08359375 0.172222221875 0.090625 0.15555555625 0.1140625 0.1541666671875 0.125 0.15555555625 0.14296875 0.1611111109375 0.14765625 0.15555555625 0.15859375 0.15555555625 0.18046875 0.16805555625 0.18359375 0.19305555624999998 0.1859375 0.20138888906250002 0.18203125 0.222222221875 0.18046875 0.22916666718749998 0.175 0.22777777812500002 0.165625 0.21805555625 0.16328125 0.21944444375 0.153125 0.23611111093749998 0.14921875 0.25833333281250004 0.12109375 0.27638888906250003 0.11796875 0.28055555625 0.11328125 0.27638888906250003 0.10390625 0.2791666671875 0.078125 0.2666666671875 0.06953125
7 0.2791666671875 0.00703125 0.27777777812500004 0.00078125 0.21944444375 0.00078125 0.21805555625 0.00703125 0.23194444375 0.0109375 0.26805555625 0.0125 0.2791666671875 0.00703125
7 0.1888888890625 0.08125 0.20972222187499998 0.0703125 0.23055555625 0.06953125 0.2388888890625 0.06484375 0.240277778125 0.04296875 0.24722222187499998 0.03125 0.24444444375000002 0.028125 0.22638888906250001 0.025 0.20555555625 0.025 0.20138888906250002 0.02734375 0.18194444375000002 0.05078125 0.16805555625 0.075 0.16944444375 0.0796875 0.1888888890625 0.08125
7 0.13055555624999998 0.0453125 0.125 0.05859375 0.1263888890625 0.0734375 0.1291666671875 0.07421875 0.15 0.0484375 0.1611111109375 0.025 0.1583333328125 0.0203125 0.1458333328125 0.02421875 0.13055555624999998 0.0453125
7 0.11388888906250001 0.20703125 0.11388888906250001 0.21328125 0.13194444375 0.215625 0.13888888906250002 0.22109375 0.1416666671875 0.21640625 0.15277777812499999 0.21328125 0.15277777812499999 0.2078125 0.13333333281249998 0.2046875 0.11805555625 0.20703125 0.115277778125 0.203125 0.097222221875 0.2015625 0.09305555625 0.20390625 0.09305555625 0.2125 0.11388888906250001 0.20703125
7 0.072222221875 0.25 0.1583333328125 0.2546875 0.15972222187500001 0.2359375 0.15555555625 0.23125 0.13888888906250002 0.22890625 0.09444444375 0.22890625 0.08055555625000001 0.23359375 0.072222221875 0.25
7 0.047222221875 0.32109375 0.059722221875 0.3234375 0.09444444375 0.32421875 0.1041666671875 0.31875 0.109722221875 0.3109375 0.11944444375 0.3078125 0.1291666671875 0.30859375 0.140277778125 0.2984375 0.147222221875 0.28203125 0.15555555625 0.27421875 0.15555555625 0.2640625 0.06944444375 0.2609375 0.058333332812500006 0.278125 0.054166667187499996 0.30078125 0.04444444375 0.31796875 0.047222221875 0.32109375