7 0.0703125 0.734722221875 0.0703125 0.76944444375 0.07421875 0.7763888890625 0.08359375 0.8166666671874999 0.08984375 0.827777778125 0.1078125 0.840277778125 0.13359375 0.8458333328125001 0.14453125 0.8444444437499999 0.146875 0.840277778125 0.153125 0.8444444437499999 0.1734375 0.8430555562500001 0.18046875 0.840277778125 0.18359375 0.83194444375 0.18359375 0.7916666671875 0.18046875 0.777777778125 0.17578125 0.7736111109375 0.1671875 0.7736111109375 0.1625 0.7833333328125 0.15859375 0.7791666671875 0.15625 0.7819444437499999 0.14921875 0.7638888890625 0.121875 0.7416666671875001 0.11875 0.727777778125 0.1140625 0.7208333328125 0.1046875 0.725 0.07734375 0.725 0.0703125 0.734722221875
7 0.1484375 0.8666666671875 0.1453125 0.85 0.12578125 0.8458333328125001 0.1140625 0.85 0.1375 0.8708333328125001 0.15234375 0.8708333328125001 0.1484375 0.8666666671875
7 0.03671875 0.88055555625 0.0328125 0.8819444437499999 0.02578125 0.89444444375 0.02578125 0.9 0.03828125 0.9166666671874999 0.03984375 0.8875 0.03671875 0.88055555625
7 0.07421875 0.86944444375 0.06875 0.8736111109375001 0.05546875 0.8736111109375001 0.05 0.8847222218749999 0.04609375 0.91805555625 0.06171875 0.9277777781250001 0.0796875 0.9277777781250001 0.0875 0.9236111109375 0.09296875 0.9125 0.09453125 0.8791666671874999 0.08046875 0.86944444375 0.07421875 0.86944444375
7 0.13671875 0.909722221875 0.11328125 0.8861111109375001 0.10078125 0.8847222218749999 0.10390625 0.922222221875 0.13515625 0.9277777781250001 0.1421875 0.9208333328125 0.13671875 0.909722221875
7 0.04765625 0.6944444437499999 0.0484375 0.6777777781250001 0.04296875 0.66944444375 0.03828125 0.66944444375 0.03125 0.7236111109375 0.03046875 0.7486111109375 0.0375 0.7388888890625 0.04765625 0.6944444437499999
7 0.02421875 0.6861111109375 0.025 0.66944444375 0.01953125 0.6583333328125 0.00703125 0.647222221875 0.00078125 0.6486111109375 0.00078125 0.7194444437499999 0.00390625 0.722222221875 0.0046875 0.73055555625 0.00234375 0.7402777781250001 0.0046875 0.752777778125 0.00078125 0.7597222218749999 0.00078125 0.76944444375 0.01015625 0.76944444375 0.01953125 0.7 0.02421875 0.6861111109375
7 0.88671875 0.3916666671875 0.87421875 0.3791666671875 0.85859375 0.38333333281250004 0.85859375 0.40694444374999994 0.8625 0.41805555625 0.86328125 0.440277778125 0.8703125 0.46805555625000006 0.88125 0.46666666718750005 0.8828125 0.4583333328125 0.8875 0.45555555625000005 0.8921875 0.4361111109375 0.89296875 0.40694444374999994 0.88671875 0.3916666671875
7 0.9328125 0.38333333281250004 0.9328125 0.40648148125 0.934375 0.40555555625000006 0.9359375 0.40972222187499996 0.93359375 0.397222221875 0.93671875 0.39305555625 0.93671875 0.3541666671875 0.9328125 0.38333333281250004
7 0.93671875 0.4236111109375 0.9328125 0.4236111109375 0.9328125 0.427777778125 0.9390625 0.427777778125 0.93671875 0.4236111109375
7 0.86171875 0.4166666671875 0.86328125 0.44166666718750003 0.86953125 0.4611111109375 0.8703125 0.4791666671875 0.875 0.48194444374999995 0.875 0.4763888890625 0.88125 0.47083333281249995 0.89453125 0.47083333281249995 0.89609375 0.490277778125 0.89296875 0.49583333281249997 0.89296875 0.5041666671875 0.8875 0.5097222218749999 0.8890625 0.51805555625 0.88359375 0.5291666671875 0.88359375 0.5375 0.88671875 0.54444444375 0.88203125 0.5527777781250001 0.8875 0.5638888890625 0.88671875 0.5694444437499999 0.9 0.5694444437499999 0.9046875 0.5625 0.9078125 0.5666666671875 0.90625 0.5583333328125 0.9125 0.55694444375 0.925 0.5319444437499999 0.9328125 0.5319444437499999 0.93359375 0.5416666671875 0.9375 0.5416666671875 0.9359375 0.4986111109375 0.9421875 0.47222222187499996 0.94140625 0.45555555625000005 0.9375 0.440277778125 0.90625 0.45 0.8984375 0.4625 0.88984375 0.45277777812500003 0.89375 0.4263888890625 0.890625 0.3986111109375 0.87890625 0.38194444375000003 0.8671875 0.3791666671875 0.85859375 0.38333333281250004 0.85859375 0.40972222187499996 0.86171875 0.4166666671875
7 0.83046875 0.55694444375 0.82578125 0.5097222218749999 0.81796875 0.5 0.8234375 0.49583333281249997 0.8234375 0.4791666671875 0.8265625 0.475 0.82578125 0.46527777812500004 0.81484375 0.447222221875 0.81875 0.44305555625000004 0.81875 0.4361111109375 0.7890625 0.43333333281249997 0.784375 0.4458333328125 0.78046875 0.447222221875 0.76953125 0.44444444375 0.76328125 0.4375 0.72265625 0.434722221875 0.70078125 0.40694444374999994 0.68203125 0.40694444374999994 0.67578125 0.41111111093749997 0.65859375 0.447222221875 0.65703125 0.459722221875 0.6375 0.502777778125 0.6359375 0.5319444437499999 0.6390625 0.55694444375 0.65078125 0.58055555625 0.68203125 0.6083333328125 0.7109375 0.64305555625 0.7171875 0.64444444375 0.725 0.665277778125 0.7390625 0.6708333328125 0.74453125 0.684722221875 0.75234375 0.672222221875 0.76953125 0.6666666671875 0.775 0.6513888890625 0.77578125 0.640277778125 0.7796875 0.6347222218749999 0.77890625 0.6208333328125 0.78203125 0.5986111109375 0.78046875 0.547222221875 0.78671875 0.5458333328125 0.790625 0.5527777781250001 0.8 0.55694444375 0.80390625 0.5694444437499999 0.8140625 0.5666666671875 0.81796875 0.559722221875 0.8265625 0.5611111109375 0.83046875 0.55694444375
7 0.8015625 0.5736111109375 0.79765625 0.5833333328125 0.7859375 0.5958333328125 0.7875 0.6013888890625 0.784375 0.60694444375 0.78125 0.63055555625 0.78203125 0.6569444437499999 0.80390625 0.6708333328125 0.81484375 0.6916666671875 0.8265625 0.6944444437499999 0.853125 0.7111111109375 0.8625 0.7111111109375 0.86171875 0.6666666671875 0.85703125 0.647222221875 0.84921875 0.6333333328124999 0.8421875 0.63055555625 0.83125 0.60555555625 0.83203125 0.5958333328125 0.83671875 0.5861111109375 0.825 0.5833333328125 0.81328125 0.5888888890625 0.8125 0.575 0.81171875 0.58055555625 0.8078125 0.58194444375 0.80625 0.5736111109375 0.8015625 0.5736111109375
7 1 0.7416666671875001 0.98671875 0.73194444375 0.9765625 0.73055555625 0.96875 0.715277778125 0.9609375 0.7138888890625 0.94765625 0.702777778125 0.93671875 0.7041666671875 0.90078125 0.6875 0.8921875 0.66944444375 0.88828125 0.6708333328125 0.88984375 0.715277778125 0.89453125 0.73055555625 0.91171875 0.7361111109375 0.93671875 0.75 0.93828125 0.7541666671875 0.96328125 0.7597222218749999 0.9953125 0.777777778125 1 0.777777778125 1 0.7416666671875001
7 0.68203125 0.8083333328125001 0.68359375 0.809722221875 0.68515625 0.8083333328125001 0.68203125 0.8083333328125001
7 0.64375 0.8444444437499999 0.6328125 0.8458333328125001 0.6296875 0.8916666671875 0.61953125 0.9 0.6203125 0.9611111109375001 0.625 0.9625 0.6359375 0.95555555625 0.6453125 0.9444444437499999 0.6515625 0.9486111109375001 0.66328125 0.9458333328125 0.6703125 0.95694444375 0.70703125 0.952777778125 0.71640625 0.9472222218749999 0.71953125 0.93194444375 0.71875 0.91944444375 0.725 0.89444444375 0.725 0.83194444375 0.7203125 0.8291666671875 0.71796875 0.8208333328125 0.703125 0.827777778125 0.69609375 0.8125 0.6828125 0.8125 0.68046875 0.81805555625 0.6765625 0.81805555625 0.67578125 0.8111111109375001 0.6734375 0.83194444375 0.6671875 0.8361111109375001 0.65078125 0.83194444375 0.65078125 0.8375 0.64375 0.8444444437499999
7 0.54765625 0.915277778125 0.53984375 0.9 0.54375 0.8819444437499999 0.54375 0.8458333328125001 0.54140625 0.83194444375 0.5296875 0.8416666671874999 0.5234375 0.86944444375 0.521875 0.89444444375 0.5265625 0.902777778125 0.52421875 0.91805555625 0.52578125 0.965277778125 0.534375 0.9916666671875 0.57109375 0.99444444375 0.590625 0.9833333328125 0.6046875 0.98055555625 0.6109375 0.9708333328125001 0.61171875 0.8833333328125 0.60703125 0.8680555562500001 0.60625 0.8444444437499999 0.5984375 0.8208333328125 0.5890625 0.8125 0.58203125 0.8125 0.571875 0.8208333328125 0.56796875 0.8375 0.5609375 0.8444444437499999 0.55859375 0.85694444375 0.5609375 0.8888888890625 0.5578125 0.89444444375 0.5546875 0.9166666671874999 0.54765625 0.915277778125
7 0.2125 0.8611111109375 0.2125 0.8652777781250001 0.21796875 0.8652777781250001 0.21875 0.859722221875 0.2125 0.8611111109375
7 0.22734375 0.9138888890624999 0.25 0.925 0.25390625 0.88055555625 0.25390625 0.8416666671874999 0.240625 0.840277778125 0.23359375 0.8458333328125001 0.2296875 0.8611111109375 0.23125 0.86944444375 0.22734375 0.9138888890624999
7 0.31796875 0.89444444375 0.30625 0.8708333328125001 0.2890625 0.85694444375 0.28203125 0.8458333328125001 0.265625 0.840277778125 0.2625 0.8458333328125001 0.2625 0.8847222218749999 0.25859375 0.9277777781250001 0.30625 0.952777778125 0.31953125 0.95555555625 0.3234375 0.95 0.3234375 0.8986111109375001 0.31796875 0.89444444375
7 0.0484375 0.8125 0.07109375 0.83055555625 0.08046875 0.83194444375 0.08203125 0.8138888890624999 0.07734375 0.8041666671875 0.06875 0.76805555625 0.059375 0.7638888890625 0.05078125 0.7736111109375 0.04453125 0.7736111109375 0.03671875 0.7666666671875 0.03515625 0.7597222218749999 0.03046875 0.7597222218749999 0.03515625 0.7638888890625 0.0265625 0.777777778125 0.0265625 0.7875 0.0328125 0.8055555562500001 0.0484375 0.8125
7 0.02109375 0.8444444437499999 0.025 0.85694444375 0.05390625 0.8736111109375001 0.0703125 0.877777778125 0.075 0.875 0.075 0.8625 0.06953125 0.85694444375 0.03046875 0.83194444375 0.02109375 0.8333333328125001 0.02109375 0.8444444437499999
4 0.95703125 0.859722221875 0.9515625 0.85 0.95 0.83055555625 0.93984375 0.83194444375 0.9375 0.8361111109375001 0.93828125 0.875 0.9421875 0.9069444437499999 0.95 0.93194444375 0.95703125 0.9277777781250001 0.95703125 0.9083333328125001 0.9609375 0.89444444375 0.95703125 0.859722221875
4 0.8171875 0.58055555625 0.81875 0.5861111109375 0.82421875 0.58194444375 0.8421875 0.5833333328125 0.8453125 0.5916666671875 0.84453125 0.60555555625 0.85 0.6111111109375 0.8546875 0.609722221875 0.85625 0.5986111109375 0.853125 0.5861111109375 0.84296875 0.47361111093749997 0.8390625 0.45694444375 0.83125 0.45277777812500003 0.83046875 0.434722221875 0.821875 0.43194444374999996 0.821875 0.4458333328125 0.82734375 0.47083333281249995 0.82578125 0.5069444437499999 0.83125 0.5236111109375 0.83125 0.5583333328125 0.81875 0.5694444437499999 0.8171875 0.58055555625
4 0.47421875 0.85694444375 0.46875 0.8486111109375001 0.4640625 0.85 0.46171875 0.85694444375 0.45390625 0.85694444375 0.44921875 0.85 0.4453125 0.85 0.44609375 0.8708333328125001 0.4484375 0.8736111109375001 0.4453125 0.8888888890625 0.446875 0.89305555625 0.46796875 0.897222221875 0.4734375 0.8666666671875 0.47421875 0.85694444375