2 0.425 0.9765625 0.425 0.98125 0.43194444374999996 0.98671875 0.47083333281249995 0.9859375 0.477777778125 0.98125 0.477777778125 0.975 0.46805555625000006 0.9671875 0.4486111109375 0.96953125 0.425 0.9765625
1 0.1166666671875 0.61796875 0.10138888906250001 0.6140625 0.0958333328125 0.5921875 0.09305555625 0.596875 0.097222221875 0.6 0.09305555625 0.6015625 0.097222221875 0.60390625 0.09305555625 0.60625 0.097222221875 0.615625 0.10555555624999999 0.61796875 0.1 0.6234375 0.10555555624999999 0.63046875 0.19444444375 0.628125 0.25555555625 0.6296875 0.25694444375000003 0.640625 0.26527777812500003 0.64296875 0.2708333328125 0.63359375 0.2888888890625 0.62421875 0.2888888890625 0.6203125 0.28055555625 0.615625 0.2888888890625 0.59921875 0.2791666671875 0.5984375 0.275 0.60390625 0.2513888890625 0.615625 0.15555555625 0.615625 0.1166666671875 0.61796875
6 0.24305555625 0.21171875 0.222222221875 0.2125 0.2166666671875 0.21484375 0.2125 0.21328125 0.20833333281250002 0.2171875 0.2 0.21796875 0.22777777812500002 0.21953125 0.2736111109375 0.22109375 0.27638888906250003 0.21796875 0.2666666671875 0.21328125 0.24305555625 0.21171875
6 0.1888888890625 0.2140625 0.1833333328125 0.2140625 0.1763888890625 0.21875 0.18055555625 0.22109375 0.1888888890625 0.2140625
6 0.27777777812500004 0.25703125 0.26527777812500003 0.25 0.24444444375000002 0.25 0.240277778125 0.24609375 0.24305555625 0.23671875 0.23333333281250002 0.23359375 0.18055555625 0.23125 0.1763888890625 0.23671875 0.16805555625 0.23984375 0.11805555625 0.24296875 0.10555555624999999 0.25 0.0958333328125 0.27265625 0.097222221875 0.29375 0.10694444375 0.2984375 0.14305555625 0.3015625 0.14444444375 0.3046875 0.16944444375 0.31640625 0.177777778125 0.3125 0.225 0.31171875 0.2388888890625 0.30546875 0.2416666671875 0.29296875 0.2388888890625 0.2890625 0.21805555625 0.2828125 0.21805555625 0.27734375 0.23194444375 0.27109375 0.2666666671875 0.26875 0.27638888906250003 0.2625 0.27777777812500004 0.25703125
7 0.259722221875 0.00703125 0.25833333281250004 0.0125 0.27638888906250003 0.01796875 0.290277778125 0.0171875 0.33888888906250003 0.021875 0.34305555625 0.01953125 0.33888888906250003 0.00078125 0.26805555625 0.00078125 0.259722221875 0.00703125
7 0.24583333281250003 0.08203125 0.28611111093749997 0.0921875 0.2958333328125 0.09296875 0.3083333328125 0.084375 0.322222221875 0.0796875 0.32777777812500003 0.075 0.33194444375 0.05546875 0.3416666671875 0.0546875 0.3541666671875 0.04765625 0.35555555625 0.04296875 0.3458333328125 0.0390625 0.302777778125 0.0328125 0.24583333281250003 0.03046875 0.23194444375 0.0578125 0.23194444375 0.06953125 0.24583333281250003 0.08203125
7 0.23055555625 0.0734375 0.18194444375000002 0.084375 0.17361111093749998 0.0890625 0.1583333328125 0.109375 0.1541666671875 0.1375 0.15555555625 0.14453125 0.1611111109375 0.1484375 0.15555555625 0.15703125 0.15555555625 0.18125 0.15972222187500001 0.1828125 0.18055555625 0.18359375 0.197222221875 0.16953125 0.2138888890625 0.16171875 0.2166666671875 0.15078125 0.22777777812500002 0.15 0.24305555625 0.14453125 0.24305555625 0.13984375 0.25833333281250004 0.121875 0.275 0.11875 0.2791666671875 0.1140625 0.27777777812500004 0.09453125 0.2666666671875 0.0890625 0.252777778125 0.0875 0.23055555625 0.0734375
7 0.21805555625 0.00703125 0.23472222187499997 0.01171875 0.2541666671875 0.01171875 0.25555555625 0.00078125 0.22638888906250001 0.00078125 0.21805555625 0.00703125
7 0.240277778125 0.028125 0.20555555625 0.02578125 0.197222221875 0.03046875 0.16944444375 0.07109375 0.16944444375 0.08046875 0.190277778125 0.08046875 0.20833333281250002 0.07109375 0.22777777812500002 0.06875 0.24305555625 0.03203125 0.240277778125 0.028125
7 0.1583333328125 0.02109375 0.147222221875 0.021875 0.13333333281249998 0.03984375 0.12222222187500001 0.06640625 0.1263888890625 0.07421875 0.1291666671875 0.075 0.14444444375 0.053125 0.15555555625 0.04375 0.1611111109375 0.028125 0.1583333328125 0.02109375
7 0.15277777812499999 0.15625 0.15555555625 0.14765625 0.1513888890625 0.140625 0.15 0.11796875 0.134722221875 0.12734375 0.127777778125 0.14375 0.1208333328125 0.14921875 0.1208333328125 0.15859375 0.125 0.1609375 0.134722221875 0.16328125 0.15 0.16015625 0.15277777812499999 0.15625
7 0.072222221875 0.140625 0.08055555625000001 0.14375 0.1041666671875 0.125 0.11388888906250001 0.10625 0.09305555625 0.10234375 0.08055555625000001 0.103125 0.072222221875 0.1203125 0.072222221875 0.140625