1 0.36875 0.272222221875 0.37578125 0.28611111093749997 0.3859375 0.28194444375 0.39375 0.2888888890625 0.3953125 0.28194444375 0.38671875 0.25833333281250004 0.38515625 0.23333333281250002 0.38984375 0.19444444375 0.39140625 0.1513888890625 0.38828125 0.134722221875 0.384375 0.127777778125 0.38359375 0.1041666671875 0.37265625 0.10555555624999999 0.3703125 0.11944444375 0.37265625 0.14444444375 0.3703125 0.1763888890625 0.37265625 0.19444444375 0.371875 0.2541666671875 0.36875 0.259722221875 0.3578125 0.259722221875 0.3578125 0.26527777812500003 0.36875 0.272222221875
1 0.4375 0.24305555625 0.45703125 0.2513888890625 0.46875 0.2513888890625 0.46875 0.24305555625 0.45390625 0.23055555625 0.45390625 0.1833333328125 0.45625 0.16805555625 0.45390625 0.0861111109375 0.44765625 0.08055555625000001 0.4421875 0.0916666671875 0.4421875 0.147222221875 0.43828125 0.165277778125 0.4421875 0.190277778125 0.44140625 0.21805555625 0.43828125 0.22638888906250001 0.43046875 0.2236111109375 0.42890625 0.23194444375 0.4375 0.24305555625
6 0.7203125 0.2833333328125 0.73046875 0.26805555625 0.7328125 0.275 0.7375 0.27777777812500004 0.7625 0.275 0.7640625 0.23611111093749998 0.76171875 0.2166666671875 0.7578125 0.2125 0.7546875 0.197222221875 0.7359375 0.1875 0.728125 0.15555555625 0.690625 0.15 0.6796875 0.16388888906250001 0.675 0.15972222187500001 0.66796875 0.1611111109375 0.65703125 0.1708333328125 0.6546875 0.1888888890625 0.65390625 0.20833333281250002 0.6609375 0.2375 0.66328125 0.2416666671875 0.684375 0.2388888890625 0.69765625 0.24722222187499998 0.70234375 0.27638888906250003 0.7078125 0.2833333328125 0.7203125 0.2833333328125
6 0.62734375 0.1888888890625 0.6078125 0.177777778125 0.5984375 0.1611111109375 0.575 0.1611111109375 0.56953125 0.175 0.5671875 0.190277778125 0.56875 0.22777777812500002 0.57578125 0.2416666671875 0.5984375 0.259722221875 0.65078125 0.25833333281250004 0.65703125 0.2513888890625 0.65546875 0.23194444375 0.6359375 0.222222221875 0.62734375 0.1888888890625
7 0.84296875 0.12222222187500001 0.8390625 0.1291666671875 0.8390625 0.1361111109375 0.84375 0.1513888890625 0.89140625 0.1513888890625 0.8671875 0.13055555624999998 0.8578125 0.1291666671875 0.8484375 0.1208333328125 0.84296875 0.12222222187500001
7 0.9703125 0.1 0.96796875 0.09305555625 0.9625 0.0888888890625 0.96328125 0.11805555625 0.9671875 0.115277778125 0.9703125 0.1
7 0.95390625 0.0861111109375 0.93828125 0.072222221875 0.9234375 0.072222221875 0.9078125 0.08194444375 0.90625 0.11944444375 0.91875 0.127777778125 0.925 0.1291666671875 0.93046875 0.12222222187500001 0.946875 0.12222222187500001 0.95 0.11805555625 0.95390625 0.1 0.95390625 0.0861111109375
7 0.8609375 0.072222221875 0.85703125 0.08055555625000001 0.8640625 0.090277778125 0.875 0.102777778125 0.88984375 0.11388888906250001 0.8953125 0.11388888906250001 0.89765625 0.08055555625000001 0.878125 0.072222221875 0.8609375 0.072222221875
7 0.8515625 0.23611111093749998 0.878125 0.25833333281250004 0.8859375 0.28055555625 0.89296875 0.28055555625 0.8953125 0.27638888906250003 0.9234375 0.27777777812500004 0.93046875 0.2666666671875 0.93046875 0.23333333281250002 0.92578125 0.2236111109375 0.91640625 0.1833333328125 0.9109375 0.17361111093749998 0.88046875 0.15555555625 0.85625 0.15555555625 0.85234375 0.1611111109375 0.84609375 0.15555555625 0.81875 0.15555555625 0.8140625 0.184722221875 0.8171875 0.197222221875 0.8171875 0.215277778125 0.821875 0.22638888906250001 0.83203125 0.22777777812500002 0.8390625 0.215277778125 0.846875 0.2166666671875 0.8515625 0.23611111093749998
7 0.203125 0.14444444375 0.19453125 0.13888888906250002 0.1796875 0.11805555625 0.1609375 0.10694444375 0.1515625 0.109722221875 0.14921875 0.11805555625 0.1390625 0.13194444375 0.14375 0.147222221875 0.1375 0.15 0.1375 0.15972222187500001 0.1328125 0.16944444375 0.13203125 0.18055555625 0.13984375 0.1875 0.1734375 0.1875 0.1875 0.197222221875 0.19453125 0.19305555624999998 0.2046875 0.17361111093749998 0.20546875 0.15277777812499999 0.203125 0.14444444375
7 0.32578125 0.1916666671875 0.33046875 0.16805555625 0.33828125 0.16388888906250001 0.34453125 0.1513888890625 0.353125 0.15277777812499999 0.36484375 0.1416666671875 0.36875 0.14444444375 0.36875 0.109722221875 0.38046875 0.0986111109375 0.3796875 0.0388888890625 0.375 0.0375 0.3640625 0.04444444375 0.35546875 0.055555556250000006 0.3484375 0.054166667187499996 0.3421875 0.0638888890625 0.3390625 0.059722221875 0.34140625 0.054166667187499996 0.33359375 0.058333332812500006 0.328125 0.04305555625 0.28671875 0.05 0.28125 0.055555556250000006 0.27890625 0.06805555625000001 0.28046875 0.075 0.27578125 0.09444444375 0.275 0.16388888906250001 0.28046875 0.16805555625 0.28203125 0.177777778125 0.29765625 0.17361111093749998 0.30234375 0.190277778125 0.30625 0.19444444375 0.32265625 0.19444444375 0.32578125 0.1916666671875
7 0.4390625 0.15277777812499999 0.44140625 0.11944444375 0.45546875 0.1208333328125 0.45625 0.177777778125 0.46015625 0.17916666718750002 0.46640625 0.17361111093749998 0.475 0.15 0.478125 0.127777778125 0.478125 0.0666666671875 0.47421875 0.03194444375 0.46796875 0.009722221875000001 0.42578125 0.006944443749999999 0.41640625 0.013888889062500001 0.39375 0.0208333328125 0.3890625 0.034722221875 0.38828125 0.1166666671875 0.39609375 0.13333333281249998 0.39375 0.1541666671875 0.39921875 0.16388888906250001 0.40078125 0.17916666718750002 0.41796875 0.184722221875 0.42890625 0.177777778125 0.4390625 0.15277777812499999
7 0.99375 0.275 0.99921875 0.2708333328125 0.99921875 0.222222221875 0.99296875 0.21805555625 0.98828125 0.23611111093749998 0.9875 0.26805555625 0.99375 0.275
7 0.97421875 0.22638888906250001 0.97421875 0.20555555625 0.96875 0.197222221875 0.92890625 0.16944444375 0.921875 0.16805555625 0.91875 0.17361111093749998 0.91875 0.1888888890625 0.93359375 0.23611111093749998 0.94296875 0.2388888890625 0.94921875 0.23194444375 0.96015625 0.23055555625 0.9671875 0.24444444375000002 0.9703125 0.24444444375000002 0.97421875 0.22638888906250001
7 0.9265625 0.1263888890625 0.92578125 0.1291666671875 0.93828125 0.1416666671875 0.953125 0.14444444375 0.9640625 0.1541666671875 0.98046875 0.15972222187500001 0.97734375 0.14305555625 0.93671875 0.12222222187500001 0.9265625 0.1263888890625
7 0.7859375 0.12222222187500001 0.7859375 0.1291666671875 0.78125 0.134722221875 0.78125 0.140277778125 0.784375 0.14305555625 0.7859375 0.1513888890625 0.79296875 0.1513888890625 0.79296875 0.12222222187500001 0.7859375 0.12222222187500001
7 0.79609375 0.10833333281249999 0.79765625 0.097222221875 0.7953125 0.09444444375 0.78828125 0.09444444375 0.7890625 0.1041666671875 0.79609375 0.10833333281249999
7 0.7484375 0.090277778125 0.7453125 0.15694444375 0.75 0.1611111109375 0.7625 0.15972222187500001 0.76875 0.1513888890625 0.77109375 0.090277778125 0.76640625 0.08055555625000001 0.75078125 0.075 0.7484375 0.090277778125
7 0.7359375 0.15555555625 0.7390625 0.06944444375 0.69296875 0.047222221875 0.6796875 0.0458333328125 0.6765625 0.055555556250000006 0.6765625 0.097222221875 0.6875 0.10694444375 0.69375 0.1208333328125 0.69453125 0.1291666671875 0.7078125 0.14305555625 0.71953125 0.1458333328125 0.72578125 0.1541666671875 0.7359375 0.15555555625
7 0.96953125 0.25 0.975 0.22638888906250001 0.97421875 0.20277777812500003 0.96875 0.20277777812500003 0.96328125 0.21944444375 0.9625 0.2388888890625 0.96953125 0.25