2 0.575 0.0234375 0.575 0.01875 0.56805555625 0.01328125 0.527777778125 0.0140625 0.522222221875 0.01796875 0.522222221875 0.025 0.5319444437499999 0.0328125 0.5513888890625 0.03046875 0.575 0.0234375
1 0.747222221875 0.38515625 0.7875 0.3828125 0.8444444437499999 0.384375 0.859722221875 0.38203125 0.89444444375 0.38203125 0.8986111109375001 0.38515625 0.9 0.3765625 0.89444444375 0.36953125 0.8222222218749999 0.371875 0.8083333328125001 0.3703125 0.7986111109375 0.37265625 0.74444444375 0.3703125 0.7416666671875001 0.359375 0.7333333328125 0.35703125 0.7291666671875 0.36640625 0.7111111109375 0.37578125 0.7111111109375 0.3796875 0.7194444437499999 0.3828125 0.7111111109375 0.4 0.722222221875 0.40078125 0.725 0.39609375 0.747222221875 0.38515625
6 0.772222221875 0.78046875 0.7263888890625 0.77890625 0.7236111109375 0.78203125 0.7361111109375 0.7875 0.7666666671875 0.78828125 0.790277778125 0.7859375 0.7916666671875 0.78203125 0.772222221875 0.78046875
6 0.8208333328125 0.7796875 0.8166666671874999 0.78203125 0.8236111109375001 0.78125 0.8194444437499999 0.7765625 0.8208333328125 0.7796875
6 0.83055555625 0.77578125 0.83194444375 0.77109375 0.83055555625 0.76875 0.83055555625 0.77578125
6 0.722222221875 0.74375 0.734722221875 0.75 0.75555555625 0.75 0.7597222218749999 0.753125 0.7569444437499999 0.7625 0.76805555625 0.76640625 0.8194444437499999 0.76875 0.83194444375 0.76015625 0.8819444437499999 0.75703125 0.89444444375 0.75 0.9041666671874999 0.72578125 0.902777778125 0.70703125 0.89444444375 0.70234375 0.85694444375 0.6984375 0.8541666671874999 0.69375 0.83055555625 0.68359375 0.8222222218749999 0.6875 0.772222221875 0.6890625 0.7611111109375 0.69453125 0.7583333328124999 0.70703125 0.7611111109375 0.7109375 0.7819444437499999 0.7171875 0.7819444437499999 0.72265625 0.765277778125 0.72890625 0.73194444375 0.73125 0.722222221875 0.7390625 0.722222221875 0.74375
7 0.6611111109375 0.99765625 0.73194444375 0.99921875 0.7402777781250001 0.99296875 0.7402777781250001 0.9875 0.7236111109375 0.98203125 0.6611111109375 0.97890625 0.6611111109375 0.99765625
7 0.7041666671875 0.90703125 0.6736111109375 0.9234375 0.66944444375 0.94296875 0.665277778125 0.946875 0.6486111109375 0.95078125 0.64444444375 0.95703125 0.659722221875 0.96171875 0.7111111109375 0.96875 0.7541666671875 0.96953125 0.76805555625 0.94296875 0.76805555625 0.93046875 0.7541666671875 0.91796875 0.7375 0.9125 0.7041666671875 0.90703125
7 0.8263888890625 0.9109375 0.840277778125 0.89296875 0.8444444437499999 0.88515625 0.8444444437499999 0.85546875 0.83194444375 0.8515625 0.840277778125 0.8484375 0.8375 0.84765625 0.8444444437499999 0.83828125 0.8444444437499999 0.81875 0.840277778125 0.8171875 0.8166666671874999 0.81796875 0.8041666671875 0.8296875 0.7875 0.83828125 0.784722221875 0.8484375 0.7708333328125 0.85 0.7583333328124999 0.8546875 0.7416666671875001 0.878125 0.725 0.88125 0.7208333328125 0.88515625 0.7236111109375 0.90703125 0.752777778125 0.9140625 0.76944444375 0.9265625 0.81805555625 0.915625 0.8263888890625 0.9109375
7 0.777777778125 0.5140625 0.790277778125 0.5109375 0.79444444375 0.5046875 0.7291666671875 0.5046875 0.7208333328125 0.50859375 0.73055555625 0.51640625 0.7486111109375 0.51796875 0.7611111109375 0.5140625 0.777777778125 0.5140625
7 0.7083333328125 0.4390625 0.6944444437499999 0.44921875 0.6958333328124999 0.46015625 0.70694444375 0.4640625 0.7083333328125 0.47578125 0.7138888890625 0.478125 0.7486111109375 0.47890625 0.7569444437499999 0.48203125 0.79444444375 0.47890625 0.8486111109375001 0.4796875 0.85694444375 0.478125 0.8888888890625 0.46015625 0.902777778125 0.425 0.9041666671874999 0.40078125 0.909722221875 0.38828125 0.8986111109375001 0.38046875 0.9111111109375001 0.38046875 0.9138888890624999 0.3609375 0.9041666671874999 0.3375 0.897222221875 0.33359375 0.8819444437499999 0.33125 0.7833333328125 0.33046875 0.7736111109375 0.3375 0.7666666671875 0.353125 0.7458333328125 0.35703125 0.74444444375 0.36875 0.752777778125 0.371875 0.7888888890625 0.3703125 0.7916666671875 0.384375 0.7541666671875 0.38515625 0.74444444375 0.38828125 0.7430555562500001 0.39921875 0.7333333328125 0.4125 0.725 0.4359375 0.7083333328125 0.4390625
7 0.777777778125 0.9921875 0.765277778125 0.98828125 0.7458333328125 0.98828125 0.7458333328125 0.99921875 0.772222221875 0.99921875 0.777777778125 0.9921875
7 0.7916666671875 0.9296875 0.772222221875 0.93125 0.76944444375 0.94609375 0.7569444437499999 0.96796875 0.7611111109375 0.971875 0.79444444375 0.97421875 0.8027777781250001 0.96953125 0.83055555625 0.92890625 0.83055555625 0.91953125 0.8111111109375001 0.91875 0.7986111109375 0.9234375 0.7916666671875 0.9296875
7 0.85 0.94921875 0.8444444437499999 0.95625 0.8361111109375001 0.9734375 0.8388888890624999 0.97890625 0.85 0.97890625 0.8541666671874999 0.9765625 0.86944444375 0.95625 0.877777778125 0.9359375 0.8736111109375001 0.92578125 0.8708333328125001 0.925 0.85694444375 0.946875 0.85 0.94921875
7 0.8486111109375001 0.859375 0.85 0.88203125 0.85694444375 0.88125 0.86944444375 0.86640625 0.8708333328125001 0.8578125 0.88055555625 0.8484375 0.877777778125 0.8390625 0.8638888890624999 0.83671875 0.847222221875 0.84296875 0.8444444437499999 0.853125 0.8486111109375001 0.859375
7 0.9263888890624999 0.85703125 0.91944444375 0.85625 0.8958333328125001 0.87578125 0.8861111109375001 0.89375 0.9083333328125001 0.89765625 0.91944444375 0.896875 0.9291666671875 0.87265625 0.9263888890624999 0.85703125
4 0.8027777781250001 0.1703125 0.790277778125 0.1671875 0.7736111109375 0.16640625 0.734722221875 0.16875 0.722222221875 0.17265625 0.7111111109375 0.171875 0.70694444375 0.184375 0.7138888890625 0.18515625 0.7236111109375 0.18125 0.7638888890625 0.1796875 0.7708333328125 0.18046875 0.777777778125 0.18515625 0.784722221875 0.18046875 0.8041666671875 0.178125 0.80694444375 0.17578125 0.8027777781250001 0.1703125