2 0.025 0.41944444374999995 0.025 0.4625 0.03125 0.46944444374999994 0.04296875 0.46527777812500004 0.04453125 0.447222221875 0.0390625 0.440277778125 0.03671875 0.42222222187499997 0.03359375 0.41805555625 0.025 0.41944444374999995
1 0.38671875 0.2833333328125 0.39453125 0.290277778125 0.3953125 0.2833333328125 0.38671875 0.2625 0.38515625 0.115277778125 0.38046875 0.1041666671875 0.37578125 0.102777778125 0.3703125 0.10833333281249999 0.3734375 0.20277777812500003 0.37265625 0.2541666671875 0.36875 0.2611111109375 0.359375 0.259722221875 0.3578125 0.26527777812500003 0.3671875 0.2708333328125 0.37578125 0.28611111093749997 0.38671875 0.2833333328125
1 0.46953125 0.24583333281250003 0.45703125 0.23611111093749998 0.45234375 0.2166666671875 0.45234375 0.1986111109375 0.45625 0.172222221875 0.45390625 0.13888888906250002 0.4546875 0.084722221875 0.44296875 0.0875 0.4421875 0.2166666671875 0.4375 0.22777777812500002 0.43125 0.22638888906250001 0.4296875 0.23055555625 0.4328125 0.2388888890625 0.43828125 0.24305555625 0.4671875 0.2513888890625 0.46953125 0.24583333281250003
6 0.7296875 0.272222221875 0.7390625 0.2791666671875 0.7625 0.275 0.7640625 0.240277778125 0.7609375 0.21805555625 0.76328125 0.2166666671875 0.7578125 0.20833333281250002 0.75546875 0.197222221875 0.75 0.1916666671875 0.73671875 0.190277778125 0.7328125 0.17916666718750002 0.73046875 0.1583333328125 0.6921875 0.15 0.6875 0.15277777812499999 0.68125 0.165277778125 0.6703125 0.1666666671875 0.6640625 0.1763888890625 0.6609375 0.16805555625 0.65625 0.177777778125 0.65625 0.222222221875 0.66328125 0.2416666671875 0.68671875 0.2416666671875 0.69765625 0.24722222187499998 0.70234375 0.272222221875 0.71171875 0.28472222187499996 0.7203125 0.28472222187499996 0.7296875 0.272222221875
6 0.65625 0.2541666671875 0.65546875 0.23055555625 0.634375 0.21944444375 0.6375 0.20138888906250002 0.63671875 0.190277778125 0.609375 0.1763888890625 0.5984375 0.15972222187500001 0.57578125 0.1611111109375 0.56875 0.18055555625 0.56640625 0.19583333281249998 0.5671875 0.21805555625 0.56875 0.22638888906250001 0.57890625 0.24305555625 0.5984375 0.25833333281250004 0.60546875 0.259722221875 0.64921875 0.25833333281250004 0.65625 0.2541666671875
7 0.89296875 0.1513888890625 0.8765625 0.1416666671875 0.8671875 0.13055555624999998 0.853125 0.1263888890625 0.84921875 0.1208333328125 0.84296875 0.12361111093749999 0.84296875 0.1291666671875 0.8390625 0.134722221875 0.84375 0.15 0.8796875 0.1513888890625 0.88203125 0.1458333328125 0.8859375 0.1541666671875 0.890625 0.15555555625 0.89296875 0.1513888890625
7 0.9625 0.090277778125 0.96171875 0.11805555625 0.9640625 0.11805555625 0.9734375 0.10138888906250001 0.9625 0.090277778125
7 0.93828125 0.072222221875 0.9234375 0.072222221875 0.909375 0.08055555625000001 0.90625 0.0861111109375 0.90625 0.11944444375 0.91796875 0.127777778125 0.93046875 0.1291666671875 0.95078125 0.11944444375 0.95625 0.097222221875 0.95234375 0.08194444375 0.93828125 0.072222221875
7 0.8578125 0.075 0.85625 0.08055555625000001 0.875 0.102777778125 0.8890625 0.11388888906250001 0.89453125 0.11388888906250001 0.89765625 0.09305555625 0.896875 0.08055555625000001 0.871875 0.07083333281250001 0.8578125 0.075
7 0.85078125 0.23611111093749998 0.878125 0.25833333281250004 0.88125 0.275 0.88671875 0.28055555625 0.8953125 0.27638888906250003 0.92265625 0.2791666671875 0.93046875 0.26805555625 0.93046875 0.23333333281250002 0.92578125 0.2236111109375 0.915625 0.18194444375000002 0.909375 0.172222221875 0.8796875 0.1541666671875 0.85625 0.15555555625 0.85390625 0.15972222187500001 0.84765625 0.15555555625 0.81875 0.15555555625 0.8171875 0.1625 0.8140625 0.19305555624999998 0.81875 0.20972222187499998 0.81875 0.21944444375 0.8234375 0.22777777812500002 0.83125 0.23055555625 0.8375 0.21805555625 0.84609375 0.21805555625 0.85078125 0.23611111093749998
7 0.190625 0.26527777812500003 0.19921875 0.2708333328125 0.2125 0.30416666718749996 0.2171875 0.302777778125 0.22109375 0.290277778125 0.22734375 0.28611111093749997 0.24453125 0.28055555625 0.2546875 0.28055555625 0.26328125 0.28611111093749997 0.2671875 0.28055555625 0.2703125 0.26805555625 0.26875 0.23194444375 0.2359375 0.17361111093749998 0.21953125 0.165277778125 0.1890625 0.17361111093749998 0.18125 0.1888888890625 0.1734375 0.190277778125 0.1734375 0.19444444375 0.1703125 0.1916666671875 0.17421875 0.20277777812500003 0.17265625 0.252777778125 0.1765625 0.26805555625 0.190625 0.26527777812500003
7 0.9875 0.24305555625 0.98828125 0.26527777812500003 0.99375 0.275 0.99921875 0.2708333328125 0.99921875 0.21944444375 0.99140625 0.21805555625 0.98984375 0.222222221875 0.9875 0.24305555625
7 0.96875 0.24722222187499998 0.971875 0.24444444375000002 0.975 0.2236111109375 0.9734375 0.20138888906250002 0.928125 0.16944444375 0.9234375 0.16805555625 0.91875 0.17361111093749998 0.91796875 0.1875 0.9234375 0.197222221875 0.925 0.2125 0.92890625 0.2166666671875 0.93046875 0.23055555625 0.93515625 0.2388888890625 0.95234375 0.23611111093749998 0.96875 0.24722222187499998
7 0.9625 0.134722221875 0.94296875 0.125 0.92734375 0.1263888890625 0.92578125 0.1291666671875 0.93359375 0.1375 0.946875 0.14444444375 0.9515625 0.1513888890625 0.97421875 0.1611111109375 0.98046875 0.15972222187500001 0.97890625 0.1458333328125 0.9625 0.134722221875
7 0.790625 0.11388888906250001 0.7859375 0.115277778125 0.78515625 0.1291666671875 0.77734375 0.1375 0.784375 0.14305555625 0.7859375 0.1541666671875 0.790625 0.1541666671875 0.79375 0.15 0.7953125 0.1291666671875 0.790625 0.11388888906250001
7 0.7890625 0.09305555625 0.7890625 0.1041666671875 0.79609375 0.115277778125 0.7984375 0.097222221875 0.7890625 0.09305555625
7 0.76640625 0.1583333328125 0.77109375 0.13888888906250002 0.77109375 0.09305555625 0.76171875 0.077777778125 0.74921875 0.07638888906249999 0.7453125 0.1583333328125 0.76640625 0.1583333328125
7 0.72578125 0.15555555625 0.73671875 0.15555555625 0.73984375 0.075 0.7375 0.06805555625000001 0.72265625 0.058333332812500006 0.7 0.054166667187499996 0.68203125 0.04444444375 0.67734375 0.047222221875 0.6765625 0.055555556250000006 0.675 0.09305555625 0.68046875 0.1041666671875 0.6875 0.109722221875 0.690625 0.1166666671875 0.69140625 0.1291666671875 0.7015625 0.140277778125 0.71796875 0.147222221875 0.72578125 0.15555555625