2 0.5319444437499999 0.02890625 0.5319444437499999 0.0359375 0.5722222218749999 0.0375 0.58194444375 0.03359375 0.58055555625 0.025 0.5375 0.025 0.5319444437499999 0.02890625
1 0.8486111109375001 0.3875 0.8888888890625 0.38515625 0.89444444375 0.3828125 0.897222221875 0.3765625 0.890277778125 0.36953125 0.8430555562500001 0.37265625 0.75 0.37265625 0.7388888890625 0.36875 0.7402777781250001 0.36171875 0.7361111109375 0.359375 0.727777778125 0.36875 0.7138888890625 0.37578125 0.7180555562500001 0.3859375 0.7111111109375 0.39453125 0.722222221875 0.39375 0.734722221875 0.38671875 0.747222221875 0.3859375 0.8416666671874999 0.38515625 0.8486111109375001 0.3875
1 0.9138888890624999 0.44296875 0.7833333328125 0.4421875 0.7736111109375 0.43828125 0.7736111109375 0.43046875 0.76944444375 0.4296875 0.7611111109375 0.4328125 0.7569444437499999 0.4390625 0.7486111109375 0.4671875 0.7569444437499999 0.46875 0.765277778125 0.45625 0.7833333328125 0.45234375 0.83194444375 0.45625 0.8513888890624999 0.45390625 0.915277778125 0.4546875 0.9138888890624999 0.44296875
6 0.7833333328125 0.76171875 0.8027777781250001 0.7546875 0.8125 0.73515625 0.8430555562500001 0.72890625 0.85 0.69140625 0.834722221875 0.68125 0.8333333328125001 0.671875 0.8263888890625 0.665625 0.83055555625 0.66015625 0.8222222218749999 0.65625 0.775 0.65625 0.7625 0.6609375 0.7569444437499999 0.66640625 0.7611111109375 0.68203125 0.752777778125 0.6984375 0.725 0.70234375 0.7166666671875 0.70859375 0.7166666671875 0.72109375 0.73055555625 0.7296875 0.722222221875 0.7375 0.7236111109375 0.7609375 0.7291666671875 0.76328125 0.7597222218749999 0.7640625 0.7833333328125 0.76171875
6 0.8263888890625 0.60625 0.840277778125 0.5984375 0.8388888890624999 0.57578125 0.8194444437499999 0.56875 0.8013888890624999 0.56640625 0.7819444437499999 0.5671875 0.7569444437499999 0.57734375 0.7541666671875 0.58671875 0.7430555562500001 0.5953125 0.7402777781250001 0.603125 0.7416666671875001 0.65078125 0.7458333328125 0.65625 0.7708333328125 0.6546875 0.7763888890625 0.63671875 0.784722221875 0.6328125 0.79444444375 0.63671875 0.8083333328125001 0.63671875 0.8263888890625 0.60625
7 0.8444444437499999 0.8828125 0.8486111109375001 0.89296875 0.86944444375 0.86640625 0.8708333328125001 0.8546875 0.8791666671874999 0.8484375 0.8791666671874999 0.84375 0.872222221875 0.83984375 0.85694444375 0.83984375 0.8486111109375001 0.84453125 0.85 0.86328125 0.8444444437499999 0.8828125
7 0.9041666671874999 0.89765625 0.91944444375 0.89609375 0.9277777781250001 0.87578125 0.9277777781250001 0.86171875 0.9236111109375 0.8578125 0.91944444375 0.85625 0.897222221875 0.875 0.8861111109375001 0.8890625 0.8861111109375001 0.8953125 0.9041666671874999 0.89765625
7 0.9277777781250001 0.93828125 0.9277777781250001 0.9234375 0.915277778125 0.90703125 0.88055555625 0.90625 0.872222221875 0.9203125 0.877777778125 0.9265625 0.88055555625 0.9515625 0.902777778125 0.95703125 0.902777778125 0.96328125 0.8833333328125 0.9625 0.89444444375 0.96796875 0.9055555562500001 0.96640625 0.9111111109375001 0.9625 0.9069444437499999 0.96015625 0.9083333328125001 0.95625 0.9166666671874999 0.95390625 0.9277777781250001 0.93828125
7 0.722222221875 0.925 0.73194444375 0.93046875 0.76805555625 0.93046875 0.7763888890625 0.92578125 0.8166666671874999 0.91640625 0.827777778125 0.909375 0.834722221875 0.8953125 0.840277778125 0.89296875 0.8444444437499999 0.88046875 0.8444444437499999 0.85625 0.8388888890624999 0.853125 0.8444444437499999 0.84375 0.8444444437499999 0.81953125 0.8375 0.8171875 0.80694444375 0.815625 0.7833333328125 0.8171875 0.7736111109375 0.8203125 0.7708333328125 0.83125 0.772222221875 0.834375 0.7819444437499999 0.8375 0.7819444437499999 0.846875 0.7638888890625 0.85078125 0.7416666671875001 0.878125 0.7236111109375 0.88203125 0.7194444437499999 0.8859375 0.7194444437499999 0.89296875 0.7236111109375 0.89609375 0.722222221875 0.925
7 0.7819444437499999 0.99296875 0.7638888890625 0.98828125 0.7333333328125 0.98828125 0.73194444375 0.99921875 0.7805555562500001 0.99921875 0.7819444437499999 0.99296875
7 0.8041666671875 0.92265625 0.7819444437499999 0.9265625 0.7611111109375 0.93515625 0.7611111109375 0.96171875 0.7541666671875 0.96875 0.7583333328124999 0.971875 0.7708333328125 0.97421875 0.797222221875 0.9734375 0.83055555625 0.92890625 0.83194444375 0.921875 0.8263888890625 0.91875 0.8083333328125001 0.91875 0.8041666671875 0.92265625
7 0.8583333328125 0.93828125 0.8541666671874999 0.94453125 0.85555555625 0.95390625 0.8458333328125001 0.96484375 0.840277778125 0.98046875 0.852777778125 0.9796875 0.85694444375 0.9765625 0.8736111109375001 0.94609375 0.877777778125 0.92734375 0.86944444375 0.925 0.8666666671875 0.93203125 0.8583333328125 0.93828125
7 0.8625 0.78046875 0.8486111109375001 0.7859375 0.8486111109375001 0.79296875 0.8791666671874999 0.79296875 0.8791666671874999 0.7859375 0.8680555562500001 0.78515625 0.8625 0.78046875
7 0.9041666671874999 0.796875 0.9055555562500001 0.7890625 0.8847222218749999 0.79296875 0.8916666671875 0.79375 0.89444444375 0.796875 0.9041666671874999 0.796875
7 0.9236111109375 0.74921875 0.8416666671874999 0.7453125 0.840277778125 0.76171875 0.847222221875 0.76875 0.8583333328125 0.7703125 0.909722221875 0.7703125 0.91944444375 0.76640625 0.9236111109375 0.74921875
7 0.9444444437499999 0.6765625 0.9069444437499999 0.675 0.8958333328125001 0.68046875 0.89305555625 0.68671875 0.8819444437499999 0.690625 0.86944444375 0.69140625 0.85694444375 0.70625 0.8541666671874999 0.71875 0.8444444437499999 0.72578125 0.8444444437499999 0.73671875 0.9138888890624999 0.7390625 0.93194444375 0.7375 0.95555555625 0.68203125 0.9541666671875 0.67734375 0.9444444437499999 0.6765625