2 0.0296875 0.44444444375 0.0234375 0.425 0.01484375 0.4291666671875 0.0125 0.43333333281249997 0.0140625 0.47222222187499996 0.01796875 0.477777778125 0.025 0.477777778125 0.0328125 0.46805555625000006 0.0296875 0.44444444375
1 0.3828125 0.10555555624999999 0.3796875 0.1 0.3703125 0.10555555624999999 0.371875 0.2541666671875 0.35703125 0.2541666671875 0.36015625 0.25555555625 0.3631990140625 0.269078946875 0.36640625 0.2708333328125 0.36875 0.2791666671875 0.375 0.28611111093749997 0.3875 0.28055555625 0.40078125 0.2888888890625 0.4015625 0.28055555625 0.38515625 0.25694444375000003 0.3828125 0.2 0.38515625 0.19305555624999998 0.3828125 0.1888888890625 0.38515625 0.147222221875 0.3828125 0.10555555624999999
1 0.45234375 0.17916666718750002 0.4546875 0.172222221875 0.4546875 0.0861111109375 0.453125 0.08055555625000001 0.4421875 0.08333333281250001 0.44140625 0.2166666671875 0.43828125 0.22638888906250001 0.4265625 0.22638888906250001 0.42578125 0.23055555625 0.428125 0.23333333281250002 0.4296875 0.22777777812500002 0.4375 0.22916666718749998 0.43203125 0.240277778125 0.4515625 0.25 0.46875 0.2513888890625 0.46875 0.24305555625 0.45546875 0.23472222187499997 0.4515625 0.2166666671875 0.45234375 0.17916666718750002
7 0.90546875 0.16805555625 0.88515625 0.15555555625 0.85546875 0.15555555625 0.85078125 0.165277778125 0.84921875 0.15972222187500001 0.840625 0.15555555625 0.81875 0.15555555625 0.81875 0.1833333328125 0.84375 0.215277778125 0.8484375 0.2166666671875 0.85 0.23472222187499997 0.853125 0.240277778125 0.878125 0.25833333281250004 0.88203125 0.27638888906250003 0.88671875 0.28055555625 0.90625 0.27777777812500004 0.9109375 0.26805555625 0.91484375 0.2486111109375 0.92734375 0.23055555625 0.915625 0.18055555625 0.90546875 0.16805555625
7 0.98046875 0.30555555624999997 0.97890625 0.34027777812500004 0.99921875 0.33888888906250003 0.99921875 0.2666666671875 0.99453125 0.259722221875 0.98671875 0.259722221875 0.9828125 0.27638888906250003 0.98046875 0.30555555624999997
7 0.9203125 0.322222221875 0.925 0.32777777812500003 0.93984375 0.33055555625 0.94921875 0.3513888890625 0.95859375 0.35555555625 0.96875 0.2888888890625 0.96953125 0.24583333281250003 0.94296875 0.23194444375 0.92734375 0.23333333281250002 0.9140625 0.25555555625 0.9078125 0.28611111093749997 0.90703125 0.29444444375 0.9203125 0.322222221875
7 0.96484375 0.115277778125 0.9625 0.11805555625 0.96640625 0.1263888890625 0.96875 0.12222222187500001 0.9671875 0.115277778125 0.9625 0.109722221875 0.96484375 0.115277778125
7 0.971875 0.10555555624999999 0.9734375 0.097222221875 0.9703125 0.097222221875 0.971875 0.10555555624999999
7 0.90625 0.08194444375 0.90546875 0.0888888890625 0.9015625 0.09305555625 0.9015625 0.097222221875 0.90625 0.10138888906250001 0.90546875 0.11805555625 0.91953125 0.127777778125 0.9265625 0.127777778125 0.93125 0.1208333328125 0.95 0.11944444375 0.95390625 0.102777778125 0.95234375 0.08333333281250001 0.93828125 0.072222221875 0.92265625 0.072222221875 0.90625 0.08194444375
7 0.83515625 0.21944444375 0.83125 0.2166666671875 0.83203125 0.20555555625 0.82890625 0.1986111109375 0.8203125 0.19305555624999998 0.8171875 0.177777778125 0.8125 0.1833333328125 0.81015625 0.25555555625 0.82265625 0.25 0.81875 0.259722221875 0.821875 0.25833333281250004 0.821875 0.26805555625 0.83515625 0.26805555625 0.84140625 0.275 0.846875 0.26527777812500003 0.8484375 0.23611111093749998 0.84453125 0.23611111093749998 0.84140625 0.22638888906250001 0.840625 0.23194444375 0.8375 0.23333333281250002 0.83515625 0.21944444375
7 0.75625 0.222222221875 0.76640625 0.22916666718749998 0.76875 0.19583333281249998 0.77421875 0.1888888890625 0.77421875 0.1833333328125 0.76875 0.1583333328125 0.76171875 0.15277777812499999 0.74609375 0.165277778125 0.73671875 0.1888888890625 0.7375 0.2208333328125 0.74375 0.22638888906250001 0.75625 0.222222221875
7 0.7796875 0.2513888890625 0.78203125 0.25694444375000003 0.78671875 0.25694444375000003 0.790625 0.23611111093749998 0.790625 0.215277778125 0.79453125 0.1861111109375 0.80390625 0.1875 0.80625 0.1833333328125 0.79375 0.177777778125 0.79453125 0.147222221875 0.7859375 0.134722221875 0.7828125 0.14305555625 0.7796875 0.1888888890625 0.7796875 0.2513888890625
7 0.99453125 0.222222221875 0.98984375 0.22638888906250001 0.98828125 0.2541666671875 0.99921875 0.25555555625 0.99921875 0.22777777812500002 0.99453125 0.222222221875
7 0.99921875 0.18055555625 0.99296875 0.172222221875 0.99375 0.1833333328125 0.99921875 0.18055555625
7 0.93046875 0.22777777812500002 0.9484375 0.23194444375 0.96796875 0.24305555625 0.971875 0.240277778125 0.97421875 0.20555555625 0.96953125 0.197222221875 0.92890625 0.16944444375 0.9203125 0.16805555625 0.91875 0.172222221875 0.91875 0.190277778125 0.9296875 0.215277778125 0.93046875 0.22777777812500002
7 0.97421875 0.14305555625 0.9359375 0.12222222187500001 0.92578125 0.1263888890625 0.92578125 0.13055555624999998 0.946875 0.14305555625 0.95625 0.15555555625 0.98046875 0.16805555625 0.9796875 0.15277777812499999 0.97421875 0.14305555625
7 0.7421875 0.16805555625 0.73984375 0.165277778125 0.73828125 0.16805555625 0.7421875 0.16805555625
7 0.79296875 0.11388888906250001 0.796875 0.097222221875 0.78828125 0.09444444375 0.7875 0.10138888906250001 0.79296875 0.11388888906250001
7 0.76796875 0.08194444375 0.74765625 0.072222221875 0.7453125 0.09305555625 0.74453125 0.15555555625 0.75390625 0.15694444375 0.759375 0.1513888890625 0.76875 0.1513888890625 0.77109375 0.10555555624999999 0.76796875 0.08194444375
7 0.6765625 0.055555556250000006 0.675 0.0888888890625 0.67734375 0.10138888906250001 0.6859375 0.10555555624999999 0.690625 0.11388888906250001 0.6921875 0.1291666671875 0.7 0.14305555625 0.73515625 0.16805555625 0.7375 0.1041666671875 0.74140625 0.075 0.72265625 0.058333332812500006 0.70234375 0.055555556250000006 0.6828125 0.04444444375 0.678125 0.0458333328125 0.6765625 0.055555556250000006
7 0.85390625 0.15555555625 0.8578125 0.1513888890625 0.87578125 0.1541666671875 0.8828125 0.15 0.88203125 0.14444444375 0.87265625 0.134722221875 0.8578125 0.1291666671875 0.8484375 0.11944444375 0.8375 0.12222222187500001 0.83671875 0.13333333281249998 0.83984375 0.1513888890625 0.85390625 0.15555555625
7 0.875 0.1041666671875 0.89375 0.11388888906250001 0.89609375 0.08055555625000001 0.871875 0.07083333281250001 0.85703125 0.0736111109375 0.85703125 0.08194444375 0.875 0.1041666671875
4 0.309375 0.64444444375 0.31015625 0.675 0.31328125 0.6777777781250001 0.31640625 0.672222221875 0.3171875 0.647222221875 0.3125 0.625 0.31171875 0.590277778125 0.31484375 0.58055555625 0.32109375 0.5791666671875 0.321875 0.5722222218749999 0.3125 0.5305555562500001 0.30625 0.51805555625 0.3 0.515277778125 0.29140625 0.49444444374999996 0.27890625 0.49444444374999996 0.275 0.5041666671875 0.27578125 0.51944444375 0.26953125 0.5319444437499999 0.26640625 0.56805555625 0.26953125 0.5736111109375 0.27578125 0.5736111109375 0.2765625 0.60694444375 0.28125 0.625 0.28359375 0.6638888890625 0.2921875 0.6875 0.2875 0.715277778125 0.29296875 0.7180555562500001 0.3 0.7041666671875 0.2984375 0.6763888890625 0.3015625 0.6416666671875 0.30625 0.6388888890625 0.309375 0.64444444375
4 0.359375 0.7430555562500001 0.3609375 0.73055555625 0.359375 0.7111111109375 0.3484375 0.6763888890625 0.34609375 0.647222221875 0.34921875 0.6361111109375 0.34921875 0.6180555562500001 0.34140625 0.5916666671875 0.34375 0.5722222218749999 0.34921875 0.5625 0.34765625 0.55694444375 0.3375 0.55 0.33203125 0.5527777781250001 0.32734375 0.5638888890625 0.32578125 0.577777778125 0.31328125 0.5861111109375 0.3140625 0.6180555562500001 0.31796875 0.6361111109375 0.31953125 0.6625 0.33046875 0.7083333328125 0.33125 0.76944444375 0.33359375 0.777777778125 0.34921875 0.7805555562500001 0.35546875 0.7763888890625 0.35546875 0.76805555625 0.35078125 0.7583333328124999 0.359375 0.7430555562500001