2 0.46805555625000006 0.97109375 0.46805555625000006 0.96328125 0.459722221875 0.96171875 0.42083333281249996 0.9640625 0.41944444374999995 0.975 0.4625 0.975 0.46805555625000006 0.97109375
1 0.140277778125 0.6140625 0.11944444375 0.6140625 0.10833333281249999 0.615625 0.102777778125 0.61953125 0.102777778125 0.62734375 0.109722221875 0.63046875 0.1583333328125 0.62734375 0.2513888890625 0.62734375 0.259722221875 0.63125 0.259722221875 0.6390625 0.26527777812500003 0.640625 0.272222221875 0.63125 0.28611111093749997 0.625 0.2833333328125 0.61328125 0.2888888890625 0.60546875 0.27777777812500004 0.60625 0.2638888890625 0.61328125 0.15694444375 0.61484375 0.15277777812499999 0.6109375 0.140277778125 0.6140625
1 0.16944444375 0.54375 0.1458333328125 0.54609375 0.084722221875 0.5453125 0.08194444375 0.5484375 0.0861111109375 0.55703125 0.2166666671875 0.5578125 0.22638888906250001 0.56171875 0.22638888906250001 0.56875 0.23194444375 0.56953125 0.2388888890625 0.5671875 0.24305555625 0.56171875 0.2513888890625 0.53984375 0.2388888890625 0.53828125 0.240277778125 0.53359375 0.2513888890625 0.5328125 0.24305555625 0.53125 0.2138888890625 0.54609375 0.20416666718749998 0.54765625 0.16944444375 0.54375
6 0.1875 0.26484375 0.1583333328125 0.26953125 0.15 0.29375 0.15 0.30859375 0.165277778125 0.31953125 0.1666666671875 0.328125 0.17361111093749998 0.33515625 0.16944444375 0.3390625 0.175 0.34296875 0.21944444375 0.34375 0.2416666671875 0.3359375 0.2388888890625 0.3171875 0.24722222187499998 0.3015625 0.275 0.29765625 0.28472222187499996 0.28828125 0.2833333328125 0.27890625 0.2708333328125 0.2703125 0.27777777812500004 0.26328125 0.275 0.2375 0.23611111093749998 0.2359375 0.21805555625 0.23828125 0.197222221875 0.24453125 0.1875 0.26484375
6 0.1611111109375 0.42421875 0.18055555625 0.43125 0.197222221875 0.43359375 0.2236111109375 0.43125 0.240277778125 0.4234375 0.25694444375000003 0.4046875 0.25833333281250004 0.34921875 0.2513888890625 0.34296875 0.22916666718749998 0.3453125 0.222222221875 0.3640625 0.215277778125 0.3671875 0.20555555625 0.36328125 0.19305555624999998 0.36328125 0.1763888890625 0.390625 0.15972222187500001 0.4015625 0.1611111109375 0.42421875
7 0.15 0.13828125 0.15555555625 0.1109375 0.1513888890625 0.10703125 0.13055555624999998 0.1328125 0.1291666671875 0.14453125 0.1208333328125 0.15078125 0.12222222187500001 0.15703125 0.1291666671875 0.15859375 0.127777778125 0.1625 0.147222221875 0.1578125 0.15277777812499999 0.15234375 0.15 0.13828125
7 0.072222221875 0.125 0.072222221875 0.13828125 0.077777778125 0.1421875 0.0888888890625 0.1375 0.102777778125 0.125 0.11388888906250001 0.10546875 0.09305555625 0.10234375 0.08055555625000001 0.10390625 0.072222221875 0.125
7 0.072222221875 0.0765625 0.08055555625000001 0.090625 0.0861111109375 0.09375 0.11944444375 0.09375 0.1263888890625 0.0859375 0.12222222187500001 0.053125 0.115277778125 0.04609375 0.11805555625 0.0375 0.115277778125 0.03359375 0.10555555624999999 0.03046875 0.09305555625 0.0328125 0.0888888890625 0.0375 0.09305555625 0.04296875 0.08333333281250001 0.04609375 0.072222221875 0.06171875 0.072222221875 0.0765625
7 0.2236111109375 0.07421875 0.18194444375000002 0.084375 0.16805555625 0.09609375 0.15555555625 0.1203125 0.15555555625 0.14375 0.1666666671875 0.14765625 0.15972222187500001 0.1515625 0.15555555625 0.1609375 0.15555555625 0.1796875 0.16805555625 0.18359375 0.21805555625 0.18203125 0.22916666718749998 0.17578125 0.22916666718749998 0.16875 0.21805555625 0.1625 0.21805555625 0.153125 0.23611111093749998 0.14921875 0.25833333281250004 0.121875 0.275 0.11875 0.28055555625 0.11328125 0.27638888906250003 0.10390625 0.2791666671875 0.07734375 0.26527777812500003 0.06953125 0.23333333281250002 0.06953125 0.2236111109375 0.07421875
7 0.23194444375 0.0109375 0.26944444375 0.0125 0.27777777812500004 0.01015625 0.28055555625 0.00625 0.272222221875 0.00078125 0.222222221875 0.00078125 0.21944444375 0.00703125 0.23194444375 0.0109375
7 0.1916666671875 0.08125 0.20138888906250002 0.07578125 0.2138888890625 0.075 0.23611111093749998 0.0671875 0.240277778125 0.06328125 0.2388888890625 0.0390625 0.24583333281250003 0.03125 0.2416666671875 0.028125 0.222222221875 0.025 0.20277777812500003 0.0265625 0.17361111093749998 0.0640625 0.16805555625 0.075 0.17361111093749998 0.08125 0.1916666671875 0.08125
7 0.14305555625 0.0625 0.1458333328125 0.04375 0.1541666671875 0.03515625 0.15972222187500001 0.01953125 0.14305555625 0.0234375 0.1263888890625 0.05390625 0.125 0.06796875 0.13194444375 0.0703125 0.13055555624999998 0.0734375 0.125 0.07265625 0.1263888890625 0.07421875 0.13055555624999998 0.075 0.14305555625 0.0625
7 0.1513888890625 0.20703125 0.12222222187500001 0.20703125 0.12222222187500001 0.2140625 0.1291666671875 0.2140625 0.134722221875 0.21875 0.140277778125 0.21875 0.14305555625 0.215625 0.1513888890625 0.2140625 0.1513888890625 0.20703125
7 0.115277778125 0.20703125 0.097222221875 0.20234375 0.09305555625 0.2109375 0.1 0.21171875 0.115277778125 0.20703125
7 0.07638888906249999 0.25078125 0.1583333328125 0.2546875 0.15972222187500001 0.2375 0.1541666671875 0.23125 0.14305555625 0.2296875 0.0916666671875 0.22890625 0.08055555625000001 0.23359375 0.07638888906249999 0.25078125
7 0.0458333328125 0.32265625 0.0513888890625 0.3234375 0.09305555625 0.325 0.1041666671875 0.31953125 0.109722221875 0.31171875 0.11805555625 0.30859375 0.1291666671875 0.30859375 0.14305555625 0.29375 0.147222221875 0.28046875 0.15555555625 0.27421875 0.1583333328125 0.265625 0.14305555625 0.2625 0.06944444375 0.2609375 0.058333332812500006 0.27890625 0.04444444375 0.31796875 0.0458333328125 0.32265625
7 0.25 0.0296875 0.22916666718749998 0.025 0.20416666718749998 0.025 0.20277777812500003 0.03125 0.2138888890625 0.03515625 0.2388888890625 0.0375 0.25 0.0296875