0 0 0.9930555562500001 0.01796875 0.9888888890624999 0.02890625 0.9763888890624999 0.0421875 0.98055555625 0.04453125 0.9875 0.05703125 0.997222221875 0.075 0.997222221875 0.090625 0.9902777781250001 0.09921875 0.9694444437499999 0.1015625 0.9472222218749999 0.1234375 0.925 0.13046875 0.89305555625 0.12890625 0.8291666671875 0.125 0.815277778125 0.1234375 0.784722221875 0.11953125 0.7763888890625 0.1171875 0.7583333328124999 0.0984375 0.7194444437499999 0.0875 0.7111111109375 0.0578125 0.709722221875 0.01796875 0.715277778125 0.003125 0.70555555625 0 0.70555555625 0 0.9930555562500001
2 0.04296875 0.47083333281249995 0.05390625 0.46805555625000006 0.05 0.427777778125 0.04375 0.41805555625 0.0390625 0.425 0.0390625 0.46527777812500004 0.04296875 0.47083333281249995
1 0.45625 0.16805555625 0.45546875 0.09444444375 0.45 0.08055555625000001 0.4453125 0.08194444375 0.4421875 0.0916666671875 0.4421875 0.147222221875 0.43984375 0.15694444375 0.44140625 0.2166666671875 0.4375 0.22638888906250001 0.43125 0.2236111109375 0.42890625 0.22777777812500002 0.43125 0.2375 0.4375 0.24305555625 0.45625 0.2513888890625 0.46875 0.2513888890625 0.46875 0.24305555625 0.45390625 0.23055555625 0.45390625 0.1861111109375 0.45625 0.16805555625
1 0.38515625 0.127777778125 0.384375 0.10694444375 0.38203125 0.102777778125 0.371875 0.10694444375 0.371875 0.2541666671875 0.36796875 0.259722221875 0.3578125 0.259722221875 0.3578125 0.26527777812500003 0.36796875 0.272222221875 0.3765625 0.28611111093749997 0.38671875 0.2833333328125 0.39453125 0.2888888890625 0.39375 0.27638888906250003 0.3859375 0.252777778125 0.3859375 0.21944444375 0.38984375 0.19583333281249998 0.38984375 0.140277778125 0.38515625 0.127777778125
6 0.59921875 0.1611111109375 0.575 0.1611111109375 0.56953125 0.175 0.5671875 0.190277778125 0.56875 0.22777777812500002 0.57265625 0.23055555625 0.5765625 0.2416666671875 0.5953125 0.25833333281250004 0.60546875 0.2611111109375 0.65625 0.25555555625 0.65546875 0.23194444375 0.6359375 0.222222221875 0.634375 0.20972222187499998 0.63671875 0.20416666718749998 0.63203125 0.2 0.628125 0.1875 0.61015625 0.17916666718750002 0.59921875 0.1611111109375
6 0.76171875 0.215277778125 0.753125 0.19444444375 0.7375 0.190277778125 0.728125 0.15555555625 0.690625 0.15 0.6796875 0.165277778125 0.66796875 0.16388888906250001 0.65703125 0.1708333328125 0.6546875 0.1888888890625 0.65390625 0.20972222187499998 0.6578125 0.23055555625 0.66328125 0.2416666671875 0.67421875 0.24305555625 0.6828125 0.2388888890625 0.69765625 0.24722222187499998 0.70234375 0.27638888906250003 0.70859375 0.2833333328125 0.72109375 0.2833333328125 0.7296875 0.26944444375 0.7375 0.27777777812500004 0.7625 0.275 0.7640625 0.2416666671875 0.76171875 0.215277778125
7 0.84375 0.1513888890625 0.89140625 0.1513888890625 0.8671875 0.13055555624999998 0.8484375 0.1208333328125 0.8375 0.1208333328125 0.83671875 0.1291666671875 0.84375 0.1513888890625
7 0.971875 0.097222221875 0.9625 0.0861111109375 0.96171875 0.11805555625 0.96484375 0.11805555625 0.971875 0.10555555624999999 0.971875 0.097222221875
7 0.92734375 0.12222222187500001 0.946875 0.12222222187500001 0.95390625 0.097222221875 0.95234375 0.08194444375 0.93828125 0.072222221875 0.92265625 0.072222221875 0.90703125 0.08333333281250001 0.90625 0.11944444375 0.9203125 0.127777778125 0.925 0.127777778125 0.92734375 0.12222222187500001
7 0.86953125 0.07083333281250001 0.8625 0.07083333281250001 0.85703125 0.077777778125 0.85625 0.08055555625000001 0.875 0.102777778125 0.8890625 0.11388888906250001 0.89609375 0.11388888906250001 0.896875 0.08055555625000001 0.86953125 0.07083333281250001
7 0.9234375 0.27777777812500004 0.93046875 0.2666666671875 0.93046875 0.23333333281250002 0.92578125 0.2236111109375 0.91640625 0.1833333328125 0.9046875 0.16805555625 0.88046875 0.15555555625 0.8625 0.1541666671875 0.85078125 0.1611111109375 0.84609375 0.15555555625 0.8296875 0.1541666671875 0.81875 0.15555555625 0.815625 0.1708333328125 0.8140625 0.1875 0.81796875 0.20138888906250002 0.81953125 0.2236111109375 0.828125 0.22916666718749998 0.8375 0.215277778125 0.8453125 0.215277778125 0.84921875 0.21944444375 0.84921875 0.23055555625 0.853125 0.2388888890625 0.878125 0.25833333281250004 0.88125 0.275 0.8859375 0.28055555625 0.8953125 0.27638888906250003 0.9234375 0.27777777812500004
7 0.171875 0.1111111109375 0.1546875 0.10833333281249999 0.14375 0.11805555625 0.1421875 0.127777778125 0.1453125 0.134722221875 0.14765625 0.1583333328125 0.14296875 0.1666666671875 0.13203125 0.16944444375 0.1328125 0.18055555625 0.15390625 0.177777778125 0.15859375 0.1875 0.175 0.1875 0.18125 0.19444444375 0.1921875 0.19583333281249998 0.20546875 0.1708333328125 0.20390625 0.1458333328125 0.171875 0.1111111109375
7 0.36953125 0.10833333281249999 0.38046875 0.10138888906250001 0.38203125 0.09444444375 0.3796875 0.0791666671875 0.3796875 0.0388888890625 0.37578125 0.034722221875 0.35546875 0.055555556250000006 0.34140625 0.052777778124999994 0.3359375 0.058333332812500006 0.328125 0.04305555625 0.28671875 0.05 0.28125 0.055555556250000006 0.275 0.10555555624999999 0.275 0.1666666671875 0.28203125 0.17916666718750002 0.2875 0.17361111093749998 0.296875 0.17361111093749998 0.30234375 0.190277778125 0.30625 0.19444444375 0.32421875 0.19305555624999998 0.33359375 0.165277778125 0.3625 0.16805555625 0.3625 0.15694444375 0.36484375 0.15277777812499999 0.36796875 0.1541666671875 0.36875 0.1611111109375 0.36953125 0.10833333281249999
7 0.4453125 0.08055555625000001 0.45234375 0.08333333281250001 0.4578125 0.09305555625 0.45546875 0.127777778125 0.45625 0.177777778125 0.4640625 0.1763888890625 0.4734375 0.1541666671875 0.478125 0.1263888890625 0.478125 0.1 0.47578125 0.0875 0.478125 0.06805555625000001 0.4765625 0.047222221875 0.46875 0.0111111109375 0.46328125 0.006944443749999999 0.43046875 0.00555555625 0.39453125 0.0208333328125 0.3890625 0.0333333328125 0.38984375 0.090277778125 0.38671875 0.09305555625 0.38671875 0.102777778125 0.38828125 0.1166666671875 0.39453125 0.134722221875 0.39375 0.1541666671875 0.4 0.165277778125 0.4015625 0.17916666718750002 0.41640625 0.184722221875 0.4296875 0.1763888890625 0.43828125 0.15555555625 0.44140625 0.13194444375 0.43984375 0.10833333281249999 0.4453125 0.08055555625000001
7 0.9875 0.240277778125 0.9875 0.26944444375 0.98984375 0.275 0.99453125 0.27638888906250003 0.99921875 0.2708333328125 0.99921875 0.2208333328125 0.99375 0.21805555625 0.9875 0.240277778125
7 0.92265625 0.197222221875 0.925 0.2138888890625 0.9328125 0.23611111093749998 0.9375 0.240277778125 0.959375 0.23611111093749998 0.9703125 0.24583333281250003 0.975 0.2166666671875 0.97265625 0.20277777812500003 0.928125 0.16944444375 0.921875 0.16805555625 0.91953125 0.172222221875 0.91953125 0.19305555624999998 0.92265625 0.197222221875
7 0.96796875 0.15555555625 0.98046875 0.15972222187500001 0.9796875 0.1513888890625 0.975 0.14305555625 0.96171875 0.13333333281249998 0.9375 0.12222222187500001 0.92734375 0.12222222187500001 0.925 0.1291666671875 0.93828125 0.1416666671875 0.95703125 0.1458333328125 0.96796875 0.15555555625
7 0.79296875 0.11944444375 0.7890625 0.115277778125 0.7859375 0.1208333328125 0.7859375 0.1291666671875 0.78203125 0.13888888906250002 0.7859375 0.1513888890625 0.790625 0.15277777812499999 0.79375 0.1458333328125 0.79296875 0.11944444375
7 0.79765625 0.097222221875 0.79375 0.09444444375 0.78828125 0.09444444375 0.79296875 0.109722221875 0.796875 0.10555555624999999 0.79765625 0.097222221875
7 0.74921875 0.07638888906249999 0.74765625 0.1263888890625 0.7453125 0.134722221875 0.74609375 0.15972222187500001 0.7625 0.15972222187500001 0.76796875 0.1541666671875 0.77109375 0.090277778125 0.7671875 0.08055555625000001 0.74921875 0.07638888906249999
7 0.6765625 0.0986111109375 0.6859375 0.10555555624999999 0.69375 0.1291666671875 0.70703125 0.14305555625 0.71796875 0.1458333328125 0.7265625 0.15555555625 0.734375 0.1583333328125 0.7375 0.1541666671875 0.73984375 0.08194444375 0.73828125 0.06805555625000001 0.68125 0.04444444375 0.67734375 0.047222221875 0.6765625 0.055555556250000006 0.6765625 0.0986111109375
4 0.9640625 0.8055555562500001 0.9640625 0.81805555625 0.971875 0.8166666671874999 0.99921875 0.7111111109375 0.99921875 0.66805555625 0.99609375 0.6611111109375 0.99921875 0.6388888890625 0.98828125 0.64305555625 0.98125 0.6569444437499999 0.97578125 0.672222221875 0.9703125 0.715277778125 0.96875 0.7916666671875 0.9640625 0.8055555562500001