2 0.02421875 0.42222222187499997 0.025 0.45694444375 0.03046875 0.46805555625000006 0.0359375 0.46805555625000006 0.03828125 0.4625 0.03671875 0.42222222187499997 0.03359375 0.41805555625 0.02578125 0.41805555625 0.02421875 0.42222222187499997
1 0.39375 0.290277778125 0.39453125 0.28055555625 0.38671875 0.2625 0.38515625 0.23055555625 0.38828125 0.19305555624999998 0.3859375 0.1875 0.38515625 0.15694444375 0.3875 0.15277777812499999 0.38515625 0.11388888906250001 0.38046875 0.102777778125 0.37265625 0.1041666671875 0.3703125 0.109722221875 0.37265625 0.25 0.3703125 0.25833333281250004 0.3609375 0.259722221875 0.359375 0.26527777812500003 0.3671875 0.2708333328125 0.375 0.28611111093749997 0.38671875 0.2833333328125 0.39375 0.290277778125
1 0.46875 0.24305555625 0.45625 0.23472222187499997 0.45234375 0.215277778125 0.45625 0.16944444375 0.45390625 0.1375 0.4546875 0.084722221875 0.45078125 0.08194444375 0.44296875 0.0861111109375 0.4421875 0.2166666671875 0.4375 0.22777777812500002 0.43125 0.22638888906250001 0.4296875 0.23055555625 0.4328125 0.2388888890625 0.43828125 0.24305555625 0.46640625 0.2513888890625 0.46875 0.24305555625
6 0.72109375 0.2833333328125 0.72890625 0.2708333328125 0.7375 0.27777777812500004 0.76171875 0.27638888906250003 0.76328125 0.272222221875 0.7640625 0.23472222187499997 0.76171875 0.2166666671875 0.75390625 0.197222221875 0.73515625 0.1875 0.73046875 0.1583333328125 0.70546875 0.15 0.69140625 0.15 0.6796875 0.1666666671875 0.6703125 0.16805555625 0.6671875 0.177777778125 0.65625 0.18055555625 0.65625 0.21805555625 0.6625 0.240277778125 0.67109375 0.24305555625 0.68203125 0.2388888890625 0.6984375 0.24722222187499998 0.70234375 0.275 0.70859375 0.2833333328125 0.72109375 0.2833333328125
6 0.65703125 0.2513888890625 0.65625 0.23333333281250002 0.65390625 0.22916666718749998 0.63671875 0.2236111109375 0.6328125 0.215277778125 0.63671875 0.20277777812500003 0.6359375 0.1916666671875 0.6078125 0.1763888890625 0.5984375 0.15972222187500001 0.57578125 0.1611111109375 0.56875 0.18055555625 0.56640625 0.19583333281249998 0.56875 0.22638888906250001 0.5734375 0.23055555625 0.57734375 0.2416666671875 0.58828125 0.24722222187499998 0.5953125 0.25694444375000003 0.6515625 0.25833333281250004 0.65703125 0.2513888890625
7 0.84453125 0.1513888890625 0.88515625 0.1541666671875 0.8871394234375 0.1482905984375 0.8671875 0.13055555624999998 0.85546875 0.1291666671875 0.84921875 0.1208333328125 0.8421875 0.12361111093749999 0.8390625 0.134722221875 0.84453125 0.1513888890625
7 0.96875 0.10555555624999999 0.9671875 0.09444444375 0.96171875 0.0888888890625 0.9625 0.0861111109375 0.95625 0.0916666671875 0.95078125 0.08055555625000001 0.93828125 0.072222221875 0.9234375 0.072222221875 0.90703125 0.084722221875 0.90625 0.11944444375 0.91875 0.127777778125 0.9515625 0.11944444375 0.95859375 0.09305555625 0.9625 0.1 0.9625 0.11805555625 0.96640625 0.115277778125 0.96875 0.10555555624999999
7 0.86328125 0.07083333281250001 0.8578125 0.07638888906249999 0.85703125 0.08194444375 0.875 0.102777778125 0.8890625 0.11388888906250001 0.8953125 0.11388888906250001 0.89765625 0.09305555625 0.89609375 0.08055555625000001 0.86953125 0.07083333281250001 0.86328125 0.07083333281250001
7 0.878125 0.25833333281250004 0.88203125 0.27638888906250003 0.88671875 0.28055555625 0.89609375 0.27638888906250003 0.92109375 0.2791666671875 0.93046875 0.26805555625 0.93046875 0.23194444375 0.92578125 0.2236111109375 0.91640625 0.1833333328125 0.91015625 0.17361111093749998 0.884375 0.15555555625 0.85703125 0.15555555625 0.8515625 0.165277778125 0.8484375 0.15972222187500001 0.8390625 0.15555555625 0.81796875 0.15694444375 0.8140625 0.18194444375000002 0.81796875 0.215277778125 0.821875 0.22638888906250001 0.83125 0.22916666718749998 0.83671875 0.21805555625 0.846875 0.21805555625 0.85078125 0.23611111093749998 0.878125 0.25833333281250004
7 0.99453125 0.2708333328125 0.99921875 0.26527777812500003 0.99921875 0.21944444375 0.99296875 0.21805555625 0.98828125 0.23611111093749998 0.98828125 0.2666666671875 0.99453125 0.2708333328125
7 0.971875 0.24305555625 0.975 0.22638888906250001 0.97421875 0.20277777812500003 0.92890625 0.16944444375 0.92265625 0.16805555625 0.91875 0.175 0.91875 0.190277778125 0.9234375 0.197222221875 0.925 0.2138888890625 0.9328125 0.23611111093749998 0.93671875 0.240277778125 0.9625 0.240277778125 0.96875 0.24722222187499998 0.971875 0.24305555625
7 0.92734375 0.125 0.925 0.1291666671875 0.9390625 0.1416666671875 0.98046875 0.15972222187500001 0.97890625 0.147222221875 0.97578125 0.14305555625 0.94609375 0.1263888890625 0.93203125 0.12222222187500001 0.92734375 0.125
7 0.77890625 0.1375 0.7859375 0.1513888890625 0.7921875 0.1513888890625 0.79296875 0.1208333328125 0.7859375 0.11805555625 0.784375 0.13194444375 0.77890625 0.1375
7 0.796875 0.10555555624999999 0.796875 0.0958333328125 0.78828125 0.09305555625 0.7890625 0.1041666671875 0.79296875 0.109722221875 0.796875 0.10555555624999999
7 0.7453125 0.1583333328125 0.76328125 0.15972222187500001 0.76875 0.1541666671875 0.77109375 0.1375 0.7703125 0.0861111109375 0.7609375 0.077777778125 0.74921875 0.07638888906249999 0.7453125 0.1583333328125
7 0.7390625 0.06944444375 0.71796875 0.05694444375 0.70546875 0.055555556250000006 0.68203125 0.04444444375 0.67734375 0.047222221875 0.6765625 0.05694444375 0.675 0.09305555625 0.67890625 0.10138888906250001 0.68828125 0.109722221875 0.69140625 0.11944444375 0.690625 0.1291666671875 0.72578125 0.15555555625 0.7359375 0.15555555625 0.7390625 0.06944444375