2 0.02890625 0.46805555625000006 0.0359375 0.46805555625000006 0.03671875 0.425 0.0328125 0.41805555625 0.025 0.41944444374999995 0.025 0.4583333328125 0.02890625 0.46805555625000006
1 0.38671875 0.2833333328125 0.39453125 0.2888888890625 0.39375 0.27777777812500004 0.38671875 0.2638888890625 0.38515625 0.24305555625 0.38515625 0.2208333328125 0.38984375 0.19583333281249998 0.3890625 0.140277778125 0.384375 0.127777778125 0.3828125 0.10555555624999999 0.375 0.102777778125 0.3703125 0.10694444375 0.371875 0.2541666671875 0.36875 0.259722221875 0.3578125 0.259722221875 0.3578125 0.2638888890625 0.36796875 0.2708333328125 0.375 0.28611111093749997 0.3796875 0.2888888890625 0.38671875 0.2833333328125
1 0.46015625 0.2388888890625 0.464962121875 0.24010942812499997 0.45625 0.23333333281250002 0.45234375 0.2166666671875 0.45625 0.1666666671875 0.45390625 0.0888888890625 0.45 0.08055555625000001 0.44296875 0.0888888890625 0.4421875 0.1416666671875 0.43984375 0.15555555625 0.4421875 0.215277778125 0.43828125 0.2236111109375 0.43046875 0.22638888906250001 0.4296875 0.23055555625 0.4328125 0.2388888890625 0.43828125 0.24305555625 0.46015625 0.2513888890625 0.46015625 0.2388888890625
6 0.70859375 0.2833333328125 0.72109375 0.2833333328125 0.7296875 0.26944444375 0.7375 0.27777777812500004 0.76171875 0.27638888906250003 0.76328125 0.2708333328125 0.7640625 0.2416666671875 0.76171875 0.2166666671875 0.7546875 0.197222221875 0.73515625 0.1875 0.7296875 0.15694444375 0.709375 0.15 0.690625 0.15 0.6796875 0.165277778125 0.6609375 0.16944444375 0.65625 0.18055555625 0.6546875 0.21111111093749999 0.65703125 0.22638888906250001 0.6625 0.240277778125 0.6828125 0.2388888890625 0.69765625 0.24722222187499998 0.70078125 0.25555555625 0.70234375 0.275 0.70859375 0.2833333328125
6 0.65546875 0.23055555625 0.63671875 0.222222221875 0.6328125 0.215277778125 0.63671875 0.20555555625 0.6359375 0.19583333281249998 0.6265625 0.184722221875 0.6078125 0.1763888890625 0.5984375 0.1611111109375 0.575 0.16388888906250001 0.56875 0.18055555625 0.56640625 0.197222221875 0.56796875 0.222222221875 0.57578125 0.240277778125 0.59140625 0.2513888890625 0.5984375 0.2611111109375 0.65390625 0.25833333281250004 0.65703125 0.2513888890625 0.65546875 0.23055555625
7 0.83671875 0.13055555624999998 0.84453125 0.1513888890625 0.8921875 0.1513888890625 0.8671875 0.13055555624999998 0.85625 0.127777778125 0.84921875 0.1208333328125 0.8375 0.1208333328125 0.83671875 0.13055555624999998
7 0.96171875 0.11805555625 0.9671875 0.1166666671875 0.9734375 0.10555555624999999 0.9734375 0.097222221875 0.9625 0.08333333281250001 0.96171875 0.090277778125 0.9578125 0.0916666671875 0.9515625 0.08055555625000001 0.9390625 0.072222221875 0.9234375 0.072222221875 0.9125 0.077777778125 0.90703125 0.0875 0.90625 0.11944444375 0.9171875 0.1263888890625 0.92421875 0.1263888890625 0.9265625 0.1208333328125 0.9515625 0.11944444375 0.95625 0.0916666671875 0.96171875 0.1 0.96171875 0.11805555625
7 0.85703125 0.077777778125 0.85625 0.08055555625000001 0.875 0.102777778125 0.8890625 0.11388888906250001 0.89609375 0.11388888906250001 0.89765625 0.08055555625000001 0.8703125 0.07083333281250001 0.8625 0.07083333281250001 0.85703125 0.077777778125
7 0.85078125 0.23611111093749998 0.878125 0.25833333281250004 0.88125 0.275 0.88671875 0.28055555625 0.8953125 0.27638888906250003 0.925 0.27777777812500004 0.93046875 0.26805555625 0.93046875 0.23333333281250002 0.92578125 0.2236111109375 0.915625 0.18194444375000002 0.90625 0.16944444375 0.88046875 0.15555555625 0.85078125 0.1583333328125 0.84140625 0.1541666671875 0.81875 0.15555555625 0.815625 0.16944444375 0.8140625 0.184722221875 0.8171875 0.19583333281249998 0.8171875 0.21805555625 0.8203125 0.22638888906250001 0.83125 0.22916666718749998 0.8375 0.21805555625 0.84765625 0.21805555625 0.85078125 0.23611111093749998
7 0.35546875 0.17361111093749998 0.36875 0.16805555625 0.36875 0.10833333281249999 0.38046875 0.1 0.3796875 0.0388888890625 0.37578125 0.0375 0.36484375 0.04444444375 0.35546875 0.055555556250000006 0.334375 0.055555556250000006 0.328125 0.04305555625 0.28359375 0.05 0.275 0.06944444375 0.275 0.165277778125 0.28515625 0.1708333328125 0.296875 0.1708333328125 0.30625 0.190277778125 0.3109375 0.19305555624999998 0.3234375 0.19305555624999998 0.33359375 0.16944444375 0.35546875 0.17361111093749998
7 0.44140625 0.1263888890625 0.45625 0.1263888890625 0.45625 0.17916666718750002 0.46875 0.16805555625 0.47109375 0.15694444375 0.47578125 0.15 0.478125 0.1263888890625 0.4765625 0.08194444375 0.4796875 0.055555556250000006 0.47890625 0.013888889062500001 0.4625 0.006944443749999999 0.42734375 0.006944443749999999 0.39453125 0.0208333328125 0.3890625 0.030555556249999997 0.38828125 0.11805555625 0.39375 0.13333333281249998 0.39375 0.15277777812499999 0.40390625 0.17916666718750002 0.4109375 0.1833333328125 0.42734375 0.17916666718750002 0.4359375 0.165277778125 0.44140625 0.1263888890625
7 0.9875 0.24305555625 0.98828125 0.2666666671875 0.9953125 0.26805555625 0.99921875 0.25555555625 0.99921875 0.2236111109375 0.99375 0.21944444375 0.98984375 0.23055555625 0.9875 0.24305555625
7 0.97421875 0.22916666718749998 0.975 0.2138888890625 0.97265625 0.20277777812500003 0.9296875 0.16944444375 0.921875 0.16805555625 0.91875 0.17361111093749998 0.91796875 0.1888888890625 0.93359375 0.23611111093749998 0.94375 0.2388888890625 0.953125 0.23472222187499997 0.95625 0.2388888890625 0.96015625 0.23472222187499997 0.96953125 0.24583333281250003 0.97421875 0.22916666718749998
7 0.97109375 0.140277778125 0.94453125 0.125 0.92578125 0.12222222187500001 0.925 0.13055555624999998 0.92890625 0.13055555624999998 0.9390625 0.14305555625 0.9546875 0.14444444375 0.96484375 0.1541666671875 0.98046875 0.15972222187500001 0.9765625 0.14444444375 0.97109375 0.140277778125
7 0.7921875 0.11944444375 0.79765625 0.097222221875 0.79296875 0.09305555625 0.7875 0.09444444375 0.79140625 0.1111111109375 0.78828125 0.115277778125 0.7859375 0.13055555624999998 0.78125 0.134722221875 0.78125 0.140277778125 0.78671875 0.1513888890625 0.79296875 0.1513888890625 0.7921875 0.11944444375
7 0.74765625 0.1263888890625 0.7453125 0.134722221875 0.74609375 0.15972222187500001 0.76171875 0.15972222187500001 0.76796875 0.1541666671875 0.77109375 0.10694444375 0.77109375 0.0888888890625 0.76796875 0.08194444375 0.74921875 0.07638888906249999 0.74765625 0.1263888890625
7 0.7375 0.1541666671875 0.73828125 0.06805555625000001 0.68203125 0.04444444375 0.67734375 0.0458333328125 0.67578125 0.058333332812500006 0.675 0.09305555625 0.67734375 0.10138888906250001 0.68515625 0.10833333281249999 0.6875 0.13055555624999998 0.7046875 0.14305555625 0.71875 0.1458333328125 0.73203125 0.1583333328125 0.7375 0.1541666671875
7 0.9703125 0.25 0.975 0.22916666718749998 0.97421875 0.20277777812500003 0.96640625 0.20138888906250002 0.96328125 0.2236111109375 0.96328125 0.2416666671875 0.9703125 0.25