1 0.4546875 0.23055555625 0.45546875 0.09444444375 0.45 0.08055555625000001 0.44765625 0.08055555625000001 0.4421875 0.09305555625 0.4421875 0.14444444375 0.4390625 0.1625 0.4421875 0.1888888890625 0.44140625 0.21805555625 0.43828125 0.2236111109375 0.43046875 0.2236111109375 0.42890625 0.23055555625 0.43203125 0.2388888890625 0.4375 0.24305555625 0.4515625 0.25 0.46875 0.2513888890625 0.46953125 0.24583333281250003 0.4671875 0.2416666671875 0.4546875 0.23055555625
1 0.3859375 0.2166666671875 0.38984375 0.16805555625 0.384375 0.10555555624999999 0.37890625 0.102777778125 0.371875 0.10694444375 0.3703125 0.12222222187500001 0.37265625 0.14305555625 0.3703125 0.16388888906250001 0.37265625 0.19444444375 0.371875 0.25555555625 0.36875 0.259722221875 0.3578125 0.259722221875 0.3578125 0.26527777812500003 0.36796875 0.272222221875 0.37578125 0.28611111093749997 0.3859375 0.2833333328125 0.39453125 0.2888888890625 0.39375 0.27638888906250003 0.3859375 0.25555555625 0.3859375 0.2166666671875
6 0.76171875 0.2166666671875 0.7578125 0.2125 0.7546875 0.197222221875 0.7359375 0.1875 0.73046875 0.1583333328125 0.7125 0.1513888890625 0.69140625 0.15 0.68046875 0.16388888906250001 0.6671875 0.16388888906250001 0.659375 0.16944444375 0.65546875 0.18055555625 0.65390625 0.20972222187499998 0.659375 0.2208333328125 0.66171875 0.2375 0.67265625 0.2416666671875 0.6796875 0.23611111093749998 0.69765625 0.24722222187499998 0.70234375 0.275 0.70625 0.28194444375 0.71875 0.28472222187499996 0.73125 0.2708333328125 0.7375 0.27777777812500004 0.76171875 0.27777777812500004 0.7640625 0.2611111109375 0.76171875 0.2166666671875
6 0.5984375 0.1611111109375 0.575 0.1611111109375 0.56875 0.18055555625 0.56640625 0.19444444375 0.56875 0.22777777812500002 0.58515625 0.25 0.5984375 0.259722221875 0.65078125 0.25833333281250004 0.65703125 0.2513888890625 0.65703125 0.23611111093749998 0.65390625 0.22916666718749998 0.63515625 0.2208333328125 0.6328125 0.215277778125 0.63515625 0.20416666718749998 0.63125 0.1916666671875 0.6078125 0.177777778125 0.5984375 0.1611111109375
7 0.8453125 0.1513888890625 0.89140625 0.1513888890625 0.8671875 0.13055555624999998 0.84921875 0.12222222187500001 0.84375 0.1263888890625 0.83984375 0.134722221875 0.8453125 0.1513888890625
7 0.965625 0.11805555625 0.97265625 0.102777778125 0.9625 0.08333333281250001 0.96171875 0.11805555625 0.965625 0.11805555625
7 0.9265625 0.12222222187500001 0.94765625 0.12222222187500001 0.95390625 0.10138888906250001 0.95390625 0.084722221875 0.93828125 0.072222221875 0.9234375 0.072222221875 0.90703125 0.08333333281250001 0.90625 0.11944444375 0.91953125 0.127777778125 0.92421875 0.127777778125 0.9265625 0.12222222187500001
7 0.8609375 0.0736111109375 0.8578125 0.08055555625000001 0.875 0.102777778125 0.8890625 0.11388888906250001 0.89609375 0.11388888906250001 0.89765625 0.08055555625000001 0.878125 0.072222221875 0.8609375 0.0736111109375
7 0.19453125 0.13888888906250002 0.17265625 0.1111111109375 0.1515625 0.10833333281249999 0.1375 0.1208333328125 0.13046875 0.1291666671875 0.13046875 0.13888888906250002 0.13359375 0.15555555625 0.1328125 0.1666666671875 0.13984375 0.177777778125 0.15 0.18055555625 0.15625 0.1875 0.171875 0.1875 0.1890625 0.197222221875 0.19296875 0.19583333281249998 0.19609375 0.184722221875 0.2046875 0.17361111093749998 0.20390625 0.1458333328125 0.19453125 0.13888888906250002
7 0.925 0.27777777812500004 0.93046875 0.2666666671875 0.93046875 0.23194444375 0.92578125 0.2236111109375 0.91640625 0.1833333328125 0.9109375 0.17361111093749998 0.88046875 0.15555555625 0.86328125 0.1541666671875 0.85625 0.15555555625 0.85234375 0.1611111109375 0.84765625 0.15555555625 0.83515625 0.1541666671875 0.81875 0.1583333328125 0.8140625 0.1833333328125 0.81796875 0.2 0.81796875 0.21805555625 0.821875 0.22638888906250001 0.8296875 0.22916666718749998 0.8390625 0.2166666671875 0.846875 0.2166666671875 0.8515625 0.23611111093749998 0.87109375 0.25555555625 0.87890625 0.25833333281250004 0.88125 0.275 0.88671875 0.28055555625 0.8953125 0.27638888906250003 0.925 0.27777777812500004
7 0.36875 0.165277778125 0.39375 0.1541666671875 0.3984375 0.1611111109375 0.40078125 0.17916666718750002 0.40546875 0.1833333328125 0.421875 0.1833333328125 0.42890625 0.177777778125 0.4390625 0.1541666671875 0.44140625 0.1270833328125 0.45546875 0.127777778125 0.45703125 0.17916666718750002 0.4640625 0.177777778125 0.4765625 0.15 0.4765625 0.0638888890625 0.47421875 0.034722221875 0.46640625 0.0083333328125 0.43046875 0.00555555625 0.39375 0.0208333328125 0.3890625 0.0333333328125 0.38984375 0.0791666671875 0.384375 0.0888888890625 0.3796875 0.0791666671875 0.37890625 0.0375 0.3640625 0.04444444375 0.35546875 0.055555556250000006 0.34140625 0.052777778124999994 0.3375 0.058333332812500006 0.33359375 0.058333332812500006 0.328125 0.04305555625 0.29296875 0.047222221875 0.2828125 0.052777778124999994 0.27890625 0.0666666671875 0.2796875 0.075 0.275 0.077777778125 0.278125 0.08194444375 0.275 0.1041666671875 0.275 0.16805555625 0.27890625 0.16944444375 0.28203125 0.177777778125 0.29765625 0.17361111093749998 0.3015625 0.1888888890625 0.30625 0.19444444375 0.32578125 0.1916666671875 0.3328125 0.165277778125 0.3625 0.16944444375 0.3640625 0.1611111109375 0.36875 0.15694444375 0.36875 0.165277778125
7 0.99453125 0.2791666671875 0.99921875 0.2708333328125 0.99921875 0.2208333328125 0.99296875 0.21805555625 0.98828125 0.23472222187499997 0.9875 0.2708333328125 0.99453125 0.2791666671875
7 0.91953125 0.1708333328125 0.91953125 0.1916666671875 0.92265625 0.19583333281249998 0.925 0.215277778125 0.9328125 0.23611111093749998 0.94375 0.240277778125 0.9484375 0.23472222187499997 0.95859375 0.23194444375 0.9703125 0.24583333281250003 0.97421875 0.22916666718749998 0.97265625 0.20277777812500003 0.96640625 0.19444444375 0.93515625 0.17361111093749998 0.925 0.16805555625 0.91953125 0.1708333328125
7 0.9546875 0.1458333328125 0.96640625 0.15555555625 0.98046875 0.15972222187500001 0.97890625 0.1458333328125 0.96171875 0.13333333281249998 0.9359375 0.12222222187500001 0.92578125 0.12361111093749999 0.92578125 0.13055555624999998 0.93359375 0.134722221875 0.9390625 0.14305555625 0.9546875 0.1458333328125
7 0.78984375 0.1513888890625 0.79296875 0.15 0.79375 0.13055555624999998 0.79140625 0.115277778125 0.78828125 0.1166666671875 0.7859375 0.13055555624999998 0.78125 0.134722221875 0.78125 0.13888888906250002 0.7859375 0.15 0.78984375 0.1513888890625
7 0.79296875 0.109722221875 0.79765625 0.102777778125 0.7953125 0.09444444375 0.78828125 0.09444444375 0.79296875 0.109722221875
7 0.7484375 0.0875 0.7453125 0.1583333328125 0.7625 0.15972222187500001 0.76875 0.15277777812499999 0.77109375 0.0888888890625 0.76875 0.08194444375 0.75078125 0.075 0.7484375 0.0875
7 0.7265625 0.15555555625 0.73671875 0.15555555625 0.7390625 0.06944444375 0.69375 0.047222221875 0.68125 0.04444444375 0.67734375 0.047222221875 0.6765625 0.055555556250000006 0.6765625 0.097222221875 0.690625 0.11388888906250001 0.69375 0.1291666671875 0.7265625 0.15555555625