2 0.43194444374999996 0.98671875 0.47083333281249995 0.9859375 0.477777778125 0.98203125 0.477777778125 0.975 0.46805555625000006 0.9671875 0.4458333328125 0.9703125 0.425 0.97734375 0.43194444374999996 0.98671875
6 0.22777777812500002 0.21953125 0.275 0.22109375 0.27638888906250003 0.21796875 0.2666666671875 0.21328125 0.2416666671875 0.21171875 0.21805555625 0.21328125 0.20972222187499998 0.2171875 0.22777777812500002 0.21953125
6 0.17916666718750002 0.21953125 0.184722221875 0.2140625 0.1763888890625 0.21875 0.17916666718750002 0.22578125 0.17916666718750002 0.21953125
6 0.1703125 0.21796875 0.0015625 0.0015625
6 0.27777777812500004 0.25703125 0.2666666671875 0.25 0.24444444375000002 0.25 0.240277778125 0.2453125 0.24305555625 0.2375 0.23333333281250002 0.23359375 0.18055555625 0.23125 0.1763888890625 0.23671875 0.16805555625 0.23984375 0.11805555625 0.24296875 0.10555555624999999 0.25 0.0958333328125 0.27265625 0.0958333328125 0.29140625 0.10555555624999999 0.2984375 0.140277778125 0.30078125 0.15555555625 0.31171875 0.16944444375 0.31640625 0.177777778125 0.3125 0.225 0.31171875 0.2388888890625 0.30546875 0.24305555625 0.296875 0.2388888890625 0.2890625 0.21805555625 0.2828125 0.21805555625 0.27734375 0.23194444375 0.27109375 0.2666666671875 0.26875 0.27638888906250003 0.2625 0.27777777812500004 0.25703125
7 0.25833333281250004 0.01171875 0.27777777812500004 0.01796875 0.33888888906250003 0.02109375 0.33888888906250003 0.00078125 0.26805555625 0.00078125 0.25833333281250004 0.01171875
7 0.2958333328125 0.09296875 0.3083333328125 0.084375 0.322222221875 0.0796875 0.32777777812500003 0.075 0.33055555625 0.059375 0.3541666671875 0.0484375 0.35555555625 0.0421875 0.30416666718749996 0.0328125 0.24583333281250003 0.03046875 0.23194444375 0.0578125 0.23194444375 0.06953125 0.25555555625 0.0859375 0.28611111093749997 0.0921875 0.2958333328125 0.09296875
7 0.17361111093749998 0.0890625 0.1583333328125 0.109375 0.1541666671875 0.1375 0.15555555625 0.14453125 0.15972222187500001 0.14609375 0.15555555625 0.159375 0.15555555625 0.18125 0.15972222187500001 0.1828125 0.18194444375000002 0.1828125 0.20277777812500003 0.16640625 0.2138888890625 0.16171875 0.215277778125 0.15234375 0.2416666671875 0.1453125 0.25833333281250004 0.121875 0.27777777812500004 0.1171875 0.28055555625 0.10859375 0.27638888906250003 0.10390625 0.27638888906250003 0.09296875 0.24722222187499998 0.084375 0.23055555625 0.0734375 0.18194444375000002 0.084375 0.17361111093749998 0.0890625
7 0.25555555625 0.00078125 0.22638888906250001 0.00078125 0.21805555625 0.00546875 0.21944444375 0.00859375 0.23472222187499997 0.01171875 0.2541666671875 0.01171875 0.25555555625 0.00078125
7 0.20833333281250002 0.0703125 0.22916666718749998 0.06796875 0.23055555625 0.05546875 0.24305555625 0.0328125 0.240277778125 0.028125 0.20555555625 0.02578125 0.197222221875 0.03046875 0.16944444375 0.07109375 0.16944444375 0.08046875 0.1875 0.08125 0.20138888906250002 0.0765625 0.20833333281250002 0.0703125
7 0.1611111109375 0.0296875 0.15972222187500001 0.02109375 0.147222221875 0.021875 0.13333333281249998 0.03984375 0.12222222187500001 0.06484375 0.13194444375 0.06953125 0.125 0.07265625 0.13055555624999998 0.0734375 0.14305555625 0.053125 0.15555555625 0.04375 0.1611111109375 0.0296875
7 0.15555555625 0.14765625 0.1513888890625 0.140625 0.15 0.11875 0.1458333328125 0.11875 0.134722221875 0.12734375 0.127777778125 0.14375 0.1208333328125 0.14921875 0.1208333328125 0.15859375 0.127777778125 0.16171875 0.147222221875 0.1609375 0.15277777812499999 0.15625 0.15555555625 0.14765625
7 0.0736111109375 0.14296875 0.08055555625000001 0.14375 0.1041666671875 0.125 0.11388888906250001 0.10625 0.08333333281250001 0.10234375 0.08055555625000001 0.10390625 0.07083333281250001 0.128125 0.0736111109375 0.14296875
4 0.24722222187499998 0.615625 0.259722221875 0.61953125 0.2708333328125 0.62734375 0.28055555625 0.63125 0.3125 0.63125 0.34305555625 0.625 0.38055555625 0.6265625 0.3861111109375 0.6109375 0.38194444375000003 0.60625 0.375 0.6109375 0.3638888890625 0.61171875 0.30416666718749996 0.6046875 0.28055555625 0.6046875 0.26805555625 0.60859375 0.25 0.60859375 0.24583333281250003 0.6109375 0.24722222187499998 0.615625
4 0.2625 0.6234375 0.25555555625 0.6203125 0.23611111093749998 0.6234375 0.23472222187499997 0.62734375 0.24305555625 0.63125 0.252777778125 0.63125 0.25833333281250004 0.6359375 0.2708333328125 0.63671875 0.275 0.6296875 0.2833333328125 0.6359375 0.3013888890625 0.63203125 0.31944444375000003 0.63515625 0.3236111109375 0.63125 0.31944444375000003 0.6296875 0.325 0.62734375 0.3326388890625 0.63125 0.36944444375 0.63125 0.3708333328125 0.62734375 0.352777778125 0.625 0.3263888890625 0.62734375 0.2625 0.6234375