2 0.98671875 0.56805555625 0.9859375 0.527777778125 0.98203125 0.522222221875 0.975 0.522222221875 0.9671875 0.5333333328125 0.9703125 0.5541666671875001 0.97734375 0.575 0.98671875 0.56805555625
2 0.61328125 0.8361111109375001 0.6078125 0.8458333328125001 0.6078125 0.85694444375 0.61015625 0.86944444375 0.615625 0.8680555562500001 0.6171875 0.8444444437499999 0.61328125 0.8361111109375001
1 0.6171875 0.8958333328125001 0.61953125 0.9 0.6296875 0.8958333328125001 0.628125 0.772222221875 0.64375 0.74444444375 0.63984375 0.74444444375 0.6368009859375 0.730921053125 0.63359375 0.7291666671875 0.63125 0.7208333328125 0.625 0.7138888890625 0.61171875 0.7194444437499999 0.59921875 0.7111111109375 0.5984375 0.7194444437499999 0.61015625 0.73194444375 0.61484375 0.7430555562500001 0.6171875 0.8138888890624999 0.6140625 0.85555555625 0.6171875 0.86944444375 0.6171875 0.8958333328125001
1 0.54609375 0.9166666671874999 0.55546875 0.91944444375 0.5578125 0.915277778125 0.55859375 0.784722221875 0.56171875 0.772222221875 0.57265625 0.7736111109375 0.57265625 0.76944444375 0.56875 0.7611111109375 0.5625 0.7569444437499999 0.54765625 0.75 0.53125 0.7486111109375 0.53125 0.7569444437499999 0.54453125 0.765277778125 0.5484375 0.7833333328125 0.54765625 0.8208333328125 0.5453125 0.8291666671875 0.54609375 0.9166666671874999
7 0.01953125 0.6944444437499999 0.02109375 0.6583333328125 0.00078125 0.6611111109375 0.00078125 0.73194444375 0.0046875 0.7388888890625 0.01328125 0.7402777781250001 0.0171875 0.725 0.01953125 0.6944444437499999
7 0.0921875 0.7041666671875 0.0796875 0.6777777781250001 0.075 0.672222221875 0.0578125 0.66944444375 0.05546875 0.6583333328125 0.04921875 0.647222221875 0.0421875 0.64444444375 0.0328125 0.6972222218749999 0.03046875 0.7541666671875 0.0578125 0.76805555625 0.06953125 0.76805555625 0.0796875 0.7569444437499999 0.0875 0.7375 0.0921875 0.7041666671875
7 0.10703125 0.840277778125 0.13046875 0.8458333328125001 0.15 0.840277778125 0.1578125 0.8444444437499999 0.18125 0.8430555562500001 0.18046875 0.8166666671874999 0.16640625 0.7958333328125 0.1515625 0.7833333328125 0.1484375 0.7611111109375 0.121875 0.7416666671875001 0.11796875 0.7236111109375 0.11328125 0.7194444437499999 0.09375 0.7236111109375 0.0890625 0.7333333328125 0.0859375 0.7513888890625 0.0734375 0.76944444375 0.084375 0.81805555625 0.0890625 0.8263888890625 0.10703125 0.840277778125
7 0.02578125 0.902777778125 0.03359375 0.9111111109375001 0.0375 0.909722221875 0.0359375 0.9055555562500001 0.03828125 0.8819444437499999 0.03359375 0.877777778125 0.03046875 0.8916666671875 0.02578125 0.89444444375 0.02578125 0.902777778125
7 0.09375 0.897222221875 0.09453125 0.8819444437499999 0.08046875 0.872222221875 0.07265625 0.8708333328125001 0.06953125 0.877777778125 0.05078125 0.88055555625 0.04609375 0.897222221875 0.04765625 0.9166666671874999 0.06171875 0.9277777781250001 0.0734375 0.9291666671875 0.09375 0.91805555625 0.0984375 0.9055555562500001 0.09375 0.897222221875
7 0.0078125 0.7805555562500001 0.01171875 0.7666666671875 0.0125 0.747222221875 0.00078125 0.74444444375 0.00078125 0.7736111109375 0.0078125 0.7805555562500001
7 0.040625 0.7638888890625 0.03203125 0.7569444437499999 0.028125 0.7611111109375 0.02578125 0.79444444375 0.03125 0.8041666671875 0.07109375 0.83055555625 0.08046875 0.83055555625 0.08046875 0.8083333328125001 0.0703125 0.7916666671875 0.06875 0.772222221875 0.040625 0.7638888890625
7 0.028125 0.8388888890624999 0.021875 0.8388888890624999 0.0203125 0.8430555562500001 0.0234375 0.8541666671874999 0.04453125 0.86944444375 0.06484375 0.877777778125 0.07421875 0.8736111109375001 0.075 0.8708333328125001 0.053125 0.85694444375 0.04140625 0.8444444437499999 0.028125 0.8388888890624999
7 0.18359375 0.815277778125 0.18125 0.8111111109375001 0.1875 0.8041666671875 0.18984375 0.74444444375 0.18515625 0.74444444375 0.1828125 0.7333333328125 0.1765625 0.727777778125 0.1625 0.7291666671875 0.1578125 0.7236111109375 0.15234375 0.734722221875 0.1515625 0.765277778125 0.15703125 0.777777778125 0.16796875 0.7833333328125 0.16875 0.797222221875 0.178125 0.8083333328125001 0.1828125 0.8263888890625 0.18359375 0.815277778125
7 0.24375 0.777777778125 0.2359375 0.7708333328125 0.23203125 0.7736111109375 0.23125 0.8027777781250001 0.2234375 0.8125 0.23125 0.8430555562500001 0.23828125 0.847222221875 0.25390625 0.8361111109375001 0.2625 0.8166666671874999 0.2625 0.7791666671875 0.25546875 0.7736111109375 0.24375 0.777777778125
7 0.209375 0.7597222218749999 0.20625 0.85694444375 0.2140625 0.8625 0.2171875 0.85694444375 0.2203125 0.815277778125 0.21875 0.790277778125 0.22109375 0.75555555625 0.21953125 0.7458333328125 0.2140625 0.7430555562500001 0.209375 0.7597222218749999
7 0.20703125 0.89305555625 0.20625 0.902777778125 0.2109375 0.902777778125 0.20703125 0.89305555625
7 0.23203125 0.9166666671874999 0.25234375 0.9277777781250001 0.2546875 0.9069444437499999 0.25546875 0.847222221875 0.24453125 0.8444444437499999 0.2421875 0.8486111109375001 0.23125 0.85 0.2296875 0.902777778125 0.23203125 0.9166666671874999
7 0.25859375 0.9236111109375 0.2609375 0.9291666671875 0.27578125 0.9416666671874999 0.29921875 0.9444444437499999 0.31796875 0.95555555625 0.32265625 0.952777778125 0.3234375 0.9444444437499999 0.3234375 0.9013888890624999 0.31796875 0.89444444375 0.31328125 0.89444444375 0.3078125 0.8847222218749999 0.30703125 0.8708333328125001 0.29921875 0.85694444375 0.27265625 0.840277778125 0.26953125 0.834722221875 0.2640625 0.83194444375 0.26328125 0.8361111109375001 0.26484375 0.8375 0.2625 0.8958333328125001 0.25859375 0.9236111109375
7 0.11875 0.8486111109375001 0.11953125 0.85694444375 0.1328125 0.86944444375 0.14375 0.872222221875 0.14921875 0.8791666671874999 0.16015625 0.8791666671874999 0.16171875 0.875 0.1609375 0.85 0.15078125 0.8444444437499999 0.140625 0.8486111109375001 0.11875 0.8486111109375001
7 0.125 0.8958333328125001 0.10625 0.8861111109375001 0.10390625 0.91944444375 0.12734375 0.9291666671875 0.14296875 0.9263888890624999 0.14375 0.91944444375 0.125 0.8958333328125001
4 0.6 0.9069444437499999 0.60390625 0.9069444437499999 0.60546875 0.9013888890624999 0.6078125 0.8888888890625 0.60625 0.847222221875 0.5984375 0.8444444437499999 0.5984375 0.8625 0.59375 0.89444444375 0.6 0.9069444437499999
4 0.73828125 0.7458333328125 0.74453125 0.7402777781250001 0.7390625 0.73055555625 0.7359375 0.6986111109375 0.73203125 0.684722221875 0.7359375 0.66944444375 0.725 0.66944444375 0.725 0.752777778125 0.73203125 0.7708333328125 0.73671875 0.7736111109375 0.73984375 0.76944444375 0.73671875 0.7541666671875 0.73828125 0.7458333328125