2 0.025 0.4625 0.02890625 0.46805555625000006 0.0359375 0.46805555625000006 0.03671875 0.425 0.0328125 0.41805555625 0.02578125 0.41805555625 0.0234375 0.4263888890625 0.025 0.4625
1 0.39375 0.290277778125 0.3953125 0.28472222187499996 0.38671875 0.2638888890625 0.38515625 0.24444444375000002 0.38671875 0.20694444375 0.38984375 0.19583333281249998 0.38984375 0.14444444375 0.384375 0.127777778125 0.3828125 0.10555555624999999 0.37890625 0.102777778125 0.3703125 0.10833333281249999 0.371875 0.2541666671875 0.36875 0.259722221875 0.359375 0.259722221875 0.3578125 0.2638888890625 0.36875 0.272222221875 0.3765625 0.2888888890625 0.38671875 0.2833333328125 0.39375 0.290277778125
1 0.43828125 0.24305555625 0.46796875 0.2513888890625 0.46875 0.24305555625 0.4578125 0.23611111093749998 0.45234375 0.2166666671875 0.45390625 0.175 0.45625 0.1666666671875 0.4546875 0.09305555625 0.44921875 0.08055555625000001 0.44296875 0.0916666671875 0.4421875 0.14305555625 0.43984375 0.15972222187500001 0.4421875 0.2138888890625 0.43828125 0.2236111109375 0.43046875 0.22638888906250001 0.4296875 0.23055555625 0.4328125 0.2388888890625 0.43828125 0.24305555625
6 0.65703125 0.2513888890625 0.65546875 0.23055555625 0.63671875 0.2236111109375 0.63125 0.21111111093749999 0.62734375 0.1875 0.6078125 0.177777778125 0.6 0.16388888906250001 0.575 0.16388888906250001 0.5703125 0.17361111093749998 0.5671875 0.19305555624999998 0.5671875 0.2208333328125 0.56953125 0.23055555625 0.571875 0.23055555625 0.57734375 0.24305555625 0.59140625 0.2513888890625 0.5953125 0.25833333281250004 0.65390625 0.25833333281250004 0.65703125 0.2513888890625
6 0.70625 0.28194444375 0.7171875 0.28472222187499996 0.72421875 0.28055555625 0.72890625 0.2708333328125 0.73671875 0.27777777812500004 0.76171875 0.27777777812500004 0.7640625 0.2666666671875 0.76171875 0.2166666671875 0.75234375 0.19444444375 0.73515625 0.1875 0.73046875 0.1583333328125 0.69453125 0.147222221875 0.68828125 0.1513888890625 0.6796875 0.165277778125 0.6609375 0.16805555625 0.65625 0.1763888890625 0.6546875 0.20555555625 0.66328125 0.240277778125 0.67265625 0.24305555625 0.684375 0.2388888890625 0.69765625 0.24722222187499998 0.70078125 0.25555555625 0.70234375 0.275 0.70625 0.28194444375
7 0.83671875 0.1208333328125 0.8359375 0.1291666671875 0.84375 0.1513888890625 0.8921875 0.15277777812499999 0.88984375 0.147222221875 0.8671875 0.13055555624999998 0.8578125 0.1291666671875 0.84921875 0.1208333328125 0.83671875 0.1208333328125
7 0.971875 0.10555555624999999 0.971875 0.097222221875 0.9625 0.08333333281250001 0.96171875 0.1166666671875 0.9640625 0.11805555625 0.971875 0.10555555624999999
7 0.940625 0.072222221875 0.92421875 0.072222221875 0.9125 0.077777778125 0.90703125 0.0875 0.90625 0.1208333328125 0.91796875 0.1263888890625 0.92421875 0.125 0.92578125 0.1208333328125 0.9484375 0.1208333328125 0.9546875 0.09305555625 0.953125 0.08194444375 0.940625 0.072222221875
7 0.85703125 0.077777778125 0.85625 0.08055555625000001 0.875 0.102777778125 0.8890625 0.11388888906250001 0.8953125 0.11388888906250001 0.896875 0.08055555625000001 0.86796875 0.07083333281250001 0.8609375 0.072222221875 0.85703125 0.077777778125
7 0.88125 0.275 0.8859375 0.28055555625 0.89296875 0.28055555625 0.89609375 0.27638888906250003 0.925 0.27777777812500004 0.93046875 0.2666666671875 0.93046875 0.23333333281250002 0.925 0.222222221875 0.91640625 0.1833333328125 0.9046875 0.16805555625 0.88046875 0.15555555625 0.86484375 0.1541666671875 0.85234375 0.15972222187500001 0.8484375 0.15555555625 0.81875 0.15555555625 0.815625 0.1708333328125 0.8140625 0.184722221875 0.81953125 0.2236111109375 0.83125 0.22916666718749998 0.8375 0.2166666671875 0.84609375 0.21805555625 0.85078125 0.23611111093749998 0.878125 0.25833333281250004 0.88125 0.275
7 0.31640625 0.1916666671875 0.32421875 0.1875 0.33359375 0.16805555625 0.34140625 0.172222221875 0.36875 0.16805555625 0.36875 0.10833333281249999 0.38046875 0.097222221875 0.3796875 0.0388888890625 0.37578125 0.0375 0.36484375 0.04444444375 0.35546875 0.055555556250000006 0.34375 0.052777778124999994 0.3375 0.05694444375 0.328125 0.04305555625 0.28515625 0.05 0.275 0.06805555625000001 0.275 0.1611111109375 0.27890625 0.1611111109375 0.28203125 0.16805555625 0.29296875 0.16805555625 0.29765625 0.15694444375 0.3046875 0.15555555625 0.30703125 0.18055555625 0.31640625 0.1916666671875
7 0.4015625 0.177777778125 0.41171875 0.1833333328125 0.4234375 0.18194444375000002 0.4375 0.1666666671875 0.44140625 0.125 0.44140625 0.09444444375 0.44453125 0.08333333281250001 0.4484375 0.08055555625000001 0.4578125 0.09305555625 0.45546875 0.1291666671875 0.45625 0.17916666718750002 0.4625 0.1763888890625 0.46953125 0.165277778125 0.4734375 0.1541666671875 0.478125 0.11944444375 0.47578125 0.08194444375 0.47890625 0.06944444375 0.4796875 0.015277778124999999 0.46328125 0.006944443749999999 0.42734375 0.006944443749999999 0.39453125 0.0208333328125 0.3890625 0.030555556249999997 0.3890625 0.0638888890625 0.39296875 0.072222221875 0.38828125 0.0861111109375 0.38828125 0.1166666671875 0.39296875 0.13055555624999998 0.39375 0.1541666671875 0.3984375 0.1611111109375 0.4015625 0.177777778125
7 0.98671875 0.26805555625 0.98984375 0.27777777812500004 0.9953125 0.2791666671875 0.99921875 0.275 0.99921875 0.21944444375 0.99296875 0.21805555625 0.9875 0.240277778125 0.98671875 0.26805555625
7 0.9734375 0.20277777812500003 0.92890625 0.16944444375 0.921875 0.16805555625 0.91875 0.175 0.91796875 0.1875 0.93359375 0.2388888890625 0.94765625 0.240277778125 0.95859375 0.23611111093749998 0.96875 0.24722222187499998 0.971875 0.24305555625 0.97421875 0.23055555625 0.9734375 0.20277777812500003
7 0.95625 0.13055555624999998 0.92578125 0.12222222187500001 0.925 0.13055555624999998 0.92890625 0.13055555624999998 0.9390625 0.14305555625 0.9546875 0.14444444375 0.96484375 0.1541666671875 0.98046875 0.15972222187500001 0.97890625 0.15 0.95625 0.13055555624999998
7 0.79375 0.1291666671875 0.78984375 0.11388888906250001 0.796875 0.10555555624999999 0.79765625 0.097222221875 0.7875 0.09444444375 0.79140625 0.1111111109375 0.78828125 0.115277778125 0.7859375 0.13194444375 0.78125 0.134722221875 0.78125 0.140277778125 0.7859375 0.15 0.79140625 0.1513888890625 0.79375 0.1291666671875
7 0.7453125 0.1583333328125 0.7625 0.15972222187500001 0.76875 0.1541666671875 0.7703125 0.1416666671875 0.77109375 0.0861111109375 0.7671875 0.08055555625000001 0.74921875 0.07638888906249999 0.7453125 0.1583333328125
7 0.73515625 0.1583333328125 0.7375 0.1541666671875 0.7390625 0.06944444375 0.721875 0.058333332812500006 0.6953125 0.0513888890625 0.6921875 0.047222221875 0.6765625 0.047222221875 0.675 0.0916666671875 0.68046875 0.1041666671875 0.6875 0.109722221875 0.68828125 0.127777778125 0.70546875 0.14305555625 0.71796875 0.1458333328125 0.72421875 0.1541666671875 0.73515625 0.1583333328125
4 0.2984375 0.14305555625 0.2984375 0.1763888890625 0.30234375 0.1916666671875 0.30546875 0.1916666671875 0.3109375 0.20277777812500003 0.3125 0.1916666671875 0.30703125 0.1763888890625 0.3046875 0.14444444375 0.2984375 0.14305555625