2 0.9765625 0.575 0.98125 0.575 0.98671875 0.56805555625 0.9859375 0.527777778125 0.98203125 0.522222221875 0.975 0.522222221875 0.9671875 0.5333333328125 0.9703125 0.5541666671875001 0.9765625 0.575
1 0.6296875 0.89444444375 0.628125 0.7458333328125 0.64296875 0.7458333328125 0.63984375 0.74444444375 0.6368009859375 0.730921053125 0.63359375 0.7291666671875 0.63125 0.7208333328125 0.625 0.7138888890625 0.6125 0.7194444437499999 0.59921875 0.7111111109375 0.5984375 0.7194444437499999 0.6125 0.734722221875 0.61484375 0.74444444375 0.6171875 0.89444444375 0.61953125 0.9 0.62578125 0.9 0.6296875 0.89444444375
1 0.54609375 0.9166666671874999 0.55546875 0.91944444375 0.55859375 0.9069444437499999 0.55859375 0.7875 0.56171875 0.772222221875 0.57265625 0.7736111109375 0.57265625 0.76944444375 0.56875 0.7611111109375 0.5625 0.7569444437499999 0.54765625 0.75 0.53125 0.7486111109375 0.53125 0.7569444437499999 0.54453125 0.765277778125 0.5484375 0.7819444437499999 0.54765625 0.8208333328125 0.5453125 0.827777778125 0.54609375 0.9166666671874999
7 0.0890625 0.8263888890625 0.10703125 0.840277778125 0.1140625 0.8444444437499999 0.13828125 0.8458333328125001 0.14453125 0.8444444437499999 0.14921875 0.8361111109375001 0.15078125 0.8416666671874999 0.15859375 0.8444444437499999 0.18125 0.8430555562500001 0.18046875 0.8166666671874999 0.16640625 0.7958333328125 0.1515625 0.7833333328125 0.15 0.765277778125 0.1453125 0.7583333328124999 0.121875 0.7416666671875001 0.11875 0.725 0.11484375 0.7208333328125 0.09375 0.7236111109375 0.08828125 0.7361111109375 0.08671875 0.75 0.07265625 0.76944444375 0.084375 0.81805555625 0.0890625 0.8263888890625
7 0.00078125 0.6611111109375 0.00078125 0.73194444375 0.0046875 0.7388888890625 0.01328125 0.7388888890625 0.01953125 0.6944444437499999 0.02109375 0.6583333328125 0.00078125 0.6611111109375
7 0.06953125 0.76805555625 0.075 0.7638888890625 0.08671875 0.7430555562500001 0.090625 0.7194444437499999 0.0921875 0.7041666671875 0.0796875 0.6777777781250001 0.075 0.672222221875 0.065625 0.6736111109375 0.0578125 0.66944444375 0.05 0.6486111109375 0.04609375 0.64444444375 0.04140625 0.647222221875 0.0328125 0.6958333328124999 0.0296875 0.74444444375 0.03203125 0.7569444437499999 0.04921875 0.7611111109375 0.0578125 0.76805555625 0.06953125 0.76805555625
7 0.20703125 0.8625 0.20703125 0.8708333328125001 0.2109375 0.8736111109375001 0.20703125 0.8791666671874999 0.2078125 0.8861111109375001 0.203125 0.902777778125 0.21171875 0.9069444437499999 0.2125 0.897222221875 0.2078125 0.8916666671875 0.2125 0.86944444375 0.20703125 0.8625
7 0.15703125 0.9305555562500001 0.15859375 0.9472222218749999 0.16328125 0.9513888890625 0.16328125 0.93194444375 0.15703125 0.9305555562500001
7 0.1734375 0.95694444375 0.17578125 0.95694444375 0.1734375 0.9486111109375001 0.17578125 0.9416666671874999 0.17265625 0.95 0.1734375 0.95694444375
7 0.220625 0.9563888890625 0.23046875 0.9583333328125001 0.22265625 0.952777778125 0.220625 0.9563888890625
7 0.209375 0.9541666671875 0.2199936234375 0.9562641718749999 0.218359375 0.952777778125 0.209375 0.9541666671875
7 0.03359375 0.9138888890624999 0.0375 0.9138888890624999 0.03828125 0.9083333328125001 0.03828125 0.8736111109375001 0.03359375 0.8708333328125001 0.025 0.9 0.0265625 0.9069444437499999 0.03203125 0.9083333328125001 0.03359375 0.9138888890624999
7 0.09765625 0.9069444437499999 0.0984375 0.9041666671874999 0.09375 0.8986111109375001 0.09453125 0.8819444437499999 0.08046875 0.872222221875 0.07109375 0.872222221875 0.06875 0.877777778125 0.05078125 0.8791666671874999 0.04609375 0.8958333328125001 0.04609375 0.9111111109375001 0.04921875 0.91944444375 0.065625 0.9291666671875 0.0796875 0.9277777781250001 0.0921875 0.91944444375 0.09765625 0.9069444437499999
7 0.00703125 0.777777778125 0.01171875 0.765277778125 0.01171875 0.7458333328125 0.00078125 0.7458333328125 0.00078125 0.7708333328125 0.00703125 0.777777778125
7 0.05390625 0.76944444375 0.03203125 0.7569444437499999 0.028125 0.7597222218749999 0.02578125 0.79444444375 0.03046875 0.8027777781250001 0.071875 0.83055555625 0.08046875 0.83055555625 0.08046875 0.8083333328125001 0.07109375 0.7916666671875 0.06875 0.772222221875 0.05390625 0.76944444375
7 0.028125 0.8388888890624999 0.021875 0.8388888890624999 0.0203125 0.8430555562500001 0.021875 0.852777778125 0.04453125 0.86944444375 0.06328125 0.877777778125 0.07421875 0.8736111109375001 0.07421875 0.86944444375 0.05234375 0.85694444375 0.04375 0.8458333328125001 0.028125 0.8388888890624999
7 0.1828125 0.8236111109375001 0.18359375 0.8111111109375001 0.1875 0.8055555562500001 0.18984375 0.7458333328125 0.18515625 0.74444444375 0.1828125 0.73194444375 0.17578125 0.725 0.16328125 0.7291666671875 0.1578125 0.7236111109375 0.1515625 0.7402777781250001 0.1515625 0.7666666671875 0.15625 0.7805555562500001 0.16640625 0.7819444437499999 0.16796875 0.79444444375 0.17265625 0.8041666671875 0.18125 0.8111111109375001 0.1828125 0.8236111109375001
7 0.2546875 0.7736111109375 0.246875 0.777777778125 0.23203125 0.7736111109375 0.23125 0.8027777781250001 0.22890625 0.80694444375 0.23125 0.8430555562500001 0.2390625 0.847222221875 0.24921875 0.840277778125 0.2625 0.8166666671874999 0.2640625 0.7916666671875 0.2609375 0.777777778125 0.2546875 0.7736111109375
7 0.209375 0.79305555625 0.20546875 0.8416666671874999 0.20703125 0.8583333328125 0.21484375 0.859722221875 0.21875 0.83055555625 0.22109375 0.7541666671875 0.21875 0.74444444375 0.2140625 0.7430555562500001 0.20859375 0.7736111109375 0.209375 0.79305555625
7 0.2609375 0.8328125 0.0015625 0.0015625
7 0.20703125 0.8958333328125001 0.20703125 0.902777778125 0.2109375 0.902777778125 0.20703125 0.8958333328125001
7 0.23125 0.915277778125 0.24921875 0.9277777781250001 0.2546875 0.9236111109375 0.25234375 0.9138888890624999 0.2546875 0.9069444437499999 0.25625 0.8611111109375 0.2546875 0.8444444437499999 0.23125 0.85 0.23125 0.915277778125
7 0.3234375 0.9013888890624999 0.31328125 0.89444444375 0.30859375 0.8861111109375001 0.30390625 0.8638888890624999 0.28671875 0.8458333328125001 0.2640625 0.8333333328125001 0.2625 0.8958333328125001 0.25859375 0.9277777781250001 0.27578125 0.9416666671874999 0.29921875 0.9444444437499999 0.31796875 0.95555555625 0.32265625 0.952777778125 0.3234375 0.94305555625 0.3234375 0.9013888890624999
7 0.11796875 0.85 0.11953125 0.85694444375 0.13359375 0.86944444375 0.1421875 0.8708333328125001 0.14921875 0.8791666671874999 0.15859375 0.8791666671874999 0.16171875 0.8736111109375001 0.16015625 0.8486111109375001 0.146875 0.8444444437499999 0.1421875 0.8486111109375001 0.11796875 0.85
7 0.14375 0.9236111109375 0.14453125 0.91944444375 0.125 0.8958333328125001 0.10625 0.8861111109375001 0.10390625 0.91944444375 0.12734375 0.9291666671875 0.13984375 0.9291666671875 0.14375 0.9236111109375
4 0.6484375 0.89444444375 0.64921875 0.8680555562500001 0.64609375 0.8458333328125001 0.6375 0.8444444437499999 0.6375 0.890277778125 0.640625 0.9041666671874999 0.64453125 0.9069444437499999 0.6484375 0.89444444375
4 0.78828125 0.7791666671875 0.7890625 0.7625 0.784375 0.747222221875 0.7875 0.7 0.7828125 0.7 0.78125 0.70694444375 0.775 0.7 0.76875 0.7583333328124999 0.76953125 0.7708333328125 0.77109375 0.777777778125 0.7765625 0.7833333328125 0.77734375 0.7986111109375 0.78203125 0.7986111109375 0.78359375 0.784722221875 0.78828125 0.7791666671875