1 0.39375 0.27777777812500004 0.38671875 0.259722221875 0.3859375 0.21805555625 0.38984375 0.19444444375 0.38984375 0.1583333328125 0.38515625 0.127777778125 0.38515625 0.10833333281249999 0.3828125 0.102777778125 0.375 0.1041666671875 0.3703125 0.11805555625 0.371875 0.25555555625 0.359375 0.259722221875 0.3578125 0.2666666671875 0.36796875 0.272222221875 0.37578125 0.28611111093749997 0.38671875 0.2833333328125 0.39375 0.2888888890625 0.39375 0.27777777812500004
1 0.46875 0.24305555625 0.45625 0.23333333281250002 0.45390625 0.222222221875 0.45390625 0.184722221875 0.45625 0.1666666671875 0.45546875 0.09305555625 0.45078125 0.08055555625000001 0.446875 0.08055555625000001 0.4421875 0.0916666671875 0.44140625 0.2138888890625 0.43671875 0.22638888906250001 0.43125 0.2236111109375 0.4296875 0.23055555625 0.43828125 0.24305555625 0.4515625 0.25 0.46796875 0.2513888890625 0.46875 0.24305555625
6 0.65703125 0.2513888890625 0.65546875 0.23194444375 0.63671875 0.222222221875 0.6328125 0.21111111093749999 0.634375 0.20555555625 0.628125 0.1888888890625 0.6234375 0.1833333328125 0.60703125 0.18055555625 0.6 0.165277778125 0.58671875 0.1611111109375 0.575 0.16388888906250001 0.56953125 0.1763888890625 0.5671875 0.1916666671875 0.56640625 0.20833333281250002 0.56953125 0.22916666718749998 0.57265625 0.23055555625 0.57578125 0.240277778125 0.5953125 0.25833333281250004 0.64375 0.259722221875 0.65390625 0.25833333281250004 0.65703125 0.2513888890625
6 0.71953125 0.2833333328125 0.73046875 0.26805555625 0.73828125 0.27777777812500004 0.7625 0.2736111109375 0.7640625 0.2416666671875 0.76171875 0.21805555625 0.75078125 0.197222221875 0.73515625 0.1875 0.73125 0.1611111109375 0.72734375 0.15555555625 0.690625 0.15 0.67890625 0.16805555625 0.6609375 0.16805555625 0.65703125 0.172222221875 0.6546875 0.1888888890625 0.65390625 0.20555555625 0.6578125 0.22916666718749998 0.6625 0.240277778125 0.6828125 0.2388888890625 0.69765625 0.24722222187499998 0.7015625 0.2736111109375 0.70625 0.28194444375 0.71953125 0.2833333328125
7 0.86640625 0.13055555624999998 0.8546875 0.1291666671875 0.84921875 0.1208333328125 0.8390625 0.12222222187500001 0.8375 0.13055555624999998 0.83984375 0.14305555625 0.84453125 0.1513888890625 0.86640625 0.15 0.88125 0.1541666671875 0.884375 0.15 0.8796875 0.1416666671875 0.86640625 0.13055555624999998
7 0.96953125 0.097222221875 0.96171875 0.08333333281250001 0.96171875 0.090277778125 0.96484375 0.0916666671875 0.96171875 0.097222221875 0.96171875 0.11805555625 0.9671875 0.115277778125 0.9703125 0.10555555624999999 0.96953125 0.097222221875
7 0.90703125 0.08333333281250001 0.90625 0.11944444375 0.92421875 0.1291666671875 0.93046875 0.12222222187500001 0.94921875 0.11944444375 0.95546875 0.08333333281250001 0.9390625 0.072222221875 0.92265625 0.072222221875 0.90703125 0.08333333281250001
7 0.85703125 0.08055555625000001 0.87578125 0.1041666671875 0.8890625 0.11388888906250001 0.89609375 0.11388888906250001 0.896875 0.08055555625000001 0.878125 0.072222221875 0.8609375 0.072222221875 0.85703125 0.08055555625000001
7 0.175 0.1875 0.190625 0.19444444375 0.19609375 0.1888888890625 0.20546875 0.1666666671875 0.20390625 0.14444444375 0.19375 0.1375 0.1734375 0.1111111109375 0.1515625 0.1111111109375 0.14140625 0.127777778125 0.140625 0.13888888906250002 0.13671875 0.134722221875 0.146875 0.147222221875 0.14765625 0.15555555625 0.14453125 0.1583333328125 0.14296875 0.16805555625 0.13125 0.1708333328125 0.13046875 0.1833333328125 0.1328125 0.1916666671875 0.175 0.1875
7 0.8484375 0.21805555625 0.84921875 0.23055555625 0.853125 0.2388888890625 0.878125 0.25833333281250004 0.8828125 0.27777777812500004 0.921875 0.27777777812500004 0.9296875 0.2666666671875 0.93046875 0.23472222187499997 0.915625 0.18194444375000002 0.909375 0.172222221875 0.88125 0.15555555625 0.85625 0.15555555625 0.8515625 0.16944444375 0.84375 0.16805555625 0.8421875 0.15694444375 0.82421875 0.1583333328125 0.815625 0.1708333328125 0.8140625 0.184722221875 0.8171875 0.197222221875 0.8171875 0.215277778125 0.8203125 0.2236111109375 0.83046875 0.22777777812500002 0.83828125 0.215277778125 0.84453125 0.2138888890625 0.8484375 0.21805555625
7 0.96953125 0.22638888906250001 0.971875 0.21805555625 0.96796875 0.19583333281249998 0.92890625 0.16944444375 0.91953125 0.16805555625 0.91796875 0.1875 0.9234375 0.197222221875 0.9265625 0.21805555625 0.93515625 0.2388888890625 0.94375 0.2388888890625 0.95390625 0.22916666718749998 0.9625 0.23333333281250002 0.96953125 0.22638888906250001
7 0.9375 0.12222222187500001 0.92578125 0.12361111093749999 0.925 0.13055555624999998 0.93828125 0.14305555625 0.9546875 0.1458333328125 0.96953125 0.15694444375 0.98046875 0.15972222187500001 0.97421875 0.14305555625 0.959375 0.13194444375 0.9375 0.12222222187500001
7 0.33828125 0.16388888906250001 0.34609375 0.1541666671875 0.36171875 0.1513888890625 0.36484375 0.140277778125 0.36875 0.1458333328125 0.36875 0.13888888906250002 0.36484375 0.13888888906250002 0.3640625 0.134722221875 0.36796875 0.1263888890625 0.36953125 0.109722221875 0.38125 0.0986111109375 0.3796875 0.0388888890625 0.37578125 0.0375 0.36484375 0.04444444375 0.35546875 0.055555556250000006 0.3421875 0.052777778124999994 0.33359375 0.05694444375 0.32890625 0.04305555625 0.28671875 0.05 0.28125 0.055555556250000006 0.28046875 0.0791666671875 0.27578125 0.0958333328125 0.275 0.1583333328125 0.2796875 0.1625 0.28203125 0.1763888890625 0.296875 0.17361111093749998 0.3046875 0.19305555624999998 0.32421875 0.19305555624999998 0.3328125 0.165277778125 0.33828125 0.16388888906250001
7 0.4 0.177777778125 0.41328125 0.1833333328125 0.42734375 0.177777778125 0.43828125 0.15694444375 0.43984375 0.1291666671875 0.45546875 0.13055555624999998 0.45625 0.172222221875 0.4609375 0.1763888890625 0.4671875 0.16944444375 0.47421875 0.1361111109375 0.4734375 0.127777778125 0.4765625 0.1208333328125 0.47421875 0.034722221875 0.4671875 0.009722221875000001 0.43125 0.00555555625 0.4171875 0.013888889062500001 0.3953125 0.019444443750000002 0.3890625 0.029166667187500002 0.38984375 0.0861111109375 0.38671875 0.09305555625 0.3875 0.10555555624999999 0.38984375 0.12222222187500001 0.39453125 0.13333333281249998 0.39375 0.15277777812499999 0.39921875 0.165277778125 0.4 0.177777778125
7 0.79296875 0.14444444375 0.79296875 0.12222222187500001 0.78828125 0.1208333328125 0.78203125 0.140277778125 0.78984375 0.1513888890625 0.79296875 0.14444444375
7 0.79140625 0.0986111109375 0.79140625 0.10555555624999999 0.7953125 0.10555555624999999 0.796875 0.097222221875 0.79140625 0.0958333328125 0.7890625 0.097222221875 0.79140625 0.0986111109375
7 0.7453125 0.1583333328125 0.765625 0.1583333328125 0.76875 0.15277777812499999 0.7703125 0.0861111109375 0.76640625 0.08055555625000001 0.75078125 0.075 0.7484375 0.0861111109375 0.7453125 0.1583333328125
7 0.7375 0.1541666671875 0.7390625 0.06944444375 0.7234375 0.059722221875 0.68515625 0.0458333328125 0.67890625 0.047222221875 0.6765625 0.05694444375 0.67734375 0.102777778125 0.68671875 0.10694444375 0.6953125 0.1291666671875 0.7078125 0.1416666671875 0.71875 0.1458333328125 0.72265625 0.15277777812499999 0.73203125 0.1583333328125 0.7375 0.1541666671875
4 0.9625 0.24444444375000002 0.94921875 0.26944444375 0.9453125 0.30555555624999997 0.94921875 0.31805555625 0.95546875 0.322222221875 0.95703125 0.3333333328125 0.96171875 0.3333333328125 0.96875 0.28055555625 0.9671875 0.24722222187499998 0.9625 0.24444444375000002
4 0.23125 0.1583333328125 0.22734375 0.17916666718750002 0.2296875 0.19583333281249998 0.22734375 0.23194444375 0.234375 0.23611111093749998 0.23828125 0.23194444375 0.2375 0.17361111093749998 0.23515625 0.1583333328125 0.23125 0.1583333328125