0 0.16944444375 0.12890625 0.1833333328125 0.125 0.2166666671875 0.1234375 0.225 0.11953125 0.24305555625 0.1171875 0.24722222187499998 0.11328125 0.25694444375000003 0.11171875 0.26944444375 0.10546875 0.2888888890625 0.0890625 0.290277778125 0.0453125 0.28611111093749997 0.01796875 0.29444444375 0.00859375 0.30555555624999997 0.0125 0.322222221875 0.01171875 0.325 0.00625 0.31944444375000003 0.0015625 0.006944443749999999 0 0.0125 0.01796875 0.01805555625 0.02421875 0.03194444375 0.02890625 0.0236111109375 0.03984375 0.006944443749999999 0.05078125 0.002777778125 0.05859375 0.0041666671875 0.078125 0.0111111109375 0.0921875 0.025 0.0984375 0.052777778124999994 0.1015625 0.0791666671875 0.12421875 0.10694444375 0.13046875 0.16944444375 0.12890625
1 0.8138888890624999 0.45390625 0.83055555625 0.45625 0.915277778125 0.45390625 0.91944444375 0.4515625 0.91944444375 0.4453125 0.909722221875 0.4421875 0.8541666671874999 0.4421875 0.8375 0.43828125 0.809722221875 0.4421875 0.7833333328125 0.44140625 0.7736111109375 0.43828125 0.7763888890625 0.43125 0.76944444375 0.42890625 0.7611111109375 0.43203125 0.7569444437499999 0.4375 0.75 0.4515625 0.7486111109375 0.46875 0.7569444437499999 0.46875 0.76944444375 0.45390625 0.8138888890624999 0.45390625
1 0.872222221875 0.38515625 0.89444444375 0.384375 0.897222221875 0.3765625 0.89305555625 0.371875 0.7458333328125 0.371875 0.7402777781250001 0.36875 0.7402777781250001 0.3578125 0.734722221875 0.3578125 0.727777778125 0.36796875 0.7138888890625 0.37578125 0.7166666671875 0.38671875 0.7111111109375 0.39453125 0.7236111109375 0.39375 0.7458333328125 0.3859375 0.765277778125 0.38515625 0.8055555562500001 0.38984375 0.85694444375 0.38984375 0.872222221875 0.38515625
6 0.784722221875 0.76171875 0.8027777781250001 0.7546875 0.809722221875 0.7375 0.8416666671874999 0.73046875 0.8444444437499999 0.72734375 0.85 0.690625 0.8333333328125001 0.678125 0.8361111109375001 0.6671875 0.8291666671875 0.65703125 0.8138888890624999 0.6546875 0.7875 0.65390625 0.76944444375 0.6578125 0.7597222218749999 0.66328125 0.7611111109375 0.684375 0.752777778125 0.69765625 0.725 0.70234375 0.7166666671875 0.7078125 0.7180555562500001 0.72265625 0.7291666671875 0.7296875 0.722222221875 0.7375 0.7236111109375 0.76171875 0.7291666671875 0.76328125 0.7583333328124999 0.7640625 0.784722221875 0.76171875
6 0.8388888890624999 0.57578125 0.827777778125 0.5703125 0.809722221875 0.5671875 0.7888888890625 0.56640625 0.772222221875 0.56875 0.7583333328124999 0.5765625 0.7402777781250001 0.5984375 0.7416666671875001 0.6515625 0.7486111109375 0.65703125 0.7708333328125 0.6546875 0.7819444437499999 0.634375 0.8027777781250001 0.63671875 0.7986111109375 0.6328125 0.8111111109375001 0.62890625 0.8194444437499999 0.6109375 0.8388888890624999 0.5984375 0.8388888890624999 0.57578125
7 0.86944444375 0.8671875 0.88055555625 0.8375 0.86944444375 0.83671875 0.8486111109375001 0.84453125 0.8486111109375001 0.8921875 0.86944444375 0.8671875
7 0.89444444375 0.97265625 0.9 0.97265625 0.9166666671874999 0.96328125 0.915277778125 0.96171875 0.9111111109375001 0.96484375 0.9055555562500001 0.96171875 0.8819444437499999 0.96171875 0.8833333328125 0.9671875 0.89444444375 0.97265625
7 0.8708333328125001 0.925 0.877777778125 0.92890625 0.877777778125 0.946875 0.8819444437499999 0.95 0.9 0.95390625 0.9138888890624999 0.95390625 0.9277777781250001 0.93828125 0.9277777781250001 0.9234375 0.9166666671874999 0.90703125 0.88055555625 0.90625 0.872222221875 0.91953125 0.8708333328125001 0.925
7 0.9291666671875 0.86953125 0.9291666671875 0.8625 0.9236111109375 0.8578125 0.91805555625 0.8578125 0.897222221875 0.875 0.8861111109375001 0.8890625 0.8861111109375001 0.8953125 0.91944444375 0.89765625 0.9291666671875 0.86953125
7 0.7333333328125 0.93046875 0.7666666671875 0.93046875 0.777777778125 0.925 0.81805555625 0.915625 0.827777778125 0.909375 0.8444444437499999 0.8796875 0.8444444437499999 0.85625 0.83194444375 0.85234375 0.8333333328125001 0.84453125 0.8444444437499999 0.8390625 0.8444444437499999 0.81953125 0.83194444375 0.81640625 0.7819444437499999 0.81796875 0.772222221875 0.8234375 0.772222221875 0.83125 0.7875 0.83984375 0.784722221875 0.846875 0.7611111109375 0.853125 0.74444444375 0.87109375 0.7416666671875001 0.87890625 0.7236111109375 0.88203125 0.7194444437499999 0.88671875 0.7236111109375 0.89609375 0.7208333328125 0.92109375 0.722222221875 0.925 0.7333333328125 0.93046875
7 0.8444444437499999 0.2015625 0.8430555562500001 0.20546875 0.8458333328125001 0.2046875 0.8444444437499999 0.2015625
7 0.8236111109375001 0.19375 0.8513888890624999 0.18828125 0.8680555562500001 0.1890625 0.88055555625 0.18046875 0.890277778125 0.16875 0.8916666671875 0.1546875 0.8888888890625 0.1484375 0.8708333328125001 0.1328125 0.8680555562500001 0.13515625 0.8625 0.13359375 0.8611111109375 0.1375 0.8680555562500001 0.14296875 0.85 0.1453125 0.8388888890624999 0.14296875 0.83055555625 0.13125 0.8194444437499999 0.13046875 0.809722221875 0.1328125 0.8138888890624999 0.15 0.8125 0.175 0.8027777781250001 0.18515625 0.80694444375 0.19296875 0.8236111109375001 0.19375
7 0.8444444437499999 0.365625 0.8361111109375001 0.36875 0.8430555562500001 0.3671875 0.85555555625 0.36953125 0.8916666671875 0.36953125 0.9013888890624999 0.38125 0.9625 0.37890625 0.965277778125 0.37578125 0.9444444437499999 0.35546875 0.9472222218749999 0.34140625 0.94305555625 0.33359375 0.95694444375 0.32890625 0.952777778125 0.2921875 0.9472222218749999 0.28203125 0.9333333328125001 0.27890625 0.9291666671875 0.275 0.8361111109375001 0.275 0.83194444375 0.28046875 0.8194444437499999 0.28203125 0.8263888890625 0.290625 0.8236111109375001 0.296875 0.8055555562500001 0.30625 0.8055555562500001 0.32265625 0.809722221875 0.3265625 0.834722221875 0.3328125 0.83055555625 0.34453125 0.83194444375 0.36328125 0.8444444437499999 0.365625
7 0.85 0.47578125 0.875 0.478125 0.952777778125 0.4765625 0.9902777781250001 0.46796875 0.9930555562500001 0.42578125 0.9861111109375 0.41640625 0.9791666671874999 0.39375 0.9666666671874999 0.3890625 0.8819444437499999 0.38828125 0.8652777781250001 0.39453125 0.847222221875 0.39375 0.8416666671874999 0.39765625 0.8194444437499999 0.4015625 0.8166666671874999 0.421875 0.8222222218749999 0.428125 0.8444444437499999 0.4375 0.8666666671875 0.44140625 0.8648152781249999 0.45546875 0.8222222218749999 0.45625 0.8236111109375001 0.46640625 0.840277778125 0.4703125 0.85 0.47578125
7 0.7819444437499999 0.99296875 0.765277778125 0.98828125 0.7333333328125 0.9875 0.73194444375 0.99921875 0.7791666671875 0.99921875 0.7819444437499999 0.99296875
7 0.83194444375 0.921875 0.827777778125 0.91953125 0.8083333328125001 0.91875 0.8041666671875 0.921875 0.784722221875 0.925 0.7638888890625 0.9328125 0.7597222218749999 0.93828125 0.76944444375 0.96015625 0.7597222218749999 0.9625 0.752777778125 0.96953125 0.772222221875 0.97421875 0.797222221875 0.97265625 0.8055555562500001 0.96640625 0.8125 0.95078125 0.83055555625 0.92890625 0.83194444375 0.921875
7 0.840277778125 0.98046875 0.85555555625 0.978125 0.8652777781250001 0.96328125 0.877777778125 0.93515625 0.875 0.9265625 0.8708333328125001 0.925 0.8583333328125 0.93828125 0.8541666671874999 0.9578125 0.8444444437499999 0.96796875 0.840277778125 0.98046875
7 0.8791666671874999 0.78671875 0.8680555562500001 0.78515625 0.8625 0.78125 0.8486111109375001 0.78671875 0.8486111109375001 0.79296875 0.877777778125 0.79296875 0.8819444437499999 0.78984375 0.8791666671874999 0.78671875
7 0.902777778125 0.7984375 0.9069444437499999 0.78828125 0.8958333328125001 0.7890625 0.890277778125 0.79296875 0.8916666671875 0.79609375 0.902777778125 0.7984375
7 0.9236111109375 0.74921875 0.872222221875 0.74765625 0.8666666671875 0.7453125 0.840277778125 0.74609375 0.840277778125 0.76328125 0.847222221875 0.76875 0.9083333328125001 0.77265625 0.91805555625 0.76875 0.9236111109375 0.74921875
7 0.9541666671875 0.67890625 0.9444444437499999 0.6765625 0.902777778125 0.6765625 0.8958333328125001 0.68046875 0.89305555625 0.68671875 0.8708333328125001 0.69375 0.85694444375 0.7078125 0.8541666671874999 0.71796875 0.8444444437499999 0.72578125 0.8444444437499999 0.73671875 0.9166666671874999 0.73984375 0.93194444375 0.73828125 0.9416666671874999 0.7234375 0.9444444437499999 0.70703125 0.95555555625 0.684375 0.9541666671875 0.67890625
4 0.8291666671875 0.19453125 0.80694444375 0.19375 0.8027777781250001 0.1953125 0.8138888890624999 0.19609375 0.8194444437499999 0.19921875 0.8055555562500001 0.20078125 0.8027777781250001 0.20390625 0.834722221875 0.20546875 0.88055555625 0.1984375 0.8819444437499999 0.19453125 0.8666666671875 0.18984375 0.847222221875 0.1890625 0.8291666671875 0.19453125