0 0.6805555562500001 0.9796875 0.6583333328125 0.97890625 0.659722221875 0.99921875 0.73194444375 0.99921875 0.7402777781250001 0.9953125 0.7402777781250001 0.98671875 0.722222221875 0.9828125 0.6805555562500001 0.9796875
0 0.74444444375 0.91328125 0.7263888890625 0.91015625 0.7041666671875 0.90703125 0.690277778125 0.91640625 0.6777777781250001 0.9203125 0.672222221875 0.925 0.66944444375 0.940625 0.6486111109375 0.94921875 0.6458333328125 0.9578125 0.6986111109375 0.9671875 0.74444444375 0.9703125 0.7569444437499999 0.96796875 0.7611111109375 0.9515625 0.76805555625 0.9421875 0.7666666671875 0.92734375 0.74444444375 0.91328125
2 0.575 0.0234375 0.575 0.01875 0.56805555625 0.01328125 0.5291666671875 0.0140625 0.5236111109375 0.01640625 0.522222221875 0.025 0.5333333328125 0.0328125 0.55694444375 0.02890625 0.575 0.0234375
1 0.7833333328125 0.44140625 0.7736111109375 0.43828125 0.7736111109375 0.4296875 0.7708333328125 0.4375 0.7597222218749999 0.43203125 0.75 0.45234375 0.7486111109375 0.46875 0.7569444437499999 0.46875 0.765277778125 0.45546875 0.7833333328125 0.4515625 0.8208333328125 0.45234375 0.8291666671875 0.4546875 0.91805555625 0.45390625 0.91944444375 0.44453125 0.9138888890624999 0.4421875 0.7833333328125 0.44140625
1 0.8027777781250001 0.384375 0.80694444375 0.38671875 0.8111111109375001 0.384375 0.89444444375 0.3828125 0.9 0.3796875 0.89444444375 0.3703125 0.751697221875 0.371875 0.7458333328125 0.35703125 0.7402777781250001 0.36171875 0.73194444375 0.36171875 0.734722221875 0.35625 0.7291666671875 0.36640625 0.7208333328125 0.36875 0.7138888890625 0.375 0.7194444437499999 0.3875 0.7111111109375 0.40078125 0.7194444437499999 0.4015625 0.73055555625 0.3921875 0.7458333328125 0.38515625 0.8027777781250001 0.384375
6 0.7708333328125 0.7796875 0.7263888890625 0.77890625 0.7236111109375 0.78203125 0.7333333328125 0.78671875 0.7597222218749999 0.78828125 0.7736111109375 0.784375 0.7763888890625 0.78203125 0.7708333328125 0.7796875
6 0.722222221875 0.74296875 0.73194444375 0.75 0.75555555625 0.75078125 0.7597222218749999 0.75390625 0.7583333328124999 0.7640625 0.76805555625 0.76640625 0.8194444437499999 0.76875 0.8236111109375001 0.76328125 0.8333333328125001 0.759375 0.8416666671874999 0.7609375 0.8819444437499999 0.75703125 0.89444444375 0.75 0.9041666671874999 0.72734375 0.9041666671874999 0.70859375 0.89305555625 0.7015625 0.859722221875 0.69921875 0.8444444437499999 0.68828125 0.83055555625 0.68359375 0.8208333328125 0.6875 0.775 0.68828125 0.7611111109375 0.69453125 0.7583333328124999 0.70703125 0.7611111109375 0.7109375 0.7819444437499999 0.7171875 0.7819444437499999 0.72265625 0.76805555625 0.72890625 0.73194444375 0.73125 0.722222221875 0.7390625 0.722222221875 0.74296875
7 0.8263888890625 0.9109375 0.8416666671874999 0.890625 0.8458333328125001 0.8625 0.840277778125 0.853125 0.8444444437499999 0.84453125 0.8444444437499999 0.8203125 0.840277778125 0.81875 0.8125 0.8203125 0.784722221875 0.84765625 0.765277778125 0.85 0.7597222218749999 0.85390625 0.7416666671875001 0.878125 0.722222221875 0.8828125 0.7194444437499999 0.89140625 0.7236111109375 0.89609375 0.7236111109375 0.90625 0.7333333328125 0.9109375 0.752777778125 0.9140625 0.76944444375 0.9265625 0.81805555625 0.915625 0.8263888890625 0.9109375
7 0.777777778125 0.99296875 0.7666666671875 0.98828125 0.7458333328125 0.98828125 0.74444444375 0.99921875 0.7708333328125 0.99921875 0.777777778125 0.99296875
7 0.76944444375 0.94453125 0.7569444437499999 0.96796875 0.7611111109375 0.971875 0.79305555625 0.97421875 0.8027777781250001 0.96953125 0.83055555625 0.92890625 0.8291666671875 0.91875 0.8125 0.91796875 0.7833333328125 0.9296875 0.7708333328125 0.93125 0.76944444375 0.94453125
7 0.85694444375 0.94765625 0.8444444437499999 0.95625 0.8388888890624999 0.96953125 0.8416666671874999 0.97890625 0.85 0.97890625 0.85555555625 0.975 0.8666666671875 0.96015625 0.877777778125 0.9359375 0.875 0.9265625 0.8708333328125001 0.925 0.859722221875 0.93828125 0.85694444375 0.94765625
7 0.847222221875 0.84296875 0.8444444437499999 0.853125 0.8486111109375001 0.859375 0.85 0.88203125 0.85694444375 0.88125 0.86944444375 0.8671875 0.872222221875 0.85625 0.8791666671874999 0.85078125 0.877777778125 0.83828125 0.8611111109375 0.83671875 0.85 0.8390625 0.847222221875 0.84296875
7 0.91944444375 0.896875 0.9305555562500001 0.865625 0.9263888890624999 0.85703125 0.91944444375 0.85625 0.8958333328125001 0.87578125 0.8861111109375001 0.8890625 0.8875 0.89453125 0.9069444437499999 0.89765625 0.91944444375 0.896875