2 0.015625 0.427777778125 0.0125 0.43333333281249997 0.01328125 0.46805555625000006 0.01796875 0.477777778125 0.025 0.477777778125 0.0328125 0.46666666718750005 0.03046875 0.4486111109375 0.02265625 0.425 0.015625 0.427777778125
1 0.3875 0.28055555625 0.40078125 0.2888888890625 0.4015625 0.28055555625 0.38828125 0.2666666671875 0.38515625 0.2541666671875 0.38515625 0.1916666671875 0.3828125 0.1888888890625 0.38515625 0.15 0.3828125 0.1375 0.3828125 0.10555555624999999 0.38046875 0.10138888906250001 0.3703125 0.1041666671875 0.371875 0.2541666671875 0.35703125 0.2541666671875 0.36171875 0.259722221875 0.35625 0.26527777812500003 0.36640625 0.2708333328125 0.36875 0.2791666671875 0.375 0.28611111093749997 0.3875 0.28055555625
1 0.4375 0.24305555625 0.45703125 0.2513888890625 0.46875 0.2513888890625 0.46875 0.24305555625 0.4546875 0.23333333281250002 0.4515625 0.2166666671875 0.45234375 0.17916666718750002 0.4546875 0.1708333328125 0.45390625 0.084722221875 0.4515625 0.08055555625000001 0.44453125 0.08055555625000001 0.4421875 0.0861111109375 0.44140625 0.215277778125 0.4375 0.22916666718749998 0.4265625 0.22638888906250001 0.42578125 0.23055555625 0.428125 0.23333333281250002 0.43125 0.22777777812500002 0.43203125 0.240277778125 0.4375 0.24305555625
7 0.97890625 0.34027777812500004 0.99921875 0.33888888906250003 0.99921875 0.2666666671875 0.99453125 0.259722221875 0.98671875 0.259722221875 0.9828125 0.275 0.98046875 0.30555555624999997 0.97890625 0.34027777812500004
7 0.96875 0.2888888890625 0.9703125 0.25 0.96796875 0.24305555625 0.95078125 0.2388888890625 0.9421875 0.23194444375 0.92734375 0.23333333281250002 0.9140625 0.25555555625 0.909375 0.28055555625 0.9078125 0.29444444375 0.9203125 0.322222221875 0.94765625 0.33194444375 0.94765625 0.3416666671875 0.9515625 0.352777778125 0.95703125 0.35555555625 0.96015625 0.3513888890625 0.96875 0.2888888890625
7 0.88671875 0.28055555625 0.90703125 0.27638888906250003 0.9109375 0.26805555625 0.9140625 0.24722222187499998 0.921875 0.240277778125 0.9265625 0.23055555625 0.915625 0.18194444375000002 0.9046875 0.16805555625 0.884375 0.15555555625 0.86171875 0.1541666671875 0.85234375 0.15972222187500001 0.84453125 0.15555555625 0.81875 0.15555555625 0.81953125 0.1833333328125 0.83359375 0.20416666718749998 0.8484375 0.2166666671875 0.85 0.23472222187499997 0.8546875 0.2416666671875 0.878125 0.25833333281250004 0.88203125 0.27638888906250003 0.88671875 0.28055555625
7 0.95390625 0.1041666671875 0.95390625 0.090277778125 0.95078125 0.08055555625000001 0.9328125 0.07083333281250001 0.90703125 0.08055555625000001 0.90546875 0.0888888890625 0.9015625 0.09305555625 0.90078125 0.0958333328125 0.90546875 0.10138888906250001 0.90546875 0.11805555625 0.9203125 0.127777778125 0.92734375 0.127777778125 0.93359375 0.1208333328125 0.94921875 0.11944444375 0.95390625 0.1041666671875
7 0.8484375 0.25833333281250004 0.8484375 0.23472222187499997 0.84453125 0.2236111109375 0.83359375 0.2166666671875 0.83046875 0.1986111109375 0.81953125 0.1916666671875 0.8171875 0.184722221875 0.8171875 0.190277778125 0.8125 0.19583333281249998 0.81015625 0.25555555625 0.815625 0.25555555625 0.8171875 0.2666666671875 0.82421875 0.275 0.83515625 0.26944444375 0.84140625 0.27777777812500004 0.846875 0.26805555625 0.8484375 0.25833333281250004
7 0.77421875 0.18055555625 0.76875 0.15694444375 0.76015625 0.15277777812499999 0.74609375 0.165277778125 0.73671875 0.1888888890625 0.7359375 0.20555555625 0.7390625 0.222222221875 0.74375 0.22638888906250001 0.75703125 0.222222221875 0.76640625 0.22777777812500002 0.76875 0.19583333281249998 0.77421875 0.1888888890625 0.77421875 0.18055555625
7 0.7859375 0.13888888906250002 0.7828125 0.147222221875 0.78046875 0.177777778125 0.77890625 0.24444444375000002 0.78125 0.25555555625 0.78671875 0.25694444375000003 0.790625 0.240277778125 0.79296875 0.2 0.79453125 0.147222221875 0.7921875 0.1416666671875 0.7859375 0.13888888906250002
7 0.99921875 0.25555555625 0.99921875 0.22638888906250001 0.9953125 0.21805555625 0.99140625 0.21944444375 0.98828125 0.23333333281250002 0.9875 0.252777778125 0.99921875 0.25555555625
7 0.96953125 0.197222221875 0.9296875 0.16944444375 0.91875 0.1708333328125 0.91796875 0.1875 0.9296875 0.2138888890625 0.93046875 0.22777777812500002 0.9484375 0.23194444375 0.96796875 0.24305555625 0.971875 0.240277778125 0.97421875 0.20555555625 0.96953125 0.197222221875
7 0.96015625 0.13333333281249998 0.93515625 0.12222222187500001 0.92578125 0.1263888890625 0.925 0.1291666671875 0.946875 0.14305555625 0.95625 0.15555555625 0.96875 0.1611111109375 0.9796875 0.1583333328125 0.9796875 0.1513888890625 0.9765625 0.1458333328125 0.96015625 0.13333333281249998
7 0.7890625 0.127777778125 0.78828125 0.13333333281249998 0.79296875 0.1375 0.79296875 0.1291666671875 0.7890625 0.127777778125
7 0.7890625 0.0958333328125 0.78828125 0.1 0.79296875 0.10694444375 0.7953125 0.097222221875 0.7890625 0.0958333328125
7 0.76875 0.084722221875 0.75078125 0.072222221875 0.7453125 0.0736111109375 0.74765625 0.0861111109375 0.74375 0.140277778125 0.7453125 0.1541666671875 0.7546875 0.15555555625 0.759375 0.15 0.7671875 0.15 0.77109375 0.115277778125 0.76875 0.084722221875
7 0.73515625 0.1625 0.73671875 0.1666666671875 0.73671875 0.11805555625 0.74140625 0.072222221875 0.72265625 0.058333332812500006 0.7 0.055555556250000006 0.6828125 0.04444444375 0.67890625 0.0458333328125 0.6765625 0.058333332812500006 0.6765625 0.0986111109375 0.68671875 0.10555555624999999 0.6921875 0.115277778125 0.69375 0.13194444375 0.696875 0.13888888906250002 0.7125 0.1541666671875 0.7328125 0.1666666671875 0.73515625 0.1625
7 0.85625 0.127777778125 0.8484375 0.11944444375 0.83828125 0.12222222187500001 0.83671875 0.1361111109375 0.83984375 0.1513888890625 0.84921875 0.15555555625 0.859375 0.1513888890625 0.88125 0.1513888890625 0.88125 0.14444444375 0.87265625 0.134722221875 0.85625 0.127777778125
7 0.85625 0.08055555625000001 0.86328125 0.090277778125 0.87578125 0.1041666671875 0.89375 0.11388888906250001 0.89609375 0.08055555625000001 0.87890625 0.072222221875 0.859375 0.072222221875 0.85625 0.08055555625000001
4 0.4203125 0.44305555625000004 0.41796875 0.40138888906250003 0.41953125 0.3958333328125 0.425 0.39305555625 0.42578125 0.34722222187499996 0.425 0.334722221875 0.41328125 0.3166666671875 0.41171875 0.29722222187499997 0.40703125 0.29722222187499997 0.40390625 0.30555555624999997 0.4046875 0.32083333281250004 0.4 0.33194444375 0.3953125 0.365277778125 0.39375 0.397222221875 0.4 0.4 0.403125 0.40694444374999994 0.40625 0.4291666671875 0.4046875 0.46527777812500004 0.40859375 0.46944444374999994 0.41796875 0.46944444374999994 0.4203125 0.44305555625000004