1 0.3671875 0.2708333328125 0.37578125 0.2888888890625 0.38515625 0.2833333328125 0.39375 0.2888888890625 0.39375 0.27777777812500004 0.38671875 0.2638888890625 0.38515625 0.23472222187499997 0.38515625 0.109722221875 0.3796875 0.102777778125 0.37265625 0.102777778125 0.36484375 0.1111111109375 0.3546875 0.10694444375 0.35546875 0.1166666671875 0.36640625 0.1111111109375 0.37265625 0.1583333328125 0.371875 0.2541666671875 0.36875 0.259722221875 0.359375 0.259722221875 0.3578125 0.2638888890625 0.3671875 0.2708333328125
1 0.45234375 0.215277778125 0.45625 0.16944444375 0.45390625 0.14861111093749999 0.4546875 0.0861111109375 0.4515625 0.08194444375 0.44296875 0.0861111109375 0.4421875 0.2166666671875 0.4375 0.22638888906250001 0.43125 0.22638888906250001 0.4296875 0.23055555625 0.4328125 0.2388888890625 0.46015625 0.2513888890625 0.4609375 0.2388888890625 0.4625 0.2388888890625 0.45625 0.23472222187499997 0.45234375 0.215277778125
6 0.7015625 0.272222221875 0.70703125 0.28194444375 0.7203125 0.2833333328125 0.72890625 0.2708333328125 0.7375 0.27777777812500004 0.7625 0.2736111109375 0.7640625 0.23611111093749998 0.76171875 0.2166666671875 0.75390625 0.19583333281249998 0.73515625 0.1875 0.73046875 0.1583333328125 0.70546875 0.15 0.690625 0.15 0.6796875 0.165277778125 0.6640625 0.1708333328125 0.6609375 0.16805555625 0.65625 0.175 0.65625 0.2166666671875 0.659375 0.2208333328125 0.6625 0.2375 0.66875 0.24305555625 0.6828125 0.2388888890625 0.696875 0.24583333281250003 0.7 0.252777778125 0.7015625 0.272222221875
6 0.65703125 0.23611111093749998 0.65390625 0.22916666718749998 0.63671875 0.2236111109375 0.6328125 0.2166666671875 0.6328125 0.20972222187499998 0.63671875 0.20555555625 0.6359375 0.19444444375 0.6265625 0.184722221875 0.6046875 0.172222221875 0.59765625 0.15972222187500001 0.57578125 0.1611111109375 0.56875 0.18055555625 0.56640625 0.197222221875 0.5671875 0.21944444375 0.5765625 0.240277778125 0.58515625 0.24444444375000002 0.5953125 0.25694444375000003 0.6515625 0.25833333281250004 0.65703125 0.2513888890625 0.65703125 0.23611111093749998
7 0.85703125 0.1291666671875 0.84921875 0.12222222187500001 0.84375 0.12222222187500001 0.8421875 0.1263888890625 0.83984375 0.1375 0.84296875 0.15 0.88671875 0.15555555625 0.8875 0.1458333328125 0.89296875 0.1541666671875 0.89140625 0.147222221875 0.8671875 0.13055555624999998 0.85703125 0.1291666671875
7 0.9625 0.1 0.9625 0.11805555625 0.96875 0.10555555624999999 0.96875 0.097222221875 0.96171875 0.0888888890625 0.9625 0.0861111109375 0.95859375 0.0916666671875 0.9515625 0.08055555625000001 0.9390625 0.072222221875 0.92265625 0.072222221875 0.90703125 0.084722221875 0.90625 0.11944444375 0.91875 0.127777778125 0.925 0.1263888890625 0.9265625 0.12222222187500001 0.95234375 0.11944444375 0.9546875 0.102777778125 0.9578125 0.097222221875 0.9625 0.1
7 0.8625 0.07083333281250001 0.8578125 0.07638888906249999 0.8578125 0.08194444375 0.875 0.102777778125 0.8890625 0.11388888906250001 0.8953125 0.11388888906250001 0.8984375 0.0916666671875 0.89609375 0.08055555625000001 0.86953125 0.07083333281250001 0.8625 0.07083333281250001
7 0.87109375 0.25555555625 0.87890625 0.25833333281250004 0.88125 0.275 0.8859375 0.28055555625 0.89296875 0.28055555625 0.8953125 0.27638888906250003 0.925 0.27777777812500004 0.93046875 0.26805555625 0.93046875 0.23333333281250002 0.92578125 0.2236111109375 0.915625 0.18055555625 0.909375 0.172222221875 0.88046875 0.15555555625 0.81953125 0.15555555625 0.81640625 0.16805555625 0.815625 0.19444444375 0.81796875 0.21805555625 0.8234375 0.22777777812500002 0.83125 0.22916666718749998 0.8375 0.21805555625 0.846875 0.21805555625 0.85078125 0.23611111093749998 0.87109375 0.25555555625
7 0.99375 0.28055555625 0.99921875 0.27777777812500004 0.99921875 0.21944444375 0.99296875 0.21805555625 0.98828125 0.23472222187499997 0.9875 0.2708333328125 0.99375 0.28055555625
7 0.971875 0.24305555625 0.975 0.21944444375 0.9734375 0.20277777812500003 0.928125 0.16944444375 0.921875 0.16805555625 0.91875 0.17361111093749998 0.91796875 0.1888888890625 0.925 0.20277777812500003 0.925 0.2125 0.9328125 0.23611111093749998 0.9375 0.240277778125 0.953125 0.23611111093749998 0.96875 0.24722222187499998 0.971875 0.24305555625
7 0.93359375 0.12222222187500001 0.92578125 0.125 0.925 0.13055555624999998 0.9375 0.14305555625 0.9546875 0.1458333328125 0.9640625 0.1541666671875 0.98046875 0.15972222187500001 0.97734375 0.1458333328125 0.96328125 0.134722221875 0.93359375 0.12222222187500001
7 0.78515625 0.13194444375 0.78046875 0.13888888906250002 0.78671875 0.1513888890625 0.7921875 0.1513888890625 0.79296875 0.12222222187500001 0.78984375 0.11805555625 0.7859375 0.12222222187500001 0.78515625 0.13194444375
7 0.79140625 0.1166666671875 0.79765625 0.1 0.79296875 0.09305555625 0.78828125 0.09305555625 0.7921875 0.10694444375 0.79140625 0.1166666671875
7 0.76796875 0.08194444375 0.753125 0.075 0.74921875 0.07638888906249999 0.7484375 0.0875 0.7484375 0.115277778125 0.74453125 0.15555555625 0.74609375 0.15972222187500001 0.7625 0.15972222187500001 0.76875 0.15277777812499999 0.7703125 0.1416666671875 0.77109375 0.0916666671875 0.76796875 0.08194444375
7 0.73671875 0.15555555625 0.73828125 0.06944444375 0.72421875 0.059722221875 0.68203125 0.04444444375 0.67734375 0.0458333328125 0.6765625 0.054166667187499996 0.675 0.09305555625 0.6875 0.109722221875 0.690625 0.11944444375 0.6890625 0.1291666671875 0.70625 0.14305555625 0.71796875 0.1458333328125 0.7265625 0.15555555625 0.73671875 0.15555555625
4 0.8125 0.2916666671875 0.80546875 0.2958333328125 0.80234375 0.33055555625 0.8 0.39305555625 0.80546875 0.3916666671875 0.80625 0.372222221875 0.81875 0.34305555625 0.81875 0.309722221875 0.81015625 0.27777777812500004 0.80625 0.2833333328125 0.8125 0.2916666671875
4 0.1796875 0.28055555625 0.17421875 0.2708333328125 0.17265625 0.25555555625 0.16484375 0.25555555625 0.1671875 0.26944444375 0.16171875 0.28055555625 0.16171875 0.36666666718749996 0.1640625 0.377777778125 0.16875 0.36805555624999997 0.178125 0.377777778125 0.18046875 0.3638888890625 0.1796875 0.28055555625