0 0.00078125 0.659722221875 0.00078125 0.73194444375 0.00625 0.7416666671875001 0.01328125 0.7402777781250001 0.0203125 0.68194444375 0.02109375 0.6583333328125 0.00078125 0.659722221875
0 0.0796875 0.6791666671875001 0.07421875 0.6736111109375 0.05703125 0.66944444375 0.0546875 0.6583333328125 0.0484375 0.647222221875 0.04140625 0.6458333328125 0.0328125 0.6972222218749999 0.0296875 0.752777778125 0.0578125 0.76805555625 0.0734375 0.76944444375 0.0875 0.74444444375 0.0921875 0.70555555625 0.0796875 0.6791666671875001
2 0.98671875 0.56805555625 0.9859375 0.5291666671875 0.98203125 0.522222221875 0.975 0.522222221875 0.9671875 0.5333333328125 0.9703125 0.5541666671875001 0.97734375 0.575 0.98671875 0.56805555625
1 0.628125 0.80694444375 0.6296875 0.74444444375 0.640625 0.7416666671875001 0.64296875 0.7333333328125 0.63359375 0.7291666671875 0.62421875 0.7111111109375 0.6203125 0.7111111109375 0.6171875 0.7194444437499999 0.59921875 0.7111111109375 0.5984375 0.7194444437499999 0.615625 0.7486111109375 0.6171875 0.8986111109375001 0.63046875 0.89444444375 0.628125 0.80694444375
6 0.21953125 0.772222221875 0.22109375 0.7263888890625 0.21796875 0.7236111109375 0.21328125 0.7333333328125 0.21171875 0.765277778125 0.215625 0.7819444437499999 0.21875 0.7819444437499999 0.21953125 0.772222221875
6 0.25703125 0.722222221875 0.25 0.734722221875 0.25 0.75555555625 0.2453125 0.7597222218749999 0.2359375 0.7569444437499999 0.23359375 0.76805555625 0.23125 0.8208333328125 0.2390625 0.8291666671875 0.24296875 0.8819444437499999 0.25 0.89444444375 0.271875 0.9041666671874999 0.29140625 0.9041666671874999 0.2984375 0.89305555625 0.30078125 0.859722221875 0.31171875 0.8444444437499999 0.31640625 0.83055555625 0.3125 0.8222222218749999 0.3109375 0.772222221875 0.30546875 0.7611111109375 0.29609375 0.7569444437499999 0.28828125 0.7611111109375 0.28515625 0.7791666671875 0.2796875 0.7833333328125 0.27109375 0.76805555625 0.26875 0.7333333328125 0.2625 0.7236111109375 0.25703125 0.722222221875
7 0.075 0.7819444437499999 0.084375 0.81805555625 0.09375 0.83055555625 0.109375 0.8416666671874999 0.1375 0.8458333328125001 0.14453125 0.8444444437499999 0.1484375 0.8388888890624999 0.15859375 0.8444444437499999 0.18125 0.8444444437499999 0.1828125 0.840277778125 0.18359375 0.8194444437499999 0.17578125 0.8125 0.16171875 0.7861111109375 0.15078125 0.7833333328125 0.15 0.76944444375 0.14453125 0.7569444437499999 0.121875 0.7416666671875001 0.11875 0.725 0.11484375 0.7208333328125 0.09375 0.7236111109375 0.0890625 0.7333333328125 0.08671875 0.7541666671875 0.075 0.772222221875 0.075 0.7819444437499999
7 0.00703125 0.7791666671875 0.01171875 0.765277778125 0.01171875 0.74444444375 0.00078125 0.74444444375 0.00078125 0.772222221875 0.00703125 0.7791666671875
7 0.0703125 0.7916666671875 0.06953125 0.772222221875 0.05390625 0.76944444375 0.03203125 0.7569444437499999 0.028125 0.7597222218749999 0.02578125 0.79444444375 0.03046875 0.8027777781250001 0.07109375 0.83055555625 0.08125 0.8291666671875 0.08203125 0.8125 0.0796875 0.8041666671875 0.0703125 0.7916666671875
7 0.04375 0.8444444437499999 0.02421875 0.8361111109375001 0.0203125 0.840277778125 0.0234375 0.8541666671874999 0.03984375 0.8666666671875 0.06640625 0.877777778125 0.07421875 0.8736111109375001 0.07421875 0.86944444375 0.053125 0.85694444375 0.05078125 0.85 0.04375 0.8444444437499999
7 0.14765625 0.8444444437499999 0.140625 0.8486111109375001 0.11875 0.85 0.11875 0.85694444375 0.12734375 0.8652777781250001 0.1421875 0.8708333328125001 0.14921875 0.8791666671874999 0.15859375 0.8791666671874999 0.16171875 0.872222221875 0.1609375 0.85 0.1578125 0.847222221875 0.14765625 0.8444444437499999
7 0.10546875 0.897222221875 0.10234375 0.9069444437499999 0.10390625 0.91944444375 0.1265625 0.9291666671875 0.14296875 0.9263888890624999 0.14375 0.91944444375 0.12421875 0.8958333328125001 0.1109375 0.8861111109375001 0.1046875 0.8888888890625 0.10546875 0.897222221875