1 0.39453125 0.2888888890625 0.3953125 0.2833333328125 0.3875 0.2625 0.3859375 0.24444444375000002 0.3859375 0.21805555625 0.38984375 0.19444444375 0.38984375 0.147222221875 0.38515625 0.127777778125 0.38515625 0.10555555624999999 0.38046875 0.10138888906250001 0.375 0.102777778125 0.3703125 0.115277778125 0.371875 0.2541666671875 0.36875 0.259722221875 0.359375 0.259722221875 0.3578125 0.26527777812500003 0.36796875 0.272222221875 0.375 0.28611111093749997 0.3859375 0.2833333328125 0.39453125 0.2888888890625
1 0.43828125 0.24305555625 0.45625 0.2513888890625 0.46875 0.2513888890625 0.46875 0.24305555625 0.45625 0.23333333281250002 0.45390625 0.2208333328125 0.45625 0.16805555625 0.4546875 0.0861111109375 0.4484375 0.0791666671875 0.4421875 0.0875 0.4421875 0.1541666671875 0.43984375 0.15972222187500001 0.44140625 0.2125 0.43671875 0.22638888906250001 0.43125 0.2236111109375 0.42890625 0.22916666718749998 0.43203125 0.2388888890625 0.43828125 0.24305555625
6 0.70859375 0.2833333328125 0.721875 0.28194444375 0.7296875 0.26944444375 0.7375 0.27777777812500004 0.76171875 0.27777777812500004 0.7640625 0.25833333281250004 0.76171875 0.2166666671875 0.74921875 0.19444444375 0.7375 0.1916666671875 0.7328125 0.17916666718750002 0.73125 0.1611111109375 0.72734375 0.15555555625 0.69140625 0.15 0.67734375 0.16805555625 0.66796875 0.16388888906250001 0.66015625 0.16805555625 0.65625 0.17361111093749998 0.6546875 0.184722221875 0.65390625 0.21111111093749999 0.6609375 0.2388888890625 0.66796875 0.24305555625 0.675 0.23611111093749998 0.68046875 0.23611111093749998 0.69765625 0.24722222187499998 0.70234375 0.27638888906250003 0.70859375 0.2833333328125
6 0.6546875 0.23055555625 0.6359375 0.222222221875 0.62734375 0.1888888890625 0.61796875 0.18194444375000002 0.60703125 0.18055555625 0.6 0.16388888906250001 0.5890625 0.15972222187500001 0.575 0.1611111109375 0.56953125 0.17361111093749998 0.5671875 0.190277778125 0.56640625 0.20833333281250002 0.56953125 0.22916666718749998 0.5734375 0.23055555625 0.57734375 0.2416666671875 0.5953125 0.25833333281250004 0.65390625 0.25833333281250004 0.65703125 0.2513888890625 0.6546875 0.23055555625
7 0.84140625 0.14305555625 0.84453125 0.15 0.865625 0.15 0.87265625 0.1541666671875 0.8859375 0.15 0.86640625 0.13055555624999998 0.84296875 0.12222222187500001 0.84140625 0.14305555625
7 0.95625 0.08333333281250001 0.96171875 0.0861111109375 0.96171875 0.11805555625 0.9640625 0.11805555625 0.9734375 0.10138888906250001 0.9625 0.08194444375 0.95859375 0.08194444375 0.95625 0.08333333281250001
7 0.92421875 0.072222221875 0.9125 0.077777778125 0.90703125 0.0861111109375 0.90625 0.11944444375 0.925 0.1291666671875 0.9296875 0.12222222187500001 0.9484375 0.1208333328125 0.95390625 0.1041666671875 0.95546875 0.08333333281250001 0.93828125 0.072222221875 0.92421875 0.072222221875
7 0.86171875 0.072222221875 0.85703125 0.08055555625000001 0.8640625 0.090277778125 0.87578125 0.1041666671875 0.8890625 0.11388888906250001 0.89609375 0.11388888906250001 0.896875 0.08055555625000001 0.8765625 0.072222221875 0.86171875 0.072222221875
7 0.878125 0.25833333281250004 0.88125 0.275 0.8859375 0.28055555625 0.8953125 0.27638888906250003 0.92109375 0.27777777812500004 0.9296875 0.26805555625 0.9296875 0.23055555625 0.92578125 0.2236111109375 0.915625 0.18194444375000002 0.9109375 0.17361111093749998 0.88125 0.15555555625 0.85625 0.15555555625 0.85078125 0.1666666671875 0.8484375 0.1583333328125 0.84375 0.15555555625 0.8203125 0.15555555625 0.8171875 0.16388888906250001 0.81640625 0.21111111093749999 0.8203125 0.22638888906250001 0.83125 0.22777777812500002 0.83984375 0.2138888890625 0.8484375 0.2166666671875 0.84921875 0.23055555625 0.853125 0.2388888890625 0.878125 0.25833333281250004
7 0.928125 0.16944444375 0.91875 0.1708333328125 0.91796875 0.1861111109375 0.9328125 0.23472222187499997 0.95546875 0.24305555625 0.9609375 0.23611111093749998 0.96796875 0.2138888890625 0.96953125 0.20277777812500003 0.9671875 0.19583333281249998 0.928125 0.16944444375
7 0.96171875 0.13333333281249998 0.93828125 0.12222222187500001 0.92578125 0.12361111093749999 0.925 0.13055555624999998 0.9328125 0.13333333281249998 0.9390625 0.14305555625 0.95390625 0.1458333328125 0.97890625 0.15972222187500001 0.975 0.14305555625 0.96328125 0.1375 0.96171875 0.13333333281249998
7 0.16796875 0.1888888890625 0.18203125 0.197222221875 0.1921875 0.19583333281249998 0.1953125 0.1916666671875 0.19609375 0.1833333328125 0.20546875 0.16805555625 0.20390625 0.1458333328125 0.171875 0.1111111109375 0.1515625 0.10833333281249999 0.1296875 0.13194444375 0.13046875 0.16944444375 0.13359375 0.1833333328125 0.14765625 0.184722221875 0.1453125 0.1916666671875 0.1484375 0.19444444375 0.15078125 0.190277778125 0.15390625 0.19444444375 0.16796875 0.1888888890625
7 0.34765625 0.16388888906250001 0.3578125 0.16944444375 0.36171875 0.16388888906250001 0.3625 0.16944444375 0.3625 0.15555555625 0.36875 0.1541666671875 0.36953125 0.109722221875 0.37578125 0.10138888906250001 0.38046875 0.10138888906250001 0.38125 0.09305555625 0.3859375 0.097222221875 0.38828125 0.1166666671875 0.3953125 0.134722221875 0.39375 0.15555555625 0.3984375 0.165277778125 0.4 0.18055555625 0.41796875 0.184722221875 0.43828125 0.16805555625 0.44140625 0.127777778125 0.45546875 0.127777778125 0.45625 0.177777778125 0.46015625 0.17916666718750002 0.46875 0.16805555625 0.4765625 0.125 0.4765625 0.05 0.4671875 0.009722221875000001 0.43046875 0.00555555625 0.3953125 0.019444443750000002 0.38984375 0.025 0.38828125 0.0388888890625 0.375 0.0375 0.35546875 0.055555556250000006 0.34140625 0.052777778124999994 0.33515625 0.058333332812500006 0.328125 0.04305555625 0.28671875 0.05 0.28125 0.055555556250000006 0.28046875 0.0791666671875 0.275 0.10138888906250001 0.275 0.16805555625 0.28203125 0.177777778125 0.296875 0.17361111093749998 0.30234375 0.1916666671875 0.30625 0.19444444375 0.325 0.19305555624999998 0.33203125 0.165277778125 0.34765625 0.16388888906250001
7 0.79296875 0.1416666671875 0.79296875 0.125 0.7875 0.1263888890625 0.78203125 0.13888888906250002 0.7890625 0.1458333328125 0.79296875 0.1416666671875
7 0.79296875 0.1166666671875 0.7921875 0.11388888906250001 0.7890625 0.115277778125 0.79296875 0.1166666671875
7 0.796875 0.10555555624999999 0.796875 0.097222221875 0.79140625 0.0958333328125 0.7890625 0.097222221875 0.79296875 0.109722221875 0.796875 0.10555555624999999
7 0.75 0.07638888906249999 0.7484375 0.0861111109375 0.7453125 0.15972222187500001 0.7640625 0.15972222187500001 0.76875 0.1513888890625 0.7703125 0.09444444375 0.77265625 0.090277778125 0.76875 0.08194444375 0.75625 0.07638888906249999 0.75 0.07638888906249999
7 0.7390625 0.06944444375 0.7234375 0.059722221875 0.68828125 0.047222221875 0.67890625 0.047222221875 0.6765625 0.055555556250000006 0.67734375 0.10138888906250001 0.68984375 0.109722221875 0.6953125 0.1291666671875 0.70390625 0.13888888906250002 0.71875 0.1458333328125 0.72578125 0.15555555625 0.73671875 0.15555555625 0.7390625 0.06944444375
4 0 0.5125 0.00390625 0.5291666671875 0.0078125 0.5333333328125 0.01171875 0.5305555562500001 0.01328125 0.5208333328125 0.015625 0.5208333328125 0.01796875 0.5291666671875 0.02109375 0.527777778125 0.02265625 0.51805555625 0.01953125 0.5041666671875 0.01875 0.46666666718750005 0.0125 0.4486111109375 0.00546875 0.4388888890625 0 0.4388888890625 0 0.5125
4 0.14453125 0.1763888890625 0.15 0.197222221875 0.15546875 0.2 0.1578125 0.1916666671875 0.15625 0.147222221875 0.15 0.13888888906250002 0.14375 0.14444444375 0.14453125 0.1763888890625