2 0.46805555625000006 0.9703125 0.46805555625000006 0.96328125 0.45694444375 0.9578125 0.42083333281249996 0.9640625 0.41944444374999995 0.975 0.459722221875 0.975 0.46805555625000006 0.9703125
1 0.102777778125 0.61953125 0.102777778125 0.6265625 0.1111111109375 0.6296875 0.15694444375 0.62734375 0.252777778125 0.62734375 0.259722221875 0.63125 0.2611111109375 0.640625 0.26527777812500003 0.640625 0.27638888906250003 0.62890625 0.2888888890625 0.62421875 0.28472222187499996 0.6125 0.290277778125 0.60546875 0.2833333328125 0.6046875 0.259722221875 0.61328125 0.22638888906250001 0.61484375 0.1111111109375 0.61328125 0.102777778125 0.61953125
1 0.08333333281250001 0.54921875 0.0875 0.55703125 0.2166666671875 0.5578125 0.22777777812500002 0.5625 0.22638888906250001 0.56875 0.23055555625 0.5703125 0.2388888890625 0.56796875 0.24305555625 0.56171875 0.2513888890625 0.5328125 0.24305555625 0.53125 0.23611111093749998 0.54296875 0.215277778125 0.54765625 0.16944444375 0.54375 0.1458333328125 0.54609375 0.0861111109375 0.5453125 0.08333333281250001 0.54921875
6 0.2388888890625 0.2359375 0.222222221875 0.23984375 0.2166666671875 0.2375 0.1916666671875 0.25 0.1875 0.26484375 0.1583333328125 0.26953125 0.1513888890625 0.28828125 0.15 0.3078125 0.15277777812499999 0.3125 0.16388888906250001 0.31796875 0.16805555625 0.33125 0.1763888890625 0.33359375 0.16944444375 0.3390625 0.17916666718750002 0.34375 0.2138888890625 0.34453125 0.2375 0.3390625 0.24305555625 0.33359375 0.2416666671875 0.3140625 0.24722222187499998 0.303125 0.252777778125 0.3 0.272222221875 0.29765625 0.2833333328125 0.29140625 0.2833333328125 0.27734375 0.272222221875 0.27109375 0.2791666671875 0.26171875 0.2791666671875 0.2453125 0.272222221875 0.23671875 0.2388888890625 0.2359375
6 0.18055555625 0.43125 0.19583333281249998 0.43359375 0.21805555625 0.4328125 0.2416666671875 0.4234375 0.25833333281250004 0.4015625 0.259722221875 0.39453125 0.25833333281250004 0.35 0.2513888890625 0.34296875 0.22916666718749998 0.3453125 0.2208333328125 0.36484375 0.190277778125 0.36328125 0.1763888890625 0.3921875 0.15972222187500001 0.4015625 0.1611111109375 0.42421875 0.18055555625 0.43125
7 0.13055555624999998 0.15703125 0.134722221875 0.1609375 0.15 0.15625 0.1513888890625 0.11875 0.15555555625 0.1109375 0.15277777812499999 0.10703125 0.147222221875 0.11015625 0.14305555625 0.12421875 0.134722221875 0.12734375 0.13055555624999998 0.13359375 0.127777778125 0.14453125 0.1208333328125 0.15078125 0.12222222187500001 0.15625 0.13055555624999998 0.15703125
7 0.097222221875 0.0265625 0.0916666671875 0.03671875 0.11805555625 0.03828125 0.11805555625 0.034375 0.10138888906250001 0.02578125 0.097222221875 0.0265625
7 0.1041666671875 0.04609375 0.084722221875 0.04609375 0.072222221875 0.06171875 0.072222221875 0.0765625 0.08333333281250001 0.09296875 0.11944444375 0.09375 0.127777778125 0.08125 0.125 0.05625 0.1166666671875 0.04921875 0.1041666671875 0.04609375
7 0.09305555625 0.10234375 0.08055555625000001 0.10390625 0.07083333281250001 0.13046875 0.07083333281250001 0.1359375 0.077777778125 0.1421875 0.0888888890625 0.1375 0.102777778125 0.12421875 0.11388888906250001 0.1109375 0.11388888906250001 0.10546875 0.09305555625 0.10234375
7 0.23333333281250002 0.06953125 0.2236111109375 0.07421875 0.1833333328125 0.08359375 0.172222221875 0.090625 0.15555555625 0.11484375 0.1541666671875 0.13515625 0.1583333328125 0.14921875 0.1541666671875 0.1609375 0.15555555625 0.18125 0.17361111093749998 0.184375 0.19305555624999998 0.1859375 0.2208333328125 0.18125 0.22638888906250001 0.178125 0.22916666718749998 0.16796875 0.21805555625 0.16328125 0.21944444375 0.153125 0.23611111093749998 0.14921875 0.25833333281250004 0.121875 0.275 0.11875 0.28055555625 0.11328125 0.27638888906250003 0.10390625 0.2791666671875 0.0765625 0.26805555625 0.06953125 0.23333333281250002 0.06953125
7 0.275 0.00625 0.272222221875 0.00078125 0.21944444375 0.00078125 0.21944444375 0.0078125 0.23611111093749998 0.01171875 0.2666666671875 0.01171875 0.275 0.00625
7 0.1861111109375 0.08203125 0.197222221875 0.0765625 0.2125 0.075 0.2388888890625 0.06484375 0.2388888890625 0.046875 0.24444444375000002 0.034375 0.25 0.03125 0.24305555625 0.02734375 0.20555555625 0.025 0.197222221875 0.0296875 0.16944444375 0.07109375 0.16805555625 0.07734375 0.17361111093749998 0.08125 0.1861111109375 0.08203125
7 0.15972222187500001 0.01953125 0.1458333328125 0.021875 0.13055555624999998 0.04453125 0.125 0.05703125 0.1263888890625 0.07265625 0.1291666671875 0.07421875 0.1416666671875 0.0625 0.14444444375 0.053125 0.1513888890625 0.0484375 0.15972222187500001 0.01953125
7 0.1111111109375 0.2109375 0.125 0.2140625 0.15277777812499999 0.2140625 0.15277777812499999 0.20703125 0.127777778125 0.2046875 0.1111111109375 0.2109375
7 0.077777778125 0.25078125 0.15972222187500001 0.2546875 0.15972222187500001 0.234375 0.15555555625 0.23125 0.09305555625 0.22890625 0.08055555625000001 0.23359375 0.072222221875 0.24921875 0.077777778125 0.25078125
7 0.05 0.32265625 0.05694444375 0.3234375 0.09305555625 0.325 0.1041666671875 0.31953125 0.10694444375 0.31328125 0.1166666671875 0.309375 0.1291666671875 0.309375 0.14305555625 0.2953125 0.1458333328125 0.284375 0.15555555625 0.27421875 0.15555555625 0.26328125 0.06944444375 0.2609375 0.059722221875 0.2765625 0.054166667187499996 0.30078125 0.04444444375 0.31796875 0.05 0.32265625