1 0.09296875 0.55 0.096875 0.5416666671875 0.1 0.51944444375 0.115625 0.46388888906250003 0.11796875 0.4513888890625 0.1171875 0.43333333281249997 0.09375 0.43333333281249997 0.0875 0.4388888890625 0.0734375 0.46805555625000006 0.06875 0.46666666718750005 0.06796875 0.44166666718750003 0.06640625 0.434722221875 0.06328125 0.43333333281249997 0.06015625 0.4513888890625 0.0640625 0.5013888890625 0.05703125 0.527777778125 0.06015625 0.5583333328125 0.05625 0.5833333328125 0.06171875 0.5958333328125 0.06328125 0.6541666671875 0.06640625 0.6513888890625 0.0671875 0.64444444375 0.0703125 0.55694444375 0.09296875 0.55
1 0.14921875 0.434722221875 0.15625 0.50555555625 0.18125 0.5013888890625 0.18203125 0.4861111109375 0.18671875 0.4763888890625 0.18828125 0.4583333328125 0.21875 0.3763888890625 0.21796875 0.35694444375 0.18984375 0.34305555625 0.18125 0.33194444375 0.14140625 0.33055555625 0.13984375 0.34305555625 0.14453125 0.3888888890625 0.1671875 0.397222221875 0.1734375 0.40416666718750005 0.17265625 0.41111111093749997 0.1640625 0.427777778125 0.15 0.43055555625 0.14921875 0.434722221875
1 0.38671875 0.2833333328125 0.39375 0.2888888890625 0.39375 0.27638888906250003 0.38671875 0.259722221875 0.38671875 0.2125 0.3890625 0.20694444375 0.39140625 0.14305555625 0.38671875 0.125 0.3859375 0.10555555624999999 0.375 0.10555555624999999 0.3703125 0.115277778125 0.371875 0.2541666671875 0.36875 0.259722221875 0.36015625 0.2611111109375 0.359375 0.2666666671875 0.3671875 0.2708333328125 0.3703125 0.28055555625 0.37578125 0.28611111093749997 0.38671875 0.2833333328125
1 0.43828125 0.24305555625 0.45703125 0.2513888890625 0.46796875 0.2513888890625 0.46875 0.24305555625 0.4578125 0.23194444375 0.45390625 0.2166666671875 0.45625 0.18055555625 0.4546875 0.12222222187500001 0.45703125 0.09305555625 0.44921875 0.08333333281250001 0.44375 0.0861111109375 0.44296875 0.090277778125 0.4421875 0.14305555625 0.43984375 0.15555555625 0.44140625 0.2138888890625 0.4375 0.22638888906250001 0.43125 0.2236111109375 0.4296875 0.23055555625 0.4328125 0.2388888890625 0.43828125 0.24305555625
7 0.85078125 0.23611111093749998 0.878125 0.25833333281250004 0.88125 0.272222221875 0.88828125 0.28055555625 0.8953125 0.27638888906250003 0.92265625 0.27638888906250003 0.9296875 0.2666666671875 0.93046875 0.23611111093749998 0.921875 0.20138888906250002 0.915625 0.1833333328125 0.90390625 0.16805555625 0.88046875 0.15555555625 0.85546875 0.15555555625 0.853125 0.15972222187500001 0.8390625 0.15555555625 0.82421875 0.15972222187500001 0.81640625 0.16944444375 0.81640625 0.20555555625 0.81953125 0.2208333328125 0.82421875 0.22638888906250001 0.83203125 0.22638888906250001 0.8375 0.21805555625 0.84609375 0.2166666671875 0.84921875 0.222222221875 0.85078125 0.23611111093749998
7 0.065625 0.5861111109375 0.0671875 0.5930555562500001 0.06328125 0.6041666671875 0.06328125 0.627777778125 0.0671875 0.6152777781250001 0.065625 0.602777778125 0.06796875 0.597222221875 0.06796875 0.584722221875 0.065625 0.5861111109375
7 0.0578125 0.525 0.05859375 0.547222221875 0.0625 0.5555555562500001 0.0625 0.5625 0.0765625 0.5527777781250001 0.10078125 0.55 0.10625 0.5583333328125 0.10546875 0.5833333328125 0.10859375 0.6041666671875 0.125 0.6208333328125 0.14140625 0.6180555562500001 0.14140625 0.5833333328125 0.1375 0.5708333328124999 0.13046875 0.5166666671875 0.12734375 0.5097222218749999 0.1234375 0.46805555625000006 0.11953125 0.46805555625000006 0.11640625 0.459722221875 0.11640625 0.43333333281249997 0.09375 0.43333333281249997 0.07421875 0.46805555625000006 0.0671875 0.46805555625000006 0.0671875 0.447222221875 0.0625 0.4458333328125 0.06640625 0.4486111109375 0.065625 0.45416666718750004 0.0625 0.453240278125 0.0625 0.4606486109375 0.06640625 0.46666666718750005 0.0625 0.46805555625000006 0.065625 0.5013888890625 0.0578125 0.525
7 0.1015625 0.3861111109375 0.11171875 0.38333333281250004 0.115625 0.3625 0.11328125 0.35694444375 0.11171875 0.33055555625 0.034375 0.32777777812500003 0.0109375 0.33055555625 0.0015625 0.34305555625 0 0.3583333328125 0.00390625 0.365277778125 0.04453125 0.3708333328125 0.05 0.3763888890625 0.05625 0.3763888890625 0.0640625 0.36944444375 0.0890625 0.36944444375 0.1015625 0.3861111109375
7 0.15625 0.525 0.16484375 0.577777778125 0.18984375 0.5694444437499999 0.21328125 0.56805555625 0.22265625 0.5555555562500001 0.23046875 0.55694444375 0.23671875 0.5638888890625 0.2796875 0.5638888890625 0.28125 0.5458333328125 0.3078125 0.534722221875 0.30625 0.5763888890625 0.3140625 0.5888888890625 0.31953125 0.5888888890625 0.3375 0.559722221875 0.3484375 0.5541666671875001 0.36328125 0.51805555625 0.3640625 0.46805555625000006 0.3609375 0.44444444375 0.35703125 0.434722221875 0.34140625 0.41111111093749997 0.31875 0.39305555625 0.30390625 0.372222221875 0.29296875 0.3638888890625 0.290625 0.35694444375 0.28203125 0.3541666671875 0.27421875 0.3333333328125 0.2609375 0.3291666671875 0.25546875 0.315277778125 0.246875 0.32777777812500003 0.23203125 0.33055555625 0.22734375 0.34305555625 0.22421875 0.36666666718749996 0.22109375 0.36944444375 0.2171875 0.35555555625 0.18984375 0.34305555625 0.18203125 0.3333333328125 0.140625 0.33194444375 0.1453125 0.3916666671875 0.15 0.397222221875 0.1609375 0.397222221875 0.1703125 0.40833333281249995 0.16875 0.41805555625 0.16015625 0.4291666671875 0.15 0.43194444374999996 0.15625 0.525
7 0.9859375 0.2611111109375 0.98046875 0.30416666718749996 0.9796875 0.3375 0.9859375 0.3416666671875 0.9890625 0.3513888890625 0.99921875 0.352777778125 0.99921875 0.28055555625 0.99609375 0.27777777812500004 0.99453125 0.259722221875 0.9859375 0.2611111109375
7 0.8796875 0.1416666671875 0.86640625 0.13055555624999998 0.85625 0.1291666671875 0.8484375 0.1208333328125 0.8421875 0.12222222187500001 0.83984375 0.13194444375 0.8421875 0.14305555625 0.846875 0.15 0.8671875 0.15 0.87421875 0.1541666671875 0.88046875 0.1541666671875 0.8828125 0.15 0.8796875 0.1416666671875
7 0.96484375 0.11805555625 0.971875 0.10555555624999999 0.96640625 0.0861111109375 0.9625 0.08194444375 0.93828125 0.072222221875 0.9140625 0.07638888906249999 0.90625 0.0861111109375 0.90546875 0.09444444375 0.90546875 0.11944444375 0.92578125 0.13055555624999998 0.9421875 0.125 0.9484375 0.11944444375 0.953125 0.10694444375 0.95703125 0.10555555624999999 0.9609375 0.11805555625 0.96484375 0.11805555625
7 0.85625 0.08055555625000001 0.87265625 0.1041666671875 0.8875 0.11388888906250001 0.89921875 0.115277778125 0.896875 0.0791666671875 0.865625 0.06944444375 0.8578125 0.07638888906249999 0.85625 0.08055555625000001
7 0.36875 0.15972222187500001 0.36875 0.1111111109375 0.37890625 0.102777778125 0.38046875 0.097222221875 0.3796875 0.0416666671875 0.375 0.0375 0.3546875 0.054166667187499996 0.34453125 0.0513888890625 0.3359375 0.058333332812500006 0.33359375 0.058333332812500006 0.3265625 0.04305555625 0.28828125 0.05 0.28125 0.05694444375 0.28125 0.08333333281250001 0.27578125 0.0986111109375 0.275 0.15694444375 0.28125 0.175 0.296875 0.1708333328125 0.30390625 0.19305555624999998 0.32421875 0.19305555624999998 0.33359375 0.16388888906250001 0.35703125 0.16805555625 0.36875 0.15972222187500001
7 0.4328125 0.16944444375 0.43671875 0.16805555625 0.44140625 0.14305555625 0.4421875 0.09305555625 0.4484375 0.08333333281250001 0.45859375 0.09305555625 0.45546875 0.12222222187500001 0.4578125 0.1763888890625 0.46640625 0.16944444375 0.478125 0.13055555624999998 0.4765625 0.026388889062499997 0.4734375 0.009722221875000001 0.43125 0.00555555625 0.3953125 0.019444443750000002 0.3890625 0.029166667187500002 0.38828125 0.115277778125 0.39140625 0.12222222187500001 0.39375 0.1583333328125 0.39921875 0.1708333328125 0.4 0.18055555625 0.41953125 0.184722221875 0.42890625 0.17916666718750002 0.4328125 0.16944444375
7 0.98828125 0.2541666671875 0.99375 0.25555555625 0.9953125 0.24305555625 0.99921875 0.240277778125 0.99921875 0.22916666718749998 0.99296875 0.222222221875 0.98984375 0.23055555625 0.98828125 0.2541666671875
7 0.98515625 0.17361111093749998 0.984375 0.16944444375 0.9828125 0.172222221875 0.98515625 0.17361111093749998
7 0.96796875 0.19583333281249998 0.92890625 0.1708333328125 0.9203125 0.1708333328125 0.91953125 0.190277778125 0.9234375 0.19583333281249998 0.93046875 0.22916666718749998 0.9375 0.2388888890625 0.96875 0.240277778125 0.971875 0.23611111093749998 0.975 0.20555555625 0.96796875 0.19583333281249998
7 0.9359375 0.1208333328125 0.92421875 0.12361111093749999 0.9234375 0.1291666671875 0.93046875 0.13333333281249998 0.93515625 0.14305555625 0.98046875 0.16388888906250001 0.98046875 0.15555555625 0.9765625 0.147222221875 0.959375 0.13194444375 0.9359375 0.1208333328125
7 0.79296875 0.14305555625 0.79296875 0.1291666671875 0.7875 0.1291666671875 0.78671875 0.1416666671875 0.7890625 0.147222221875 0.79296875 0.14305555625
7 0.7859375 0.097222221875 0.7890625 0.115277778125 0.79296875 0.1166666671875 0.79296875 0.109722221875 0.796875 0.10555555624999999 0.796875 0.097222221875 0.79140625 0.09444444375 0.7859375 0.097222221875
7 0.74609375 0.15694444375 0.75859375 0.15972222187500001 0.7671875 0.15555555625 0.77265625 0.0861111109375 0.76796875 0.08055555625000001 0.75078125 0.075 0.74609375 0.11944444375 0.74609375 0.15694444375
7 0.71796875 0.058333332812500006 0.68828125 0.0513888890625 0.68515625 0.047222221875 0.68046875 0.047222221875 0.6765625 0.052777778124999994 0.67734375 0.102777778125 0.6859375 0.10694444375 0.6953125 0.1291666671875 0.71875 0.15555555625 0.73046875 0.15972222187500001 0.73671875 0.15555555625 0.7390625 0.06944444375 0.71796875 0.058333332812500006
4 0 0.5555555562500001 0.00625 0.5763888890625 0.0109375 0.577777778125 0.01328125 0.5527777781250001 0.0203125 0.5625 0.025 0.5555555562500001 0.01875 0.527777778125 0.01875 0.4625 0.003125 0.44305555625000004 0 0.44305555625000004 0 0.5555555562500001
4 0.29375 0.6375 0.29765625 0.64305555625 0.309375 0.63055555625 0.30625 0.6138888890625 0.31328125 0.6166666671875001 0.3203125 0.6013888890625 0.31953125 0.5930555562500001 0.31171875 0.5930555562500001 0.30625 0.58194444375 0.3078125 0.5305555562500001 0.30390625 0.49444444374999996 0.30078125 0.490277778125 0.296875 0.46944444374999994 0.3 0.46388888906250003 0.3 0.44444444375 0.29296875 0.43333333281249997 0.2875 0.43333333281249997 0.28125 0.44305555625000004 0.28125 0.46388888906250003 0.275 0.47083333281249995 0.2734375 0.48194444374999995 0.27265625 0.5166666671875 0.275 0.5291666671875 0.28125 0.5416666671875 0.2828125 0.5555555562500001 0.28515625 0.5555555562500001 0.28828125 0.565277778125 0.29296875 0.5944444437499999 0.29375 0.6375
4 0.5453125 0.097222221875 0.54296875 0.13055555624999998 0.54296875 0.15277777812499999 0.553125 0.15277777812499999 0.55546875 0.12222222187500001 0.56015625 0.1111111109375 0.55390625 0.084722221875 0.55078125 0.084722221875 0.54921875 0.09305555625 0.5453125 0.097222221875
4 0.53203125 0.15277777812499999 0.5359375 0.14305555625 0.53828125 0.10555555624999999 0.53125 0.08333333281250001 0.52421875 0.09444444375 0.5234375 0.1513888890625 0.53203125 0.15277777812499999