1 0.85694444375 0.38984375 0.8736111109375001 0.38515625 0.89444444375 0.384375 0.897222221875 0.37890625 0.89305555625 0.37265625 0.877777778125 0.3703125 0.7458333328125 0.371875 0.7402777781250001 0.36875 0.7402777781250001 0.3578125 0.734722221875 0.3578125 0.727777778125 0.36875 0.7138888890625 0.37578125 0.7166666671875 0.3875 0.7111111109375 0.39375 0.7236111109375 0.39375 0.7416666671875001 0.38671875 0.75555555625 0.3859375 0.7763888890625 0.38515625 0.8055555562500001 0.38984375 0.85694444375 0.38984375
1 0.76944444375 0.4546875 0.9055555562500001 0.45546875 0.91944444375 0.45078125 0.91944444375 0.446875 0.909722221875 0.4421875 0.852777778125 0.4421875 0.8375 0.4390625 0.809722221875 0.4421875 0.7819444437499999 0.44140625 0.7736111109375 0.43828125 0.7736111109375 0.42890625 0.76944444375 0.42890625 0.7611111109375 0.43203125 0.7569444437499999 0.4375 0.75 0.4515625 0.7486111109375 0.46875 0.7541666671875 0.46953125 0.7583333328124999 0.4671875 0.76944444375 0.4546875
6 0.7402777781250001 0.7640625 0.7833333328125 0.76171875 0.8041666671875 0.7515625 0.8125 0.73515625 0.8430555562500001 0.7296875 0.85 0.69140625 0.8333333328125001 0.678125 0.83194444375 0.6609375 0.8263888890625 0.65625 0.8194444437499999 0.65546875 0.7916666671875 0.65390625 0.7638888890625 0.6609375 0.7583333328124999 0.6640625 0.7638888890625 0.68046875 0.752777778125 0.69765625 0.74444444375 0.70078125 0.7236111109375 0.70234375 0.7180555562500001 0.70625 0.715277778125 0.71796875 0.73194444375 0.73046875 0.725 0.7328125 0.722222221875 0.7375 0.722222221875 0.76171875 0.7402777781250001 0.7640625
6 0.8388888890624999 0.596875 0.8388888890624999 0.575 0.8263888890625 0.56953125 0.7888888890625 0.56640625 0.76944444375 0.56953125 0.76805555625 0.5734375 0.7583333328124999 0.57578125 0.7402777781250001 0.5984375 0.7416666671875001 0.65078125 0.7486111109375 0.65703125 0.76944444375 0.65546875 0.777777778125 0.6359375 0.7833333328125 0.6328125 0.797222221875 0.6328125 0.8111111109375001 0.62890625 0.8194444437499999 0.6109375 0.8388888890624999 0.596875
7 0.8708333328125001 0.83984375 0.859722221875 0.83984375 0.8486111109375001 0.8453125 0.8486111109375001 0.89140625 0.8652777781250001 0.8734375 0.877777778125 0.85 0.877777778125 0.84296875 0.8708333328125001 0.83984375
7 0.8819444437499999 0.96171875 0.8833333328125 0.96640625 0.89444444375 0.96953125 0.9083333328125001 0.9671875 0.9083333328125001 0.96290625 0.8819444437499999 0.96171875
7 0.877777778125 0.93046875 0.877777778125 0.946875 0.8986111109375001 0.95390625 0.9138888890624999 0.95390625 0.9277777781250001 0.9390625 0.9277777781250001 0.92265625 0.9166666671874999 0.90703125 0.88055555625 0.90625 0.872222221875 0.91875 0.8708333328125001 0.92578125 0.877777778125 0.93046875
7 0.925 0.86015625 0.91944444375 0.8578125 0.897222221875 0.87578125 0.8861111109375001 0.88984375 0.8861111109375001 0.89609375 0.91944444375 0.896875 0.9291666671875 0.86875 0.925 0.86015625
7 0.890277778125 0.1515625 0.88055555625 0.146875 0.86944444375 0.14453125 0.8652777781250001 0.14765625 0.8361111109375001 0.1484375 0.83194444375 0.15546875 0.8125 0.16171875 0.8125 0.17421875 0.8027777781250001 0.18515625 0.8041666671875 0.19296875 0.83055555625 0.20546875 0.85555555625 0.203125 0.8611111109375 0.19453125 0.8888888890625 0.171875 0.8916666671875 0.15546875 0.890277778125 0.1515625
7 0.722222221875 0.925 0.734722221875 0.93046875 0.7666666671875 0.93046875 0.7736111109375 0.9265625 0.8166666671874999 0.91640625 0.83055555625 0.90625 0.8444444437499999 0.88046875 0.8444444437499999 0.85625 0.840277778125 0.85078125 0.8444444437499999 0.8484375 0.8458333328125001 0.83046875 0.8444444437499999 0.81953125 0.8263888890625 0.8140625 0.81805555625 0.81328125 0.8041666671875 0.8171875 0.7916666671875 0.81640625 0.7763888890625 0.81953125 0.772222221875 0.83125 0.790277778125 0.83828125 0.790277778125 0.8421875 0.7833333328125 0.8484375 0.7638888890625 0.85078125 0.7416666671875001 0.878125 0.725 0.88125 0.7194444437499999 0.8859375 0.7236111109375 0.8953125 0.722222221875 0.925
7 0.75 0.96953125 0.7736111109375 0.975 0.797222221875 0.97421875 0.7986111109375 0.96875 0.777777778125 0.96328125 0.7583333328124999 0.96328125 0.75 0.96953125
7 0.9625 0.375 0.95555555625 0.3640625 0.9444444437499999 0.35546875 0.9472222218749999 0.3421875 0.9416666671874999 0.3375 0.9416666671874999 0.33359375 0.95694444375 0.328125 0.952777778125 0.2921875 0.9444444437499999 0.28125 0.9166666671874999 0.27890625 0.9138888890624999 0.2765625 0.834722221875 0.275 0.83194444375 0.2796875 0.8222222218749999 0.28203125 0.8263888890625 0.296875 0.809722221875 0.30234375 0.8055555562500001 0.30625 0.8055555562500001 0.321875 0.8083333328125001 0.32578125 0.834722221875 0.33203125 0.8444444437499999 0.36875 0.8916666671875 0.36953125 0.9013888890624999 0.38125 0.9611111109375001 0.3796875 0.9625 0.375
7 0.8236111109375001 0.4671875 0.8611111109375 0.478125 0.934722221875 0.478125 0.984722221875 0.47265625 0.9930555562500001 0.46328125 0.99444444375 0.43125 0.9791666671874999 0.39453125 0.972222221875 0.38984375 0.965277778125 0.3890625 0.925 0.38984375 0.8916666671875 0.3875 0.8680555562500001 0.39375 0.8458333328125001 0.39375 0.8388888890624999 0.3984375 0.8208333328125 0.40078125 0.815277778125 0.41875 0.8222222218749999 0.428125 0.8444444437499999 0.43828125 0.872222221875 0.44140625 0.872222221875 0.45546875 0.8222222218749999 0.45625 0.8194444437499999 0.46015625 0.8236111109375001 0.4671875
7 0.725 0.99375 0.73194444375 0.99921875 0.772222221875 0.99921875 0.7805555562500001 0.99296875 0.7666666671875 0.9890625 0.73055555625 0.9875 0.725 0.99375
7 0.83194444375 0.92265625 0.827777778125 0.91953125 0.809722221875 0.91953125 0.8027777781250001 0.9234375 0.7875 0.925 0.7638888890625 0.9328125 0.7611111109375 0.9421875 0.7708333328125 0.9515625 0.7763888890625 0.95234375 0.7708333328125 0.9609375 0.7541666671875 0.96953125 0.76805555625 0.9734375 0.797222221875 0.97265625 0.8055555562500001 0.96640625 0.83055555625 0.92890625 0.83194444375 0.92265625
7 0.840277778125 0.98046875 0.85555555625 0.97734375 0.8666666671875 0.9609375 0.877777778125 0.9359375 0.875 0.92734375 0.8708333328125001 0.92578125 0.8583333328125 0.93828125 0.85555555625 0.95546875 0.8458333328125001 0.96484375 0.840277778125 0.98046875
7 0.8888888890625 0.790625 0.8847222218749999 0.7875 0.86944444375 0.7859375 0.8652777781250001 0.78125 0.8611111109375 0.78125 0.85 0.7859375 0.8486111109375001 0.790625 0.85 0.79296875 0.8583333328125 0.79375 0.8819444437499999 0.7921875 0.8916666671875 0.796875 0.902777778125 0.79765625 0.9041666671874999 0.7875 0.8888888890625 0.790625
7 0.9138888890624999 0.7484375 0.8416666671874999 0.7453125 0.840277778125 0.7625 0.85 0.76875 0.9111111109375001 0.77109375 0.91805555625 0.76796875 0.925 0.75078125 0.9138888890624999 0.7484375
7 0.952777778125 0.69375 0.9541666671875 0.67890625 0.9444444437499999 0.6765625 0.902777778125 0.6765625 0.8958333328125001 0.68046875 0.89305555625 0.6875 0.8819444437499999 0.69296875 0.8708333328125001 0.69453125 0.85694444375 0.7078125 0.8541666671874999 0.71875 0.8444444437499999 0.7265625 0.8416666671874999 0.734375 0.8458333328125001 0.7375 0.9305555562500001 0.7390625 0.9416666671874999 0.72265625 0.9444444437499999 0.70703125 0.952777778125 0.69375