2 0.5319444437499999 0.02890625 0.5319444437499999 0.0359375 0.5791666671875 0.0359375 0.58194444375 0.02578125 0.577777778125 0.02421875 0.540277778125 0.025 0.5319444437499999 0.02890625
1 0.8111111109375001 0.3859375 0.834722221875 0.38515625 0.847222221875 0.38828125 0.8888888890625 0.38515625 0.897222221875 0.3796875 0.890277778125 0.3703125 0.7986111109375 0.3734375 0.7458333328125 0.371875 0.7402777781250001 0.36875 0.7402777781250001 0.3609375 0.734722221875 0.359375 0.727777778125 0.36875 0.7138888890625 0.375 0.7166666671875 0.38671875 0.709722221875 0.39375 0.7194444437499999 0.39453125 0.7375 0.38671875 0.7819444437499999 0.38515625 0.80694444375 0.38984375 0.8111111109375001 0.3859375
1 0.91805555625 0.45 0.9138888890624999 0.44296875 0.7833333328125 0.4421875 0.7736111109375 0.43828125 0.7736111109375 0.43125 0.76944444375 0.4296875 0.7611111109375 0.4328125 0.7569444437499999 0.43828125 0.7486111109375 0.4671875 0.7569444437499999 0.46875 0.7638888890625 0.45703125 0.7833333328125 0.45234375 0.8291666671875 0.45625 0.8611111109375 0.45390625 0.915277778125 0.4546875 0.91805555625 0.45
6 0.7819444437499999 0.76171875 0.8055555562500001 0.75234375 0.8125 0.73515625 0.8416666671874999 0.73046875 0.8486111109375001 0.7125 0.85 0.69140625 0.8333333328125001 0.6796875 0.834722221875 0.675 0.8263888890625 0.6640625 0.83055555625 0.6609375 0.825 0.65703125 0.7833333328125 0.65625 0.7583333328124999 0.6640625 0.7569444437499999 0.675 0.7611111109375 0.68203125 0.752777778125 0.69765625 0.74444444375 0.70078125 0.725 0.70234375 0.715277778125 0.71171875 0.7166666671875 0.72109375 0.7291666671875 0.7296875 0.722222221875 0.73671875 0.725 0.7625 0.765277778125 0.7640625 0.7819444437499999 0.76171875
6 0.840277778125 0.5984375 0.8388888890624999 0.57578125 0.8194444437499999 0.56875 0.8041666671875 0.56640625 0.7736111109375 0.56875 0.76944444375 0.5734375 0.7597222218749999 0.5765625 0.752777778125 0.58828125 0.7416666671875001 0.59765625 0.7416666671875001 0.65 0.7486111109375 0.65703125 0.76944444375 0.65546875 0.7791666671875 0.634375 0.809722221875 0.63046875 0.8222222218749999 0.615625 0.8236111109375001 0.6078125 0.840277778125 0.5984375
7 0.8625 0.8390625 0.8486111109375001 0.84453125 0.85 0.86640625 0.8458333328125001 0.8859375 0.8541666671874999 0.8859375 0.8458333328125001 0.8921875 0.852777778125 0.88984375 0.8652777781250001 0.87421875 0.8708333328125001 0.85546875 0.8791666671874999 0.84921875 0.877777778125 0.84140625 0.8736111109375001 0.8390625 0.8625 0.8390625
7 0.9277777781250001 0.9234375 0.9138888890624999 0.90703125 0.88055555625 0.90625 0.872222221875 0.91796875 0.8819444437499999 0.953125 0.8958333328125001 0.9546875 0.8819444437499999 0.9625 0.8847222218749999 0.96171875 0.8847222218749999 0.96640625 0.89444444375 0.96953125 0.902777778125 0.96875 0.909722221875 0.9640625 0.9069444437499999 0.95859375 0.9166666671874999 0.95390625 0.9277777781250001 0.93828125 0.9277777781250001 0.9234375
7 0.91944444375 0.89609375 0.9291666671875 0.86875 0.9236111109375 0.8578125 0.9166666671874999 0.8578125 0.897222221875 0.875 0.8861111109375001 0.8890625 0.8861111109375001 0.8953125 0.9083333328125001 0.8984375 0.91944444375 0.89609375
7 0.722222221875 0.925 0.73194444375 0.93046875 0.76805555625 0.93046875 0.7736111109375 0.9265625 0.81805555625 0.915625 0.83194444375 0.90390625 0.8444444437499999 0.88515625 0.8444444437499999 0.85703125 0.8388888890624999 0.853125 0.8444444437499999 0.8421875 0.8444444437499999 0.81953125 0.8291666671875 0.815625 0.815277778125 0.8140625 0.7791666671875 0.81875 0.772222221875 0.8234375 0.7708333328125 0.83203125 0.7819444437499999 0.83671875 0.7819444437499999 0.8453125 0.777777778125 0.84921875 0.7638888890625 0.85078125 0.7416666671875001 0.878125 0.725 0.88125 0.7194444437499999 0.8859375 0.7194444437499999 0.89296875 0.7236111109375 0.89609375 0.722222221875 0.925
7 0.7236111109375 0.99375 0.73194444375 0.99921875 0.7805555562500001 0.99921875 0.7819444437499999 0.99296875 0.7625 0.98828125 0.734722221875 0.9875 0.7236111109375 0.99375
7 0.8041666671875 0.92265625 0.7819444437499999 0.9265625 0.7611111109375 0.93515625 0.7597222218749999 0.9625 0.7541666671875 0.96875 0.7569444437499999 0.971875 0.790277778125 0.975 0.8027777781250001 0.96875 0.83194444375 0.92578125 0.83055555625 0.9203125 0.825 0.91875 0.809722221875 0.91875 0.8041666671875 0.92265625
7 0.85694444375 0.9765625 0.877777778125 0.93515625 0.8736111109375001 0.92578125 0.86944444375 0.925 0.85694444375 0.9390625 0.8541666671874999 0.9546875 0.8458333328125001 0.9640625 0.840277778125 0.98046875 0.85694444375 0.9765625
7 0.85555555625 0.79375 0.8791666671874999 0.79296875 0.8791666671874999 0.7859375 0.86944444375 0.78515625 0.8625 0.7796875 0.85694444375 0.784375 0.847222221875 0.7859375 0.847222221875 0.79140625 0.85555555625 0.79375
7 0.8958333328125001 0.7890625 0.8888888890625 0.79296875 0.89444444375 0.796875 0.902777778125 0.79765625 0.9069444437499999 0.79296875 0.9069444437499999 0.7875 0.8958333328125001 0.7890625
7 0.9236111109375 0.74921875 0.8416666671874999 0.7453125 0.840277778125 0.7625 0.847222221875 0.76875 0.8583333328125 0.7703125 0.909722221875 0.7703125 0.91944444375 0.76640625 0.9236111109375 0.74921875
7 0.9444444437499999 0.6765625 0.9069444437499999 0.675 0.8986111109375001 0.67890625 0.890277778125 0.68828125 0.86944444375 0.6921875 0.859722221875 0.7015625 0.852777778125 0.71953125 0.8444444437499999 0.72578125 0.8416666671874999 0.734375 0.8458333328125001 0.7375 0.9305555562500001 0.7390625 0.940277778125 0.72421875 0.95555555625 0.684375 0.9541666671875 0.67734375 0.9444444437499999 0.6765625