2 0.56805555625 0.0140625 0.5319444437499999 0.01484375 0.522222221875 0.01953125 0.5236111109375 0.02890625 0.5291666671875 0.03125 0.5625 0.02890625 0.577777778125 0.02109375 0.56805555625 0.0140625
1 0.91805555625 0.44921875 0.9166666671874999 0.44453125 0.9083333328125001 0.44296875 0.8458333328125001 0.4421875 0.83055555625 0.43984375 0.7833333328125 0.44140625 0.7763888890625 0.43828125 0.777777778125 0.43125 0.76944444375 0.4296875 0.7569444437499999 0.4390625 0.75 0.45234375 0.7486111109375 0.46796875 0.7569444437499999 0.46875 0.76805555625 0.45703125 0.7805555562500001 0.4546875 0.9069444437499999 0.4546875 0.91805555625 0.44921875
7 0.9444444437499999 0.33828125 0.9361111109375001 0.3375 0.9236111109375 0.34140625 0.9138888890624999 0.35 0.9041666671874999 0.3546875 0.89444444375 0.35546875 0.8916666671875 0.359375 0.88055555625 0.36328125 0.88055555625 0.36953125 0.89444444375 0.375 0.897222221875 0.38046875 0.9611111109375001 0.378125 0.95694444375 0.36484375 0.9444444437499999 0.35546875 0.9444444437499999 0.33828125
7 0.7736111109375 0.92890625 0.775 0.9265625 0.815277778125 0.91640625 0.83194444375 0.90390625 0.8444444437499999 0.88125 0.8458333328125001 0.86328125 0.840277778125 0.853125 0.8444444437499999 0.8484375 0.8444444437499999 0.83359375 0.840277778125 0.82421875 0.827777778125 0.815625 0.8194444437499999 0.8140625 0.7805555562500001 0.81953125 0.7736111109375 0.82734375 0.7833333328125 0.83671875 0.784722221875 0.84453125 0.7805555562500001 0.8484375 0.7638888890625 0.8515625 0.7416666671875001 0.87890625 0.7291666671875 0.88125 0.7208333328125 0.8875 0.725 0.89765625 0.7236111109375 0.92265625 0.734722221875 0.93046875 0.7736111109375 0.92890625
7 0.85 0.884375 0.86944444375 0.86640625 0.8736111109375001 0.85 0.86944444375 0.84921875 0.8708333328125001 0.846875 0.8680555562500001 0.85 0.85 0.85546875 0.8458333328125001 0.875 0.85 0.884375
7 0.91944444375 0.96171875 0.91944444375 0.95234375 0.9277777781250001 0.9375 0.9236111109375 0.9140625 0.91805555625 0.9078125 0.9069444437499999 0.9046875 0.9111111109375001 0.90078125 0.91944444375 0.89921875 0.922222221875 0.89375 0.9277777781250001 0.875 0.9277777781250001 0.8625 0.922222221875 0.85859375 0.91944444375 0.85703125 0.915277778125 0.859375 0.89444444375 0.875 0.8847222218749999 0.8890625 0.8819444437499999 0.9046875 0.8708333328125001 0.91953125 0.877777778125 0.946875 0.897222221875 0.9546875 0.8916666671875 0.96015625 0.8819444437499999 0.96171875 0.8847222218749999 0.96875 0.89444444375 0.9734375 0.9138888890624999 0.96640625 0.91944444375 0.96171875
7 0.66944444375 0.9609375 0.6944444437499999 0.96328125 0.6861111109375 0.95703125 0.672222221875 0.95546875 0.66944444375 0.9609375
7 0.7194444437499999 0.99921875 0.722222221875 0.99609375 0.7402777781250001 0.9921875 0.7402777781250001 0.9859375 0.702777778125 0.98046875 0.6666666671875 0.9765625 0.6569444437499999 0.98125 0.647222221875 0.99296875 0.647222221875 0.99921875 0.7194444437499999 0.99921875
7 0.9208333328125 0.85859375 0.89444444375 0.875 0.8847222218749999 0.8890625 0.8861111109375001 0.89921875 0.91944444375 0.89765625 0.9277777781250001 0.87109375 0.9277777781250001 0.86484375 0.9208333328125 0.85859375
7 0.3861111109375 0.0671875 0.4138888890625 0.0671875 0.40694444374999994 0.065625 0.3861111109375 0.0640625 0.3861111109375 0.0671875
7 0.3791666671875 0.1265625 0.38333333281250004 0.14140625 0.40694444374999994 0.1421875 0.45416666718750004 0.13515625 0.46805555625000006 0.13046875 0.48194444374999995 0.13046875 0.4861111109375 0.12578125 0.494097221875 0.12578125 0.497222221875 0.12265625 0.5020833328125 0.12578125 0.5041666671875 0.12265625 0.5097222218749999 0.1234375 0.51006944375 0.12578125 0.51805555625 0.12578125 0.51805555625 0.12265625 0.5083333328124999 0.12265625 0.49583333281249997 0.11875 0.4986111109375 0.115625 0.5041666671875 0.115625 0.5069444437499999 0.1109375 0.5319444437499999 0.11328125 0.565277778125 0.1125 0.5666666671875 0.1078125 0.5541666671875001 0.1 0.54444444375 0.0828125 0.5319444437499999 0.07421875 0.5319444437499999 0.06875 0.54444444375 0.0671875 0.5486111109375 0.0640625 0.54305555625 0.0625 0.5361111109375 0.06796875 0.5328708328125 0.06328125 0.502777778125 0.06640625 0.475 0.0578125 0.447222221875 0.06015625 0.44305555625000004 0.06328125 0.44444444375 0.07265625 0.45416666718750004 0.09921875 0.44166666718750003 0.10703125 0.40694444374999994 0.10625 0.397222221875 0.10859375 0.39027777812500003 0.11640625 0.38333333281250004 0.11875 0.3791666671875 0.1265625
7 0.43194444374999996 0.21171875 0.44444444375 0.21953125 0.44444444375 0.23046875 0.4361111109375 0.24921875 0.4361111109375 0.27578125 0.40833333281249995 0.29453125 0.40694444374999994 0.3171875 0.41944444374999995 0.32890625 0.44166666718750003 0.33671875 0.44444444375 0.34453125 0.45416666718750004 0.35234375 0.47222222187499996 0.36015625 0.497222221875 0.36484375 0.5319444437499999 0.3640625 0.5527777781250001 0.36171875 0.5666666671875 0.35625 0.5930555562500001 0.33671875 0.60694444375 0.31875 0.6416666671875 0.2890625 0.64444444375 0.28203125 0.66805555625 0.27265625 0.6708333328125 0.26171875 0.6833333328125 0.25546875 0.672222221875 0.24765625 0.66944444375 0.2328125 0.6236111109375 0.2203125 0.64305555625 0.2171875 0.6666666671875 0.19453125 0.6791666671875001 0.19140625 0.70555555625 0.1546875 0.7111111109375 0.1390625 0.66944444375 0.13828125 0.6458333328125 0.14453125 0.61944444375 0.16484375 0.61944444375 0.16796875 0.60555555625 0.17421875 0.590277778125 0.17265625 0.5708333328124999 0.16328125 0.5694444437499999 0.15 0.5236111109375 0.1515625 0.502777778125 0.15546875 0.459722221875 0.1578125 0.4236111109375 0.16484375 0.43194444374999996 0.19140625 0.43194444374999996 0.21171875
7 0.7333333328125 0.10625 0.7402777781250001 0.1015625 0.7486111109375 0.0828125 0.76805555625 0.06015625 0.7736111109375 0.05 0.7736111109375 0.03828125 0.7791666671875 0.03515625 0.7861111109375 0.021875 0.7805555562500001 0.0015625 0.76944444375 0.00078125 0.7611111109375 0.00390625 0.7458333328125 0.028125 0.7333333328125 0.0328125 0.727777778125 0.04765625 0.7166666671875 0.05546875 0.7180555562500001 0.06015625 0.7041666671875 0.0859375 0.6958333328124999 0.09609375 0.6777777781250001 0.1015625 0.6736111109375 0.10625 0.6763888890625 0.11171875 0.7194444437499999 0.109375 0.7333333328125 0.10625
7 0.8708333328125001 0.36484375 0.8708333328125001 0.36875 0.89305555625 0.37421875 0.897222221875 0.38046875 0.9611111109375001 0.378125 0.95555555625 0.3640625 0.9458333328125 0.3546875 0.9486111109375001 0.34140625 0.9444444437499999 0.33359375 0.95694444375 0.328125 0.952777778125 0.296875 0.9444444437499999 0.28203125 0.9305555562500001 0.27890625 0.9083333328125001 0.278125 0.89444444375 0.275 0.8444444437499999 0.275 0.83055555625 0.28125 0.8208333328125 0.28203125 0.827777778125 0.296875 0.809722221875 0.3015625 0.8055555562500001 0.30625 0.80694444375 0.32421875 0.83055555625 0.33046875 0.847222221875 0.34296875 0.85694444375 0.34453125 0.8611111109375 0.35859375 0.8708333328125001 0.36484375
7 0.8263888890625 0.46640625 0.852777778125 0.47578125 0.8638888890624999 0.475 0.872222221875 0.478125 0.9791666671874999 0.47421875 0.9916666671875 0.46484375 0.99444444375 0.43125 0.98055555625 0.3953125 0.9694444437499999 0.3890625 0.9291666671875 0.39140625 0.897222221875 0.38671875 0.8222222218749999 0.4 0.815277778125 0.41796875 0.8208333328125 0.42734375 0.834722221875 0.43671875 0.85 0.44140625 0.8875 0.43984375 0.91805555625 0.4453125 0.91805555625 0.4484375 0.9055555562500001 0.45625 0.8236111109375001 0.45625 0.8222222218749999 0.46171875 0.8263888890625 0.46640625
7 0.7763888890625 0.98984375 0.7458333328125 0.98828125 0.74444444375 0.99453125 0.75555555625 0.99609375 0.7569444437499999 0.99921875 0.7763888890625 0.99921875 0.7805555562500001 0.99375 0.7763888890625 0.98984375
7 0.8263888890625 0.9203125 0.8111111109375001 0.91953125 0.8027777781250001 0.92421875 0.7819444437499999 0.92734375 0.7736111109375 0.93125 0.7819444437499999 0.93828125 0.7819444437499999 0.9453125 0.7763888890625 0.95390625 0.7541666671875 0.9625 0.7569444437499999 0.9703125 0.7805555562500001 0.975 0.797222221875 0.9734375 0.8055555562500001 0.96640625 0.8291666671875 0.92890625 0.8263888890625 0.9203125
7 0.83194444375 0.98046875 0.8430555562500001 0.97890625 0.8652777781250001 0.9640625 0.877777778125 0.9390625 0.877777778125 0.92734375 0.8680555562500001 0.925 0.85694444375 0.93203125 0.840277778125 0.9609375 0.83194444375 0.96875 0.83194444375 0.98046875
7 0.8583333328125 0.7875 0.8625 0.7921875 0.8708333328125001 0.79296875 0.872222221875 0.78828125 0.8652777781250001 0.7828125 0.859722221875 0.78125 0.8583333328125 0.7875
7 0.9055555562500001 0.79296875 0.9055555562500001 0.7859375 0.8833333328125 0.78828125 0.8819444437499999 0.79296875 0.9 0.79765625 0.9055555562500001 0.79296875
7 0.847222221875 0.76796875 0.859722221875 0.7703125 0.902777778125 0.7703125 0.9138888890624999 0.77265625 0.925 0.75390625 0.925 0.74921875 0.91944444375 0.74765625 0.8444444437499999 0.7453125 0.840277778125 0.74765625 0.8416666671874999 0.7625 0.847222221875 0.76796875
7 0.9513888890625 0.6765625 0.897222221875 0.67734375 0.89305555625 0.68515625 0.8652777781250001 0.70078125 0.8458333328125001 0.71875 0.840277778125 0.734375 0.852777778125 0.7375 0.8875 0.7375 0.925 0.7421875 0.93194444375 0.7375 0.9375 0.7203125 0.9416666671874999 0.71796875 0.9444444437499999 0.7 0.9541666671875 0.6828125 0.9513888890625 0.6765625
4 0.6944444437499999 0.9515625 0.6777777781250001 0.9515625 0.6708333328125 0.96015625 0.7180555562500001 0.96875 0.7458333328125 0.96953125 0.7430555562500001 0.9640625 0.7291666671875 0.95859375 0.6944444437499999 0.9515625
4 0.8263888890625 0.1859375 0.827777778125 0.18125 0.81805555625 0.1765625 0.8027777781250001 0.17421875 0.79305555625 0.1796875 0.7583333328124999 0.1828125 0.7541666671875 0.1875 0.8194444437499999 0.1890625 0.8263888890625 0.1859375