7 0.85 0.177777778125 0.85390625 0.18194444375000002 0.85703125 0.20138888906250002 0.8515625 0.2388888890625 0.878125 0.25833333281250004 0.88203125 0.27777777812500004 0.88515625 0.28055555625 0.9125 0.275 0.9125 0.24583333281250003 0.91640625 0.23055555625 0.925 0.2138888890625 0.91640625 0.1833333328125 0.9109375 0.17361111093749998 0.89296875 0.15972222187500001 0.86875 0.1541666671875 0.86015625 0.1541666671875 0.853125 0.15972222187500001 0.8484375 0.15555555625 0.83203125 0.15555555625 0.81796875 0.165277778125 0.815625 0.16944444375 0.815625 0.1916666671875 0.8203125 0.222222221875 0.8359375 0.222222221875 0.8390625 0.20972222187499998 0.8390625 0.19444444375 0.84453125 0.18055555625 0.85 0.177777778125
7 0.9328125 0.1208333328125 0.9484375 0.11805555625 0.9546875 0.102777778125 0.96171875 0.10694444375 0.96171875 0.11805555625 0.96640625 0.11805555625 0.9703125 0.10694444375 0.96796875 0.09444444375 0.96171875 0.08194444375 0.934375 0.07083333281250001 0.9203125 0.072222221875 0.9078125 0.08194444375 0.90546875 0.10555555624999999 0.9015625 0.1041666671875 0.89765625 0.0791666671875 0.89375 0.07638888906249999 0.8640625 0.07083333281250001 0.8578125 0.077777778125 0.86328125 0.0916666671875 0.8671875 0.09305555625 0.87421875 0.10555555624999999 0.88828125 0.1166666671875 0.9046875 0.1208333328125 0.91796875 0.13055555624999998 0.9234375 0.13055555624999998 0.9328125 0.1208333328125
7 0.9625 0.3125 0.96796875 0.30555555624999997 0.96953125 0.25833333281250004 0.96171875 0.26805555625 0.95859375 0.28055555625 0.9578125 0.30416666718749996 0.9625 0.3125
7 0.99921875 0.2638888890625 0.99921875 0.22638888906250001 0.99609375 0.2236111109375 0.99296875 0.2236111109375 0.98828125 0.23194444375 0.9875 0.252777778125 0.9765625 0.3138888890625 0.97578125 0.32777777812500003 0.98046875 0.3416666671875 0.9921875 0.3513888890625 0.99921875 0.3513888890625 0.99921875 0.28055555625 0.99609375 0.272222221875 0.99609375 0.2666666671875 0.99921875 0.2638888890625
7 0.8421875 0.12222222187500001 0.84140625 0.14305555625 0.84453125 0.15 0.8703125 0.1541666671875 0.88125 0.1541666671875 0.8859375 0.15 0.88515625 0.1458333328125 0.8671875 0.13055555624999998 0.8421875 0.12222222187500001
7 0.875 0.10555555624999999 0.8859375 0.115277778125 0.8984375 0.1166666671875 0.8984375 0.090277778125 0.89375 0.077777778125 0.8640625 0.072222221875 0.85859375 0.0791666671875 0.875 0.10555555624999999
7 0.1078125 0.6 0.1203125 0.6180555562500001 0.13671875 0.6208333328125 0.1421875 0.6166666671875001 0.14140625 0.5888888890625 0.13828125 0.58055555625 0.13046875 0.51805555625 0.12578125 0.5138888890625 0.12578125 0.4875 0.12265625 0.4763888890625 0.11171875 0.47222222187499996 0.1140625 0.447222221875 0.11171875 0.44305555625000004 0.09453125 0.44166666718750003 0.08359375 0.45416666718750004 0.06953125 0.4625 0.0671875 0.46805555625000006 0.06328125 0.46388888906250003 0.06328125 0.48055555625 0.06640625 0.49583333281249997 0.0578125 0.527777778125 0.06015625 0.5513888890625 0.06875 0.5555555562500001 0.0984375 0.5458333328125 0.10546875 0.5513888890625 0.1078125 0.6
7 0.15625 0.51805555625 0.1640625 0.5722222218749999 0.21171875 0.56805555625 0.21875 0.5541666671875001 0.221875 0.5541666671875001 0.25 0.5638888890625 0.27734375 0.5638888890625 0.29453125 0.590277778125 0.31796875 0.5930555562500001 0.33046875 0.577777778125 0.33828125 0.5555555562500001 0.35546875 0.55 0.3578125 0.54305555625 0.35546875 0.5125 0.3609375 0.5013888890625 0.3640625 0.48055555625 0.3625 0.45277777812500003 0.36015625 0.44166666718750003 0.340625 0.40972222187499996 0.31875 0.39305555625 0.3109375 0.38055555625 0.28671875 0.35694444375 0.28125 0.35555555625 0.275 0.334722221875 0.26015625 0.32777777812500003 0.25546875 0.315277778125 0.24765625 0.32777777812500003 0.23125 0.33194444375 0.22421875 0.3638888890625 0.21953125 0.365277778125 0.21640625 0.3513888890625 0.1984375 0.33888888906250003 0.19296875 0.33055555625 0.190625 0.31944444375000003 0.15390625 0.29444444375 0.13828125 0.290277778125 0.13828125 0.33055555625 0.14453125 0.35555555625 0.16875 0.38055555625 0.175 0.397222221875 0.1734375 0.41111111093749997 0.16328125 0.43055555625 0.15 0.43194444374999996 0.15625 0.51805555625
7 0.0703125 0.290277778125 0.0953125 0.302777778125 0.1015625 0.322222221875 0.10625 0.3263888890625 0.11171875 0.3236111109375 0.109375 0.28055555625 0.10625 0.26805555625 0.09921875 0.25833333281250004 0.08203125 0.2513888890625 0.06015625 0.23194444375 0.021875 0.2138888890625 0.00859375 0.215277778125 0.003125 0.222222221875 0.0015625 0.23472222187499997 0.00390625 0.2388888890625 0.02421875 0.2513888890625 0.03203125 0.26527777812500003 0.046875 0.272222221875 0.05078125 0.28055555625 0.06640625 0.28472222187499996 0.0703125 0.290277778125
7 0.4578125 0.16805555625 0.4609375 0.16944444375 0.4640625 0.1583333328125 0.46796875 0.15694444375 0.46953125 0.1458333328125 0.4625 0.13888888906250002 0.4625 0.12361111093749999 0.4671875 0.1208333328125 0.46953125 0.127777778125 0.47421875 0.1263888890625 0.47421875 0.115277778125 0.471875 0.1111111109375 0.475 0.10694444375 0.47421875 0.10138888906250001 0.46328125 0.1 0.45859375 0.10833333281249999 0.4640625 0.1166666671875 0.4625 0.12222222187500001 0.4578125 0.1208333328125 0.46171875 0.127777778125 0.45625 0.13888888906250002 0.45703125 0.1583333328125 0.46171875 0.1625 0.4578125 0.16805555625
7 0.3234375 0.19305555624999998 0.3296875 0.16944444375 0.33359375 0.16388888906250001 0.34375 0.16805555625 0.3421875 0.165277778125 0.34609375 0.1611111109375 0.3484375 0.16805555625 0.34921875 0.16388888906250001 0.34375 0.1583333328125 0.3453125 0.1541666671875 0.36875 0.1416666671875 0.3703125 0.11944444375 0.375 0.10833333281249999 0.38046875 0.10555555624999999 0.3796875 0.040277778125000004 0.37734375 0.0375 0.35546875 0.05 0.34453125 0.04305555625 0.2921875 0.047222221875 0.28359375 0.054166667187499996 0.2796875 0.06944444375 0.2796875 0.0916666671875 0.275 0.109722221875 0.27578125 0.147222221875 0.28046875 0.15694444375 0.28203125 0.1763888890625 0.29765625 0.17361111093749998 0.30390625 0.19305555624999998 0.3234375 0.19305555624999998
7 0.41171875 0.184722221875 0.42734375 0.18055555625 0.4390625 0.1541666671875 0.44140625 0.1416666671875 0.43984375 0.11805555625 0.44296875 0.084722221875 0.44921875 0.08055555625000001 0.45625 0.09305555625 0.46796875 0.09444444375 0.475 0.08333333281250001 0.4765625 0.072222221875 0.47265625 0.022222221875 0.46875 0.009722221875000001 0.46328125 0.00555555625 0.42734375 0.00555555625 0.409375 0.0166666671875 0.3953125 0.019444443750000002 0.3890625 0.030555556249999997 0.38984375 0.0861111109375 0.3875 0.10833333281249999 0.38984375 0.125 0.39375 0.13194444375 0.39453125 0.15555555625 0.4 0.16944444375 0.4 0.18055555625 0.41171875 0.184722221875
7 0.971875 0.240277778125 0.9765625 0.20555555625 0.9671875 0.19444444375 0.95703125 0.1916666671875 0.93359375 0.17361111093749998 0.9203125 0.1708333328125 0.91875 0.1861111109375 0.93046875 0.20694444375 0.93359375 0.21805555625 0.9515625 0.2208333328125 0.96015625 0.22916666718749998 0.96484375 0.24305555625 0.96875 0.24444444375000002 0.971875 0.240277778125
7 0.93515625 0.12222222187500001 0.92734375 0.1208333328125 0.92421875 0.125 0.9234375 0.13194444375 0.92578125 0.1375 0.940625 0.15 0.96484375 0.16388888906250001 0.97890625 0.165277778125 0.97890625 0.15277777812499999 0.97265625 0.140277778125 0.93515625 0.12222222187500001
7 0.790625 0.1208333328125 0.796875 0.109722221875 0.796875 0.097222221875 0.788671875 0.09444444375 0.7875 0.10138888906250001 0.784375 0.09444444375 0.78203125 0.0958333328125 0.7875 0.1041666671875 0.78828125 0.1208333328125 0.7859375 0.1291666671875 0.78671875 0.14861111093749999 0.79296875 0.15 0.79296875 0.1291666671875 0.790625 0.1208333328125
7 0.76171875 0.077777778125 0.74609375 0.077777778125 0.74765625 0.1263888890625 0.7453125 0.15555555625 0.7484375 0.15972222187500001 0.76171875 0.15972222187500001 0.76875 0.1513888890625 0.7703125 0.09444444375 0.77265625 0.0861111109375 0.76171875 0.077777778125
7 0.7375 0.115277778125 0.7390625 0.0875 0.74140625 0.08333333281250001 0.7390625 0.07083333281250001 0.7171875 0.058333332812500006 0.7015625 0.055555556250000006 0.690625 0.0458333328125 0.6796875 0.04444444375 0.6765625 0.0486111109375 0.67734375 0.102777778125 0.6859375 0.10694444375 0.7015625 0.1375 0.71015625 0.14305555625 0.71640625 0.1541666671875 0.734375 0.15972222187500001 0.7375 0.15277777812499999 0.7375 0.115277778125
4 0.8390625 0.19583333281249998 0.83828125 0.2375 0.840625 0.24444444375000002 0.8484375 0.24722222187499998 0.85546875 0.2125 0.85546875 0.190277778125 0.853125 0.18194444375000002 0.84765625 0.17916666718750002 0.8390625 0.19583333281249998
4 0.09453125 0.30555555624999997 0.07734375 0.29722222187499997 0.0765625 0.3263888890625 0.0796875 0.334722221875 0.0828125 0.3625 0.08828125 0.36805555624999997 0.1 0.36944444375 0.09921875 0.322222221875 0.096875 0.3125 0.09453125 0.30555555624999997
4 0.93046875 0.2666666671875 0.93125 0.23194444375 0.9296875 0.2236111109375 0.925 0.21805555625 0.9203125 0.2208333328125 0.91640625 0.23194444375 0.91328125 0.24305555625 0.91328125 0.2666666671875 0.915625 0.275 0.9140625 0.29305555625 0.921875 0.2958333328125 0.925 0.29305555625 0.925 0.28472222187499996 0.93046875 0.2666666671875
4 0.53828125 0.15555555625 0.54765625 0.15972222187500001 0.55703125 0.1541666671875 0.5578125 0.13888888906250002 0.553125 0.11805555625 0.5421875 0.13055555624999998 0.5359375 0.13055555624999998 0.53828125 0.15555555625