7 0.28055555625 0.11484375 0.275 0.0875 0.24583333281250003 0.0875 0.23055555625 0.08359375 0.2138888890625 0.075 0.1833333328125 0.08359375 0.17361111093749998 0.0890625 0.15972222187500001 0.10703125 0.1541666671875 0.13125 0.1541666671875 0.13984375 0.15972222187500001 0.146875 0.15555555625 0.1515625 0.15555555625 0.16796875 0.165277778125 0.18203125 0.16944444375 0.184375 0.1916666671875 0.184375 0.222222221875 0.1796875 0.222222221875 0.1640625 0.20972222187499998 0.1609375 0.19444444375 0.1609375 0.18055555625 0.15546875 0.177777778125 0.15 0.18194444375000002 0.14609375 0.20138888906250002 0.14296875 0.2388888890625 0.1484375 0.25833333281250004 0.121875 0.27777777812500004 0.11796875 0.28055555625 0.11484375
7 0.10694444375 0.0296875 0.09444444375 0.03203125 0.08194444375 0.03828125 0.07083333281250001 0.065625 0.072222221875 0.0796875 0.08194444375 0.0921875 0.10555555624999999 0.09453125 0.1041666671875 0.0984375 0.0791666671875 0.10234375 0.07638888906249999 0.10625 0.07083333281250001 0.1359375 0.077777778125 0.1421875 0.0916666671875 0.13671875 0.09305555625 0.1328125 0.10555555624999999 0.12578125 0.1166666671875 0.11171875 0.1208333328125 0.0953125 0.13055555624999998 0.08203125 0.13055555624999998 0.0765625 0.1208333328125 0.0671875 0.11805555625 0.0515625 0.102777778125 0.0453125 0.10694444375 0.03828125 0.11805555625 0.03828125 0.11805555625 0.03359375 0.10694444375 0.0296875
7 0.3125 0.0375 0.30555555624999997 0.03203125 0.25833333281250004 0.03046875 0.26805555625 0.03828125 0.28055555625 0.04140625 0.30416666718749996 0.0421875 0.3125 0.0375
7 0.3138888890625 0.0234375 0.32777777812500003 0.02421875 0.3416666671875 0.01953125 0.3513888890625 0.0078125 0.3513888890625 0.00078125 0.28055555625 0.00078125 0.272222221875 0.00390625 0.2666666671875 0.00390625 0.2638888890625 0.00078125 0.22638888906250001 0.00078125 0.2236111109375 0.00390625 0.2236111109375 0.00703125 0.23194444375 0.01171875 0.252777778125 0.0125 0.3138888890625 0.0234375
7 0.1458333328125 0.11484375 0.13055555624999998 0.1328125 0.12222222187500001 0.1578125 0.14305555625 0.15859375 0.15 0.15546875 0.1541666671875 0.1296875 0.1541666671875 0.11875 0.15 0.1140625 0.1458333328125 0.11484375
7 0.0791666671875 0.14140625 0.10555555624999999 0.125 0.115277778125 0.1140625 0.1166666671875 0.1015625 0.090277778125 0.1015625 0.077777778125 0.10625 0.072222221875 0.1359375 0.0791666671875 0.14140625
7 0.51805555625 0.86953125 0.5138888890625 0.87421875 0.4875 0.87421875 0.4763888890625 0.87734375 0.47222222187499996 0.88828125 0.447222221875 0.8859375 0.44305555625000004 0.88828125 0.44166666718750003 0.90546875 0.45416666718750004 0.91640625 0.4625 0.93046875 0.46805555625000006 0.9328125 0.46388888906250003 0.93671875 0.48055555625 0.93671875 0.49583333281249997 0.93359375 0.527777778125 0.9421875 0.5513888890625 0.93984375 0.5555555562500001 0.93125 0.5458333328125 0.9015625 0.5513888890625 0.89453125 0.6 0.8921875 0.6180555562500001 0.8796875 0.6208333328125 0.86328125 0.6166666671875001 0.8578125 0.5888888890625 0.85859375 0.58055555625 0.86171875 0.51805555625 0.86953125
7 0.5638888890625 0.72265625 0.590277778125 0.70546875 0.5930555562500001 0.68203125 0.577777778125 0.66953125 0.5555555562500001 0.66171875 0.55 0.64453125 0.54305555625 0.6421875 0.5125 0.64453125 0.5013888890625 0.6390625 0.48055555625 0.6359375 0.45277777812500003 0.6375 0.44166666718750003 0.63984375 0.40972222187499996 0.659375 0.39305555625 0.68125 0.38055555625 0.6890625 0.35694444375 0.71328125 0.35555555625 0.71875 0.334722221875 0.725 0.32777777812500003 0.73984375 0.315277778125 0.74453125 0.32777777812500003 0.75234375 0.33194444375 0.76875 0.3638888890625 0.77578125 0.365277778125 0.78046875 0.3513888890625 0.78359375 0.33888888906250003 0.8015625 0.33055555625 0.80703125 0.31944444375000003 0.809375 0.29444444375 0.84609375 0.290277778125 0.86171875 0.33055555625 0.86171875 0.35555555625 0.85546875 0.38055555625 0.83125 0.397222221875 0.825 0.41111111093749997 0.8265625 0.43055555625 0.83671875 0.43194444374999996 0.85 0.51805555625 0.84375 0.5722222218749999 0.8359375 0.56805555625 0.78828125 0.5541666671875001 0.78125 0.5541666671875001 0.778125 0.5638888890625 0.75 0.5638888890625 0.72265625
7 0.26805555625 0.89375 0.25833333281250004 0.90078125 0.2513888890625 0.91796875 0.23194444375 0.93984375 0.2138888890625 0.978125 0.215277778125 0.99140625 0.222222221875 0.996875 0.23472222187499997 0.9984375 0.2388888890625 0.99609375 0.2513888890625 0.97578125 0.26527777812500003 0.96796875 0.272222221875 0.953125 0.28055555625 0.94921875 0.28472222187499996 0.93359375 0.290277778125 0.9296875 0.302777778125 0.9046875 0.322222221875 0.8984375 0.3263888890625 0.89375 0.3236111109375 0.88828125 0.28055555625 0.890625 0.26805555625 0.89375
7 0.12361111093749999 0.5375 0.1208333328125 0.5328125 0.127777778125 0.53046875 0.1263888890625 0.52578125 0.115277778125 0.52578125 0.1111111109375 0.528125 0.10694444375 0.525 0.10138888906250001 0.52578125 0.1 0.53671875 0.10833333281249999 0.54140625 0.1166666671875 0.5359375 0.12222222187500001 0.5375 0.1208333328125 0.5421875 0.127777778125 0.53828125 0.13888888906250002 0.54375 0.1583333328125 0.54296875 0.1625 0.53828125 0.16805555625 0.5421875 0.16944444375 0.5390625 0.1583333328125 0.5359375 0.15694444375 0.53203125 0.1458333328125 0.53046875 0.13888888906250002 0.5375 0.12361111093749999 0.5375
7 0.16805555625 0.6515625 0.16388888906250001 0.65078125 0.1583333328125 0.65625 0.1541666671875 0.6546875 0.1416666671875 0.63125 0.11944444375 0.6296875 0.10833333281249999 0.625 0.10555555624999999 0.61953125 0.040277778125000004 0.6203125 0.0375 0.62265625 0.05 0.64453125 0.04305555625 0.65546875 0.047222221875 0.7078125 0.054166667187499996 0.71640625 0.06944444375 0.7203125 0.0916666671875 0.7203125 0.109722221875 0.725 0.147222221875 0.72421875 0.15694444375 0.71953125 0.1763888890625 0.71796875 0.17361111093749998 0.70234375 0.19305555624999998 0.69609375 0.19305555624999998 0.6765625 0.16944444375 0.6703125 0.16388888906250001 0.66640625 0.16805555625 0.65625 0.165277778125 0.6578125 0.1611111109375 0.65390625 0.16805555625 0.6515625
7 0.08055555625000001 0.55078125 0.09305555625 0.54375 0.09444444375 0.53203125 0.08333333281250001 0.525 0.072222221875 0.5234375 0.022222221875 0.52734375 0.009722221875000001 0.53125 0.00555555625 0.53671875 0.00555555625 0.57265625 0.0166666671875 0.590625 0.019444443750000002 0.6046875 0.030555556249999997 0.6109375 0.0861111109375 0.61015625 0.10833333281249999 0.6125 0.125 0.61015625 0.13194444375 0.60625 0.15555555625 0.60546875 0.16944444375 0.6 0.18055555625 0.6 0.184722221875 0.58828125 0.18055555625 0.57265625 0.1541666671875 0.5609375 0.1416666671875 0.55859375 0.11805555625 0.56015625 0.084722221875 0.55703125 0.08055555625000001 0.55078125
7 0.1861111109375 0.08125 0.20694444375 0.06953125 0.21805555625 0.06640625 0.2208333328125 0.0484375 0.22916666718749998 0.03984375 0.24305555625 0.03515625 0.24444444375000002 0.03125 0.240277778125 0.028125 0.20555555625 0.0234375 0.19444444375 0.0328125 0.1916666671875 0.04296875 0.17361111093749998 0.06640625 0.1708333328125 0.0796875 0.1861111109375 0.08125
7 0.16388888906250001 0.03515625 0.165277778125 0.02109375 0.15277777812499999 0.02109375 0.140277778125 0.02734375 0.12222222187500001 0.06484375 0.1208333328125 0.07265625 0.125 0.07578125 0.13194444375 0.0765625 0.1375 0.07421875 0.15 0.059375 0.16388888906250001 0.03515625
7 0.0958333328125 0.21796875 0.1041666671875 0.2125 0.1208333328125 0.21171875 0.1291666671875 0.2140625 0.14861111093749999 0.21328125 0.15 0.20703125 0.1291666671875 0.20703125 0.1208333328125 0.209375 0.109722221875 0.203125 0.097222221875 0.203125 0.09444444375 0.211328125 0.10138888906250001 0.2125 0.09444444375 0.215625 0.0958333328125 0.21796875
7 0.1513888890625 0.23125 0.09444444375 0.2296875 0.0861111109375 0.22734375 0.077777778125 0.23828125 0.077777778125 0.25390625 0.1263888890625 0.25234375 0.15555555625 0.2546875 0.15972222187500001 0.2515625 0.15972222187500001 0.23828125 0.1513888890625 0.23125
7 0.0458333328125 0.309375 0.04444444375 0.3203125 0.0486111109375 0.3234375 0.102777778125 0.32265625 0.10694444375 0.3140625 0.1375 0.2984375 0.14305555625 0.28984375 0.1541666671875 0.28359375 0.15972222187500001 0.265625 0.15277777812499999 0.2625 0.115277778125 0.2625 0.0875 0.2609375 0.08333333281250001 0.25859375 0.07083333281250001 0.2609375 0.058333332812500006 0.2828125 0.055555556250000006 0.2984375 0.0458333328125 0.309375
4 0.18194444375000002 0.146875 0.17916666718750002 0.15234375 0.19583333281249998 0.1609375 0.2375 0.16171875 0.24444444375000002 0.159375 0.24722222187499998 0.1515625 0.2125 0.14453125 0.190277778125 0.14453125 0.18194444375000002 0.146875
4 0.36944444375 0.9 0.322222221875 0.90078125 0.3125 0.903125 0.30555555624999997 0.90546875 0.29722222187499997 0.92265625 0.3263888890625 0.9234375 0.334722221875 0.9203125 0.3625 0.9171875 0.36805555624999997 0.91171875 0.36944444375 0.9
4 0.24305555625 0.08671875 0.2666666671875 0.08671875 0.275 0.084375 0.29305555625 0.0859375 0.2958333328125 0.078125 0.29305555625 0.075 0.28472222187499996 0.075 0.2666666671875 0.06953125 0.23194444375 0.06875 0.2236111109375 0.0703125 0.21805555625 0.075 0.2208333328125 0.0796875 0.23194444375 0.08359375 0.24305555625 0.08671875
4 0.13055555624999998 0.4640625 0.15555555625 0.46171875 0.15972222187500001 0.45234375 0.1541666671875 0.44296875 0.13888888906250002 0.4421875 0.11805555625 0.446875 0.13055555624999998 0.4578125 0.13055555624999998 0.4640625