2 0.02265625 0.4763888890625 0.0296875 0.46805555625000006 0.028125 0.434722221875 0.02109375 0.42222222187499997 0.01328125 0.43055555625 0.0140625 0.46666666718750005 0.02265625 0.4763888890625
7 0.3796875 0.097222221875 0.3796875 0.0388888890625 0.36484375 0.04305555625 0.3546875 0.054166667187499996 0.33828125 0.055555556250000006 0.33828125 0.06805555625000001 0.35 0.0875 0.3625 0.11805555625 0.36953125 0.11805555625 0.3796875 0.097222221875
7 0.93046875 0.23333333281250002 0.915625 0.18194444375000002 0.9109375 0.17361111093749998 0.88046875 0.15555555625 0.8546875 0.15694444375 0.84140625 0.15277777812499999 0.82421875 0.15555555625 0.8171875 0.1625 0.8140625 0.1833333328125 0.8203125 0.2208333328125 0.83125 0.222222221875 0.8375 0.2166666671875 0.846875 0.2208333328125 0.85 0.23472222187499997 0.8546875 0.240277778125 0.87890625 0.25833333281250004 0.88203125 0.275 0.88671875 0.28055555625 0.89765625 0.275 0.925 0.275 0.92890625 0.26805555625 0.93046875 0.23333333281250002
7 0.9625 0.3333333328125 0.96796875 0.30694444375 0.9734375 0.30555555624999997 0.96796875 0.3013888890625 0.96875 0.2638888890625 0.96484375 0.26527777812500003 0.96171875 0.275 0.96171875 0.30555555624999997 0.95703125 0.325 0.96015625 0.3333333328125 0.9625 0.3333333328125
7 0.9859375 0.34305555625 0.99296875 0.352777778125 0.99921875 0.352777778125 0.99921875 0.28055555625 0.99609375 0.27777777812500004 0.9921875 0.25833333281250004 0.9859375 0.2611111109375 0.98203125 0.290277778125 0.975 0.3111111109375 0.9734375 0.3291666671875 0.98046875 0.3416666671875 0.9859375 0.34305555625
7 0.88125 0.14305555625 0.8671875 0.13055555624999998 0.853125 0.1291666671875 0.85 0.13055555624999998 0.85 0.1375 0.85546875 0.15 0.875 0.15555555625 0.884375 0.15 0.88125 0.14305555625
7 0.89765625 0.08194444375 0.8703125 0.075 0.8625 0.077777778125 0.86015625 0.08055555625000001 0.86171875 0.0875 0.875 0.10555555624999999 0.8875 0.115277778125 0.9 0.115277778125 0.89765625 0.08194444375
7 0.12734375 0.6208333328125 0.14140625 0.6166666671875001 0.14296875 0.5958333328125 0.13046875 0.5291666671875 0.13046875 0.51805555625 0.1265625 0.5138888890625 0.125 0.48194444374999995 0.11640625 0.48055555625 0.11171875 0.47222222187499996 0.115625 0.4458333328125 0.10546875 0.434722221875 0.0953125 0.434722221875 0.08671875 0.44305555625000004 0.0859375 0.45 0.07265625 0.46944444374999994 0.06328125 0.4513888890625 0.065625 0.45694444375 0.06328125 0.4611111109375 0.06328125 0.48194444374999995 0.06640625 0.49583333281249997 0.0625 0.515277778125 0.0578125 0.525 0.0609375 0.5611111109375 0.06328125 0.5638888890625 0.0671875 0.5555555562500001 0.1015625 0.5458333328125 0.10703125 0.5555555562500001 0.1078125 0.6013888890625 0.11796875 0.6152777781250001 0.12734375 0.6208333328125
7 0.23671875 0.5625 0.275 0.5638888890625 0.2796875 0.5666666671875 0.28359375 0.577777778125 0.2953125 0.5916666671875 0.3171875 0.5930555562500001 0.3296875 0.5791666671875 0.33828125 0.55694444375 0.34765625 0.5527777781250001 0.36015625 0.527777778125 0.36484375 0.5041666671875 0.3640625 0.46805555625000006 0.36171875 0.447222221875 0.35625 0.43333333281249997 0.34140625 0.41111111093749997 0.31875 0.39305555625 0.28828125 0.35694444375 0.28203125 0.35555555625 0.27265625 0.33194444375 0.2609375 0.3291666671875 0.2546875 0.315277778125 0.24765625 0.32777777812500003 0.2328125 0.33055555625 0.22421875 0.36805555624999997 0.21875 0.372222221875 0.2171875 0.35555555625 0.19453125 0.3333333328125 0.190625 0.31944444375000003 0.1578125 0.3 0.15625 0.2958333328125 0.1390625 0.2888888890625 0.1375 0.322222221875 0.14375 0.352777778125 0.16796875 0.3791666671875 0.17578125 0.397222221875 0.1734375 0.4138888890625 0.1671875 0.425 0.15 0.43194444374999996 0.1578125 0.5361111109375 0.16484375 0.5763888890625 0.19296875 0.56805555625 0.2125 0.56805555625 0.21953125 0.5555555562500001 0.23046875 0.5555555562500001 0.23671875 0.5625
7 0.10546875 0.26527777812500003 0.09921875 0.25694444375000003 0.0875 0.2541666671875 0.06015625 0.23194444375 0.040625 0.22638888906250001 0.02421875 0.215277778125 0.0109375 0.215277778125 0.003125 0.2208333328125 0.0015625 0.23194444375 0.00546875 0.240277778125 0.02890625 0.25555555625 0.0328125 0.2666666671875 0.04765625 0.272222221875 0.05546875 0.2833333328125 0.0625 0.2833333328125 0.08359375 0.2958333328125 0.0953125 0.30555555624999997 0.10078125 0.322222221875 0.10546875 0.3263888890625 0.11171875 0.3236111109375 0.109375 0.28055555625 0.10546875 0.26527777812500003
7 0.36484375 0.04305555625 0.3546875 0.052777778124999994 0.34296875 0.0513888890625 0.33515625 0.05694444375 0.32890625 0.04305555625 0.28828125 0.05 0.28125 0.055555556250000006 0.278125 0.06944444375 0.278125 0.0916666671875 0.27578125 0.097222221875 0.275 0.1541666671875 0.278125 0.1583333328125 0.28203125 0.177777778125 0.296875 0.172222221875 0.30390625 0.19305555624999998 0.32421875 0.19305555624999998 0.3296875 0.16944444375 0.3375 0.15972222187500001 0.34453125 0.1416666671875 0.36875 0.1416666671875 0.36640625 0.127777778125 0.38046875 0.0958333328125 0.3796875 0.0388888890625 0.36484375 0.04305555625
7 0.44921875 0.08333333281250001 0.45625 0.1 0.45703125 0.175 0.4609375 0.177777778125 0.46796875 0.1708333328125 0.478125 0.13194444375 0.47265625 0.01805555625 0.4625 0.006944443749999999 0.42734375 0.00555555625 0.415625 0.013888889062500001 0.39375 0.019444443750000002 0.3890625 0.030555556249999997 0.38828125 0.11805555625 0.3921875 0.127777778125 0.39296875 0.1513888890625 0.4 0.16944444375 0.4 0.177777778125 0.42109375 0.1833333328125 0.4296875 0.17916666718750002 0.43203125 0.1708333328125 0.43828125 0.1666666671875 0.4375 0.15972222187500001 0.44140625 0.1458333328125 0.43984375 0.11944444375 0.4453125 0.08333333281250001 0.44921875 0.08333333281250001
7 0.99921875 0.23055555625 0.99296875 0.2208333328125 0.99140625 0.23055555625 0.99921875 0.23055555625
7 0.9875 0.177777778125 0.984375 0.16944444375 0.9828125 0.172222221875 0.9875 0.177777778125
7 0.9609375 0.23611111093749998 0.96484375 0.24305555625 0.9703125 0.240277778125 0.9734375 0.23055555625 0.975 0.20416666718749998 0.9359375 0.17361111093749998 0.9203125 0.16944444375 0.91953125 0.1875 0.93359375 0.23055555625 0.94296875 0.23611111093749998 0.9609375 0.23611111093749998
7 0.95078125 0.15555555625 0.9625 0.15694444375 0.96953125 0.1666666671875 0.98046875 0.16805555625 0.98046875 0.1541666671875 0.975 0.14305555625 0.96484375 0.134722221875 0.9359375 0.12222222187500001 0.92578125 0.1263888890625 0.92578125 0.1375 0.93125 0.14305555625 0.95078125 0.15555555625
7 0.7890625 0.11944444375 0.7875 0.12222222187500001 0.78671875 0.140277778125 0.7921875 0.14444444375 0.79296875 0.1263888890625 0.7890625 0.11944444375
7 0.7890625 0.1166666671875 0.79296875 0.1166666671875 0.79296875 0.10833333281249999 0.796875 0.10555555624999999 0.7953125 0.097222221875 0.78828125 0.097222221875 0.7890625 0.1166666671875
7 0.7484375 0.0791666671875 0.7453125 0.15555555625 0.7484375 0.15972222187500001 0.76484375 0.15694444375 0.76875 0.147222221875 0.7703125 0.084722221875 0.75234375 0.075 0.7484375 0.0791666671875
7 0.67734375 0.102777778125 0.68671875 0.10833333281249999 0.69453125 0.127777778125 0.71015625 0.14305555625 0.71640625 0.1541666671875 0.7265625 0.15972222187500001 0.734375 0.15972222187500001 0.73671875 0.15555555625 0.7375 0.115277778125 0.74140625 0.084722221875 0.7390625 0.06944444375 0.6828125 0.047222221875 0.6765625 0.054166667187499996 0.67734375 0.102777778125
4 0.96171875 0.2708333328125 0.96796875 0.252777778125 0.9625 0.240277778125 0.95390625 0.23611111093749998 0.94453125 0.2625 0.93828125 0.3083333328125 0.94296875 0.31805555625 0.9546875 0.3166666671875 0.96015625 0.30694444375 0.96171875 0.2708333328125
4 0.075 0.36805555624999997 0.0796875 0.3708333328125 0.0796875 0.38055555625 0.09296875 0.384722221875 0.0984375 0.3333333328125 0.09765625 0.31944444375000003 0.09375 0.309722221875 0.08828125 0.30694444375 0.0765625 0.3083333328125 0.07421875 0.3138888890625 0.06875 0.315277778125 0.06875 0.34444444375 0.075 0.36805555624999997