2 0.5319444437499999 0.02890625 0.5319444437499999 0.0359375 0.575 0.03671875 0.58194444375 0.0328125 0.58055555625 0.025 0.5416666671875 0.025 0.5319444437499999 0.02890625
1 0.8041666671875 0.38984375 0.859722221875 0.3890625 0.872222221875 0.384375 0.89444444375 0.3828125 0.897222221875 0.375 0.89305555625 0.3703125 0.7458333328125 0.371875 0.7402777781250001 0.36875 0.7402777781250001 0.3578125 0.7361111109375 0.3578125 0.7291666671875 0.36796875 0.7138888890625 0.375 0.7111111109375 0.3796875 0.7166666671875 0.38671875 0.7111111109375 0.39453125 0.722222221875 0.39375 0.7361111109375 0.38671875 0.7569444437499999 0.38515625 0.7791666671875 0.38515625 0.8041666671875 0.38984375
1 0.91944444375 0.45 0.9111111109375001 0.44296875 0.8583333328125 0.4421875 0.8444444437499999 0.43984375 0.784722221875 0.4421875 0.7763888890625 0.43828125 0.7736111109375 0.43046875 0.76944444375 0.4296875 0.7611111109375 0.4328125 0.7569444437499999 0.43828125 0.7486111109375 0.46015625 0.7611111109375 0.46015625 0.759890571875 0.464962121875 0.7666666671875 0.45625 0.7833333328125 0.45234375 0.8333333328125001 0.45625 0.9111111109375001 0.45390625 0.91944444375 0.45
6 0.7583333328124999 0.7640625 0.7833333328125 0.76171875 0.8027777781250001 0.7546875 0.8125 0.73515625 0.8430555562500001 0.7296875 0.85 0.709375 0.85 0.690625 0.834722221875 0.6796875 0.83055555625 0.6609375 0.8194444437499999 0.65625 0.7888888890625 0.6546875 0.7736111109375 0.65703125 0.7597222218749999 0.6625 0.7611111109375 0.6828125 0.752777778125 0.69765625 0.74444444375 0.70078125 0.725 0.70234375 0.7166666671875 0.70859375 0.7166666671875 0.72109375 0.73055555625 0.7296875 0.722222221875 0.7375 0.7236111109375 0.76171875 0.7291666671875 0.76328125 0.7583333328124999 0.7640625
6 0.8236111109375001 0.6078125 0.8388888890624999 0.5984375 0.8361111109375001 0.575 0.8194444437499999 0.56875 0.8027777781250001 0.56640625 0.777777778125 0.56796875 0.7597222218749999 0.57578125 0.7486111109375 0.59140625 0.7388888890625 0.5984375 0.7416666671875001 0.65390625 0.7486111109375 0.65703125 0.76944444375 0.65546875 0.777777778125 0.63671875 0.784722221875 0.6328125 0.79444444375 0.63671875 0.8041666671875 0.6359375 0.815277778125 0.6265625 0.8236111109375001 0.6078125
7 0.8791666671874999 0.8375 0.86944444375 0.83671875 0.8486111109375001 0.84453125 0.8486111109375001 0.8921875 0.86944444375 0.8671875 0.872222221875 0.85625 0.8791666671874999 0.84921875 0.8791666671874999 0.8375
7 0.9083333328125001 0.9578125 0.91944444375 0.9515625 0.9277777781250001 0.9390625 0.9277777781250001 0.9234375 0.922222221875 0.9125 0.9125 0.90703125 0.88055555625 0.90625 0.8736111109375001 0.9171875 0.8736111109375001 0.92421875 0.8791666671874999 0.9265625 0.88055555625 0.9515625 0.9083333328125001 0.95625 0.9 0.96171875 0.8819444437499999 0.96171875 0.8833333328125 0.9671875 0.89444444375 0.9734375 0.902777778125 0.9734375 0.9166666671874999 0.9625 0.909722221875 0.96171875 0.9083333328125001 0.9578125
7 0.9291666671875 0.8703125 0.9291666671875 0.8625 0.922222221875 0.85703125 0.91944444375 0.85625 0.897222221875 0.875 0.8861111109375001 0.8890625 0.8861111109375001 0.89609375 0.91944444375 0.89765625 0.9291666671875 0.8703125
7 0.73194444375 0.93046875 0.7666666671875 0.93046875 0.7763888890625 0.92578125 0.81805555625 0.915625 0.83055555625 0.90625 0.8444444437499999 0.88046875 0.8416666671874999 0.85078125 0.8458333328125001 0.84140625 0.8444444437499999 0.81875 0.83055555625 0.815625 0.815277778125 0.8140625 0.8041666671875 0.8171875 0.7819444437499999 0.8171875 0.7736111109375 0.8203125 0.7708333328125 0.83125 0.7819444437499999 0.8375 0.7819444437499999 0.84765625 0.7638888890625 0.85078125 0.7416666671875001 0.878125 0.725 0.88125 0.7194444437499999 0.88671875 0.7236111109375 0.8953125 0.722222221875 0.925 0.73194444375 0.93046875
7 0.95555555625 0.36484375 0.9444444437499999 0.35546875 0.9444444437499999 0.334375 0.95694444375 0.328125 0.95 0.28359375 0.9305555562500001 0.275 0.834722221875 0.275 0.8291666671875 0.28515625 0.8291666671875 0.296875 0.809722221875 0.30625 0.80694444375 0.3109375 0.80694444375 0.3234375 0.83055555625 0.33359375 0.8263888890625 0.35546875 0.83194444375 0.36875 0.8916666671875 0.36875 0.9 0.38046875 0.9611111109375001 0.3796875 0.9625 0.37578125 0.95555555625 0.36484375
7 0.8736111109375001 0.478125 0.91805555625 0.4765625 0.9444444437499999 0.4796875 0.9861111109375 0.47890625 0.9930555562500001 0.4625 0.9930555562500001 0.42734375 0.9791666671874999 0.39453125 0.9694444437499999 0.3890625 0.8819444437499999 0.38828125 0.8666666671875 0.39375 0.847222221875 0.39375 0.8208333328125 0.40390625 0.8166666671874999 0.4109375 0.8208333328125 0.42734375 0.834722221875 0.4359375 0.8736111109375001 0.44140625 0.8736111109375001 0.45625 0.8208333328125 0.45625 0.83194444375 0.46875 0.8430555562500001 0.47109375 0.85 0.47578125 0.8736111109375001 0.478125
7 0.76944444375 0.98984375 0.7569444437499999 0.9875 0.7333333328125 0.98828125 0.73194444375 0.9953125 0.74444444375 0.99921875 0.7763888890625 0.99921875 0.7805555562500001 0.99375 0.76944444375 0.98984375
7 0.8111111109375001 0.91796875 0.7638888890625 0.93359375 0.7611111109375 0.94375 0.765277778125 0.953125 0.7611111109375 0.95625 0.765277778125 0.96015625 0.7541666671875 0.96953125 0.7708333328125 0.97421875 0.7861111109375 0.975 0.797222221875 0.97265625 0.83055555625 0.9296875 0.83194444375 0.921875 0.8263888890625 0.91875 0.8111111109375001 0.91796875
7 0.85555555625 0.9546875 0.8458333328125001 0.96484375 0.840277778125 0.98046875 0.85555555625 0.9765625 0.859722221875 0.97109375 0.875 0.94453125 0.877777778125 0.92578125 0.86944444375 0.925 0.86944444375 0.92890625 0.85694444375 0.9390625 0.85555555625 0.9546875
7 0.86944444375 0.7859375 0.8652777781250001 0.78125 0.859722221875 0.78125 0.8486111109375001 0.78671875 0.8486111109375001 0.79296875 0.88055555625 0.7921875 0.902777778125 0.79765625 0.9069444437499999 0.79296875 0.9055555562500001 0.7875 0.8888888890625 0.79140625 0.8847222218749999 0.78828125 0.86944444375 0.7859375
7 0.9111111109375001 0.77109375 0.91805555625 0.76796875 0.9236111109375 0.74921875 0.8736111109375001 0.74765625 0.8652777781250001 0.7453125 0.840277778125 0.74609375 0.840277778125 0.76171875 0.8458333328125001 0.76796875 0.89305555625 0.77109375 0.9111111109375001 0.77109375
7 0.8986111109375001 0.67734375 0.8916666671875 0.68515625 0.86944444375 0.6875 0.85694444375 0.7046875 0.8541666671874999 0.71875 0.8416666671874999 0.73203125 0.8458333328125001 0.7375 0.93194444375 0.73828125 0.95555555625 0.68203125 0.9541666671875 0.67734375 0.9416666671874999 0.67578125 0.9069444437499999 0.675 0.8986111109375001 0.67734375
7 0.75 0.9703125 0.7708333328125 0.975 0.797222221875 0.97421875 0.7986111109375 0.96640625 0.7763888890625 0.96328125 0.7583333328124999 0.96328125 0.75 0.9703125