1 0.43125 0.2375 0.4375 0.24305555625 0.45703125 0.2513888890625 0.46875 0.2513888890625 0.46875 0.24305555625 0.45390625 0.23055555625 0.45625 0.16805555625 0.45546875 0.09444444375 0.45390625 0.0861111109375 0.44921875 0.08055555625000001 0.4453125 0.08194444375 0.4421875 0.0916666671875 0.4421875 0.15 0.4390625 0.15972222187500001 0.4421875 0.197222221875 0.44140625 0.2166666671875 0.43828125 0.2236111109375 0.43125 0.2236111109375 0.42890625 0.22777777812500002 0.43125 0.2375
1 0.3953125 0.28194444375 0.3890625 0.2666666671875 0.3859375 0.25 0.38515625 0.21944444375 0.38984375 0.19444444375 0.38984375 0.1513888890625 0.38828125 0.134722221875 0.384375 0.125 0.384375 0.10555555624999999 0.37265625 0.10555555624999999 0.3703125 0.11944444375 0.371875 0.25555555625 0.359375 0.259722221875 0.3578125 0.26527777812500003 0.36875 0.272222221875 0.37578125 0.28611111093749997 0.38671875 0.2833333328125 0.39453125 0.2888888890625 0.3953125 0.28194444375
6 0.72890625 0.2708333328125 0.7375 0.27777777812500004 0.7625 0.275 0.7640625 0.240277778125 0.76171875 0.2166666671875 0.7546875 0.197222221875 0.7375 0.190277778125 0.73046875 0.1583333328125 0.72734375 0.15555555625 0.69140625 0.15 0.68046875 0.16388888906250001 0.66796875 0.1611111109375 0.65703125 0.1708333328125 0.6546875 0.190277778125 0.65390625 0.20694444375 0.6625 0.240277778125 0.684375 0.2388888890625 0.69765625 0.24722222187499998 0.70234375 0.275 0.70625 0.28194444375 0.71796875 0.28472222187499996 0.72890625 0.2708333328125
6 0.63671875 0.222222221875 0.62890625 0.20277777812500003 0.62734375 0.190277778125 0.60703125 0.1763888890625 0.5984375 0.1611111109375 0.575 0.1611111109375 0.56953125 0.175 0.5671875 0.190277778125 0.56640625 0.21111111093749999 0.56953125 0.22916666718749998 0.57578125 0.240277778125 0.59453125 0.25694444375000003 0.60546875 0.2611111109375 0.65625 0.25555555625 0.65546875 0.23194444375 0.63671875 0.222222221875
7 0.83671875 0.1208333328125 0.8359375 0.1263888890625 0.84453125 0.1513888890625 0.89140625 0.15277777812499999 0.8859375 0.14305555625 0.8671875 0.13055555624999998 0.8578125 0.1291666671875 0.85 0.12222222187500001 0.83671875 0.1208333328125
7 0.9625 0.08333333281250001 0.96171875 0.11805555625 0.96484375 0.11805555625 0.971875 0.10138888906250001 0.9625 0.08333333281250001
7 0.9390625 0.072222221875 0.9234375 0.072222221875 0.90703125 0.08333333281250001 0.90625 0.11944444375 0.921875 0.1291666671875 0.93046875 0.12222222187500001 0.946875 0.12222222187500001 0.95 0.11805555625 0.95390625 0.097222221875 0.95234375 0.08194444375 0.9390625 0.072222221875
7 0.8578125 0.077777778125 0.85703125 0.08055555625000001 0.875 0.102777778125 0.8890625 0.11388888906250001 0.8953125 0.11388888906250001 0.89765625 0.08055555625000001 0.871875 0.07083333281250001 0.86171875 0.07083333281250001 0.8578125 0.077777778125
7 0.20390625 0.1458333328125 0.171875 0.1111111109375 0.15625 0.10833333281249999 0.15078125 0.1111111109375 0.1453125 0.12222222187500001 0.14765625 0.16388888906250001 0.1546875 0.16805555625 0.1609375 0.1875 0.17421875 0.1875 0.18203125 0.19583333281249998 0.1921875 0.19583333281249998 0.20546875 0.1708333328125 0.20390625 0.1458333328125
7 0.84921875 0.21944444375 0.85078125 0.23611111093749998 0.878125 0.25833333281250004 0.88125 0.275 0.8859375 0.28055555625 0.8953125 0.27638888906250003 0.92421875 0.27777777812500004 0.93046875 0.26527777812500003 0.93046875 0.23333333281250002 0.925 0.2208333328125 0.91640625 0.1833333328125 0.90625 0.16944444375 0.88125 0.15555555625 0.85625 0.15555555625 0.85234375 0.1611111109375 0.84609375 0.15555555625 0.81875 0.15555555625 0.815625 0.1708333328125 0.8140625 0.184722221875 0.81796875 0.197222221875 0.81640625 0.21111111093749999 0.8203125 0.22638888906250001 0.82890625 0.22916666718749998 0.8375 0.2138888890625 0.8453125 0.215277778125 0.84921875 0.21944444375
7 0.325 0.19305555624999998 0.33203125 0.165277778125 0.35546875 0.15972222187500001 0.3625 0.1541666671875 0.36484375 0.147222221875 0.36875 0.15277777812499999 0.3671875 0.14861111093749999 0.36953125 0.14444444375 0.36953125 0.10694444375 0.38125 0.10138888906250001 0.3796875 0.0388888890625 0.375 0.0375 0.3640625 0.04444444375 0.35546875 0.055555556250000006 0.34296875 0.052777778124999994 0.3375 0.058333332812500006 0.33359375 0.058333332812500006 0.328125 0.04305555625 0.2921875 0.047222221875 0.28125 0.055555556250000006 0.27890625 0.08333333281250001 0.2765625 0.0861111109375 0.275 0.16388888906250001 0.2796875 0.1666666671875 0.28203125 0.17916666718750002 0.2875 0.17361111093749998 0.296875 0.17361111093749998 0.3015625 0.1888888890625 0.30625 0.19444444375 0.325 0.19305555624999998
7 0.421875 0.1833333328125 0.43828125 0.15555555625 0.44140625 0.13194444375 0.4390625 0.115277778125 0.44140625 0.09305555625 0.4453125 0.08055555625000001 0.4546875 0.084722221875 0.45859375 0.09444444375 0.45546875 0.1291666671875 0.45625 0.17916666718750002 0.4609375 0.18055555625 0.4671875 0.175 0.4765625 0.1416666671875 0.4765625 0.059722221875 0.47265625 0.025 0.46640625 0.0083333328125 0.43125 0.00555555625 0.39609375 0.019444443750000002 0.38984375 0.027777778125000003 0.38828125 0.04444444375 0.39140625 0.07083333281250001 0.3859375 0.102777778125 0.38828125 0.11805555625 0.3953125 0.134722221875 0.39453125 0.1541666671875 0.4 0.1666666671875 0.4015625 0.18055555625 0.421875 0.1833333328125
7 0.99375 0.275 0.99921875 0.26805555625 0.99921875 0.2236111109375 0.99296875 0.21944444375 0.98828125 0.23611111093749998 0.9875 0.26944444375 0.99375 0.275
7 0.97265625 0.20277777812500003 0.96640625 0.19444444375 0.928125 0.16944444375 0.9234375 0.16805555625 0.91953125 0.172222221875 0.91875 0.1888888890625 0.9328125 0.23611111093749998 0.94375 0.240277778125 0.96015625 0.23055555625 0.9625 0.240277778125 0.96953125 0.24583333281250003 0.97421875 0.22638888906250001 0.97265625 0.20277777812500003
7 0.9359375 0.12222222187500001 0.92578125 0.1263888890625 0.92578125 0.13055555624999998 0.93828125 0.14305555625 0.95625 0.1458333328125 0.96484375 0.1541666671875 0.98046875 0.15972222187500001 0.97890625 0.1458333328125 0.9640625 0.134722221875 0.9359375 0.12222222187500001
7 0.79140625 0.11805555625 0.796875 0.10833333281249999 0.79765625 0.097222221875 0.7875 0.09444444375 0.790625 0.1111111109375 0.78125 0.140277778125 0.784375 0.14305555625 0.7859375 0.1513888890625 0.78984375 0.15277777812499999 0.79296875 0.1513888890625 0.79375 0.14305555625 0.79140625 0.11805555625
7 0.77109375 0.0888888890625 0.7671875 0.08055555625000001 0.75078125 0.075 0.7484375 0.0861111109375 0.7484375 0.115277778125 0.74453125 0.15555555625 0.75078125 0.1611111109375 0.7625 0.15972222187500001 0.76796875 0.1541666671875 0.7703125 0.140277778125 0.76875 0.13055555624999998 0.77109375 0.0888888890625
7 0.67890625 0.0458333328125 0.6765625 0.055555556250000006 0.67734375 0.1 0.6859375 0.10555555624999999 0.69453125 0.13055555624999998 0.7265625 0.15555555625 0.7375 0.15555555625 0.7390625 0.06944444375 0.69375 0.047222221875 0.67890625 0.0458333328125
7 0.96953125 0.25 0.97421875 0.23194444375 0.975 0.20555555625 0.96953125 0.20277777812500003 0.96328125 0.2208333328125 0.9625 0.240277778125 0.96953125 0.25