2 0.43194444374999996 0.98671875 0.47083333281249995 0.9859375 0.4763888890625 0.98359375 0.477777778125 0.975 0.46666666718750005 0.9671875 0.4458333328125 0.9703125 0.425 0.97734375 0.43194444374999996 0.98671875
1 0.2166666671875 0.5484375 0.17916666718750002 0.54765625 0.1708333328125 0.5453125 0.0861111109375 0.5453125 0.08055555625000001 0.546875 0.08055555625000001 0.55546875 0.0861111109375 0.5578125 0.215277778125 0.55859375 0.22916666718749998 0.56171875 0.22638888906250001 0.5734375 0.23055555625 0.57421875 0.23333333281250002 0.571875 0.22777777812500002 0.56953125 0.22916666718749998 0.56640625 0.240277778125 0.56796875 0.24305555625 0.5625 0.25 0.54765625 0.2513888890625 0.53125 0.2416666671875 0.53203125 0.23472222187499997 0.54453125 0.2166666671875 0.5484375
1 0.14305555625 0.61484375 0.10555555624999999 0.6171875 0.1 0.6203125 0.1041666671875 0.6296875 0.2541666671875 0.628125 0.2541666671875 0.64296875 0.259722221875 0.63828125 0.26805555625 0.63828125 0.26527777812500003 0.64375 0.2708333328125 0.63359375 0.28611111093749997 0.625 0.28055555625 0.61171875 0.2888888890625 0.59921875 0.28055555625 0.5984375 0.25555555625 0.61484375 0.1916666671875 0.61484375 0.1888888890625 0.6171875 0.14305555625 0.61484375
7 0.18194444375000002 0.084375 0.17361111093749998 0.0890625 0.15972222187500001 0.10703125 0.1541666671875 0.13046875 0.15555555625 0.14453125 0.15972222187500001 0.14765625 0.15555555625 0.15390625 0.15694444375 0.18046875 0.1833333328125 0.18046875 0.19583333281249998 0.16953125 0.20416666718749998 0.16640625 0.215277778125 0.15234375 0.23472222187499997 0.15 0.2416666671875 0.1453125 0.25833333281250004 0.121875 0.27638888906250003 0.11796875 0.2791666671875 0.11484375 0.27638888906250003 0.09375 0.2666666671875 0.0890625 0.2486111109375 0.0859375 0.23055555625 0.0734375 0.18194444375000002 0.084375
7 0.30555555624999997 0.01953125 0.34027777812500004 0.0203125 0.33888888906250003 0.00078125 0.2666666671875 0.00078125 0.2611111109375 0.0046875 0.2611111109375 0.01328125 0.27638888906250003 0.0171875 0.30555555624999997 0.01953125
7 0.2611111109375 0.0875 0.290277778125 0.0921875 0.3 0.08984375 0.3263888890625 0.07578125 0.33194444375 0.05234375 0.34305555625 0.05234375 0.35555555625 0.04375 0.3416666671875 0.0390625 0.3111111109375 0.0359375 0.30694444375 0.03359375 0.24583333281250003 0.03046875 0.23194444375 0.0578125 0.23194444375 0.06953125 0.24722222187499998 0.0828125 0.2611111109375 0.0875
7 0.11805555625 0.0328125 0.102777778125 0.0359375 0.11805555625 0.0375 0.11805555625 0.0328125
7 0.10555555624999999 0.0265625 0.0958333328125 0.0265625 0.097222221875 0.0296875 0.10555555624999999 0.0265625
7 0.097222221875 0.0984375 0.102777778125 0.09375 0.11805555625 0.09453125 0.1208333328125 0.0921875 0.127777778125 0.0734375 0.1208333328125 0.06875 0.1208333328125 0.05390625 0.1166666671875 0.0484375 0.090277778125 0.04609375 0.08055555625000001 0.04921875 0.072222221875 0.0609375 0.07083333281250001 0.07421875 0.08333333281250001 0.09375 0.097222221875 0.0984375
7 0.222222221875 0.0078125 0.23472222187499997 0.01171875 0.2541666671875 0.01171875 0.25555555625 0.00078125 0.22777777812500002 0.00078125 0.222222221875 0.0078125
7 0.20833333281250002 0.07109375 0.22777777812500002 0.06875 0.23611111093749998 0.040625 0.24305555625 0.03203125 0.2388888890625 0.028125 0.20555555625 0.02578125 0.197222221875 0.03046875 0.16944444375 0.071875 0.16944444375 0.08046875 0.1916666671875 0.08046875 0.20416666718749998 0.07578125 0.20833333281250002 0.07109375
7 0.14305555625 0.0265625 0.125 0.05625 0.125 0.07265625 0.1291666671875 0.075 0.14305555625 0.053125 0.15555555625 0.04375 0.16388888906250001 0.021875 0.15 0.02109375 0.14305555625 0.0265625
7 0.18194444375000002 0.18203125 0.19305555624999998 0.1875 0.2541666671875 0.18984375 0.25555555625 0.18515625 0.26805555625 0.1828125 0.2708333328125 0.1796875 0.2708333328125 0.16328125 0.27638888906250003 0.1578125 0.26527777812500003 0.15234375 0.23194444375 0.1515625 0.21944444375 0.15625 0.2166666671875 0.165625 0.1986111109375 0.17109375 0.1888888890625 0.18125 0.17361111093749998 0.1828125 0.18194444375000002 0.18203125
7 0.22638888906250001 0.25234375 0.2208333328125 0.2453125 0.22777777812500002 0.23359375 0.197222221875 0.23125 0.1888888890625 0.2234375 0.16388888906250001 0.2296875 0.15277777812499999 0.23828125 0.15972222187500001 0.25 0.184722221875 0.2625 0.2166666671875 0.26328125 0.222222221875 0.2609375 0.22638888906250001 0.25234375
7 0.25694444375000003 0.2140625 0.23611111093749998 0.209375 0.15972222187500001 0.20546875 0.1416666671875 0.20703125 0.13888888906250002 0.2140625 0.1458333328125 0.2171875 0.1833333328125 0.2203125 0.2125 0.21875 0.24305555625 0.22109375 0.2541666671875 0.21953125 0.25694444375000003 0.2140625
7 0.16805555625 0.25859375 0.165277778125 0.26171875 0.16805555625 0.2625 0.16805555625 0.25859375
7 0.10555555624999999 0.2078125 0.10138888906250001 0.2046875 0.0958333328125 0.20703125 0.0958333328125 0.2109375 0.10555555624999999 0.2078125
7 0.09305555625 0.2546875 0.1541666671875 0.2546875 0.15555555625 0.24453125 0.15 0.2421875 0.147222221875 0.23125 0.08333333281250001 0.23125 0.072222221875 0.25234375 0.09305555625 0.2546875
7 0.047222221875 0.32265625 0.055555556250000006 0.3234375 0.0986111109375 0.3234375 0.10555555624999999 0.31328125 0.11388888906250001 0.30859375 0.13055555624999998 0.30703125 0.14305555625 0.3 0.1541666671875 0.28671875 0.1666666671875 0.26328125 0.15694444375 0.26484375 0.1041666671875 0.2625 0.072222221875 0.25859375 0.058333332812500006 0.2765625 0.055555556250000006 0.2984375 0.04444444375 0.31796875 0.047222221875 0.32265625
7 0.1513888890625 0.14296875 0.15 0.11796875 0.134722221875 0.12734375 0.1291666671875 0.14296875 0.1208333328125 0.15 0.1208333328125 0.16015625 0.125 0.16171875 0.14444444375 0.16171875 0.15277777812499999 0.15625 0.15555555625 0.14765625 0.1513888890625 0.14296875
7 0.07083333281250001 0.140625 0.08055555625000001 0.14375 0.0888888890625 0.1375 0.10555555624999999 0.1234375 0.11388888906250001 0.10625 0.08055555625000001 0.10390625 0.072222221875 0.1203125 0.07083333281250001 0.140625
4 0.055555556250000006 0.875 0.10138888906250001 0.87421875 0.097222221875 0.8703125 0.08333333281250001 0.8671875 0.0916666671875 0.8625 0.06944444375 0.86484375 0.058333332812500006 0.8609375 0.054166667187499996 0.85625 0.030555556249999997 0.8578125 0.030555556249999997 0.8640625 0.0361111109375 0.86796875 0.05 0.87109375 0.055555556250000006 0.875