2 0.0328125 0.46666666718750005 0.0296875 0.4458333328125 0.02421875 0.4263888890625 0.01875 0.425 0.01484375 0.4291666671875 0.0125 0.43333333281249997 0.0140625 0.47083333281249995 0.01875 0.477777778125 0.025 0.477777778125 0.0328125 0.46666666718750005
1 0.4515625 0.2166666671875 0.45234375 0.18055555625 0.4546875 0.172222221875 0.4546875 0.0861111109375 0.453125 0.08055555625000001 0.44453125 0.08055555625000001 0.4421875 0.0861111109375 0.44140625 0.2138888890625 0.43828125 0.22916666718749998 0.42578125 0.22638888906250001 0.42578125 0.23055555625 0.428125 0.23333333281250002 0.43046875 0.22777777812500002 0.43359375 0.22916666718749998 0.43203125 0.240277778125 0.4375 0.24305555625 0.45703125 0.2513888890625 0.46875 0.2513888890625 0.46875 0.24305555625 0.45546875 0.23472222187499997 0.4515625 0.2166666671875
1 0.3859375 0.15 0.3828125 0.10555555624999999 0.3796875 0.1 0.3703125 0.10555555624999999 0.371875 0.2541666671875 0.35703125 0.2541666671875 0.36171875 0.259722221875 0.36171875 0.26805555625 0.35625 0.26527777812500003 0.36640625 0.2708333328125 0.37578125 0.2888888890625 0.3828125 0.28055555625 0.40078125 0.2888888890625 0.4015625 0.28055555625 0.38828125 0.2666666671875 0.38515625 0.25555555625 0.3828125 0.1875 0.3859375 0.15
7 0.99921875 0.33888888906250003 0.99921875 0.2666666671875 0.99375 0.259722221875 0.9875 0.25833333281250004 0.98203125 0.2791666671875 0.97890625 0.3416666671875 0.99921875 0.33888888906250003
7 0.91875 0.24444444375000002 0.9078125 0.28472222187499996 0.9078125 0.29722222187499997 0.915625 0.3083333328125 0.9203125 0.322222221875 0.9265625 0.32777777812500003 0.94296875 0.33055555625 0.95234375 0.35555555625 0.9578125 0.35555555625 0.9671875 0.30416666718749996 0.9703125 0.25 0.96796875 0.24305555625 0.95078125 0.2388888890625 0.9421875 0.23194444375 0.93046875 0.23194444375 0.91875 0.24444444375000002
7 0.90546875 0.16805555625 0.88515625 0.15555555625 0.81875 0.15694444375 0.81953125 0.1833333328125 0.83359375 0.20416666718749998 0.8484375 0.2166666671875 0.85 0.23472222187499997 0.8546875 0.2416666671875 0.878125 0.25833333281250004 0.88203125 0.27638888906250003 0.88671875 0.28055555625 0.90703125 0.27638888906250003 0.9109375 0.26805555625 0.9140625 0.2486111109375 0.9265625 0.23055555625 0.91640625 0.1833333328125 0.90546875 0.16805555625
7 0.859375 0.1513888890625 0.87734375 0.1541666671875 0.88515625 0.15 0.87265625 0.134722221875 0.85703125 0.127777778125 0.853125 0.12222222187500001 0.83671875 0.1208333328125 0.83515625 0.13194444375 0.83984375 0.1513888890625 0.853125 0.15555555625 0.859375 0.1513888890625
7 0.96640625 0.0861111109375 0.9625 0.0861111109375 0.96171875 0.0916666671875 0.96171875 0.13055555624999998 0.9671875 0.13055555624999998 0.975 0.10138888906250001 0.9734375 0.09305555625 0.96796875 0.0916666671875 0.96640625 0.0861111109375
7 0.90234375 0.09305555625 0.90625 0.10138888906250001 0.90703125 0.1208333328125 0.9296875 0.1291666671875 0.93046875 0.125 0.93671875 0.12222222187500001 0.94921875 0.1208333328125 0.95234375 0.11388888906250001 0.95390625 0.0888888890625 0.95078125 0.08055555625000001 0.93828125 0.072222221875 0.92734375 0.07083333281250001 0.90703125 0.08194444375 0.90234375 0.09305555625
7 0.8953125 0.115277778125 0.89765625 0.1111111109375 0.896875 0.08055555625000001 0.87265625 0.07083333281250001 0.85703125 0.0736111109375 0.85546875 0.08055555625000001 0.87578125 0.10555555624999999 0.88046875 0.10555555624999999 0.88828125 0.11388888906250001 0.8953125 0.115277778125
7 0.99296875 0.222222221875 0.98828125 0.23472222187499997 0.98828125 0.2541666671875 0.99921875 0.25555555625 0.99921875 0.22777777812500002 0.99296875 0.222222221875
7 0.99921875 0.18055555625 0.99296875 0.172222221875 0.99375 0.1833333328125 0.99921875 0.18055555625
7 0.95859375 0.23611111093749998 0.96796875 0.24305555625 0.971875 0.240277778125 0.97421875 0.20555555625 0.96953125 0.197222221875 0.92890625 0.16944444375 0.9203125 0.16805555625 0.91875 0.1875 0.9296875 0.2138888890625 0.93046875 0.22777777812500002 0.95859375 0.23611111093749998
7 0.95625 0.1541666671875 0.975 0.16388888906250001 0.978125 0.1611111109375 0.978125 0.147222221875 0.96015625 0.13333333281249998 0.9359375 0.12222222187500001 0.92578125 0.1263888890625 0.925 0.1291666671875 0.9390625 0.140277778125 0.95 0.14444444375 0.95625 0.1541666671875
7 0.815625 0.1916666671875 0.8125 0.19444444375 0.81015625 0.25555555625 0.8171875 0.25555555625 0.8203125 0.26944444375 0.8359375 0.26944444375 0.84140625 0.27638888906250003 0.84765625 0.2638888890625 0.8484375 0.23472222187499997 0.8421875 0.2236111109375 0.8375 0.2236111109375 0.83203125 0.215277778125 0.83125 0.20277777812500003 0.81875 0.1875 0.8171875 0.17361111093749998 0.815625 0.1916666671875
7 0.73671875 0.1888888890625 0.7359375 0.20555555625 0.7390625 0.222222221875 0.74375 0.22638888906250001 0.75703125 0.222222221875 0.765625 0.22916666718749998 0.76796875 0.22638888906250001 0.76875 0.197222221875 0.77578125 0.1875 0.77578125 0.1833333328125 0.7703125 0.1708333328125 0.76875 0.15694444375 0.76015625 0.15277777812499999 0.74609375 0.16388888906250001 0.73671875 0.1888888890625
7 0.7953125 0.15 0.79296875 0.1416666671875 0.7859375 0.134722221875 0.78203125 0.14861111093749999 0.78046875 0.18194444375000002 0.77890625 0.24444444375000002 0.78203125 0.25694444375000003 0.78671875 0.25694444375000003 0.790625 0.240277778125 0.7953125 0.15
7 0.74140625 0.16805555625 0.73984375 0.165277778125 0.73828125 0.16805555625 0.74140625 0.16805555625
7 0.79296875 0.10555555624999999 0.79375 0.097222221875 0.7890625 0.0958333328125 0.7890625 0.10138888906250001 0.79296875 0.10555555624999999
7 0.74765625 0.072222221875 0.74453125 0.11805555625 0.7453125 0.15555555625 0.76875 0.15 0.76875 0.08333333281250001 0.74765625 0.072222221875
7 0.690625 0.1111111109375 0.6953125 0.1375 0.7203125 0.15972222187500001 0.7359375 0.16805555625 0.7375 0.1041666671875 0.74140625 0.072222221875 0.721875 0.058333332812500006 0.70078125 0.055555556250000006 0.6828125 0.04444444375 0.67734375 0.047222221875 0.6765625 0.055555556250000006 0.6765625 0.1 0.690625 0.1111111109375
4 0.96171875 0.734722221875 0.95625 0.74444444375 0.93828125 0.747222221875 0.92578125 0.76805555625 0.925 0.8125 0.91796875 0.834722221875 0.91796875 0.85 0.9125 0.88055555625 0.9140625 0.9013888890624999 0.91171875 0.9166666671874999 0.9140625 0.9277777781250001 0.925 0.9375 0.92890625 0.9305555562500001 0.93203125 0.9138888890624999 0.93828125 0.9041666671874999 0.95078125 0.8458333328125001 0.96796875 0.8138888890624999 0.97265625 0.790277778125 0.971875 0.7708333328125 0.97421875 0.7597222218749999 0.96875 0.73194444375 0.96171875 0.734722221875