1 0.15 0.61328125 0.109722221875 0.615625 0.102777778125 0.61953125 0.102777778125 0.62734375 0.1125 0.63046875 0.15694444375 0.62734375 0.25 0.62734375 0.259722221875 0.63125 0.259722221875 0.640625 0.26527777812500003 0.640625 0.272222221875 0.63125 0.28611111093749997 0.625 0.2833333328125 0.61328125 0.290277778125 0.60625 0.2833333328125 0.6046875 0.2625 0.61328125 0.2486111109375 0.6140625 0.1833333328125 0.615625 0.15 0.61328125
1 0.2166666671875 0.5578125 0.22638888906250001 0.56171875 0.22638888906250001 0.56875 0.23472222187499997 0.56953125 0.24305555625 0.5609375 0.2513888890625 0.53984375 0.2388888890625 0.53984375 0.24014336875 0.5341985890625 0.22916666718749998 0.5453125 0.20277777812500003 0.54765625 0.16805555625 0.54375 0.1458333328125 0.54609375 0.084722221875 0.5453125 0.08194444375 0.54921875 0.0861111109375 0.55703125 0.2166666671875 0.5578125
6 0.2166666671875 0.23828125 0.197222221875 0.2453125 0.1875 0.26484375 0.1583333328125 0.26953125 0.15 0.29296875 0.15 0.30859375 0.165277778125 0.31875 0.16805555625 0.33046875 0.1763888890625 0.3359375 0.16944444375 0.3390625 0.177777778125 0.34375 0.21944444375 0.34375 0.2416666671875 0.33671875 0.2388888890625 0.31796875 0.24722222187499998 0.30234375 0.272222221875 0.29765625 0.28194444375 0.29296875 0.28472222187499996 0.28828125 0.2833333328125 0.27890625 0.2708333328125 0.2703125 0.27777777812500004 0.26328125 0.275 0.2375 0.23472222187499997 0.2359375 0.2166666671875 0.23828125
6 0.17361111093749998 0.39453125 0.15972222187500001 0.4015625 0.1611111109375 0.42421875 0.18055555625 0.43125 0.19583333281249998 0.43359375 0.222222221875 0.43203125 0.23194444375 0.42578125 0.240277778125 0.42421875 0.24583333281250003 0.4140625 0.25694444375000003 0.4046875 0.25833333281250004 0.3484375 0.2541666671875 0.34375 0.23055555625 0.34453125 0.2236111109375 0.3625 0.2166666671875 0.36640625 0.197222221875 0.3625 0.190277778125 0.36484375 0.17361111093749998 0.39453125
7 0.1513888890625 0.1546875 0.15 0.13828125 0.15555555625 0.11796875 0.15277777812499999 0.10703125 0.147222221875 0.10859375 0.14305555625 0.11875 0.134722221875 0.12578125 0.1291666671875 0.1421875 0.1208333328125 0.1515625 0.12222222187500001 0.15625 0.13055555624999998 0.16015625 0.1375 0.1609375 0.1513888890625 0.1546875
7 0.072222221875 0.07578125 0.077777778125 0.08671875 0.0861111109375 0.09296875 0.11944444375 0.09375 0.127777778125 0.08046875 0.11944444375 0.05 0.097222221875 0.04375 0.097222221875 0.0359375 0.1166666671875 0.0375 0.115277778125 0.034375 0.10694444375 0.03203125 0.097222221875 0.0328125 0.090277778125 0.0375 0.09305555625 0.04296875 0.08194444375 0.04765625 0.072222221875 0.06171875 0.072222221875 0.07578125
7 0.09305555625 0.10234375 0.08055555625000001 0.10390625 0.072222221875 0.125 0.072222221875 0.1390625 0.077777778125 0.14296875 0.08194444375 0.14296875 0.102777778125 0.125 0.11388888906250001 0.1109375 0.11388888906250001 0.1046875 0.09305555625 0.10234375
7 0.2791666671875 0.078125 0.2666666671875 0.06953125 0.23333333281250002 0.06953125 0.2236111109375 0.07421875 0.18194444375000002 0.084375 0.172222221875 0.090625 0.15555555625 0.12109375 0.15555555625 0.14375 0.1611111109375 0.14765625 0.15555555625 0.15625 0.15555555625 0.18046875 0.1625 0.1828125 0.18055555625 0.1859375 0.197222221875 0.1828125 0.2166666671875 0.1828125 0.22638888906250001 0.1796875 0.22916666718749998 0.16875 0.21805555625 0.16328125 0.21805555625 0.15390625 0.23611111093749998 0.14921875 0.25555555625 0.12890625 0.25833333281250004 0.12109375 0.275 0.11875 0.28055555625 0.1140625 0.27638888906250003 0.10390625 0.2791666671875 0.078125
7 0.21805555625 0.00703125 0.23472222187499997 0.0109375 0.26805555625 0.01171875 0.26805555625 0.00078125 0.21944444375 0.00078125 0.21805555625 0.00703125
7 0.20138888906250002 0.07578125 0.2166666671875 0.07421875 0.2388888890625 0.06484375 0.240277778125 0.04375 0.23611111093749998 0.040625 0.24583333281250003 0.03046875 0.222222221875 0.025 0.20277777812500003 0.0265625 0.16944444375 0.07109375 0.16805555625 0.07734375 0.17361111093749998 0.08125 0.1888888890625 0.08203125 0.20138888906250002 0.07578125
7 0.1263888890625 0.07421875 0.13055555624999998 0.07421875 0.1416666671875 0.06171875 0.15972222187500001 0.01953125 0.14305555625 0.02578125 0.13333333281249998 0.03984375 0.12222222187500001 0.06484375 0.1263888890625 0.07421875
7 0.1208333328125 0.2140625 0.13055555624999998 0.2140625 0.134722221875 0.21875 0.140277778125 0.21875 0.14305555625 0.21484375 0.15 0.2140625 0.1513888890625 0.20859375 0.115277778125 0.20703125 0.10694444375 0.203125 0.0958333328125 0.203125 0.09444444375 0.2125 0.1111111109375 0.2078125 0.1208333328125 0.2140625
7 0.07638888906249999 0.25078125 0.1583333328125 0.2546875 0.15972222187500001 0.23671875 0.15277777812499999 0.23125 0.140277778125 0.2296875 0.0888888890625 0.2296875 0.08055555625000001 0.23359375 0.07638888906249999 0.25078125
7 0.047222221875 0.32265625 0.055555556250000006 0.3234375 0.090277778125 0.325 0.1 0.32265625 0.10833333281249999 0.31171875 0.1166666671875 0.30859375 0.13055555624999998 0.3078125 0.14305555625 0.29375 0.1458333328125 0.28203125 0.15555555625 0.2734375 0.15555555625 0.26328125 0.0888888890625 0.2609375 0.07083333281250001 0.2609375 0.0666666671875 0.26328125 0.04444444375 0.31796875 0.047222221875 0.32265625
7 0.25 0.0296875 0.22777777812500002 0.025 0.20555555625 0.025 0.2 0.03046875 0.20416666718749998 0.03515625 0.240277778125 0.0375 0.25 0.0296875