1 0.16805555625 0.54375 0.140277778125 0.54609375 0.09305555625 0.5453125 0.08055555625000001 0.55 0.08333333281250001 0.55546875 0.09305555625 0.5578125 0.1541666671875 0.5578125 0.1611111109375 0.56015625 0.1833333328125 0.5578125 0.215277778125 0.55859375 0.22638888906250001 0.56171875 0.22638888906250001 0.57109375 0.23055555625 0.57109375 0.24305555625 0.56171875 0.25 0.5484375 0.2513888890625 0.53125 0.24305555625 0.53125 0.23472222187499997 0.54296875 0.222222221875 0.54609375 0.16805555625 0.54375
1 0.10555555624999999 0.615625 0.10555555624999999 0.6265625 0.1208333328125 0.6296875 0.2541666671875 0.628125 0.259722221875 0.63125 0.259722221875 0.6421875 0.26527777812500003 0.6421875 0.272222221875 0.63203125 0.28611111093749997 0.62421875 0.2833333328125 0.6140625 0.2888888890625 0.60546875 0.27638888906250003 0.60625 0.2638888890625 0.6125 0.2541666671875 0.6140625 0.1541666671875 0.61015625 0.127777778125 0.615625 0.10555555624999999 0.615625
6 0.21805555625 0.23828125 0.197222221875 0.24609375 0.1875 0.2640625 0.1611111109375 0.26875 0.15555555625 0.27265625 0.15 0.30859375 0.16388888906250001 0.31953125 0.16805555625 0.3390625 0.17361111093749998 0.34375 0.18055555625 0.34453125 0.20833333281250002 0.34609375 0.2375 0.3390625 0.24305555625 0.33203125 0.2388888890625 0.315625 0.24722222187499998 0.30234375 0.25694444375000003 0.29921875 0.2736111109375 0.2984375 0.2833333328125 0.2921875 0.2833333328125 0.2796875 0.26944444375 0.2703125 0.27777777812500004 0.2625 0.275 0.2375 0.24305555625 0.2359375 0.21805555625 0.23828125
6 0.1611111109375 0.425 0.17361111093749998 0.43046875 0.190277778125 0.4328125 0.22777777812500002 0.43125 0.24305555625 0.4234375 0.25694444375000003 0.40546875 0.259722221875 0.3890625 0.25555555625 0.34453125 0.24583333281250003 0.34296875 0.22916666718749998 0.3453125 0.222222221875 0.36328125 0.215277778125 0.3671875 0.20555555625 0.3671875 0.1888888890625 0.371875 0.18055555625 0.38828125 0.1611111109375 0.4015625 0.1611111109375 0.425
7 0.1208333328125 0.1625 0.13055555624999998 0.16328125 0.15 0.15625 0.15277777812499999 0.11015625 0.14444444375 0.1140625 0.13055555624999998 0.1328125 0.12222222187500001 0.14921875 0.1208333328125 0.1625
7 0.11805555625 0.0359375 0.102777778125 0.02734375 0.08333333281250001 0.0375 0.11805555625 0.03828125 0.11805555625 0.0359375
7 0.1291666671875 0.075 0.12222222187500001 0.06875 0.12222222187500001 0.053125 0.115277778125 0.04921875 0.0861111109375 0.04609375 0.077777778125 0.053125 0.072222221875 0.06171875 0.072222221875 0.07578125 0.08055555625000001 0.090625 0.0861111109375 0.09375 0.1208333328125 0.09296875 0.1291666671875 0.075
7 0.090277778125 0.1359375 0.11388888906250001 0.1109375 0.11388888906250001 0.1046875 0.08055555625000001 0.103125 0.07083333281250001 0.1375 0.08055555625000001 0.1421875 0.090277778125 0.1359375
7 0.1986111109375 0.08125 0.1833333328125 0.08359375 0.16805555625 0.0953125 0.15555555625 0.11953125 0.1583333328125 0.14921875 0.15277777812499999 0.16640625 0.15555555625 0.18125 0.1708333328125 0.184375 0.1875 0.1859375 0.22638888906250001 0.1796875 0.22777777812500002 0.16875 0.2125 0.16015625 0.2166666671875 0.1515625 0.23611111093749998 0.14921875 0.25833333281250004 0.121875 0.28055555625 0.1140625 0.28055555625 0.1078125 0.275 0.10234375 0.27777777812500004 0.07734375 0.26805555625 0.0703125 0.23472222187499997 0.06953125 0.1986111109375 0.08125
7 0.25 0.0296875 0.23055555625 0.02578125 0.20416666718749998 0.025 0.20138888906250002 0.03125 0.2138888890625 0.0359375 0.2388888890625 0.0375 0.25 0.0296875
7 0.11944444375 0.8609375 0.13333333281249998 0.8625 0.127777778125 0.86484375 0.1291666671875 0.86796875 0.1375 0.8640625 0.13055555624999998 0.8578125 0.15 0.85546875 0.1611111109375 0.85703125 0.16805555625 0.8703125 0.2 0.8671875 0.1888888890625 0.83125 0.19583333281249998 0.8078125 0.1708333328125 0.79453125 0.1458333328125 0.79609375 0.1375 0.80703125 0.1111111109375 0.828125 0.10833333281249999 0.8484375 0.11944444375 0.8609375
7 0.16805555625 0.64609375 0.1611111109375 0.6375 0.15555555625 0.6359375 0.15972222187500001 0.63125 0.10694444375 0.63046875 0.10138888906250001 0.62421875 0.1 0.61640625 0.1041666671875 0.61328125 0.11944444375 0.6109375 0.13333333281249998 0.6046875 0.1541666671875 0.60625 0.1611111109375 0.6015625 0.177777778125 0.5984375 0.18194444375000002 0.59375 0.1833333328125 0.57890625 0.177777778125 0.57109375 0.1541666671875 0.5609375 0.1208333328125 0.55859375 0.1208333328125 0.54453125 0.18055555625 0.5421875 0.17361111093749998 0.53359375 0.140277778125 0.5234375 0.05 0.5234375 0.026388889062499997 0.52734375 0.0083333328125 0.53359375 0.00555555625 0.56875 0.0208333328125 0.60625 0.026388889062499997 0.61015625 0.034722221875 0.6109375 0.0791666671875 0.6109375 0.0888888890625 0.6171875 0.0791666671875 0.6203125 0.0375 0.621875 0.04444444375 0.6359375 0.055555556250000006 0.64453125 0.052777778124999994 0.65859375 0.058333332812500006 0.66640625 0.04305555625 0.671875 0.047222221875 0.70703125 0.055555556250000006 0.71875 0.072222221875 0.72109375 0.07638888906249999 0.725 0.165277778125 0.725 0.16944444375 0.71953125 0.17916666718750002 0.71796875 0.17361111093749998 0.71171875 0.17361111093749998 0.7046875 0.18055555625 0.7 0.1916666671875 0.69765625 0.19444444375 0.69375 0.19305555624999998 0.675 0.16805555625 0.66953125 0.16388888906250001 0.66640625 0.16805555625 0.64609375
7 0.27638888906250003 0.00625 0.26805555625 0.00078125 0.22777777812500002 0.00078125 0.21805555625 0.00625 0.23194444375 0.0109375 0.2708333328125 0.0125 0.27638888906250003 0.00625
7 0.2125 0.075 0.23611111093749998 0.0671875 0.240277778125 0.05703125 0.22916666718749998 0.04140625 0.24722222187499998 0.03046875 0.2236111109375 0.02578125 0.20277777812500003 0.0265625 0.16944444375 0.07109375 0.1708333328125 0.08046875 0.1916666671875 0.08046875 0.19583333281249998 0.07734375 0.2125 0.075
7 0.1458333328125 0.046875 0.15555555625 0.03515625 0.15972222187500001 0.01953125 0.14444444375 0.02265625 0.13333333281249998 0.03828125 0.12222222187500001 0.06484375 0.125 0.07265625 0.13055555624999998 0.07421875 0.13333333281249998 0.06796875 0.14305555625 0.06171875 0.1458333328125 0.046875
7 0.10555555624999999 0.203125 0.097222221875 0.20234375 0.09305555625 0.21015625 0.0958333328125 0.2125 0.109722221875 0.2078125 0.11805555625 0.209375 0.115277778125 0.21171875 0.11944444375 0.2140625 0.13194444375 0.21484375 0.134722221875 0.21875 0.140277778125 0.21875 0.14305555625 0.215625 0.1513888890625 0.2140625 0.15277777812499999 0.21015625 0.1513888890625 0.2078125 0.1416666671875 0.20625 0.11388888906250001 0.2078125 0.10555555624999999 0.203125
7 0.1541666671875 0.25546875 0.15972222187500001 0.25234375 0.15972222187500001 0.23828125 0.15277777812499999 0.23203125 0.140277778125 0.2296875 0.13055555624999998 0.23125 0.090277778125 0.22890625 0.08055555625000001 0.23359375 0.075 0.24765625 0.07638888906249999 0.25078125 0.0861111109375 0.2515625 0.11388888906250001 0.2515625 0.1541666671875 0.25546875
7 0.055555556250000006 0.3234375 0.0986111109375 0.3234375 0.10555555624999999 0.3140625 0.1291666671875 0.30625 0.14305555625 0.2921875 0.1458333328125 0.28125 0.15555555625 0.2734375 0.1583333328125 0.265625 0.1541666671875 0.2625 0.06944444375 0.2609375 0.058333332812500006 0.27734375 0.0513888890625 0.3046875 0.047222221875 0.3078125 0.0458333328125 0.32109375 0.055555556250000006 0.3234375