0 0.9930555562500001 1 0.9888888890624999 0.9828125 0.9833333328125 0.97578125 0.972222221875 0.97109375 0.9791666671874999 0.96484375 0.977777778125 0.9609375 0.9930555562500001 0.95 0.997222221875 0.9421875 0.9930555562500001 0.91171875 0.9763888890624999 0.9015625 0.9486111109375001 0.8984375 0.9291666671875 0.88046875 0.91944444375 0.875 0.9013888890624999 0.8703125 0.83055555625 0.87109375 0.8166666671874999 0.875 0.7833333328125 0.8765625 0.777777778125 0.8796875 0.7597222218749999 0.88203125 0.7180555562500001 0.90234375 0.7111111109375 0.9109375 0.7111111109375 0.98671875 0.70555555625 0.99140625 0.6958333328124999 0.9875 0.6805555562500001 0.98671875 0.675 0.98984375 0.675 0.99375 0.6833333328125 1 0.9930555562500001 1
2 0.4625 0.9453125 0.45694444375 0.9453125 0.4291666671875 0.95 0.41944444374999995 0.9546875 0.42083333281249996 0.95859375 0.43055555625 0.9625 0.45416666718750004 0.9625 0.46805555625000006 0.95703125 0.46944444374999994 0.9515625 0.4625 0.9453125
1 0.19583333281249998 0.61015625 0.140277778125 0.61015625 0.127777778125 0.615625 0.10833333281249999 0.615625 0.102777778125 0.61796875 0.10555555624999999 0.628125 0.11805555625 0.6296875 0.1458333328125 0.62734375 0.2541666671875 0.628125 0.259722221875 0.63125 0.259722221875 0.6421875 0.26527777812500003 0.6421875 0.272222221875 0.63125 0.28611111093749997 0.62421875 0.28194444375 0.6140625 0.290277778125 0.60625 0.28194444375 0.6046875 0.259722221875 0.61328125 0.24305555625 0.61484375 0.2166666671875 0.6140625 0.19583333281249998 0.61015625
1 0.1888888890625 0.54609375 0.16944444375 0.54375 0.0861111109375 0.54609375 0.08055555625000001 0.5484375 0.08055555625000001 0.553125 0.090277778125 0.5578125 0.1541666671875 0.5578125 0.1625 0.5609375 0.19583333281249998 0.5578125 0.2166666671875 0.55859375 0.22638888906250001 0.5625 0.2236111109375 0.56875 0.23055555625 0.57109375 0.2388888890625 0.56796875 0.24305555625 0.5625 0.2513888890625 0.54375 0.2513888890625 0.53125 0.24305555625 0.53125 0.23055555625 0.54609375 0.1888888890625 0.54609375
6 0.190277778125 0.2625 0.177777778125 0.2671875 0.1583333328125 0.26953125 0.15555555625 0.27265625 0.15 0.309375 0.16388888906250001 0.31953125 0.16388888906250001 0.33203125 0.16944444375 0.3421875 0.18055555625 0.3453125 0.2125 0.34609375 0.240277778125 0.3375 0.2388888890625 0.31796875 0.24722222187499998 0.303125 0.252777778125 0.3 0.275 0.29765625 0.2833333328125 0.29140625 0.28472222187499996 0.28125 0.2708333328125 0.2703125 0.27777777812500004 0.26328125 0.275 0.2375 0.2166666671875 0.2375 0.19444444375 0.24765625 0.190277778125 0.2625
6 0.1611111109375 0.425 0.17916666718750002 0.43125 0.2125 0.43359375 0.23055555625 0.43046875 0.25833333281250004 0.4046875 0.25833333281250004 0.34609375 0.2513888890625 0.34296875 0.22916666718749998 0.3453125 0.222222221875 0.36328125 0.215277778125 0.3671875 0.20555555625 0.36328125 0.19583333281249998 0.36328125 0.184722221875 0.375 0.1763888890625 0.39296875 0.1611111109375 0.40078125 0.1611111109375 0.425
7 0.1291666671875 0.14296875 0.12222222187500001 0.15 0.12361111093749999 0.15859375 0.14305555625 0.16015625 0.1513888890625 0.15625 0.15277777812499999 0.1078125 0.14305555625 0.1140625 0.13055555624999998 0.1328125 0.1291666671875 0.14296875
7 0.11805555625 0.03359375 0.10555555624999999 0.02734375 0.097222221875 0.02734375 0.090277778125 0.03515625 0.08333333281250001 0.0375 0.11805555625 0.03828125 0.11805555625 0.03359375
7 0.1263888890625 0.07578125 0.1208333328125 0.07421875 0.12222222187500001 0.053125 0.11805555625 0.05 0.1 0.04609375 0.0861111109375 0.04609375 0.072222221875 0.06171875 0.072222221875 0.0765625 0.08333333281250001 0.09296875 0.1208333328125 0.09375 0.1263888890625 0.08203125 0.1263888890625 0.07578125
7 0.07083333281250001 0.1296875 0.07083333281250001 0.1375 0.077777778125 0.14296875 0.08055555625000001 0.14375 0.102777778125 0.125 0.11388888906250001 0.1109375 0.11388888906250001 0.10390625 0.08055555625000001 0.10234375 0.07083333281250001 0.1296875
7 0.2666666671875 0.06953125 0.23333333281250002 0.06953125 0.2236111109375 0.07421875 0.1833333328125 0.08359375 0.16944444375 0.09375 0.15972222187500001 0.1078125 0.1541666671875 0.13359375 0.15555555625 0.14375 0.15972222187500001 0.146875 0.1541666671875 0.1625 0.15555555625 0.18046875 0.16805555625 0.18359375 0.20833333281250002 0.18359375 0.22638888906250001 0.1796875 0.22777777812500002 0.16875 0.215277778125 0.16171875 0.215277778125 0.15546875 0.2208333328125 0.15078125 0.23611111093749998 0.14921875 0.25833333281250004 0.121875 0.275 0.11875 0.28055555625 0.11328125 0.28055555625 0.10625 0.27638888906250003 0.10390625 0.27777777812500004 0.075 0.2666666671875 0.06953125
7 0.1708333328125 0.8546875 0.1763888890625 0.84375 0.1875 0.8390625 0.1875 0.82421875 0.19583333281249998 0.8171875 0.19583333281249998 0.80859375 0.190277778125 0.8046875 0.140277778125 0.80390625 0.11805555625 0.8203125 0.1111111109375 0.82734375 0.10833333281249999 0.84453125 0.109722221875 0.8484375 0.1291666671875 0.85703125 0.1708333328125 0.8546875
7 0.0625 0.62109375 0.0388888890625 0.6203125 0.034722221875 0.62421875 0.055555556250000006 0.64453125 0.0513888890625 0.65546875 0.05694444375 0.66640625 0.04305555625 0.67109375 0.047222221875 0.7078125 0.055555556250000006 0.71875 0.08333333281250001 0.72109375 0.0861111109375 0.7234375 0.1666666671875 0.725 0.1708333328125 0.7203125 0.18055555625 0.71796875 0.17361111093749998 0.70703125 0.19444444375 0.69375 0.19444444375 0.67734375 0.1888888890625 0.67265625 0.165277778125 0.6671875 0.16805555625 0.6375 0.1611111109375 0.63671875 0.1611111109375 0.63125 0.10833333281249999 0.63046875 0.097222221875 0.61796875 0.0625 0.62109375
7 0.18055555625 0.54375 0.177777778125 0.53359375 0.1611111109375 0.5296875 0.1513888890625 0.5234375 0.115277778125 0.52109375 0.047222221875 0.5234375 0.022222221875 0.52734375 0.009722221875000001 0.53203125 0.006944443749999999 0.57421875 0.013888889062500001 0.58359375 0.0208333328125 0.60625 0.026388889062499997 0.61015625 0.034722221875 0.6109375 0.0888888890625 0.61015625 0.09305555625 0.61328125 0.1041666671875 0.61328125 0.134722221875 0.60546875 0.1541666671875 0.60625 0.165277778125 0.60078125 0.17916666718750002 0.59921875 0.184722221875 0.59140625 0.184722221875 0.57890625 0.177777778125 0.57109375 0.15277777812499999 0.56015625 0.1208333328125 0.5578125 0.1208333328125 0.54453125 0.18055555625 0.54375
7 0.27777777812500004 0.00625 0.272222221875 0.00078125 0.2208333328125 0.00078125 0.21805555625 0.00703125 0.23194444375 0.01171875 0.26944444375 0.0125 0.27777777812500004 0.00625
7 0.20277777812500003 0.07578125 0.2166666671875 0.07421875 0.2388888890625 0.06484375 0.23055555625 0.03984375 0.24583333281250003 0.0328125 0.24305555625 0.028125 0.20416666718749998 0.02578125 0.19444444375 0.034375 0.16944444375 0.07109375 0.16805555625 0.078125 0.172222221875 0.08046875 0.190277778125 0.08125 0.20277777812500003 0.07578125
7 0.14305555625 0.0234375 0.12222222187500001 0.0625 0.12222222187500001 0.07421875 0.13055555624999998 0.07421875 0.1416666671875 0.06171875 0.1458333328125 0.04296875 0.15555555625 0.03203125 0.15972222187500001 0.01953125 0.14305555625 0.0234375
7 0.1263888890625 0.20625 0.115277778125 0.21015625 0.1208333328125 0.2140625 0.13055555624999998 0.21484375 0.1375 0.21875 0.15277777812499999 0.2140625 0.1541666671875 0.21015625 0.147222221875 0.20625 0.1263888890625 0.20625
7 0.1041666671875 0.2109375 0.1111111109375 0.20703125 0.10555555624999999 0.203125 0.097222221875 0.20234375 0.09444444375 0.20546875 0.09444444375 0.21171875 0.1041666671875 0.2109375
7 0.07638888906249999 0.25078125 0.1263888890625 0.25234375 0.13333333281249998 0.2546875 0.15972222187500001 0.25390625 0.1611111109375 0.23984375 0.15277777812499999 0.23125 0.090277778125 0.22890625 0.08055555625000001 0.2328125 0.07638888906249999 0.25078125
7 0.0986111109375 0.3234375 0.10555555624999999 0.31484375 0.1291666671875 0.30625 0.14305555625 0.29296875 0.1458333328125 0.28125 0.15555555625 0.27421875 0.1583333328125 0.26484375 0.1541666671875 0.2625 0.08194444375 0.26015625 0.06805555625000001 0.26171875 0.04444444375 0.31484375 0.0458333328125 0.321875 0.055555556250000006 0.3234375 0.0986111109375 0.3234375
4 0.55 0.95 0.5166666671875 0.95625 0.46944444374999994 0.95703125 0.45555555625000005 0.9625 0.45416666718750004 0.96796875 0.4458333328125 0.9734375 0.43333333281249997 0.9765625 0.43333333281249997 0.98203125 0.440277778125 0.98515625 0.48194444374999995 0.9859375 0.522222221875 0.9765625 0.5527777781250001 0.975 0.5722222218749999 0.96953125 0.5916666671875 0.97109375 0.5916666671875 0.96640625 0.5833333328125 0.96171875 0.5541666671875001 0.965625 0.5333333328125 0.9640625 0.547222221875 0.9578125 0.5763888890625 0.9546875 0.5791666671875 0.95 0.5736111109375 0.94921875 0.55 0.95
4 0.20416666718749998 0.8015625 0.20833333281250002 0.8 0.20833333281250002 0.790625 0.2 0.7875 0.1625 0.790625 0.1513888890625 0.78671875 0.13055555624999998 0.79375 0.13194444375 0.79921875 0.14305555625 0.80234375 0.16805555625 0.80390625 0.17361111093749998 0.8015625 0.20416666718749998 0.8015625