0 0.87109375 0.16944444375 0.875 0.1833333328125 0.8765625 0.2166666671875 0.88046875 0.225 0.8828125 0.24305555625 0.88671875 0.24722222187499998 0.88828125 0.25694444375000003 0.89453125 0.26944444375 0.9109375 0.2888888890625 0.9546875 0.290277778125 0.98203125 0.28611111093749997 0.99140625 0.29444444375 0.9875 0.30555555624999997 0.98828125 0.322222221875 0.99375 0.325 0.9984375 0.31944444375000003 1 0.006944443749999999 0.98203125 0.0125 0.97578125 0.01805555625 0.97109375 0.03194444375 0.96015625 0.0236111109375 0.94921875 0.006944443749999999 0.94140625 0.002777778125 0.921875 0.0041666671875 0.9078125 0.0111111109375 0.9015625 0.025 0.8984375 0.052777778124999994 0.87578125 0.0791666671875 0.86953125 0.10694444375 0.87109375 0.16944444375
1 0.54609375 0.8138888890624999 0.54375 0.83055555625 0.54609375 0.915277778125 0.5484375 0.91944444375 0.5546875 0.91944444375 0.5578125 0.909722221875 0.5578125 0.8541666671874999 0.56171875 0.8375 0.5578125 0.809722221875 0.55859375 0.7833333328125 0.56171875 0.7736111109375 0.56875 0.7763888890625 0.57109375 0.76944444375 0.56796875 0.7611111109375 0.5625 0.7569444437499999 0.5484375 0.75 0.53125 0.7486111109375 0.53125 0.7569444437499999 0.54609375 0.76944444375 0.54609375 0.8138888890624999
1 0.61484375 0.872222221875 0.615625 0.89444444375 0.6234375 0.897222221875 0.628125 0.89305555625 0.628125 0.7458333328125 0.63125 0.7402777781250001 0.6421875 0.7402777781250001 0.6421875 0.734722221875 0.63203125 0.727777778125 0.62421875 0.7138888890625 0.61328125 0.7166666671875 0.60546875 0.7111111109375 0.60625 0.7236111109375 0.6140625 0.7458333328125 0.61484375 0.765277778125 0.61015625 0.8055555562500001 0.61015625 0.85694444375 0.61484375 0.872222221875
6 0.23828125 0.784722221875 0.2453125 0.8027777781250001 0.2625 0.809722221875 0.26953125 0.8416666671874999 0.27265625 0.8444444437499999 0.309375 0.85 0.321875 0.8333333328125001 0.3328125 0.8361111109375001 0.34296875 0.8291666671875 0.3453125 0.8138888890624999 0.34609375 0.7875 0.3421875 0.76944444375 0.33671875 0.7597222218749999 0.315625 0.7611111109375 0.30234375 0.752777778125 0.29765625 0.725 0.2921875 0.7166666671875 0.27734375 0.7180555562500001 0.2703125 0.7291666671875 0.2625 0.722222221875 0.23828125 0.7236111109375 0.23671875 0.7291666671875 0.2359375 0.7583333328124999 0.23828125 0.784722221875
6 0.42421875 0.8388888890624999 0.4296875 0.827777778125 0.4328125 0.809722221875 0.43359375 0.7888888890625 0.43125 0.772222221875 0.4234375 0.7583333328124999 0.4015625 0.7402777781250001 0.3484375 0.7416666671875001 0.34296875 0.7486111109375 0.3453125 0.7708333328125 0.365625 0.7819444437499999 0.36328125 0.8027777781250001 0.3671875 0.7986111109375 0.37109375 0.8111111109375001 0.3890625 0.8194444437499999 0.4015625 0.8388888890624999 0.42421875 0.8388888890624999
7 0.1328125 0.86944444375 0.1625 0.88055555625 0.16328125 0.86944444375 0.15546875 0.8486111109375001 0.1078125 0.8486111109375001 0.1328125 0.86944444375
7 0.02734375 0.89444444375 0.02734375 0.9 0.03671875 0.9166666671874999 0.03828125 0.915277778125 0.03515625 0.9111111109375001 0.03828125 0.9055555562500001 0.03828125 0.8819444437499999 0.0328125 0.8833333328125 0.02734375 0.89444444375
7 0.075 0.8708333328125001 0.07109375 0.877777778125 0.053125 0.877777778125 0.05 0.8819444437499999 0.04609375 0.9 0.04609375 0.9138888890624999 0.06171875 0.9277777781250001 0.0765625 0.9277777781250001 0.09296875 0.9166666671874999 0.09375 0.88055555625 0.08046875 0.872222221875 0.075 0.8708333328125001
7 0.13046875 0.9291666671875 0.1375 0.9291666671875 0.1421875 0.9236111109375 0.1421875 0.91805555625 0.125 0.897222221875 0.1109375 0.8861111109375001 0.1046875 0.8861111109375001 0.10234375 0.91944444375 0.13046875 0.9291666671875
7 0.06953125 0.7333333328125 0.06953125 0.7666666671875 0.075 0.777777778125 0.084375 0.81805555625 0.090625 0.827777778125 0.1203125 0.8444444437499999 0.14375 0.8444444437499999 0.14765625 0.83194444375 0.15546875 0.8333333328125001 0.1609375 0.8444444437499999 0.18046875 0.8444444437499999 0.18359375 0.83194444375 0.18203125 0.7819444437499999 0.1765625 0.772222221875 0.16875 0.772222221875 0.16015625 0.7875 0.153125 0.784722221875 0.146875 0.7611111109375 0.12890625 0.74444444375 0.12109375 0.7416666671875001 0.11796875 0.7236111109375 0.11328125 0.7194444437499999 0.10390625 0.7236111109375 0.07890625 0.7208333328125 0.075 0.722222221875 0.06953125 0.7333333328125
7 0.7984375 0.8444444437499999 0.79453125 0.8430555562500001 0.7953125 0.8458333328125001 0.7984375 0.8444444437499999
7 0.80625 0.8236111109375001 0.81171875 0.8513888890624999 0.8109375 0.8680555562500001 0.81953125 0.88055555625 0.83125 0.890277778125 0.8453125 0.8916666671875 0.8515625 0.8888888890625 0.8671875 0.8708333328125001 0.86484375 0.8680555562500001 0.86640625 0.8625 0.8625 0.8611111109375 0.85703125 0.8680555562500001 0.8546875 0.85 0.85703125 0.8388888890624999 0.86875 0.83055555625 0.86953125 0.8194444437499999 0.8671875 0.809722221875 0.85 0.8138888890624999 0.825 0.8125 0.81484375 0.8027777781250001 0.80703125 0.80694444375 0.80625 0.8236111109375001
7 0.634375 0.8444444437499999 0.63125 0.8361111109375001 0.6328125 0.8430555562500001 0.63046875 0.85555555625 0.63046875 0.8916666671875 0.61875 0.9013888890624999 0.62109375 0.9625 0.62421875 0.965277778125 0.64453125 0.9444444437499999 0.65859375 0.9472222218749999 0.66640625 0.94305555625 0.67109375 0.95694444375 0.7078125 0.952777778125 0.71796875 0.9472222218749999 0.72109375 0.9333333328125001 0.725 0.9291666671875 0.725 0.8361111109375001 0.71953125 0.83194444375 0.71796875 0.8194444437499999 0.709375 0.8263888890625 0.703125 0.8236111109375001 0.69375 0.8055555562500001 0.67734375 0.8055555562500001 0.6734375 0.809722221875 0.6671875 0.834722221875 0.65546875 0.83055555625 0.63671875 0.83194444375 0.634375 0.8444444437499999
7 0.52421875 0.85 0.521875 0.875 0.5234375 0.952777778125 0.53203125 0.9902777781250001 0.57421875 0.9930555562500001 0.58359375 0.9861111109375 0.60625 0.9791666671874999 0.6109375 0.9666666671874999 0.61171875 0.8819444437499999 0.60546875 0.8652777781250001 0.60625 0.847222221875 0.60234375 0.8416666671874999 0.5984375 0.8194444437499999 0.578125 0.8166666671874999 0.571875 0.8222222218749999 0.5625 0.8444444437499999 0.55859375 0.8666666671875 0.54453125 0.8648152781249999 0.54375 0.8222222218749999 0.53359375 0.8236111109375001 0.5296875 0.840277778125 0.52421875 0.85
7 0.00703125 0.7819444437499999 0.01171875 0.765277778125 0.0125 0.7333333328125 0.00078125 0.73194444375 0.00078125 0.7791666671875 0.00703125 0.7819444437499999
7 0.078125 0.83194444375 0.08046875 0.827777778125 0.08125 0.8083333328125001 0.078125 0.8041666671875 0.075 0.784722221875 0.0671875 0.7638888890625 0.06171875 0.7597222218749999 0.03984375 0.76944444375 0.0375 0.7597222218749999 0.03046875 0.752777778125 0.02578125 0.772222221875 0.02734375 0.797222221875 0.03359375 0.8055555562500001 0.04921875 0.8125 0.07109375 0.83055555625 0.078125 0.83194444375
7 0.01953125 0.840277778125 0.021875 0.85555555625 0.03671875 0.8652777781250001 0.06484375 0.877777778125 0.0734375 0.875 0.075 0.8708333328125001 0.06171875 0.8583333328125 0.0421875 0.8541666671874999 0.03203125 0.8444444437499999 0.01953125 0.840277778125
7 0.21328125 0.8791666671874999 0.21484375 0.8680555562500001 0.21875 0.8625 0.21328125 0.8486111109375001 0.20703125 0.8486111109375001 0.20703125 0.877777778125 0.21015625 0.8819444437499999 0.21328125 0.8791666671874999
7 0.2015625 0.902777778125 0.21171875 0.9069444437499999 0.2109375 0.8958333328125001 0.20703125 0.890277778125 0.20390625 0.8916666671875 0.2015625 0.902777778125
7 0.25078125 0.9236111109375 0.25234375 0.872222221875 0.2546875 0.8666666671875 0.25390625 0.840277778125 0.23671875 0.840277778125 0.23125 0.847222221875 0.22734375 0.9083333328125001 0.23125 0.91805555625 0.25078125 0.9236111109375
7 0.32109375 0.9541666671875 0.3234375 0.9444444437499999 0.3234375 0.902777778125 0.31953125 0.8958333328125001 0.31328125 0.89305555625 0.30625 0.8708333328125001 0.2921875 0.85694444375 0.28203125 0.8541666671874999 0.27421875 0.8444444437499999 0.26328125 0.8444444437499999 0.26015625 0.9166666671874999 0.26171875 0.93194444375 0.2765625 0.9416666671874999 0.29296875 0.9444444437499999 0.315625 0.95555555625 0.32109375 0.9541666671875
4 0.80546875 0.8291666671875 0.80625 0.80694444375 0.8046875 0.8027777781250001 0.80390625 0.8138888890624999 0.80078125 0.8194444437499999 0.79921875 0.8055555562500001 0.79609375 0.8027777781250001 0.79453125 0.834722221875 0.8015625 0.88055555625 0.80546875 0.8819444437499999 0.81015625 0.8666666671875 0.8109375 0.847222221875 0.80546875 0.8291666671875