2 0.4513888890625 0.96875 0.425 0.97734375 0.427777778125 0.984375 0.43333333281249997 0.9875 0.46805555625000006 0.98671875 0.477777778125 0.9828125 0.477777778125 0.975 0.46666666718750005 0.9671875 0.4513888890625 0.96875
1 0.2541666671875 0.640625 0.2692094015625 0.636009615625 0.2708333328125 0.6328125 0.28611111093749997 0.625 0.28055555625 0.61171875 0.2888888890625 0.59921875 0.28055555625 0.5984375 0.25694444375000003 0.61484375 0.10555555624999999 0.6171875 0.1 0.621875 0.10555555624999999 0.6296875 0.2236111109375 0.628125 0.25555555625 0.64375 0.2541666671875 0.640625
1 0.172222221875 0.5453125 0.08333333281250001 0.54609375 0.08055555625000001 0.55546875 0.090277778125 0.55859375 0.20972222187499998 0.55859375 0.22916666718749998 0.5625 0.22638888906250001 0.57265625 0.23055555625 0.57265625 0.2388888890625 0.56875 0.24305555625 0.5625 0.25 0.5484375 0.2513888890625 0.53125 0.24444444375000002 0.53046875 0.240277778125 0.5328125 0.23472222187499997 0.54453125 0.21805555625 0.5484375 0.17916666718750002 0.54765625 0.172222221875 0.5453125
6 0.17361111093749998 0.38984375 0.17361111093749998 0.39453125 0.15972222187500001 0.4015625 0.1611111109375 0.42578125 0.16944444375 0.4296875 0.19305555624999998 0.43359375 0.2166666671875 0.43359375 0.22777777812500002 0.43125 0.23055555625 0.42734375 0.2416666671875 0.4234375 0.25694444375000003 0.40546875 0.25833333281250004 0.3484375 0.25 0.34296875 0.23055555625 0.3453125 0.2236111109375 0.35390625 0.222222221875 0.3640625 0.2166666671875 0.36796875 0.20555555625 0.36328125 0.197222221875 0.36328125 0.17361111093749998 0.38984375
7 0.127777778125 0.14375 0.12222222187500001 0.146875 0.12222222187500001 0.1625 0.1361111109375 0.16328125 0.1513888890625 0.16015625 0.15555555625 0.1078125 0.14444444375 0.1140625 0.13055555624999998 0.13359375 0.127777778125 0.14375
7 0.1041666671875 0.0375 0.1111111109375 0.03828125 0.109722221875 0.0359375 0.11388888906250001 0.03515625 0.11805555625 0.03828125 0.1291666671875 0.03359375 0.1208333328125 0.03046875 0.11388888906250001 0.0328125 0.10555555624999999 0.0296875 0.10555555624999999 0.0265625 0.0958333328125 0.0265625 0.10138888906250001 0.0296875 0.0958333328125 0.03125 0.102777778125 0.0328125 0.1041666671875 0.0375
7 0.10138888906250001 0.09375 0.11805555625 0.09453125 0.127777778125 0.08046875 0.127777778125 0.07421875 0.12222222187500001 0.0703125 0.1208333328125 0.0515625 0.102777778125 0.04609375 0.08194444375 0.04765625 0.072222221875 0.0609375 0.07083333281250001 0.0734375 0.08194444375 0.09375 0.09444444375 0.0984375 0.10138888906250001 0.09375
7 0.077777778125 0.14375 0.08055555625000001 0.14453125 0.10555555624999999 0.1234375 0.11388888906250001 0.11171875 0.11388888906250001 0.10234375 0.08055555625000001 0.10234375 0.06944444375 0.134375 0.077777778125 0.14375
7 0.15555555625 0.1140625 0.1541666671875 0.1390625 0.15972222187500001 0.14765625 0.15555555625 0.15390625 0.15694444375 0.18125 0.1833333328125 0.18046875 0.20833333281250002 0.1625 0.2166666671875 0.1515625 0.23472222187499997 0.15 0.240277778125 0.146875 0.25833333281250004 0.12265625 0.27777777812500004 0.1171875 0.2791666671875 0.078125 0.2708333328125 0.07109375 0.23611111093749998 0.06953125 0.222222221875 0.075 0.18055555625 0.084375 0.17361111093749998 0.0890625 0.15555555625 0.1140625
7 0.19305555624999998 0.1875 0.20555555625 0.18828125 0.2541666671875 0.18984375 0.252777778125 0.18203125 0.2638888890625 0.1796875 0.26944444375 0.1734375 0.26805555625 0.1625 0.272222221875 0.15859375 0.26805555625 0.15390625 0.23472222187499997 0.1515625 0.2166666671875 0.16875 0.197222221875 0.1703125 0.1916666671875 0.18046875 0.184722221875 0.1828125 0.1888888890625 0.1828125 0.19305555624999998 0.1875
7 0.222222221875 0.2609375 0.22638888906250001 0.25390625 0.222222221875 0.24375 0.22916666718749998 0.234375 0.22638888906250001 0.23203125 0.19583333281249998 0.23125 0.1833333328125 0.225 0.15694444375 0.23125 0.1541666671875 0.23984375 0.1666666671875 0.2546875 0.1888888890625 0.26328125 0.20555555625 0.2640625 0.222222221875 0.2609375
7 0.25555555625 0.21328125 0.23194444375 0.209375 0.1666666671875 0.20703125 0.1541666671875 0.2046875 0.1458333328125 0.20546875 0.140277778125 0.209375 0.13888888906250002 0.2140625 0.147222221875 0.2171875 0.1861111109375 0.2203125 0.25 0.2203125 0.25555555625 0.21875 0.25555555625 0.21328125
7 0.275 0.00078125 0.2208333328125 0.00078125 0.2138888890625 0.00546875 0.2236111109375 0.01015625 0.240277778125 0.0125 0.2736111109375 0.01171875 0.275 0.00078125
7 0.1875 0.08046875 0.19444444375 0.0765625 0.20416666718749998 0.07578125 0.20972222187499998 0.06953125 0.23194444375 0.06953125 0.2388888890625 0.06640625 0.2416666671875 0.0390625 0.25 0.03046875 0.2208333328125 0.02578125 0.20555555625 0.02578125 0.197222221875 0.03046875 0.16805555625 0.075 0.1708333328125 0.08046875 0.1875 0.08046875
7 0.1291666671875 0.07421875 0.14305555625 0.05234375 0.15555555625 0.0421875 0.1611111109375 0.0296875 0.1611111109375 0.02265625 0.15694444375 0.02109375 0.15 0.02109375 0.13333333281249998 0.03984375 0.125 0.06015625 0.125 0.06432265625 0.13194444375 0.06796875 0.125 0.06848984375 0.125 0.07265625 0.1291666671875 0.07421875
7 0.16805555625 0.25859375 0.165277778125 0.2609375 0.16805555625 0.26171875 0.16805555625 0.25859375
7 0.12222222187500001 0.209375 0.12361111093749999 0.21171875 0.13333333281249998 0.21171875 0.134722221875 0.20703125 0.127777778125 0.20703125 0.12222222187500001 0.209375
7 0.10833333281249999 0.20703125 0.097222221875 0.2046875 0.09444444375 0.21171875 0.1041666671875 0.2109375 0.10833333281249999 0.20703125
7 0.1513888890625 0.23203125 0.125 0.22890625 0.08333333281250001 0.23125 0.072222221875 0.24921875 0.0736111109375 0.2546875 0.0888888890625 0.25234375 0.15555555625 0.25625 0.15694444375 0.2453125 0.1513888890625 0.240625 0.1513888890625 0.23203125
7 0.0986111109375 0.3234375 0.1111111109375 0.30859375 0.1291666671875 0.30703125 0.1375 0.30390625 0.1541666671875 0.2875 0.1666666671875 0.2640625 0.1041666671875 0.2625 0.072222221875 0.2578125 0.059722221875 0.275 0.055555556250000006 0.29921875 0.04444444375 0.3171875 0.047222221875 0.32265625 0.055555556250000006 0.3234375 0.0986111109375 0.3234375
4 0.46666666718750005 0.78828125 0.45555555625000005 0.78828125 0.4486111109375 0.7828125 0.440277778125 0.7859375 0.42222222187499997 0.78671875 0.41111111093749997 0.7921875 0.40138888906250003 0.7921875 0.39305555625 0.7875 0.38055555625 0.7875 0.3763888890625 0.78984375 0.38055555625 0.79921875 0.4 0.80703125 0.40833333281249995 0.81015625 0.4513888890625 0.81015625 0.46666666718750005 0.80859375 0.4875 0.8015625 0.5416666671875 0.8 0.54305555625 0.784375 0.5375 0.78359375 0.5291666671875 0.7890625 0.525 0.78828125 0.522222221875 0.77734375 0.51805555625 0.775 0.5069444437499999 0.7828125 0.48055555625 0.78359375 0.46666666718750005 0.78828125
4 0.2138888890625 0.34765625 0.215277778125 0.3390625 0.1583333328125 0.3328125 0.147222221875 0.33984375 0.147222221875 0.35078125 0.16388888906250001 0.35078125 0.172222221875 0.34609375 0.20277777812500003 0.34609375 0.20833333281250002 0.34921875 0.2138888890625 0.34765625
4 0.61944444375 0.4125 0.597222221875 0.40859375 0.5583333328125 0.40625 0.54305555625 0.39609375 0.5263888890625 0.40234375 0.502777778125 0.40625 0.477777778125 0.403125 0.4625 0.40625 0.45555555625000005 0.41640625 0.4763888890625 0.4203125 0.47361111093749997 0.42578125 0.477777778125 0.43046875 0.49583333281249997 0.42578125 0.5097222218749999 0.43046875 0.6013888890625 0.43125 0.6291666671875 0.44140625 0.64305555625 0.44140625 0.6458333328125 0.4375 0.6583333328125 0.43671875 0.6569444437499999 0.43125 0.6388888890625 0.43046875 0.64305555625 0.421875 0.640277778125 0.4125 0.6347222218749999 0.40859375 0.6263888890625 0.4125 0.61944444375 0.4125