0 0.078125 0.9958333328125001 0.0921875 0.9888888890624999 0.0984375 0.975 0.1015625 0.9472222218749999 0.12421875 0.9208333328125 0.13046875 0.89305555625 0.12890625 0.83055555625 0.125 0.8166666671874999 0.1234375 0.7833333328125 0.11953125 0.775 0.1171875 0.7569444437499999 0.11328125 0.752777778125 0.11171875 0.7430555562500001 0.10546875 0.73055555625 0.0890625 0.7111111109375 0.0453125 0.709722221875 0.01796875 0.7138888890625 0.00859375 0.70555555625 0.0125 0.6944444437499999 0.01171875 0.6777777781250001 0.00625 0.675 0.0015625 0.6805555562500001 0 0.9930555562500001 0.01796875 0.9875 0.02421875 0.98194444375 0.02890625 0.9680555562500001 0.03984375 0.9763888890624999 0.05078125 0.9930555562500001 0.05859375 0.997222221875 0.078125 0.9958333328125001
1 0.43203125 0.2388888890625 0.4375 0.24305555625 0.4515625 0.25 0.46875 0.2513888890625 0.46875 0.24305555625 0.45390625 0.23055555625 0.45390625 0.1861111109375 0.45625 0.16944444375 0.45390625 0.084722221875 0.4515625 0.08055555625000001 0.4453125 0.08055555625000001 0.4421875 0.090277778125 0.4421875 0.1458333328125 0.43828125 0.1625 0.4421875 0.190277778125 0.44140625 0.2166666671875 0.43828125 0.22638888906250001 0.43125 0.2236111109375 0.42890625 0.23055555625 0.43203125 0.2388888890625
1 0.39453125 0.2888888890625 0.39375 0.27638888906250003 0.3859375 0.2541666671875 0.38515625 0.23472222187499997 0.38984375 0.19444444375 0.38984375 0.14305555625 0.38515625 0.127777778125 0.384375 0.10555555624999999 0.3765625 0.102777778125 0.371875 0.10694444375 0.371875 0.2541666671875 0.36875 0.259722221875 0.3578125 0.259722221875 0.3578125 0.26527777812500003 0.36796875 0.272222221875 0.37578125 0.28611111093749997 0.38671875 0.2833333328125 0.39453125 0.2888888890625
6 0.72265625 0.28194444375 0.7296875 0.2708333328125 0.7375 0.27777777812500004 0.76171875 0.27638888906250003 0.76328125 0.2708333328125 0.7640625 0.2416666671875 0.76171875 0.215277778125 0.7546875 0.197222221875 0.7375 0.190277778125 0.73046875 0.1583333328125 0.72734375 0.15555555625 0.690625 0.15 0.678125 0.1666666671875 0.6671875 0.16388888906250001 0.65703125 0.1708333328125 0.6546875 0.1861111109375 0.65390625 0.2125 0.6578125 0.23055555625 0.66328125 0.240277778125 0.684375 0.2388888890625 0.69765625 0.24722222187499998 0.70234375 0.275 0.7078125 0.2833333328125 0.72265625 0.28194444375
6 0.634375 0.21805555625 0.63671875 0.197222221875 0.6328125 0.20138888906250002 0.62890625 0.1888888890625 0.6109375 0.18055555625 0.5984375 0.1611111109375 0.57578125 0.1611111109375 0.5703125 0.172222221875 0.5671875 0.190277778125 0.56640625 0.21111111093749999 0.56875 0.22777777812500002 0.5765625 0.2416666671875 0.5984375 0.259722221875 0.6515625 0.25833333281250004 0.65703125 0.2513888890625 0.6546875 0.22916666718749998 0.634375 0.21805555625
7 0.8921875 0.1513888890625 0.8671875 0.13055555624999998 0.8375 0.11944444375 0.83671875 0.13055555624999998 0.84453125 0.1513888890625 0.8921875 0.1513888890625
7 0.96328125 0.08333333281250001 0.96171875 0.084722221875 0.96484375 0.0888888890625 0.96171875 0.09444444375 0.96171875 0.11805555625 0.9671875 0.1166666671875 0.97265625 0.10555555624999999 0.97265625 0.1 0.96328125 0.08333333281250001
7 0.95390625 0.0861111109375 0.93828125 0.072222221875 0.9234375 0.072222221875 0.90703125 0.08333333281250001 0.90625 0.11944444375 0.91953125 0.127777778125 0.925 0.1291666671875 0.92890625 0.12222222187500001 0.946875 0.12222222187500001 0.95 0.11805555625 0.95390625 0.1 0.95390625 0.0861111109375
7 0.8578125 0.07638888906249999 0.8578125 0.08194444375 0.875 0.102777778125 0.8890625 0.11388888906250001 0.8953125 0.11388888906250001 0.89765625 0.08055555625000001 0.86953125 0.07083333281250001 0.8625 0.07083333281250001 0.8578125 0.07638888906249999
7 0.87890625 0.25833333281250004 0.88203125 0.27638888906250003 0.88671875 0.28055555625 0.89609375 0.27638888906250003 0.92109375 0.2791666671875 0.925 0.27777777812500004 0.93046875 0.2666666671875 0.93046875 0.23333333281250002 0.925 0.222222221875 0.915625 0.18194444375000002 0.909375 0.172222221875 0.8796875 0.15555555625 0.85625 0.15555555625 0.85234375 0.16805555625 0.84453125 0.1666666671875 0.8390625 0.15555555625 0.81953125 0.15555555625 0.81640625 0.16805555625 0.81796875 0.21805555625 0.8234375 0.22777777812500002 0.83125 0.22777777812500002 0.83984375 0.2125 0.846875 0.215277778125 0.853125 0.2388888890625 0.87109375 0.25555555625 0.87890625 0.25833333281250004
7 0.2015625 0.15555555625 0.20546875 0.15694444375 0.2046875 0.1541666671875 0.2015625 0.15555555625
7 0.13046875 0.18055555625 0.1328125 0.190277778125 0.15 0.1861111109375 0.175 0.1875 0.18515625 0.197222221875 0.19296875 0.19305555624999998 0.19375 0.1763888890625 0.18828125 0.14861111093749999 0.1890625 0.13194444375 0.18046875 0.11944444375 0.16875 0.109722221875 0.1546875 0.10833333281249999 0.1484375 0.1111111109375 0.1328125 0.1291666671875 0.13515625 0.13194444375 0.13359375 0.1375 0.1375 0.13888888906250002 0.14296875 0.13194444375 0.1453125 0.15 0.14296875 0.1611111109375 0.13125 0.16944444375 0.13046875 0.18055555625
7 0.30625 0.19444444375 0.32265625 0.19444444375 0.3265625 0.190277778125 0.3328125 0.165277778125 0.34453125 0.16944444375 0.36328125 0.16805555625 0.365625 0.15555555625 0.36875 0.16388888906250001 0.3671875 0.15694444375 0.36953125 0.14444444375 0.36953125 0.10833333281249999 0.38125 0.0986111109375 0.37890625 0.0375 0.37578125 0.034722221875 0.35546875 0.055555556250000006 0.34140625 0.052777778124999994 0.33359375 0.05694444375 0.32890625 0.04305555625 0.2921875 0.047222221875 0.28203125 0.052777778124999994 0.27890625 0.0666666671875 0.275 0.07083333281250001 0.275 0.16388888906250001 0.28046875 0.16805555625 0.28203125 0.18055555625 0.290625 0.17361111093749998 0.296875 0.1763888890625 0.30625 0.19444444375
7 0.4375 0.15555555625 0.44140625 0.13333333281249998 0.45546875 0.135184721875 0.45625 0.177777778125 0.46640625 0.1763888890625 0.4703125 0.15972222187500001 0.47578125 0.15 0.478125 0.125 0.4765625 0.047222221875 0.46796875 0.009722221875000001 0.42578125 0.006944443749999999 0.41640625 0.013888889062500001 0.39375 0.0208333328125 0.3890625 0.0333333328125 0.38828125 0.11805555625 0.39453125 0.134722221875 0.39375 0.15277777812499999 0.39765625 0.1583333328125 0.4015625 0.18055555625 0.421875 0.1833333328125 0.428125 0.177777778125 0.4375 0.15555555625
7 0.99921875 0.2208333328125 0.99296875 0.21805555625 0.98828125 0.23472222187499997 0.9875 0.2666666671875 0.99921875 0.26805555625 0.99921875 0.2208333328125
7 0.96953125 0.24722222187499998 0.97421875 0.22777777812500002 0.97265625 0.20277777812500003 0.96640625 0.19444444375 0.95078125 0.1875 0.92890625 0.16944444375 0.921875 0.16805555625 0.91953125 0.172222221875 0.91875 0.1916666671875 0.921875 0.19583333281249998 0.925 0.215277778125 0.9328125 0.23611111093749998 0.93828125 0.240277778125 0.96015625 0.23055555625 0.9625 0.240277778125 0.96953125 0.24722222187499998
7 0.93515625 0.12222222187500001 0.9265625 0.125 0.925 0.1291666671875 0.93828125 0.1416666671875 0.9578125 0.1458333328125 0.96796875 0.15555555625 0.98046875 0.15972222187500001 0.978125 0.14444444375 0.96328125 0.134722221875 0.93515625 0.12222222187500001
7 0.78515625 0.13194444375 0.78125 0.1375 0.78671875 0.1513888890625 0.79296875 0.1513888890625 0.79296875 0.12222222187500001 0.78984375 0.11805555625 0.78671875 0.1208333328125 0.78515625 0.13194444375
7 0.79609375 0.10833333281249999 0.7984375 0.097222221875 0.78828125 0.09305555625 0.7890625 0.1041666671875 0.79296875 0.109722221875 0.79609375 0.10833333281249999
7 0.7453125 0.13333333281249998 0.74609375 0.15972222187500001 0.76328125 0.15972222187500001 0.76875 0.15277777812499999 0.77265625 0.0916666671875 0.76875 0.08194444375 0.74921875 0.07638888906249999 0.74765625 0.127777778125 0.7453125 0.13333333281249998
7 0.73671875 0.15555555625 0.73984375 0.08333333281250001 0.73828125 0.06805555625000001 0.7234375 0.058333332812500006 0.70703125 0.055555556250000006 0.684375 0.04444444375 0.67890625 0.0458333328125 0.6765625 0.055555556250000006 0.6765625 0.097222221875 0.68046875 0.1041666671875 0.68671875 0.10694444375 0.69375 0.1291666671875 0.7078125 0.14305555625 0.71796875 0.1458333328125 0.72578125 0.15555555625 0.73671875 0.15555555625
4 0.20390625 0.197222221875 0.20546875 0.165277778125 0.1984375 0.11944444375 0.19453125 0.11805555625 0.18984375 0.13333333281249998 0.1890625 0.15277777812499999 0.19453125 0.1708333328125 0.19375 0.19305555624999998 0.1953125 0.197222221875 0.19609375 0.1861111109375 0.19921875 0.18055555625 0.20078125 0.19444444375 0.20390625 0.197222221875