7 0.775 0.92578125 0.81805555625 0.915625 0.83055555625 0.90625 0.8444444437499999 0.88203125 0.8458333328125001 0.83828125 0.8444444437499999 0.8234375 0.8291666671875 0.815625 0.81805555625 0.8140625 0.777777778125 0.81953125 0.772222221875 0.83125 0.7819444437499999 0.84609375 0.765277778125 0.85 0.74444444375 0.87109375 0.7416666671875001 0.878125 0.7236111109375 0.88203125 0.7194444437499999 0.88671875 0.725 0.89609375 0.7236111109375 0.92421875 0.7333333328125 0.9296875 0.76944444375 0.9296875 0.775 0.92578125
7 0.675 0.9578125 0.684722221875 0.95703125 0.6861111109375 0.9515625 0.6805555562500001 0.95078125 0.6763888890625 0.95546875 0.6625 0.95703125 0.6611111109375 0.9609375 0.66944444375 0.9625 0.675 0.9578125
7 0.72265625 0.9578125 0.003125 0.003125
7 0.6916666671875 0.9765625 0.6708333328125 0.97578125 0.6625 0.978125 0.6486111109375 0.98984375 0.647222221875 0.99921875 0.7194444437499999 0.99921875 0.727777778125 0.99609375 0.7361111109375 0.99609375 0.7402777781250001 0.99921875 0.7430555562500001 0.99609375 0.7569444437499999 0.99609375 0.7611111109375 0.99296875 0.7569444437499999 0.9875 0.7180555562500001 0.984375 0.6916666671875 0.9765625
7 0.38194444375000003 0.1203125 0.38333333281250004 0.14140625 0.40416666718750005 0.1421875 0.45555555625000005 0.13515625 0.49583333281249997 0.1265625 0.5319444437499999 0.12265625 0.5319444437499999 0.11953125 0.540277778125 0.115625 0.5527777781250001 0.11796875 0.565277778125 0.115625 0.56805555625 0.11171875 0.565277778125 0.1046875 0.5583333328125 0.1015625 0.5611111109375 0.09765625 0.5541666671875001 0.09765625 0.5486111109375 0.09140625 0.5527777781250001 0.0875 0.5458333328125 0.0859375 0.54444444375 0.08046875 0.5333333328125 0.07421875 0.5361111109375 0.0703125 0.5319444437499999 0.0671875 0.5541666671875001 0.0671875 0.547222221875 0.065625 0.5486111109375 0.06328125 0.54305555625 0.065625 0.54131944375 0.06328125 0.5361111109375 0.065625 0.534027778125 0.06328125 0.51944444375 0.06328125 0.5041666671875 0.06640625 0.47222222187499996 0.0578125 0.4486111109375 0.06015625 0.44444444375 0.0625 0.44444444375 0.071875 0.45 0.09609375 0.440277778125 0.10390625 0.397222221875 0.1078125 0.38194444375000003 0.1203125
7 0.45 0.2265625 0.47222222187499996 0.22421875 0.48333333281249996 0.22578125 0.49305555625 0.23203125 0.49444444374999996 0.23671875 0.48055555625 0.24453125 0.459722221875 0.24453125 0.45277777812500003 0.2546875 0.4375 0.2625 0.43194444374999996 0.28125 0.40833333281249995 0.2953125 0.40694444374999994 0.31796875 0.42222222187499997 0.3296875 0.44305555625000004 0.3375 0.447222221875 0.34765625 0.47222222187499996 0.3609375 0.4916666671875 0.36484375 0.5333333328125 0.3640625 0.5555555562500001 0.3609375 0.56805555625 0.35625 0.5888888890625 0.3421875 0.60694444375 0.31953125 0.640277778125 0.2921875 0.64444444375 0.28203125 0.66805555625 0.27265625 0.6708333328125 0.2609375 0.684722221875 0.2546875 0.672222221875 0.246875 0.66805555625 0.23203125 0.640277778125 0.22421875 0.6361111109375 0.21953125 0.6569444437499999 0.2171875 0.659722221875 0.20703125 0.690277778125 0.18671875 0.709722221875 0.1390625 0.6777777781250001 0.1375 0.6486111109375 0.14296875 0.6180555562500001 0.16953125 0.5861111109375 0.1671875 0.584722221875 0.14921875 0.58194444375 0.153125 0.5722222218749999 0.1484375 0.540277778125 0.15 0.5305555562500001 0.153125 0.49444444374999996 0.15625 0.47083333281249995 0.15625 0.4236111109375 0.1640625 0.43333333281249997 0.21640625 0.45 0.2265625
7 0.7402777781250001 0 0.73055555625 0.0234375 0.715277778125 0.03125 0.7083333328125 0.046875 0.7 0.05234375 0.7041666671875 0.06171875 0.6861111109375 0.1 0.66944444375 0.1078125 0.66944444375 0.11171875 0.7194444437499999 0.109375 0.73055555625 0.10546875 0.7361111109375 0.0875 0.7569444437499999 0.0546875 0.7583333328124999 0.034375 0.777777778125 0 0.7402777781250001 0
7 0.902777778125 0.38203125 0.9611111109375001 0.3796875 0.9625 0.375 0.9458333328125 0.3546875 0.95 0.3453125 0.9472222218749999 0.3359375 0.95694444375 0.33046875 0.9486111109375001 0.28515625 0.9444444437499999 0.28125 0.91944444375 0.28046875 0.8958333328125001 0.275 0.83194444375 0.275 0.8263888890625 0.28125 0.83055555625 0.296875 0.8083333328125001 0.30234375 0.80694444375 0.3046875 0.80694444375 0.32421875 0.83055555625 0.33046875 0.8430555562500001 0.340625 0.8819444437499999 0.3515625 0.8833333328125 0.35859375 0.8736111109375001 0.3640625 0.8736111109375001 0.36875 0.890277778125 0.36875 0.902777778125 0.38203125
7 0.9166666671874999 0.45234375 0.9055555562500001 0.45703125 0.85 0.45546875 0.8236111109375001 0.4578125 0.827777778125 0.4671875 0.8458333328125001 0.475 0.8791666671874999 0.47890625 0.965277778125 0.4765625 0.984722221875 0.47109375 0.9930555562500001 0.459375 0.99444444375 0.4328125 0.98055555625 0.39453125 0.972222221875 0.3890625 0.9305555562500001 0.38984375 0.909722221875 0.3890625 0.9069444437499999 0.38671875 0.89444444375 0.3875 0.8652777781250001 0.39375 0.8416666671874999 0.39375 0.83055555625 0.39921875 0.8194444437499999 0.4 0.815277778125 0.41796875 0.8333333328125001 0.4375 0.8583333328125 0.44140625 0.89305555625 0.43984375 0.91944444375 0.4453125 0.9166666671874999 0.45234375
7 0.7583333328124999 0.99296875 0.7611111109375 0.99921875 0.772222221875 0.99921875 0.7791666671875 0.99375 0.7763888890625 0.9921875 0.7638888890625 0.98984375 0.7583333328124999 0.99296875
7 0.83055555625 0.9203125 0.81805555625 0.91796875 0.80694444375 0.9203125 0.8041666671875 0.9234375 0.7791666671875 0.92734375 0.7763888890625 0.93203125 0.7833333328125 0.93828125 0.7819444437499999 0.9484375 0.7708333328125 0.9609375 0.7638888890625 0.96171875 0.75555555625 0.9671875 0.7583333328124999 0.971875 0.7958333328125 0.975 0.8194444437499999 0.94609375 0.83055555625 0.9203125
7 0.8388888890624999 0.98046875 0.85 0.97890625 0.8680555562500001 0.96015625 0.875 0.94453125 0.8736111109375001 0.92734375 0.8708333328125001 0.92578125 0.8666666671875 0.93125 0.859722221875 0.9328125 0.847222221875 0.95078125 0.8388888890624999 0.98046875
7 0.86171875 0.7828125 0.0015625 0.003125
7 0.902777778125 0.79765625 0.9069444437499999 0.78515625 0.8819444437499999 0.7875 0.8819444437499999 0.7953125 0.89444444375 0.7984375 0.902777778125 0.79765625
7 0.925 0.75390625 0.925 0.74921875 0.91944444375 0.74765625 0.8430555562500001 0.74609375 0.8416666671874999 0.76484375 0.85 0.76875 0.9069444437499999 0.7703125 0.9138888890624999 0.77265625 0.925 0.75390625
7 0.86944444375 0.69453125 0.8444444437499999 0.71875 0.840277778125 0.72890625 0.8444444437499999 0.73671875 0.9166666671874999 0.73984375 0.93194444375 0.7375 0.952777778125 0.6875 0.952777778125 0.68046875 0.9472222218749999 0.6765625 0.9 0.67734375 0.8916666671875 0.68515625 0.86944444375 0.69453125
7 0.95694444375 0.77421875 0.95694444375 0.7890625 0.9625 0.7875 0.965277778125 0.7828125 0.975 0.7578125 0.9694444437499999 0.759375 0.965277778125 0.75625 0.9680555562500001 0.76171875 0.9625 0.7640625 0.95694444375 0.77421875
7 0.9958333328125001 0.70625 0.9791666671874999 0.71171875 0.9791666671874999 0.72578125 0.9888888890624999 0.7265625 0.99444444375 0.73046875 0.997222221875 0.7109375 0.9916666671875 0.71015625 0.9958333328125001 0.70625
4 0.659722221875 0.959375 0.6708333328125 0.96328125 0.7402777781250001 0.96953125 0.7583333328124999 0.9625 0.7416666671875001 0.95703125 0.725 0.95625 0.70694444375 0.9515625 0.6833333328125 0.95 0.6763888890625 0.95625 0.665277778125 0.95625 0.659722221875 0.959375
4 0.2986111109375 0.2640625 0.34444444375 0.26015625 0.3708333328125 0.26171875 0.3875 0.26796875 0.40277777812500004 0.26796875 0.447222221875 0.25546875 0.459722221875 0.2421875 0.48194444374999995 0.24375 0.49305555625 0.23671875 0.49305555625 0.2328125 0.48055555625 0.2265625 0.46944444374999994 0.2265625 0.45 0.23125 0.43055555625 0.22109375 0.41944444374999995 0.21953125 0.38055555625 0.21875 0.34305555625 0.22890625 0.33055555625 0.22734375 0.30555555624999997 0.23125 0.28611111093749997 0.23125 0.275 0.23671875 0.27777777812500004 0.24296875 0.309722221875 0.24296875 0.322222221875 0.2453125 0.31805555625 0.2484375 0.25694444375000003 0.25625 0.25555555625 0.26171875 0.2625 0.2640625 0.2986111109375 0.2640625
4 0.45277777812500003 0.0015625 0.4486111109375 0.00546875 0.45555555625000005 0.01171875 0.46666666718750005 0.0140625 0.46527777812500004 0.02265625 0.46944444374999994 0.02421875 0.4861111109375 0.01875 0.515277778125 0.01484375 0.5375 0.01640625 0.5930555562500001 0.01171875 0.5930555562500001 0.0015625 0.46805555625000006 0 0.45277777812500003 0.0015625
4 0.9013888890624999 0.53125 0.85694444375 0.53203125 0.8541666671874999 0.540625 0.85694444375 0.54296875 0.9069444437499999 0.54296875 0.91944444375 0.5390625 0.91805555625 0.53515625 0.9013888890624999 0.53125