2 0.025 0.459722221875 0.02890625 0.46805555625000006 0.03671875 0.46805555625000006 0.03828125 0.4583333328125 0.0359375 0.42083333281249996 0.02578125 0.41805555625 0.02421875 0.42222222187499997 0.025 0.459722221875
1 0.3796875 0.2888888890625 0.38671875 0.2833333328125 0.39375 0.290277778125 0.39453125 0.28055555625 0.38671875 0.2638888890625 0.38515625 0.23472222187499997 0.3875 0.2 0.38515625 0.1583333328125 0.3890625 0.1541666671875 0.38515625 0.13194444375 0.38515625 0.1111111109375 0.38359375 0.10694444375 0.3734375 0.10555555624999999 0.36953125 0.1166666671875 0.37265625 0.15694444375 0.371875 0.2541666671875 0.36875 0.259722221875 0.359375 0.259722221875 0.359375 0.26527777812500003 0.3671875 0.2708333328125 0.375 0.28611111093749997 0.3796875 0.2888888890625
1 0.46875 0.24305555625 0.45703125 0.23611111093749998 0.45390625 0.225 0.45625 0.1666666671875 0.45390625 0.14861111093749999 0.4546875 0.084722221875 0.44921875 0.08194444375 0.44296875 0.0861111109375 0.4421875 0.2166666671875 0.4375 0.22638888906250001 0.43046875 0.22638888906250001 0.4296875 0.23055555625 0.4328125 0.2388888890625 0.4390625 0.24305555625 0.4671875 0.2513888890625 0.46875 0.24305555625
6 0.72109375 0.2833333328125 0.72890625 0.2708333328125 0.7375 0.27777777812500004 0.7625 0.275 0.7640625 0.23611111093749998 0.76171875 0.2166666671875 0.7578125 0.2125 0.75234375 0.19444444375 0.73515625 0.1875 0.73046875 0.1583333328125 0.69453125 0.147222221875 0.68828125 0.1513888890625 0.68046875 0.165277778125 0.6609375 0.16805555625 0.65703125 0.172222221875 0.65625 0.2166666671875 0.6625 0.2388888890625 0.6828125 0.2388888890625 0.69765625 0.24722222187499998 0.70078125 0.2541666671875 0.70234375 0.275 0.71171875 0.28472222187499996 0.72109375 0.2833333328125
6 0.65546875 0.23055555625 0.64453125 0.2236111109375 0.63671875 0.2236111109375 0.634375 0.21944444375 0.63671875 0.190277778125 0.60546875 0.17361111093749998 0.5984375 0.15972222187500001 0.575 0.1611111109375 0.56953125 0.175 0.56640625 0.19583333281249998 0.5671875 0.21805555625 0.5765625 0.2416666671875 0.5859375 0.24583333281250003 0.5984375 0.259722221875 0.6515625 0.25833333281250004 0.65703125 0.2513888890625 0.65546875 0.23055555625
7 0.8484375 0.1208333328125 0.8421875 0.12361111093749999 0.83984375 0.134722221875 0.8453125 0.15277777812499999 0.89296875 0.15277777812499999 0.89140625 0.147222221875 0.8828125 0.14444444375 0.8671875 0.13055555624999998 0.8578125 0.1291666671875 0.8484375 0.1208333328125
7 0.96484375 0.09305555625 0.9640625 0.102777778125 0.96796875 0.1041666671875 0.96875 0.097222221875 0.96484375 0.09305555625
7 0.9390625 0.072222221875 0.92890625 0.07083333281250001 0.9078125 0.08194444375 0.90703125 0.1208333328125 0.92421875 0.1263888890625 0.92734375 0.1208333328125 0.94453125 0.12222222187500001 0.95234375 0.11805555625 0.9546875 0.090277778125 0.9515625 0.08055555625000001 0.9390625 0.072222221875
7 0.85703125 0.077777778125 0.85625 0.08055555625000001 0.875 0.102777778125 0.88984375 0.11388888906250001 0.8953125 0.11388888906250001 0.896875 0.08055555625000001 0.86953125 0.07083333281250001 0.8609375 0.072222221875 0.85703125 0.077777778125
7 0.87890625 0.25833333281250004 0.88125 0.275 0.88671875 0.28055555625 0.8953125 0.27638888906250003 0.925 0.27777777812500004 0.93046875 0.26805555625 0.93046875 0.23333333281250002 0.9265625 0.22638888906250001 0.91640625 0.1833333328125 0.909375 0.172222221875 0.88046875 0.15555555625 0.85625 0.15555555625 0.8515625 0.16805555625 0.8484375 0.1611111109375 0.83828125 0.15555555625 0.81953125 0.15694444375 0.81640625 0.16805555625 0.815625 0.19444444375 0.8203125 0.22638888906250001 0.83125 0.22916666718749998 0.8375 0.21805555625 0.84609375 0.21805555625 0.85078125 0.23611111093749998 0.87109375 0.25555555625 0.87890625 0.25833333281250004
7 0.98984375 0.27777777812500004 0.99921875 0.27777777812500004 0.99921875 0.21944444375 0.99296875 0.21805555625 0.98828125 0.23472222187499997 0.9875 0.2708333328125 0.98984375 0.27777777812500004
7 0.9609375 0.2388888890625 0.96875 0.24722222187499998 0.971875 0.24305555625 0.975 0.22638888906250001 0.9734375 0.20277777812500003 0.928125 0.16944444375 0.921875 0.16805555625 0.91875 0.17361111093749998 0.91796875 0.1888888890625 0.9234375 0.2 0.925 0.2138888890625 0.9328125 0.23611111093749998 0.9375 0.240277778125 0.94921875 0.23611111093749998 0.9546875 0.240277778125 0.9609375 0.2388888890625
7 0.93359375 0.12222222187500001 0.93125 0.134722221875 0.928125 0.13194444375 0.9265625 0.12222222187500001 0.925 0.13055555624999998 0.93671875 0.14305555625 0.9453125 0.147222221875 0.95546875 0.1458333328125 0.9640625 0.1541666671875 0.98046875 0.15972222187500001 0.9765625 0.14305555625 0.93359375 0.12222222187500001
7 0.78515625 0.13194444375 0.7796875 0.13888888906250002 0.78359375 0.1416666671875 0.7859375 0.15 0.79140625 0.1513888890625 0.79296875 0.1208333328125 0.7859375 0.1208333328125 0.78515625 0.13194444375
7 0.7953125 0.10833333281249999 0.796875 0.0958333328125 0.78828125 0.09305555625 0.7890625 0.102777778125 0.79296875 0.109722221875 0.7953125 0.10833333281249999
7 0.74921875 0.07638888906249999 0.7484375 0.0861111109375 0.7453125 0.1583333328125 0.7625 0.15972222187500001 0.76875 0.15277777812499999 0.7703125 0.1416666671875 0.77109375 0.0916666671875 0.76796875 0.08194444375 0.75234375 0.075 0.74921875 0.07638888906249999
7 0.7375 0.14305555625 0.73828125 0.06944444375 0.72421875 0.059722221875 0.690625 0.047222221875 0.67890625 0.04444444375 0.6765625 0.0486111109375 0.675 0.09305555625 0.67734375 0.10138888906250001 0.6859375 0.10694444375 0.690625 0.11944444375 0.6890625 0.1291666671875 0.70234375 0.1416666671875 0.73515625 0.15694444375 0.7375 0.14305555625