2 0.01328125 0.43194444374999996 0.0140625 0.47222222187499996 0.01796875 0.477777778125 0.025 0.477777778125 0.0328125 0.46805555625000006 0.028125 0.4388888890625 0.02265625 0.425 0.01328125 0.43194444374999996
1 0.38046875 0.10138888906250001 0.3734375 0.10138888906250001 0.3703125 0.10555555624999999 0.371875 0.2541666671875 0.35703125 0.2541666671875 0.36015625 0.25555555625 0.3631990140625 0.269078946875 0.36640625 0.2708333328125 0.36875 0.2791666671875 0.375 0.28611111093749997 0.3875 0.28055555625 0.40078125 0.2888888890625 0.4015625 0.28055555625 0.3890625 0.26805555625 0.38515625 0.25694444375000003 0.3828125 0.1888888890625 0.38515625 0.1458333328125 0.3828125 0.10555555624999999 0.38046875 0.10138888906250001
1 0.4515625 0.21805555625 0.45234375 0.17916666718750002 0.4546875 0.1708333328125 0.45390625 0.08333333281250001 0.44453125 0.08055555625000001 0.4421875 0.0861111109375 0.44140625 0.21805555625 0.4375 0.22916666718749998 0.4265625 0.22638888906250001 0.42578125 0.23055555625 0.428125 0.23333333281250002 0.43125 0.22777777812500002 0.43203125 0.240277778125 0.4375 0.24305555625 0.45703125 0.2513888890625 0.46875 0.2513888890625 0.46796875 0.2416666671875 0.45859375 0.2388888890625 0.4546875 0.23333333281250002 0.4515625 0.21805555625
6 0.59765625 0.15972222187500001 0.57421875 0.1611111109375 0.5703125 0.16805555625 0.5671875 0.1861111109375 0.56796875 0.222222221875 0.5765625 0.2416666671875 0.59296875 0.25555555625 0.60390625 0.259722221875 0.65 0.25833333281250004 0.65703125 0.2513888890625 0.65390625 0.23055555625 0.64609375 0.2236111109375 0.63671875 0.222222221875 0.6328125 0.215277778125 0.6375 0.20555555625 0.63671875 0.1916666671875 0.6046875 0.17361111093749998 0.59765625 0.15972222187500001
6 0.78125 0.2236111109375 0.77890625 0.22777777812500002 0.78125 0.240277778125 0.77890625 0.2736111109375 0.78203125 0.27638888906250003 0.78671875 0.26805555625 0.78828125 0.23333333281250002 0.78125 0.2236111109375
6 0.7375 0.27638888906250003 0.74375 0.27777777812500004 0.75 0.2666666671875 0.75078125 0.24305555625 0.7640625 0.24305555625 0.76640625 0.23611111093749998 0.76875 0.18055555625 0.76015625 0.16805555625 0.75703125 0.11805555625 0.75 0.10555555624999999 0.72578125 0.0958333328125 0.7125 0.09444444375 0.70625 0.097222221875 0.7015625 0.10555555624999999 0.6984375 0.14305555625 0.69375 0.1458333328125 0.68359375 0.16805555625 0.68359375 0.17361111093749998 0.6875 0.177777778125 0.68828125 0.225 0.69453125 0.2388888890625 0.70703125 0.2416666671875 0.71171875 0.2388888890625 0.7171875 0.21805555625 0.72265625 0.21805555625 0.72890625 0.23194444375 0.73125 0.2666666671875 0.7375 0.27638888906250003
7 0.884375 0.15555555625 0.85546875 0.15555555625 0.85 0.1625 0.85 0.1583333328125 0.84453125 0.15555555625 0.8203125 0.15555555625 0.8203125 0.184722221875 0.83515625 0.20555555625 0.84765625 0.215277778125 0.85 0.23472222187499997 0.85390625 0.240277778125 0.878125 0.25833333281250004 0.88125 0.275 0.88515625 0.2791666671875 0.90625 0.27777777812500004 0.91484375 0.2486111109375 0.9265625 0.23055555625 0.915625 0.18194444375000002 0.9046875 0.16805555625 0.884375 0.15555555625
7 0.99921875 0.33888888906250003 0.99921875 0.2666666671875 0.99453125 0.259722221875 0.98828125 0.25833333281250004 0.9828125 0.275 0.97890625 0.33888888906250003 0.99921875 0.33888888906250003
7 0.9078125 0.28611111093749997 0.90703125 0.2958333328125 0.915625 0.3083333328125 0.9203125 0.322222221875 0.925 0.32777777812500003 0.94296875 0.33055555625 0.9453125 0.3416666671875 0.95234375 0.3541666671875 0.95859375 0.35555555625 0.9671875 0.302777778125 0.96953125 0.24583333281250003 0.94296875 0.23194444375 0.92734375 0.23333333281250002 0.91328125 0.25694444375000003 0.9078125 0.28611111093749997
7 0.85625 0.127777778125 0.85078125 0.1208333328125 0.8390625 0.1208333328125 0.83359375 0.13333333281249998 0.83984375 0.15 0.8484375 0.1541666671875 0.88671875 0.15 0.8671875 0.13055555624999998 0.85625 0.127777778125
7 0.9734375 0.09305555625 0.96953125 0.09305555625 0.96640625 0.0861111109375 0.9625 0.0861111109375 0.96171875 0.0916666671875 0.96015625 0.11805555625 0.9625 0.13194444375 0.96796875 0.127777778125 0.975 0.1 0.9734375 0.09305555625
7 0.925 0.1291666671875 0.93046875 0.12222222187500001 0.94921875 0.1208333328125 0.95390625 0.1041666671875 0.95234375 0.08194444375 0.93515625 0.07083333281250001 0.925 0.07083333281250001 0.90703125 0.08055555625000001 0.90234375 0.09305555625 0.90546875 0.10138888906250001 0.9046875 0.11805555625 0.925 0.1291666671875
7 0.8578125 0.072222221875 0.85625 0.08055555625000001 0.875 0.1041666671875 0.88984375 0.11388888906250001 0.89765625 0.11388888906250001 0.89765625 0.08055555625000001 0.875 0.07083333281250001 0.8578125 0.072222221875
7 0.9921875 0.222222221875 0.98828125 0.23472222187499997 0.9875 0.2541666671875 0.99921875 0.25555555625 0.99921875 0.22777777812500002 0.9921875 0.222222221875
7 0.94765625 0.23194444375 0.96796875 0.24305555625 0.971875 0.240277778125 0.97421875 0.20833333281250002 0.96953125 0.197222221875 0.928125 0.16944444375 0.91875 0.1708333328125 0.91796875 0.1875 0.92890625 0.2125 0.93125 0.22916666718749998 0.94765625 0.23194444375
7 0.9796875 0.1583333328125 0.978125 0.147222221875 0.96015625 0.13333333281249998 0.93671875 0.12222222187500001 0.9265625 0.125 0.92578125 0.13055555624999998 0.946875 0.14305555625 0.95625 0.15555555625 0.96953125 0.1611111109375 0.9796875 0.1583333328125
4 0.2859375 0.4625 0.290625 0.447222221875 0.290625 0.44166666718750003 0.28203125 0.427777778125 0.28046875 0.415277778125 0.2828125 0.3958333328125 0.2859375 0.39444444375 0.28828125 0.40555555625000006 0.29296875 0.40555555625000006 0.29296875 0.384722221875 0.2859375 0.34861111093749997 0.28125 0.3416666671875 0.27890625 0.3236111109375 0.2734375 0.3166666671875 0.26875 0.31805555625 0.26796875 0.3291666671875 0.26171875 0.34305555625 0.2609375 0.352777778125 0.25546875 0.35555555625 0.25 0.36944444375 0.26171875 0.36805555624999997 0.26328125 0.40416666718750005 0.26796875 0.41944444374999995 0.27109375 0.46527777812500004 0.26640625 0.4861111109375 0.27109375 0.4875 0.278125 0.4791666671875 0.27890625 0.46527777812500004 0.2859375 0.4625
4 0.64921875 0.18194444375000002 0.64765625 0.1861111109375 0.65390625 0.1916666671875 0.65234375 0.22638888906250001 0.65703125 0.2486111109375 0.6609375 0.2513888890625 0.66796875 0.18055555625 0.66171875 0.15972222187500001 0.65625 0.15972222187500001 0.65625 0.177777778125 0.653125 0.190277778125 0.64921875 0.18194444375000002