2 0.43194444374999996 0.98671875 0.47083333281249995 0.9859375 0.4763888890625 0.98359375 0.477777778125 0.975 0.46805555625000006 0.9671875 0.44444444375 0.9703125 0.425 0.97734375 0.43194444374999996 0.98671875
1 0.13888888906250002 0.61796875 0.10138888906250001 0.615625 0.10555555624999999 0.61796875 0.1 0.61953125 0.10555555624999999 0.63046875 0.19305555624999998 0.628125 0.2541666671875 0.6296875 0.25833333281250004 0.640625 0.26527777812500003 0.64296875 0.2708333328125 0.63359375 0.2888888890625 0.62421875 0.2888888890625 0.6203125 0.28055555625 0.6171875 0.2888888890625 0.6 0.28055555625 0.5984375 0.2541666671875 0.61484375 0.20694444375 0.6171875 0.15555555625 0.615625 0.13888888906250002 0.61796875
6 0.22777777812500002 0.21953125 0.2736111109375 0.22109375 0.27638888906250003 0.21796875 0.2666666671875 0.21328125 0.23472222187499997 0.21171875 0.21805555625 0.21484375 0.21805555625 0.21875 0.22777777812500002 0.21953125
6 0.27777777812500004 0.25703125 0.26527777812500003 0.25 0.24444444375000002 0.25 0.240277778125 0.24609375 0.2416666671875 0.2359375 0.23055555625 0.23359375 0.18055555625 0.23125 0.1763888890625 0.2375 0.1666666671875 0.240625 0.15 0.23984375 0.1361111109375 0.24296875 0.11805555625 0.24296875 0.10555555624999999 0.25 0.0958333328125 0.27265625 0.0958333328125 0.29140625 0.10694444375 0.2984375 0.14305555625 0.30078125 0.15555555625 0.31171875 0.16944444375 0.31640625 0.17916666718750002 0.3125 0.22777777812500002 0.3109375 0.2388888890625 0.30546875 0.24305555625 0.2953125 0.2388888890625 0.28828125 0.21805555625 0.2828125 0.21805555625 0.27734375 0.23194444375 0.27109375 0.26805555625 0.26875 0.27777777812500004 0.2609375 0.27777777812500004 0.25703125
7 0.259722221875 0.01328125 0.275 0.0171875 0.325 0.02109375 0.34027777812500004 0.021875 0.34305555625 0.01953125 0.3375 0.00078125 0.26805555625 0.00078125 0.259722221875 0.00703125 0.259722221875 0.01328125
7 0.3083333328125 0.084375 0.322222221875 0.0796875 0.33055555625 0.05859375 0.3513888890625 0.05 0.35555555625 0.04296875 0.302777778125 0.0328125 0.24583333281250003 0.03046875 0.23194444375 0.0578125 0.23333333281250002 0.07265625 0.25555555625 0.0859375 0.28611111093749997 0.0921875 0.2958333328125 0.09296875 0.3083333328125 0.084375
7 0.17361111093749998 0.0890625 0.15972222187500001 0.1078125 0.1541666671875 0.13828125 0.15555555625 0.14453125 0.1666666671875 0.14921875 0.15972222187500001 0.15078125 0.15555555625 0.1609375 0.1583333328125 0.1828125 0.1833333328125 0.1828125 0.197222221875 0.16953125 0.2138888890625 0.1625 0.2166666671875 0.15078125 0.2388888890625 0.146875 0.25833333281250004 0.121875 0.27777777812500004 0.1171875 0.28055555625 0.1078125 0.27638888906250003 0.10390625 0.27638888906250003 0.09296875 0.2486111109375 0.0859375 0.23055555625 0.0734375 0.18194444375000002 0.084375 0.17361111093749998 0.0890625
7 0.25 0.48203125 0.21944444375 0.48671875 0.20555555625 0.49296875 0.20555555625 0.4953125 0.26805555625 0.4953125 0.27777777812500004 0.49375 0.27777777812500004 0.4890625 0.2666666671875 0.4828125 0.25 0.48203125
7 0.30555555624999997 0.54296875 0.29305555625 0.5359375 0.2916666671875 0.5234375 0.2638888890625 0.5203125 0.1513888890625 0.5203125 0.109722221875 0.5421875 0.097222221875 0.575 0.0861111109375 0.6390625 0.0958333328125 0.6625 0.102777778125 0.66640625 0.1166666671875 0.66875 0.215277778125 0.66953125 0.22638888906250001 0.6625 0.23333333281250002 0.646875 0.2541666671875 0.64296875 0.25555555625 0.63125 0.24305555625 0.628125 0.240277778125 0.61484375 0.25555555625 0.6109375 0.25833333281250004 0.596875 0.2666666671875 0.58671875 0.275 0.5640625 0.29305555625 0.56015625 0.30555555624999997 0.55078125 0.30555555624999997 0.54296875
7 0.222222221875 0.0078125 0.23472222187499997 0.01171875 0.2541666671875 0.01171875 0.25555555625 0.00078125 0.22916666718749998 0.00078125 0.222222221875 0.0078125
7 0.17916666718750002 0.00390625 0.17361111093749998 0.00625 0.18194444375000002 0.00546875 0.17916666718750002 0.00390625
7 0.23055555625 0.05546875 0.24305555625 0.03203125 0.2388888890625 0.028125 0.20555555625 0.02578125 0.197222221875 0.03046875 0.16944444375 0.07109375 0.16805555625 0.0796875 0.1888888890625 0.08125 0.20972222187499998 0.0703125 0.22777777812500002 0.06953125 0.23055555625 0.05546875
7 0.15555555625 0.04375 0.16388888906250001 0.025 0.1611111109375 0.02109375 0.15 0.02109375 0.13333333281249998 0.03984375 0.12222222187500001 0.0671875 0.1263888890625 0.07421875 0.13055555624999998 0.07421875 0.14305555625 0.05390625 0.1513888890625 0.05 0.15555555625 0.04375
7 0.15 0.11796875 0.14305555625 0.11953125 0.134722221875 0.12734375 0.1291666671875 0.1421875 0.1208333328125 0.14921875 0.1208333328125 0.1609375 0.125 0.1625 0.13888888906250002 0.16328125 0.15 0.1609375 0.1541666671875 0.1546875 0.15 0.11796875
7 0.072222221875 0.140625 0.08055555625000001 0.14375 0.090277778125 0.13671875 0.1041666671875 0.12421875 0.11388888906250001 0.10625 0.08055555625000001 0.10234375 0.07083333281250001 0.128125 0.072222221875 0.140625
4 0.2236111109375 0.375 0.23194444375 0.37265625 0.23611111093749998 0.37421875 0.21944444375 0.36328125 0.16805555625 0.3625 0.1583333328125 0.36328125 0.15555555625 0.375 0.1666666671875 0.375 0.1833333328125 0.38046875 0.190277778125 0.375 0.2236111109375 0.375