2 0.03359375 0.41805555625 0.02578125 0.41805555625 0.02421875 0.42222222187499997 0.025 0.4583333328125 0.02890625 0.46805555625000006 0.0359375 0.46805555625000006 0.03828125 0.459722221875 0.03671875 0.42222222187499997 0.03359375 0.41805555625
1 0.3859375 0.15694444375 0.3890625 0.1541666671875 0.38515625 0.10833333281249999 0.3796875 0.102777778125 0.37265625 0.102777778125 0.3671875 0.1111111109375 0.3601371953125 0.1086043359375 0.359765625 0.11388888906250001 0.3671875 0.11388888906250001 0.36875 0.11805555625 0.37265625 0.15972222187500001 0.37265625 0.25 0.36875 0.259722221875 0.359375 0.259722221875 0.359375 0.26527777812500003 0.36875 0.272222221875 0.37734375 0.2888888890625 0.38671875 0.2833333328125 0.39375 0.290277778125 0.3953125 0.28472222187499996 0.38671875 0.2638888890625 0.38515625 0.2416666671875 0.3875 0.197222221875 0.3859375 0.15694444375
1 0.45390625 0.1458333328125 0.4546875 0.084722221875 0.45078125 0.08194444375 0.44296875 0.0861111109375 0.4421875 0.2166666671875 0.4359375 0.22777777812500002 0.43125 0.22638888906250001 0.4296875 0.23055555625 0.4328125 0.2388888890625 0.43828125 0.24305555625 0.46015625 0.2513888890625 0.4609375 0.2388888890625 0.46640625 0.240277778125 0.4671875 0.2513888890625 0.46875 0.24305555625 0.45234375 0.20694444375 0.45625 0.16944444375 0.45390625 0.1458333328125
6 0.75390625 0.19583333281249998 0.73515625 0.1875 0.73046875 0.1583333328125 0.70625 0.15 0.69140625 0.15 0.68125 0.165277778125 0.6703125 0.1666666671875 0.665625 0.17361111093749998 0.66171875 0.16944444375 0.65703125 0.17361111093749998 0.65625 0.21805555625 0.6640625 0.2416666671875 0.684375 0.2388888890625 0.6984375 0.24722222187499998 0.70234375 0.272222221875 0.70546875 0.28055555625 0.71015625 0.2833333328125 0.71796875 0.28472222187499996 0.72890625 0.275 0.746875 0.27777777812500004 0.7625 0.2736111109375 0.7640625 0.23472222187499997 0.76171875 0.2166666671875 0.75390625 0.19583333281249998
6 0.60546875 0.17361111093749998 0.5984375 0.15972222187500001 0.575 0.1611111109375 0.56875 0.18055555625 0.56640625 0.20555555625 0.56953125 0.22916666718749998 0.57734375 0.2416666671875 0.5875 0.24583333281250003 0.5953125 0.25694444375000003 0.65078125 0.25833333281250004 0.65703125 0.25 0.6546875 0.22916666718749998 0.63671875 0.222222221875 0.6328125 0.215277778125 0.63671875 0.20555555625 0.63671875 0.19583333281249998 0.6265625 0.184722221875 0.60546875 0.17361111093749998
7 0.89140625 0.147222221875 0.8671875 0.13055555624999998 0.8546875 0.1291666671875 0.8484375 0.1208333328125 0.8421875 0.125 0.83984375 0.1375 0.84453125 0.1513888890625 0.88046875 0.15555555625 0.89296875 0.15277777812499999 0.89140625 0.147222221875
7 0.96953125 0.097222221875 0.96328125 0.09305555625 0.9625 0.11805555625 0.96640625 0.115277778125 0.96953125 0.10555555624999999 0.96953125 0.097222221875
7 0.92265625 0.127777778125 0.92734375 0.12222222187500001 0.94609375 0.12222222187500001 0.9515625 0.115277778125 0.95390625 0.1041666671875 0.95234375 0.08333333281250001 0.93828125 0.072222221875 0.92265625 0.072222221875 0.90703125 0.084722221875 0.90625 0.11944444375 0.91328125 0.125 0.92265625 0.127777778125
7 0.89609375 0.08055555625000001 0.86953125 0.07083333281250001 0.8578125 0.07638888906249999 0.85625 0.08055555625000001 0.875 0.102777778125 0.88984375 0.11388888906250001 0.8953125 0.11388888906250001 0.89765625 0.09305555625 0.89609375 0.08055555625000001
7 0.93046875 0.23194444375 0.9265625 0.22638888906250001 0.915625 0.18194444375000002 0.909375 0.172222221875 0.8796875 0.15555555625 0.85625 0.15555555625 0.85390625 0.15972222187500001 0.84609375 0.15555555625 0.81953125 0.15555555625 0.81796875 0.15972222187500001 0.8140625 0.1875 0.81796875 0.2166666671875 0.821875 0.22638888906250001 0.83125 0.22916666718749998 0.83671875 0.21805555625 0.846875 0.21805555625 0.85078125 0.23611111093749998 0.878125 0.25833333281250004 0.88125 0.275 0.8859375 0.28055555625 0.8953125 0.27638888906250003 0.925 0.27777777812500004 0.93046875 0.2666666671875 0.93046875 0.23194444375
7 0.99375 0.28055555625 0.99921875 0.27777777812500004 0.99921875 0.21944444375 0.99296875 0.21805555625 0.98828125 0.23611111093749998 0.9875 0.2708333328125 0.99375 0.28055555625
7 0.96875 0.24583333281250003 0.971875 0.24305555625 0.975 0.2236111109375 0.9734375 0.20277777812500003 0.928125 0.16944444375 0.921875 0.16805555625 0.91875 0.17361111093749998 0.91875 0.1916666671875 0.93515625 0.2388888890625 0.9640625 0.240277778125 0.96875 0.24583333281250003
7 0.9765625 0.14305555625 0.94609375 0.1263888890625 0.9265625 0.12361111093749999 0.925 0.13055555624999998 0.93828125 0.14305555625 0.95546875 0.14444444375 0.96484375 0.1541666671875 0.98046875 0.15972222187500001 0.9765625 0.14305555625
7 0.7859375 0.12222222187500001 0.7859375 0.1291666671875 0.78125 0.134722221875 0.78125 0.140277778125 0.7875 0.1513888890625 0.79296875 0.15 0.79296875 0.12222222187500001 0.7859375 0.12222222187500001
7 0.79765625 0.097222221875 0.7921875 0.09305555625 0.78828125 0.09305555625 0.78828125 0.1 0.79296875 0.115277778125 0.79765625 0.097222221875
7 0.76875 0.08333333281250001 0.75390625 0.075 0.74921875 0.07638888906249999 0.74765625 0.1291666671875 0.7453125 0.1361111109375 0.74609375 0.15972222187500001 0.7625 0.15972222187500001 0.76875 0.15277777812499999 0.77109375 0.10694444375 0.76875 0.08333333281250001
7 0.67734375 0.0458333328125 0.6765625 0.054166667187499996 0.675 0.0916666671875 0.68046875 0.1041666671875 0.68828125 0.109722221875 0.69140625 0.11805555625 0.69140625 0.1291666671875 0.70625 0.14305555625 0.71796875 0.1458333328125 0.7265625 0.15555555625 0.734375 0.1583333328125 0.73671875 0.1541666671875 0.7390625 0.07638888906249999 0.7375 0.06805555625000001 0.68203125 0.04444444375 0.67734375 0.0458333328125