2 0.01328125 0.43194444374999996 0.0140625 0.47083333281249995 0.01640625 0.4763888890625 0.025 0.477777778125 0.0328125 0.46666666718750005 0.0296875 0.4458333328125 0.0234375 0.425 0.01875 0.425 0.01328125 0.43194444374999996
1 0.37890625 0.2888888890625 0.3828125 0.28055555625 0.4 0.2888888890625 0.40078125 0.27777777812500004 0.39609375 0.275 0.38515625 0.25555555625 0.3828125 0.2125 0.384375 0.15555555625 0.38203125 0.1125 0.3890625 0.10138888906250001 0.39296875 0.10138888906250001 0.39140625 0.0958333328125 0.38828125 0.0958333328125 0.38203125 0.10555555624999999 0.3765625 0.1 0.36953125 0.10555555624999999 0.3703125 0.1916666671875 0.37265625 0.2 0.3703125 0.2541666671875 0.3578125 0.259722221875 0.35703125 0.26527777812500003 0.36640625 0.2708333328125 0.37109375 0.28194444375 0.37890625 0.2888888890625
1 0.4 0.09305555625 0.3984375 0.09444444375 0.40078125 0.097222221875 0.40703125 0.097222221875 0.4 0.09305555625
6 0.77890625 0.2736111109375 0.78203125 0.27638888906250003 0.78671875 0.26527777812500003 0.78828125 0.23611111093749998 0.78515625 0.2236111109375 0.78203125 0.222222221875 0.78046875 0.22916666718749998 0.77890625 0.2736111109375
6 0.71171875 0.2388888890625 0.7171875 0.21805555625 0.72265625 0.21805555625 0.72890625 0.23333333281250002 0.73125 0.2666666671875 0.7375 0.27638888906250003 0.74296875 0.27777777812500004 0.75 0.2666666671875 0.75 0.24444444375000002 0.75390625 0.240277778125 0.7640625 0.24305555625 0.76640625 0.23055555625 0.76875 0.18055555625 0.7609375 0.172222221875 0.75703125 0.11805555625 0.75 0.10555555624999999 0.728125 0.0958333328125 0.7078125 0.0958333328125 0.7015625 0.10694444375 0.69921875 0.14305555625 0.68828125 0.15555555625 0.68359375 0.16944444375 0.6875 0.17916666718750002 0.68828125 0.225 0.69453125 0.2388888890625 0.70703125 0.2416666671875 0.71171875 0.2388888890625
7 0.8859375 0.2791666671875 0.90703125 0.27638888906250003 0.9140625 0.2486111109375 0.9265625 0.23055555625 0.915625 0.18194444375000002 0.9109375 0.17361111093749998 0.890625 0.1583333328125 0.8625 0.1541666671875 0.85546875 0.15555555625 0.8515625 0.16388888906250001 0.8484375 0.1583333328125 0.840625 0.15555555625 0.81953125 0.15555555625 0.8171875 0.15972222187500001 0.81640625 0.17916666718750002 0.83125 0.197222221875 0.8390625 0.2138888890625 0.8484375 0.215277778125 0.8546875 0.2416666671875 0.878125 0.25833333281250004 0.88125 0.275 0.8859375 0.2791666671875
7 0.99921875 0.33888888906250003 0.99921875 0.26805555625 0.99296875 0.259722221875 0.9875 0.25833333281250004 0.98203125 0.27777777812500004 0.97890625 0.3416666671875 0.99921875 0.33888888906250003
7 0.9421875 0.23194444375 0.93046875 0.23194444375 0.91796875 0.24583333281250003 0.9125 0.2625 0.9078125 0.29722222187499997 0.9234375 0.3263888890625 0.9421875 0.33055555625 0.95 0.3513888890625 0.95703125 0.35555555625 0.9671875 0.302777778125 0.96953125 0.24583333281250003 0.9421875 0.23194444375
7 0.5046875 0.26805555625 0.50703125 0.27777777812500004 0.5109375 0.27777777812500004 0.5171875 0.26527777812500003 0.51796875 0.25 0.51015625 0.20833333281250002 0.5046875 0.20555555625 0.5046875 0.26805555625
7 0.371875 0.1708333328125 0.384375 0.1688125 0.384375 0.22638888906250001 0.38671875 0.2541666671875 0.4328125 0.272222221875 0.4375 0.27777777812500004 0.4390625 0.2916666671875 0.44921875 0.30555555624999997 0.45703125 0.30555555624999997 0.4640625 0.29305555625 0.4765625 0.290277778125 0.4796875 0.2638888890625 0.47890625 0.1458333328125 0.45546875 0.10694444375 0.42890625 0.10138888906250001 0.425 0.097222221875 0.4 0.097222221875 0.3984375 0.09305555625 0.3609375 0.0861111109375 0.3375 0.0958333328125 0.3328125 0.10555555624999999 0.33125 0.11805555625 0.33046875 0.215277778125 0.3375 0.22638888906250001 0.353125 0.23333333281250002 0.35703125 0.2541666671875 0.36875 0.25555555625 0.371875 0.24444444375000002 0.3703125 0.1763888890625 0.371875 0.1708333328125
7 0.99921875 0.22777777812500002 0.99375 0.21944444375 0.98828125 0.23472222187499997 0.98828125 0.2541666671875 0.99921875 0.2541666671875 0.99921875 0.22777777812500002
7 0.99453125 0.1708333328125 0.99140625 0.1708333328125 0.99375 0.184722221875 0.99765625 0.18055555625 0.99453125 0.1708333328125
7 0.96953125 0.197222221875 0.92890625 0.16944444375 0.91875 0.1708333328125 0.91953125 0.19305555624999998 0.92890625 0.20833333281250002 0.93046875 0.22777777812500002 0.9484375 0.23194444375 0.96796875 0.24305555625 0.971875 0.2388888890625 0.97421875 0.20555555625 0.96953125 0.197222221875
7 0.946875 0.1263888890625 0.9328125 0.12222222187500001 0.92734375 0.125 0.925 0.1291666671875 0.94609375 0.14305555625 0.9515625 0.15277777812499999 0.9828125 0.16805555625 0.978125 0.1625 0.97890625 0.1513888890625 0.9734375 0.14305555625 0.946875 0.1263888890625
7 0.8578125 0.1291666671875 0.85078125 0.1208333328125 0.84140625 0.1208333328125 0.8390625 0.125 0.83671875 0.1375 0.83984375 0.1513888890625 0.85 0.15555555625 0.86015625 0.1513888890625 0.8796875 0.15277777812499999 0.8828125 0.1458333328125 0.87265625 0.134722221875 0.8578125 0.1291666671875
7 0.871875 0.07083333281250001 0.85703125 0.0736111109375 0.85625 0.08055555625000001 0.875 0.1041666671875 0.8890625 0.11388888906250001 0.89453125 0.1125 0.89453125 0.10138888906250001 0.89765625 0.09444444375 0.89609375 0.08055555625000001 0.871875 0.07083333281250001
4 0.63828125 0.1708333328125 0.63671875 0.1583333328125 0.6296875 0.15277777812499999 0.625 0.15555555625 0.625 0.1666666671875 0.61796875 0.17916666718750002 0.61796875 0.184722221875 0.62265625 0.184722221875 0.625 0.190277778125 0.625 0.2236111109375 0.6302884609375 0.22629731406250003 0.63125 0.2236111109375 0.63671875 0.21944444375 0.63828125 0.1708333328125