2 0.01328125 0.43194444374999996 0.0140625 0.47222222187499996 0.01796875 0.477777778125 0.025 0.477777778125 0.0328125 0.46666666718750005 0.0296875 0.4458333328125 0.0234375 0.425 0.01875 0.425 0.01328125 0.43194444374999996
1 0.38515625 0.25694444375000003 0.3859375 0.19305555624999998 0.3828125 0.1888888890625 0.38515625 0.1541666671875 0.3828125 0.14444444375 0.3828125 0.10555555624999999 0.38046875 0.10138888906250001 0.37265625 0.10138888906250001 0.3703125 0.10555555624999999 0.371875 0.2541666671875 0.35703125 0.2541666671875 0.36015625 0.25555555625 0.3631990140625 0.269078946875 0.36640625 0.2708333328125 0.375 0.28611111093749997 0.3875 0.28055555625 0.40078125 0.2888888890625 0.4015625 0.28055555625 0.38515625 0.25694444375000003
1 0.43203125 0.240277778125 0.4375 0.24305555625 0.45703125 0.2513888890625 0.46875 0.2513888890625 0.46796875 0.2416666671875 0.45546875 0.23472222187499997 0.4515625 0.2166666671875 0.45234375 0.17916666718750002 0.4546875 0.1708333328125 0.45390625 0.08333333281250001 0.4453125 0.08055555625000001 0.4421875 0.0861111109375 0.44140625 0.215277778125 0.43828125 0.22916666718749998 0.42578125 0.22638888906250001 0.42578125 0.23055555625 0.428125 0.23333333281250002 0.43046875 0.22777777812500002 0.43359375 0.22916666718749998 0.43203125 0.240277778125
6 0.77265625 0.36805555624999997 0.7734375 0.3583333328125 0.77890625 0.35555555625 0.78203125 0.30555555624999997 0.77578125 0.3083333328125 0.775 0.34305555625 0.77109375 0.3708333328125 0.76171875 0.384722221875 0.76484375 0.39305555625 0.76875 0.39305555625 0.77265625 0.384722221875 0.7765625 0.36805555624999997 0.77265625 0.36805555624999997
6 0.6984375 0.35694444375 0.70546875 0.36805555624999997 0.70859375 0.3888888890625 0.7140625 0.3958333328125 0.7203125 0.40138888906250003 0.73046875 0.4 0.73515625 0.3958333328125 0.74375 0.3763888890625 0.75078125 0.39027777812500003 0.75625 0.39305555625 0.7609375 0.3888888890625 0.759375 0.35972222187499997 0.76171875 0.34027777812500004 0.76171875 0.275 0.7515625 0.2625 0.7484375 0.252777778125 0.74765625 0.23333333281250002 0.734375 0.2125 0.73046875 0.20972222187499998 0.7234375 0.21944444375 0.6921875 0.21944444375 0.67890625 0.24583333281250003 0.6703125 0.23611111093749998 0.66796875 0.240277778125 0.66796875 0.2513888890625 0.6578125 0.259722221875 0.65625 0.2666666671875 0.65390625 0.28611111093749997 0.65390625 0.31805555625 0.65625 0.3263888890625 0.6640625 0.3333333328125 0.6859375 0.33055555625 0.690625 0.334722221875 0.696875 0.34722222187499996 0.6984375 0.35694444375
6 0.64375 0.23472222187499997 0.64765625 0.22777777812500002 0.64765625 0.2208333328125 0.6375 0.20555555625 0.63671875 0.19583333281249998 0.63125 0.197222221875 0.62578125 0.1875 0.61015625 0.17361111093749998 0.60546875 0.17361111093749998 0.59765625 0.15972222187500001 0.57421875 0.1611111109375 0.5703125 0.16805555625 0.5671875 0.184722221875 0.5671875 0.2208333328125 0.56953125 0.22916666718749998 0.58125 0.24583333281250003 0.60078125 0.24583333281250003 0.609375 0.2541666671875 0.6203125 0.252777778125 0.6375 0.23611111093749998 0.64375 0.23472222187499997
7 0.7828125 0.275 0.78671875 0.26527777812500003 0.7875 0.23611111093749998 0.78515625 0.22916666718749998 0.7796875 0.22638888906250001 0.77890625 0.2736111109375 0.7828125 0.275
7 0.68203125 0.1583333328125 0.68359375 0.1708333328125 0.68828125 0.17361111093749998 0.69296875 0.1611111109375 0.6984375 0.1583333328125 0.70546875 0.165277778125 0.72578125 0.20416666718749998 0.734375 0.20694444375 0.73984375 0.222222221875 0.7484375 0.23055555625 0.7515625 0.2388888890625 0.7578125 0.24305555625 0.76484375 0.24305555625 0.76640625 0.2388888890625 0.76875 0.1763888890625 0.76171875 0.16805555625 0.76328125 0.15694444375 0.7578125 0.1375 0.7578125 0.11805555625 0.7546875 0.109722221875 0.7484375 0.1041666671875 0.73046875 0.0958333328125 0.7046875 0.0958333328125 0.6984375 0.11805555625 0.68828125 0.10694444375 0.675 0.109722221875 0.6703125 0.1111111109375 0.6609375 0.1263888890625 0.64296875 0.13194444375 0.64296875 0.1458333328125 0.63671875 0.15 0.63984375 0.16388888906250001 0.6671875 0.16944444375 0.675 0.15972222187500001 0.675 0.15277777812499999 0.67734375 0.15277777812499999 0.68203125 0.1583333328125
7 0.85 0.1208333328125 0.8359375 0.12222222187500001 0.83359375 0.13333333281249998 0.83984375 0.1513888890625 0.853125 0.15555555625 0.859375 0.1513888890625 0.8859375 0.15 0.87265625 0.134722221875 0.85625 0.127777778125 0.85 0.1208333328125
7 0.9625 0.1263888890625 0.96640625 0.1263888890625 0.96953125 0.1111111109375 0.97421875 0.10555555624999999 0.97421875 0.097222221875 0.9671875 0.09305555625 0.9625 0.097222221875 0.9625 0.1263888890625
7 0.9390625 0.072222221875 0.92265625 0.072222221875 0.90703125 0.08055555625000001 0.90546875 0.084722221875 0.90546875 0.11805555625 0.91953125 0.127777778125 0.92578125 0.127777778125 0.93125 0.1208333328125 0.94921875 0.11944444375 0.95390625 0.102777778125 0.95234375 0.08333333281250001 0.9390625 0.072222221875
7 0.87421875 0.07083333281250001 0.859375 0.072222221875 0.85625 0.08055555625000001 0.87265625 0.10138888906250001 0.88984375 0.11388888906250001 0.89765625 0.115277778125 0.8953125 0.10555555624999999 0.89765625 0.09305555625 0.896875 0.0791666671875 0.87421875 0.07083333281250001
7 0.99921875 0.33888888906250003 0.99921875 0.26805555625 0.9921875 0.25833333281250004 0.98671875 0.2611111109375 0.98046875 0.30555555624999997 0.97890625 0.34027777812500004 0.99921875 0.33888888906250003
7 0.9421875 0.23194444375 0.93046875 0.23194444375 0.925 0.23611111093749998 0.91328125 0.25694444375000003 0.9078125 0.28611111093749997 0.9078125 0.2958333328125 0.92421875 0.32777777812500003 0.94296875 0.33055555625 0.95078125 0.35 0.95703125 0.35555555625 0.96640625 0.30555555624999997 0.96953125 0.24583333281250003 0.9421875 0.23194444375
7 0.88203125 0.27638888906250003 0.88671875 0.28055555625 0.89765625 0.275 0.90625 0.27638888906250003 0.91171875 0.2638888890625 0.91328125 0.25 0.92578125 0.23194444375 0.925 0.21944444375 0.915625 0.18194444375000002 0.9109375 0.17361111093749998 0.8921875 0.15972222187500001 0.86171875 0.1541666671875 0.85546875 0.15555555625 0.8515625 0.1625 0.840625 0.15555555625 0.81875 0.15555555625 0.8171875 0.1611111109375 0.8140625 0.19583333281249998 0.8203125 0.22638888906250001 0.82890625 0.22916666718749998 0.83671875 0.21805555625 0.84609375 0.21805555625 0.85078125 0.23611111093749998 0.878125 0.25833333281250004 0.88203125 0.27638888906250003
7 0.99921875 0.22916666718749998 0.99453125 0.222222221875 0.98984375 0.22638888906250001 0.98828125 0.2541666671875 0.99921875 0.2541666671875 0.99921875 0.22916666718749998
7 0.92890625 0.16944444375 0.91875 0.1708333328125 0.91875 0.1888888890625 0.92421875 0.20416666718749998 0.9296875 0.20833333281250002 0.93125 0.22916666718749998 0.9703125 0.2416666671875 0.97421875 0.20833333281250002 0.96953125 0.197222221875 0.92890625 0.16944444375
7 0.946875 0.14305555625 0.95625 0.15555555625 0.971875 0.16388888906250001 0.97890625 0.15972222187500001 0.978125 0.147222221875 0.96328125 0.13888888906250002 0.96015625 0.13333333281249998 0.94375 0.125 0.9328125 0.125 0.9335853484375001 0.13461768125 0.946875 0.14305555625
7 0.7125 0.2125 0.71015625 0.20833333281250002 0.70859375 0.2125 0.7125 0.2125
4 0.109375 0.28611111093749997 0.10546875 0.27638888906250003 0.10390625 0.25694444375000003 0.09921875 0.25555555625 0.096875 0.259722221875 0.096875 0.3125 0.10234375 0.352777778125 0.10625 0.3625 0.109375 0.3625 0.11171875 0.35555555625 0.115625 0.35555555625 0.11328125 0.35 0.109375 0.28611111093749997