0 1 0.006944443749999999 0.89765625 0.0361111109375 0.87890625 0.04444444375 0.8703125 0.058333332812500006 0.86796875 0.054166667187499996 0.86328125 0.05694444375 0.8453125 0.03194444375 0.83125 0.030555556249999997 0.8125 0.0361111109375 0.8015625 0.052777778124999994 0.79453125 0.084722221875 0.78359375 0.09444444375 0.7703125 0.115277778125 0.765625 0.1361111109375 0.76875 0.18194444375000002 0.77265625 0.19444444375 0.77109375 0.21111111093749999 0.78203125 0.26944444375 0.8 0.30555555624999997 0.8140625 0.31805555625 0.89765625 0.32083333281250004 0.90078125 0.33194444375 0.89453125 0.3375 0.89375 0.34444444375 0.89921875 0.3541666671875 0.90625 0.3458333328125 0.90859375 0.3375 0.9321918984374999 0.3802291578125 0.9375 0.36944444375 0.934375 0.34305555625 0.97109375 0.3416666671875 1 0.334722221875 1 0.006944443749999999
2 0.959375 0.54444444375 0.96328125 0.577777778125 0.96640625 0.58194444375 0.97421875 0.58194444375 0.97578125 0.577777778125 0.975 0.5361111109375 0.9703125 0.5305555562500001 0.9625 0.5319444437499999 0.959375 0.5375 0.959375 0.54444444375
1 0.61484375 0.8416666671874999 0.6109375 0.8458333328125001 0.6109375 0.8541666671874999 0.6140625 0.8611111109375 0.61484375 0.8888888890625 0.61953125 0.89444444375 0.628125 0.89444444375 0.63125 0.8819444437499999 0.62734375 0.8430555562500001 0.62734375 0.7486111109375 0.63125 0.7388888890625 0.640625 0.7402777781250001 0.6421875 0.7361111109375 0.6328125 0.7291666671875 0.62109375 0.7111111109375 0.61484375 0.7166666671875 0.60625 0.7111111109375 0.60546875 0.7180555562500001 0.61328125 0.734722221875 0.61484375 0.765277778125 0.6125 0.8027777781250001 0.61484375 0.8416666671874999
1 0.5625 0.7736111109375 0.56875 0.7736111109375 0.5703125 0.76944444375 0.56796875 0.7611111109375 0.53984375 0.7486111109375 0.53828125 0.7611111109375 0.5342633921875 0.759920634375 0.5453125 0.7708333328125 0.54765625 0.784722221875 0.54375 0.83194444375 0.54609375 0.8513888890624999 0.54609375 0.9166666671874999 0.55703125 0.9138888890624999 0.5578125 0.784722221875 0.5625 0.7736111109375
6 0.246875 0.8055555562500001 0.26484375 0.8125 0.26953125 0.8416666671874999 0.29453125 0.85 0.30859375 0.85 0.3203125 0.834722221875 0.33515625 0.8291666671875 0.3390625 0.83194444375 0.34375 0.825 0.34375 0.7736111109375 0.33671875 0.7583333328124999 0.315625 0.7611111109375 0.3078125 0.7569444437499999 0.3 0.747222221875 0.2984375 0.73055555625 0.29453125 0.7194444437499999 0.28828125 0.715277778125 0.27890625 0.7166666671875 0.27109375 0.725 0.2375 0.725 0.2359375 0.765277778125 0.23828125 0.7833333328125 0.246875 0.8055555562500001
6 0.39375 0.8263888890625 0.4015625 0.840277778125 0.425 0.8388888890624999 0.43125 0.8194444437499999 0.43359375 0.8027777781250001 0.4328125 0.7819444437499999 0.42265625 0.7569444437499999 0.41171875 0.752777778125 0.4 0.7402777781250001 0.34921875 0.7416666671875001 0.34296875 0.7486111109375 0.3453125 0.7708333328125 0.36328125 0.777777778125 0.3671875 0.784722221875 0.3625 0.7986111109375 0.36484375 0.8111111109375001 0.37890625 0.815277778125 0.39375 0.8263888890625
7 0.11328125 0.8444444437499999 0.115625 0.8541666671874999 0.10703125 0.8458333328125001 0.11015625 0.852777778125 0.15078125 0.8791666671874999 0.15625 0.877777778125 0.16015625 0.86944444375 0.16171875 0.8652777781250001 0.15546875 0.8486111109375001 0.13359375 0.85 0.11328125 0.8444444437499999
7 0.0875 0.922222221875 0.09296875 0.9138888890624999 0.09375 0.88055555625 0.084375 0.8736111109375001 0.0484375 0.88055555625 0.04296875 0.902777778125 0.03828125 0.9013888890624999 0.0375 0.8833333328125 0.03125 0.89444444375 0.03125 0.902777778125 0.0359375 0.909722221875 0.04375 0.9069444437499999 0.046875 0.91805555625 0.06171875 0.9277777781250001 0.07734375 0.9277777781250001 0.0875 0.922222221875
7 0.10234375 0.91944444375 0.121875 0.9277777781250001 0.13984375 0.9277777781250001 0.14375 0.91944444375 0.13671875 0.909722221875 0.12421875 0.8958333328125001 0.1109375 0.8861111109375001 0.1046875 0.8861111109375001 0.10234375 0.91944444375
7 0.06953125 0.73194444375 0.06953125 0.7666666671875 0.07421875 0.7763888890625 0.084375 0.8194444437499999 0.090625 0.827777778125 0.1203125 0.8444444437499999 0.14375 0.8444444437499999 0.146875 0.840277778125 0.15390625 0.8444444437499999 0.18046875 0.8444444437499999 0.18203125 0.840277778125 0.1859375 0.815277778125 0.18203125 0.7833333328125 0.178125 0.7736111109375 0.16796875 0.7708333328125 0.1625 0.7819444437499999 0.1546875 0.7819444437499999 0.1515625 0.777777778125 0.14921875 0.7638888890625 0.121875 0.7416666671875001 0.11796875 0.7236111109375 0.11328125 0.7194444437499999 0.1046875 0.7236111109375 0.075 0.722222221875 0.06953125 0.73194444375
7 0.01171875 0.7625 0.0125 0.734722221875 0.01015625 0.7291666671875 0.00546875 0.727777778125 0.00078125 0.73194444375 0.00078125 0.7819444437499999 0.0078125 0.7819444437499999 0.01171875 0.7625
7 0.07421875 0.7833333328125 0.06484375 0.7611111109375 0.03828125 0.7611111109375 0.03046875 0.752777778125 0.025 0.7763888890625 0.0265625 0.797222221875 0.07109375 0.83055555625 0.078125 0.83194444375 0.08125 0.8263888890625 0.08203125 0.8111111109375001 0.07578125 0.7986111109375 0.07421875 0.7833333328125
7 0.046875 0.8541666671874999 0.0421875 0.8486111109375001 0.01953125 0.840277778125 0.0203125 0.852777778125 0.0234375 0.85694444375 0.04375 0.86944444375 0.07265625 0.877777778125 0.075 0.86944444375 0.0625 0.85694444375 0.05546875 0.852777778125 0.046875 0.8541666671874999
7 0.2140625 0.877777778125 0.21484375 0.8680555562500001 0.21953125 0.8625 0.2140625 0.85 0.20859375 0.8486111109375001 0.20703125 0.88055555625 0.21171875 0.8819444437499999 0.2140625 0.877777778125
7 0.20234375 0.9041666671874999 0.21171875 0.9069444437499999 0.20703125 0.8833333328125 0.20625 0.890277778125 0.203125 0.89305555625 0.20234375 0.9041666671874999
7 0.2296875 0.8583333328125 0.22890625 0.9083333328125001 0.2328125 0.91805555625 0.24609375 0.925 0.25078125 0.9236111109375 0.25234375 0.872222221875 0.2546875 0.8652777781250001 0.25390625 0.840277778125 0.23828125 0.840277778125 0.23203125 0.8458333328125001 0.2296875 0.8583333328125
7 0.32265625 0.9541666671875 0.3234375 0.9486111109375001 0.325 0.9069444437499999 0.32265625 0.8986111109375001 0.31328125 0.89305555625 0.30859375 0.88055555625 0.31015625 0.8708333328125001 0.29453125 0.85694444375 0.28046875 0.852777778125 0.27421875 0.8444444437499999 0.26328125 0.8444444437499999 0.2625 0.93194444375 0.278125 0.9416666671874999 0.2984375 0.9458333328125 0.31796875 0.95555555625 0.32265625 0.9541666671875