1 0.39375 0.2888888890625 0.3953125 0.2833333328125 0.3859375 0.252777778125 0.3859375 0.21944444375 0.38984375 0.19444444375 0.38984375 0.147222221875 0.3859375 0.127777778125 0.38671875 0.115277778125 0.38515625 0.10555555624999999 0.38046875 0.10138888906250001 0.371875 0.10694444375 0.371875 0.24722222187499998 0.36796875 0.25833333281250004 0.359375 0.259722221875 0.3578125 0.26527777812500003 0.36953125 0.272222221875 0.3765625 0.28611111093749997 0.38671875 0.2833333328125 0.39375 0.2888888890625
1 0.4328125 0.2388888890625 0.43828125 0.24305555625 0.45703125 0.2513888890625 0.46796875 0.2513888890625 0.46796875 0.24305555625 0.45390625 0.22916666718749998 0.45390625 0.184722221875 0.45625 0.16805555625 0.4546875 0.0888888890625 0.4515625 0.08055555625000001 0.446875 0.08055555625000001 0.4421875 0.09305555625 0.4421875 0.15 0.43984375 0.16388888906250001 0.4421875 0.184722221875 0.44140625 0.215277778125 0.43828125 0.2236111109375 0.43125 0.2236111109375 0.4296875 0.23055555625 0.4328125 0.2388888890625
6 0.7078125 0.2833333328125 0.721875 0.28194444375 0.73046875 0.26805555625 0.7375 0.27777777812500004 0.7625 0.2736111109375 0.7640625 0.24305555625 0.76171875 0.21944444375 0.7515625 0.197222221875 0.73515625 0.1875 0.73203125 0.16388888906250001 0.72734375 0.15555555625 0.69140625 0.15 0.68125 0.1611111109375 0.6578125 0.16944444375 0.6546875 0.184722221875 0.65390625 0.21111111093749999 0.6609375 0.23611111093749998 0.6640625 0.240277778125 0.6734375 0.23472222187499997 0.6796875 0.23611111093749998 0.69765625 0.24722222187499998 0.70234375 0.275 0.7078125 0.2833333328125
6 0.6546875 0.23055555625 0.63359375 0.21944444375 0.625 0.1875 0.609375 0.177777778125 0.59921875 0.1611111109375 0.575 0.1611111109375 0.56875 0.177777778125 0.56640625 0.19305555624999998 0.56875 0.22777777812500002 0.57421875 0.23194444375 0.58125 0.24583333281250003 0.5953125 0.25833333281250004 0.65390625 0.25833333281250004 0.65703125 0.2513888890625 0.6546875 0.23055555625
7 0.84765625 0.1208333328125 0.83671875 0.1208333328125 0.83671875 0.13055555624999998 0.84453125 0.15 0.87421875 0.1541666671875 0.88671875 0.1513888890625 0.87265625 0.134722221875 0.8546875 0.1291666671875 0.84765625 0.1208333328125
7 0.9671875 0.1166666671875 0.9734375 0.10555555624999999 0.9734375 0.097222221875 0.96875 0.09444444375 0.96328125 0.08333333281250001 0.96171875 0.11805555625 0.9671875 0.1166666671875
7 0.95390625 0.08333333281250001 0.93828125 0.072222221875 0.92421875 0.072222221875 0.90703125 0.084722221875 0.90625 0.11944444375 0.91875 0.127777778125 0.925 0.1291666671875 0.93125 0.12222222187500001 0.946875 0.12222222187500001 0.95078125 0.1166666671875 0.95390625 0.10138888906250001 0.95390625 0.08333333281250001
7 0.8625 0.07083333281250001 0.8578125 0.07638888906249999 0.8578125 0.08194444375 0.875 0.102777778125 0.8890625 0.11388888906250001 0.8953125 0.11388888906250001 0.89765625 0.09305555625 0.89609375 0.08055555625000001 0.86875 0.07083333281250001 0.8625 0.07083333281250001
7 0.84921875 0.21805555625 0.85078125 0.23611111093749998 0.878125 0.25833333281250004 0.8859375 0.28055555625 0.8953125 0.27638888906250003 0.92265625 0.27777777812500004 0.9296875 0.2666666671875 0.93046875 0.23333333281250002 0.9265625 0.22638888906250001 0.915625 0.18194444375000002 0.909375 0.172222221875 0.88125 0.15555555625 0.85625 0.15555555625 0.85078125 0.16805555625 0.8484375 0.15555555625 0.84140625 0.1541666671875 0.8203125 0.15555555625 0.8171875 0.16388888906250001 0.8140625 0.1833333328125 0.81796875 0.2 0.81796875 0.21805555625 0.82265625 0.22638888906250001 0.8296875 0.22777777812500002 0.8375 0.20972222187499998 0.84140625 0.20972222187499998 0.84921875 0.21805555625
7 0.96171875 0.30694444375 0.9625 0.309722221875 0.96640625 0.30555555624999997 0.96640625 0.29305555625 0.9625 0.29444444375 0.96484375 0.30555555624999997 0.96171875 0.30694444375
7 0.984375 0.2833333328125 0.98046875 0.2986111109375 0.97890625 0.3361111109375 0.984375 0.33888888906250003 0.98984375 0.3513888890625 0.99921875 0.3541666671875 0.99921875 0.2236111109375 0.99375 0.222222221875 0.9890625 0.23055555625 0.984375 0.2833333328125
7 0.18828125 0.197222221875 0.19453125 0.19305555624999998 0.19765625 0.18055555625 0.20546875 0.16944444375 0.203125 0.14444444375 0.19453125 0.13888888906250002 0.171875 0.1111111109375 0.153125 0.109722221875 0.1453125 0.12222222187500001 0.14375 0.13194444375 0.14765625 0.1625 0.1546875 0.1708333328125 0.15859375 0.1833333328125 0.1640625 0.1875 0.1734375 0.184722221875 0.1828125 0.19583333281249998 0.18828125 0.197222221875
7 0.321875 0.19444444375 0.32578125 0.1916666671875 0.3328125 0.165277778125 0.3625 0.16944444375 0.36484375 0.15555555625 0.36875 0.15972222187500001 0.36640625 0.15555555625 0.36953125 0.147222221875 0.36875 0.1111111109375 0.37109375 0.10555555624999999 0.38046875 0.10138888906250001 0.38203125 0.0958333328125 0.3796875 0.0791666671875 0.3796875 0.0388888890625 0.37578125 0.0375 0.3625 0.0458333328125 0.35546875 0.055555556250000006 0.3421875 0.052777778124999994 0.33359375 0.05694444375 0.32890625 0.04305555625 0.28671875 0.05 0.28125 0.055555556250000006 0.2796875 0.08055555625000001 0.27578125 0.09444444375 0.275 0.1666666671875 0.2796875 0.16944444375 0.28203125 0.17916666718750002 0.28828125 0.17361111093749998 0.296875 0.17361111093749998 0.30234375 0.190277778125 0.30625 0.19444444375 0.321875 0.19444444375
7 0.43125 0.177777778125 0.43515625 0.16805555625 0.43828125 0.16805555625 0.44140625 0.12222222187500001 0.43984375 0.10694444375 0.44453125 0.08055555625000001 0.45390625 0.08333333281250001 0.4578125 0.09444444375 0.45546875 0.1291666671875 0.45625 0.177777778125 0.4625 0.177777778125 0.46953125 0.16805555625 0.478125 0.13055555624999998 0.478125 0.10138888906250001 0.47421875 0.0333333328125 0.46640625 0.0083333328125 0.43125 0.00555555625 0.3953125 0.019444443750000002 0.3890625 0.030555556249999997 0.3890625 0.0916666671875 0.384375 0.09444444375 0.39453125 0.13333333281249998 0.39375 0.1513888890625 0.39921875 0.165277778125 0.4 0.17916666718750002 0.41875 0.1833333328125 0.43125 0.177777778125
7 0.9671875 0.240277778125 0.96953125 0.2388888890625 0.9734375 0.222222221875 0.9734375 0.20972222187499998 0.96796875 0.19583333281249998 0.92890625 0.16944444375 0.921875 0.16805555625 0.91875 0.172222221875 0.91796875 0.1861111109375 0.9265625 0.20694444375 0.93125 0.23194444375 0.93515625 0.23611111093749998 0.94140625 0.23472222187499997 0.94921875 0.2208333328125 0.9609375 0.22916666718749998 0.9671875 0.240277778125
7 0.94453125 0.125 0.92734375 0.12222222187500001 0.925 0.13055555624999998 0.93203125 0.13333333281249998 0.9390625 0.14305555625 0.95546875 0.14444444375 0.975 0.15972222187500001 0.9796875 0.1583333328125 0.97578125 0.14305555625 0.94453125 0.125
7 0.78203125 0.13888888906250002 0.78984375 0.1513888890625 0.79296875 0.15 0.79296875 0.1208333328125 0.7875 0.1208333328125 0.7859375 0.13194444375 0.78203125 0.13888888906250002
7 0.79296875 0.10694444375 0.796875 0.1041666671875 0.796875 0.097222221875 0.7890625 0.097222221875 0.79296875 0.10138888906250001 0.79296875 0.10694444375
7 0.76640625 0.08055555625000001 0.75078125 0.075 0.7484375 0.084722221875 0.74765625 0.1291666671875 0.74453125 0.1541666671875 0.74609375 0.15972222187500001 0.75 0.1611111109375 0.7625 0.15972222187500001 0.76875 0.15 0.77109375 0.0888888890625 0.76640625 0.08055555625000001
7 0.73671875 0.15555555625 0.7390625 0.06944444375 0.7234375 0.059722221875 0.68828125 0.047222221875 0.6796875 0.047222221875 0.6765625 0.05694444375 0.67734375 0.10138888906250001 0.6859375 0.10555555624999999 0.69375 0.11944444375 0.6953125 0.127777778125 0.70625 0.140277778125 0.71640625 0.14444444375 0.7265625 0.15555555625 0.73671875 0.15555555625
4 0.96171875 0.2416666671875 0.95625 0.2486111109375 0.95 0.2833333328125 0.94921875 0.32083333281250004 0.9515625 0.32777777812500003 0.9609375 0.33055555625 0.96171875 0.2986111109375 0.96640625 0.29305555625 0.96875 0.2791666671875 0.96796875 0.24305555625 0.96171875 0.2416666671875