2 0.9765625 0.575 0.98125 0.575 0.98671875 0.56805555625 0.9859375 0.527777778125 0.98203125 0.522222221875 0.975 0.522222221875 0.9671875 0.5333333328125 0.9703125 0.5541666671875001 0.9765625 0.575
1 0.6171875 0.89444444375 0.6203125 0.9 0.6296875 0.8958333328125001 0.628125 0.7458333328125 0.64296875 0.7458333328125 0.63984375 0.74444444375 0.6368009859375 0.730921053125 0.63359375 0.7291666671875 0.63125 0.7208333328125 0.625 0.7138888890625 0.6125 0.7194444437499999 0.59921875 0.7111111109375 0.5984375 0.7194444437499999 0.61015625 0.73194444375 0.61484375 0.7430555562500001 0.6171875 0.8111111109375001 0.61484375 0.8486111109375001 0.6171875 0.859722221875 0.6171875 0.89444444375
1 0.54609375 0.9166666671874999 0.55546875 0.91944444375 0.5578125 0.9138888890624999 0.55859375 0.7875 0.5609375 0.775 0.5734375 0.7736111109375 0.57421875 0.76944444375 0.571875 0.7666666671875 0.5703125 0.7736111109375 0.565625 0.76944444375 0.56796875 0.7597222218749999 0.54375 0.75 0.54140625 0.7569444437499999 0.54453125 0.7611111109375 0.5484375 0.7819444437499999 0.5453125 0.8291666671875 0.54609375 0.9166666671874999
7 0.0890625 0.8263888890625 0.10703125 0.840277778125 0.13203125 0.8458333328125001 0.14453125 0.8444444437499999 0.146875 0.840277778125 0.15625 0.8444444437499999 0.18125 0.8444444437499999 0.18046875 0.8138888890624999 0.17109375 0.80694444375 0.15625 0.784722221875 0.1515625 0.7833333328125 0.15 0.765277778125 0.1453125 0.7583333328124999 0.121875 0.7416666671875001 0.11796875 0.7236111109375 0.11328125 0.7194444437499999 0.09296875 0.7236111109375 0.08515625 0.75 0.07265625 0.76944444375 0.08359375 0.8166666671874999 0.0890625 0.8263888890625
7 0.0109375 0.7416666671875001 0.0171875 0.7236111109375 0.02109375 0.6583333328125 0.00078125 0.659722221875 0.00078125 0.73194444375 0.0109375 0.7416666671875001
7 0.07578125 0.672222221875 0.0578125 0.66944444375 0.04765625 0.6458333328125 0.04296875 0.64444444375 0.0390625 0.652777778125 0.0328125 0.6972222218749999 0.03046875 0.7541666671875 0.05703125 0.76805555625 0.06953125 0.76805555625 0.07421875 0.765277778125 0.08671875 0.7430555562500001 0.09296875 0.7041666671875 0.07578125 0.672222221875
7 0.21328125 0.8666666671875 0.20703125 0.8611111109375 0.2046875 0.8819444437499999 0.20859375 0.8888888890625 0.203125 0.89444444375 0.203125 0.9041666671874999 0.21171875 0.9069444437499999 0.2125 0.89444444375 0.209375 0.890277778125 0.21328125 0.8819444437499999 0.21328125 0.8666666671875
7 0.15703125 0.9305555562500001 0.15859375 0.9472222218749999 0.16328125 0.9513888890625 0.16328125 0.93194444375 0.15703125 0.9305555562500001
7 0.1734375 0.9486111109375001 0.1734375 0.95694444375 0.17578125 0.95694444375 0.17578125 0.94305555625 0.1734375 0.9486111109375001
7 0.2109375 0.95555555625 0.2296875 0.959722221875 0.23125 0.95694444375 0.2109375 0.95555555625
7 0.1875 0.80694444375 0.18984375 0.7458333328125 0.184375 0.74444444375 0.18046875 0.73055555625 0.16484375 0.73055555625 0.15859375 0.7236111109375 0.15234375 0.734722221875 0.1515625 0.7666666671875 0.1578125 0.7791666671875 0.1671875 0.7833333328125 0.16953125 0.8 0.18203125 0.809722221875 0.1828125 0.8236111109375001 0.18359375 0.8125 0.1875 0.80694444375
7 0.25546875 0.7736111109375 0.246875 0.777777778125 0.2328125 0.7736111109375 0.23125 0.8041666671875 0.225 0.8138888890624999 0.23203125 0.8430555562500001 0.23828125 0.847222221875 0.2515625 0.8388888890624999 0.2625 0.815277778125 0.2640625 0.79444444375 0.2609375 0.777777778125 0.25546875 0.7736111109375
7 0.20546875 0.8541666671874999 0.209375 0.859722221875 0.2140625 0.8611111109375 0.2171875 0.852777778125 0.2203125 0.8111111109375001 0.2203125 0.75 0.21875 0.74444444375 0.2140625 0.7430555562500001 0.20703125 0.8 0.20546875 0.8541666671874999
7 0.00703125 0.777777778125 0.01171875 0.765277778125 0.01171875 0.7458333328125 0.00078125 0.74444444375 0.00078125 0.772222221875 0.00703125 0.777777778125
7 0.075 0.79444444375 0.07109375 0.7916666671875 0.06953125 0.772222221875 0.0515625 0.76805555625 0.03203125 0.7569444437499999 0.028125 0.7611111109375 0.02578125 0.79444444375 0.03046875 0.8027777781250001 0.07109375 0.83055555625 0.0796875 0.83194444375 0.08125 0.827777778125 0.08125 0.8111111109375001 0.075 0.79444444375
7 0.0296875 0.8388888890624999 0.0203125 0.8416666671874999 0.0203125 0.8486111109375001 0.0234375 0.8541666671874999 0.0390625 0.8666666671875 0.0640625 0.877777778125 0.07421875 0.8736111109375001 0.07421875 0.86944444375 0.05234375 0.85694444375 0.04375 0.8458333328125001 0.0296875 0.8388888890624999
7 0.25859375 0.83194444375 0.2609375 0.834722221875 0.2625 0.83194444375 0.25859375 0.83194444375
7 0.2109375 0.8791666671874999 0.21171875 0.8763888890624999 0.2109375 0.8652777781250001 0.20703125 0.8652777781250001 0.20703125 0.872222221875 0.2109375 0.8791666671874999
7 0.2046875 0.8986111109375001 0.20703125 0.9041666671874999 0.21171875 0.9041666671874999 0.21171875 0.8986111109375001 0.20703125 0.89305555625 0.2046875 0.8986111109375001
7 0.25078125 0.9277777781250001 0.2546875 0.8986111109375001 0.2546875 0.8444444437499999 0.23125 0.85 0.23125 0.9166666671874999 0.25078125 0.9277777781250001
7 0.31171875 0.8916666671875 0.3078125 0.8708333328125001 0.3 0.85694444375 0.2859375 0.8444444437499999 0.2640625 0.8333333328125001 0.26015625 0.9277777781250001 0.2765625 0.9416666671874999 0.2984375 0.9444444437499999 0.31796875 0.95555555625 0.32265625 0.952777778125 0.3234375 0.94305555625 0.3234375 0.9013888890624999 0.31171875 0.8916666671875
7 0.14609375 0.8444444437499999 0.1421875 0.8486111109375001 0.12421875 0.8458333328125001 0.1171875 0.85 0.11875 0.85694444375 0.13359375 0.86944444375 0.1421875 0.8708333328125001 0.1515625 0.88055555625 0.1609375 0.877777778125 0.16328125 0.8680555562500001 0.16015625 0.8486111109375001 0.14609375 0.8444444437499999
7 0.14375 0.9236111109375 0.14453125 0.91944444375 0.125 0.8958333328125001 0.10625 0.8861111109375001 0.10390625 0.91944444375 0.12734375 0.9291666671875 0.13984375 0.9291666671875 0.14375 0.9236111109375
4 0.54453125 0.8055555562500001 0.54453125 0.76805555625 0.54140625 0.7583333328124999 0.5421875 0.73194444375 0.53984375 0.7208333328125 0.5328125 0.715277778125 0.5296875 0.7180555562500001 0.52578125 0.7861111109375 0.52109375 0.79444444375 0.5296875 0.8166666671874999 0.53125 0.827777778125 0.5359375 0.8263888890625 0.5421875 0.8125 0.54453125 0.8055555562500001