2 0.41944444374999995 0.975 0.4625 0.975 0.46944444374999994 0.96875 0.46805555625000006 0.9625 0.4625 0.95859375 0.45694444375 0.95859375 0.42083333281249996 0.9640625 0.41944444374999995 0.975
1 0.10694444375 0.628125 0.252777778125 0.62734375 0.259722221875 0.63125 0.2611111109375 0.640625 0.26527777812500003 0.640625 0.2708333328125 0.6328125 0.2888888890625 0.6234375 0.2833333328125 0.6140625 0.290277778125 0.60546875 0.28194444375 0.6046875 0.259722221875 0.61328125 0.240277778125 0.61484375 0.10833333281249999 0.61328125 0.1041666671875 0.6203125 0.10694444375 0.628125
1 0.1708333328125 0.54375 0.1458333328125 0.54609375 0.084722221875 0.5453125 0.0875 0.55703125 0.2166666671875 0.5578125 0.22777777812500002 0.5625 0.22638888906250001 0.56953125 0.23055555625 0.5703125 0.2388888890625 0.5671875 0.2513888890625 0.5390625 0.2388888890625 0.53984375 0.2388888890625 0.53671875 0.2416666671875 0.5328125 0.2513888890625 0.53203125 0.24305555625 0.53125 0.214722221875 0.54609375 0.184722221875 0.54609375 0.1708333328125 0.54375
6 0.2388888890625 0.2359375 0.2236111109375 0.2390625 0.2166666671875 0.2375 0.197222221875 0.24453125 0.1916666671875 0.24921875 0.1916666671875 0.2609375 0.1875 0.26484375 0.1583333328125 0.26953125 0.15 0.30859375 0.165277778125 0.31953125 0.16805555625 0.33125 0.177777778125 0.334375 0.18055555625 0.34375 0.2125 0.3453125 0.240277778125 0.3375 0.24305555625 0.3265625 0.2388888890625 0.31953125 0.24722222187499998 0.3015625 0.272222221875 0.29765625 0.28194444375 0.2921875 0.28472222187499996 0.27890625 0.2736111109375 0.26953125 0.2791666671875 0.2625 0.2791666671875 0.24765625 0.27638888906250003 0.23828125 0.272222221875 0.23671875 0.2388888890625 0.2359375
6 0.20277777812500003 0.3625 0.1888888890625 0.36484375 0.17361111093749998 0.39375 0.15972222187500001 0.4015625 0.15972222187500001 0.42265625 0.18055555625 0.43125 0.19583333281249998 0.43359375 0.22638888906250001 0.43125 0.23055555625 0.4265625 0.240277778125 0.4234375 0.25555555625 0.40625 0.259722221875 0.39453125 0.25833333281250004 0.35078125 0.2513888890625 0.34296875 0.23611111093749998 0.34296875 0.22916666718749998 0.3453125 0.2236111109375 0.35390625 0.2236111109375 0.36328125 0.21944444375 0.365625 0.20277777812500003 0.3625
7 0.1513888890625 0.1203125 0.1458333328125 0.11875 0.1541666671875 0.1140625 0.1541666671875 0.10703125 0.147222221875 0.11015625 0.14305555625 0.12421875 0.13055555624999998 0.13359375 0.1208333328125 0.15 0.12222222187500001 0.15703125 0.134722221875 0.16015625 0.1513888890625 0.15546875 0.1513888890625 0.1203125
7 0.10138888906250001 0.0265625 0.0958333328125 0.03359375 0.1041666671875 0.0375 0.11805555625 0.03671875 0.10138888906250001 0.0265625
7 0.125 0.05703125 0.11805555625 0.05 0.1041666671875 0.04609375 0.084722221875 0.04609375 0.072222221875 0.06171875 0.072222221875 0.0765625 0.08333333281250001 0.09296875 0.11944444375 0.09375 0.127777778125 0.08125 0.1291666671875 0.06875 0.125 0.05703125
7 0.08055555625000001 0.103125 0.072222221875 0.121875 0.072222221875 0.1390625 0.08055555625000001 0.14296875 0.0888888890625 0.1375 0.11388888906250001 0.1109375 0.11388888906250001 0.10546875 0.09305555625 0.10234375 0.08055555625000001 0.103125
7 0.23194444375 0.06953125 0.22638888906250001 0.0734375 0.18055555625 0.084375 0.172222221875 0.090625 0.1541666671875 0.12109375 0.1583333328125 0.1453125 0.1541666671875 0.15703125 0.15555555625 0.18046875 0.16805555625 0.18359375 0.21111111093749999 0.1828125 0.2208333328125 0.18125 0.22916666718749998 0.175 0.23055555625 0.16875 0.21805555625 0.1625 0.21944444375 0.153125 0.23611111093749998 0.14921875 0.25833333281250004 0.12109375 0.27638888906250003 0.11796875 0.28055555625 0.11328125 0.27638888906250003 0.10390625 0.2791666671875 0.078125 0.2666666671875 0.06953125 0.23194444375 0.06953125
7 0.2791666671875 0.00703125 0.27777777812500004 0.00078125 0.21944444375 0.00078125 0.21805555625 0.0078125 0.23611111093749998 0.01171875 0.26805555625 0.0125 0.2791666671875 0.00703125
7 0.2138888890625 0.0703125 0.23055555625 0.06953125 0.2388888890625 0.06484375 0.240277778125 0.03984375 0.25 0.03046875 0.22777777812500002 0.025 0.2125 0.02421875 0.20138888906250002 0.0265625 0.16944444375 0.07109375 0.16805555625 0.07734375 0.175 0.08125 0.1888888890625 0.08125 0.2138888890625 0.0703125
7 0.1583333328125 0.0203125 0.1458333328125 0.0234375 0.13055555624999998 0.04453125 0.125 0.05703125 0.1263888890625 0.07265625 0.13055555624999998 0.0734375 0.140277778125 0.06171875 0.14305555625 0.0515625 0.1583333328125 0.03046875 0.1583333328125 0.0203125
7 0.15277777812499999 0.20859375 0.1291666671875 0.2046875 0.11388888906250001 0.20859375 0.1111111109375 0.2125 0.115277778125 0.2140625 0.13194444375 0.215625 0.1375 0.22109375 0.14305555625 0.21484375 0.1513888890625 0.2140625 0.15277777812499999 0.20859375
7 0.09305555625 0.20390625 0.09305555625 0.21171875 0.1 0.21171875 0.115277778125 0.20546875 0.11388888906250001 0.203125 0.109722221875 0.20625 0.1 0.2015625 0.09305555625 0.20390625
7 0.08055555625000001 0.234375 0.072222221875 0.2484375 0.077777778125 0.25078125 0.1583333328125 0.2546875 0.1583333328125 0.23359375 0.1375 0.22734375 0.13333333281249998 0.2296875 0.09444444375 0.22890625 0.08055555625000001 0.234375
7 0.0513888890625 0.32265625 0.059722221875 0.3234375 0.0916666671875 0.325 0.1041666671875 0.31953125 0.10555555624999999 0.3140625 0.115277778125 0.309375 0.13055555624999998 0.30859375 0.14444444375 0.2921875 0.147222221875 0.28046875 0.15555555625 0.27421875 0.15555555625 0.26328125 0.06944444375 0.2609375 0.05694444375 0.28203125 0.054166667187499996 0.3 0.04444444375 0.31796875 0.0513888890625 0.32265625
7 0.06944444375 0.15703125 0.05694444375 0.15703125 0.05 0.1625 0.0666666671875 0.16328125 0.06944444375 0.15703125