2 0.0140625 0.47083333281249995 0.01640625 0.4763888890625 0.025 0.477777778125 0.0328125 0.46666666718750005 0.0296875 0.4458333328125 0.02265625 0.425 0.01328125 0.43194444374999996 0.0140625 0.47083333281249995
1 0.3875 0.28055555625 0.40078125 0.2888888890625 0.4015625 0.28055555625 0.3875 0.26527777812500003 0.38515625 0.25694444375000003 0.3828125 0.10555555624999999 0.38046875 0.10138888906250001 0.37421875 0.10138888906250001 0.3703125 0.10833333281249999 0.371875 0.2541666671875 0.35625 0.2541666671875 0.36171875 0.259722221875 0.35625 0.26527777812500003 0.36640625 0.2708333328125 0.36875 0.2791666671875 0.375 0.28611111093749997 0.3875 0.28055555625
1 0.46875 0.2513888890625 0.46796875 0.2416666671875 0.45625 0.23611111093749998 0.45234375 0.2236111109375 0.45234375 0.17916666718750002 0.4546875 0.172222221875 0.45390625 0.084722221875 0.45078125 0.08055555625000001 0.4421875 0.084722221875 0.44140625 0.20833333281250002 0.4375 0.22916666718749998 0.42734375 0.22638888906250001 0.42734375 0.23055555625 0.43125 0.2388888890625 0.4375 0.24305555625 0.45234375 0.25 0.46875 0.2513888890625
7 0.88515625 0.2791666671875 0.90625 0.27638888906250003 0.9109375 0.2666666671875 0.9140625 0.2486111109375 0.9265625 0.23055555625 0.915625 0.18194444375000002 0.9109375 0.17361111093749998 0.89296875 0.15972222187500001 0.86171875 0.1541666671875 0.85546875 0.15555555625 0.85078125 0.1666666671875 0.85 0.1583333328125 0.84765625 0.15694444375 0.81953125 0.15555555625 0.81953125 0.1833333328125 0.83359375 0.20416666718749998 0.8484375 0.2166666671875 0.85 0.23472222187499997 0.8546875 0.2416666671875 0.878125 0.25833333281250004 0.88203125 0.27638888906250003 0.88515625 0.2791666671875
7 0.978125 0.3416666671875 0.99921875 0.34027777812500004 0.99921875 0.2666666671875 0.99375 0.259722221875 0.9875 0.259722221875 0.9828125 0.27777777812500004 0.97890625 0.325 0.978125 0.3416666671875
7 0.9421875 0.23194444375 0.93046875 0.23194444375 0.91875 0.24444444375000002 0.9125 0.2611111109375 0.9078125 0.29722222187499997 0.92421875 0.32777777812500003 0.9421875 0.33055555625 0.95234375 0.3541666671875 0.9578125 0.35555555625 0.96640625 0.30694444375 0.96953125 0.24583333281250003 0.9421875 0.23194444375
7 0.8375 0.12361111093749999 0.8390625 0.15 0.84375 0.15277777812499999 0.884375 0.15 0.88203125 0.14305555625 0.87265625 0.134722221875 0.85625 0.127777778125 0.85078125 0.1208333328125 0.8375 0.12361111093749999
7 0.96171875 0.1263888890625 0.96640625 0.1291666671875 0.97421875 0.10694444375 0.97421875 0.0958333328125 0.96640625 0.0888888890625 0.9625 0.0916666671875 0.96171875 0.0986111109375 0.96171875 0.1263888890625
7 0.95234375 0.11388888906250001 0.95390625 0.0888888890625 0.95078125 0.08055555625000001 0.93828125 0.072222221875 0.92734375 0.07083333281250001 0.90625 0.08194444375 0.90234375 0.0958333328125 0.90625 0.10138888906250001 0.90546875 0.11805555625 0.9078125 0.1208333328125 0.92890625 0.1291666671875 0.93046875 0.12222222187500001 0.94921875 0.11944444375 0.95234375 0.11388888906250001
7 0.8671875 0.06944444375 0.85703125 0.0736111109375 0.85625 0.08055555625000001 0.8703125 0.1 0.8890625 0.11388888906250001 0.89765625 0.1111111109375 0.89609375 0.10138888906250001 0.8984375 0.09305555625 0.8953125 0.0791666671875 0.8671875 0.06944444375
7 0.73984375 0.16640625 0.0046875 0.003125
7 0.7875 0.09444444375 0.7875 0.1041666671875 0.7921875 0.109722221875 0.7875 0.13333333281249998 0.79296875 0.13888888906250002 0.79296875 0.115277778125 0.796875 0.097222221875 0.79296875 0.09305555625 0.7875 0.09444444375
7 0.83671875 0.05 0.83671875 0.06805555625000001 0.84296875 0.06944444375 0.84140625 0.052777778124999994 0.83671875 0.05
7 0.8265625 0.04305555625 0.82421875 0.04305555625 0.825 0.05694444375 0.8265625 0.04305555625
7 0.7765625 0.040277778125000004 0.76953125 0.0416666671875 0.79296875 0.047222221875 0.7765625 0.040277778125000004
7 0.99921875 0.22638888906250001 0.9953125 0.21805555625 0.98984375 0.2236111109375 0.98828125 0.2541666671875 0.99921875 0.25555555625 0.99921875 0.22638888906250001
7 0.97421875 0.20694444375 0.96953125 0.197222221875 0.928125 0.16944444375 0.91953125 0.16944444375 0.91875 0.1875 0.92421875 0.20416666718749998 0.9296875 0.20833333281250002 0.93046875 0.22777777812500002 0.95859375 0.23611111093749998 0.96796875 0.24305555625 0.971875 0.240277778125 0.97421875 0.20694444375
7 0.9765625 0.1458333328125 0.96015625 0.13333333281249998 0.93515625 0.12222222187500001 0.92578125 0.1263888890625 0.925 0.1291666671875 0.934375 0.13333333281249998 0.9390625 0.140277778125 0.9484375 0.14305555625 0.95703125 0.15555555625 0.97578125 0.16388888906250001 0.9796875 0.1583333328125 0.9765625 0.1458333328125
7 0.8484375 0.23472222187499997 0.8421875 0.222222221875 0.8375 0.222222221875 0.83125 0.2138888890625 0.8296875 0.1986111109375 0.81875 0.1875 0.8171875 0.17361111093749998 0.81640625 0.1888888890625 0.8125 0.19583333281249998 0.81015625 0.2541666671875 0.81640625 0.25555555625 0.8171875 0.26527777812500003 0.8203125 0.26944444375 0.8375 0.2708333328125 0.84140625 0.27638888906250003 0.84765625 0.26527777812500003 0.8484375 0.23472222187499997
7 0.775 0.1833333328125 0.76875 0.1583333328125 0.7609375 0.15277777812499999 0.74609375 0.16388888906250001 0.73671875 0.1888888890625 0.7359375 0.20555555625 0.7390625 0.222222221875 0.74453125 0.22638888906250001 0.75859375 0.222222221875 0.765625 0.22916666718749998 0.76875 0.2208333328125 0.76875 0.197222221875 0.775 0.1833333328125
7 0.790625 0.140277778125 0.7859375 0.13888888906250002 0.7828125 0.1458333328125 0.7796875 0.1861111109375 0.78125 0.20972222187499998 0.77890625 0.24305555625 0.78046875 0.2541666671875 0.7859375 0.25694444375000003 0.790625 0.2388888890625 0.79296875 0.2 0.79453125 0.147222221875 0.790625 0.140277778125
7 0.7890625 0.0958333328125 0.78828125 0.1 0.79296875 0.10555555624999999 0.79375 0.097222221875 0.7890625 0.0958333328125
7 0.76875 0.084722221875 0.75078125 0.072222221875 0.74609375 0.075 0.74765625 0.090277778125 0.74375 0.1416666671875 0.7453125 0.1541666671875 0.75546875 0.15555555625 0.75703125 0.1513888890625 0.76796875 0.15 0.7703125 0.1291666671875 0.76875 0.084722221875
7 0.70078125 0.055555556250000006 0.68203125 0.04444444375 0.67734375 0.047222221875 0.6765625 0.05694444375 0.6765625 0.0986111109375 0.6921875 0.11388888906250001 0.69765625 0.140277778125 0.73515625 0.1666666671875 0.7375 0.102777778125 0.74140625 0.075 0.72265625 0.058333332812500006 0.70078125 0.055555556250000006
4 0.09140625 0.052777778124999994 0.08671875 0.059722221875 0.08671875 0.1041666671875 0.09140625 0.13333333281249998 0.08984375 0.1513888890625 0.0921875 0.15972222187500001 0.09765625 0.1611111109375 0.09765625 0.04444444375 0.09375 0.0416666671875 0.09140625 0.052777778124999994
4 0.24296875 0.2888888890625 0.24375 0.21805555625 0.23828125 0.20833333281250002 0.23671875 0.19444444375 0.23203125 0.1986111109375 0.2328125 0.20833333281250002 0.22890625 0.225 0.23046875 0.2791666671875 0.22890625 0.2888888890625 0.22421875 0.29444444375 0.225 0.3 0.23046875 0.3 0.23515625 0.29305555625 0.240625 0.29444444375 0.24296875 0.2888888890625
4 0.315625 0.1458333328125 0.31796875 0.13055555624999998 0.30625 0.13194444375 0.30234375 0.1708333328125 0.30546875 0.19444444375 0.31328125 0.2 0.30625 0.20833333281250002 0.3140625 0.20833333281250002 0.31328125 0.16805555625 0.31796875 0.15972222187500001 0.315625 0.1458333328125