2 0.03046875 0.46805555625000006 0.03671875 0.46805555625000006 0.03828125 0.45555555625000005 0.0359375 0.42083333281249996 0.025 0.41944444374999995 0.025 0.4583333328125 0.03046875 0.46805555625000006
1 0.3796875 0.2888888890625 0.38671875 0.2833333328125 0.39375 0.290277778125 0.3953125 0.2833333328125 0.38671875 0.2625 0.38515625 0.23472222187499997 0.3859375 0.20277777812500003 0.3890625 0.19305555624999998 0.38671875 0.1875 0.38515625 0.11388888906250001 0.3828125 0.10555555624999999 0.3734375 0.102777778125 0.36953125 0.115277778125 0.37265625 0.15972222187500001 0.37265625 0.2513888890625 0.36875 0.259722221875 0.36015625 0.259722221875 0.359375 0.26527777812500003 0.36875 0.272222221875 0.375 0.28611111093749997 0.3796875 0.2888888890625
1 0.46875 0.24722222187499998 0.46796875 0.2416666671875 0.45546875 0.23333333281250002 0.45234375 0.20416666718749998 0.45625 0.1708333328125 0.45390625 0.1291666671875 0.4546875 0.084722221875 0.45078125 0.08194444375 0.44296875 0.0861111109375 0.4421875 0.2166666671875 0.43828125 0.22638888906250001 0.43125 0.22638888906250001 0.4296875 0.23055555625 0.4328125 0.2388888890625 0.43828125 0.24305555625 0.46640625 0.2513888890625 0.46875 0.24722222187499998
6 0.70859375 0.2833333328125 0.72109375 0.2833333328125 0.72890625 0.2708333328125 0.73671875 0.27777777812500004 0.7546875 0.27777777812500004 0.76328125 0.272222221875 0.7640625 0.23611111093749998 0.76171875 0.21805555625 0.75390625 0.19583333281249998 0.73515625 0.1875 0.73046875 0.1583333328125 0.70546875 0.15 0.69140625 0.15 0.68125 0.165277778125 0.66953125 0.16805555625 0.665625 0.177777778125 0.65625 0.18055555625 0.65625 0.21805555625 0.66328125 0.240277778125 0.675 0.24305555625 0.68203125 0.2388888890625 0.69765625 0.24722222187499998 0.70078125 0.25555555625 0.70234375 0.275 0.70859375 0.2833333328125
6 0.65546875 0.23055555625 0.6359375 0.2236111109375 0.6328125 0.2166666671875 0.63671875 0.20694444375 0.63671875 0.190277778125 0.60703125 0.1763888890625 0.5984375 0.15972222187500001 0.57578125 0.1611111109375 0.56875 0.18055555625 0.56640625 0.19583333281249998 0.56875 0.22638888906250001 0.575 0.23333333281250002 0.5765625 0.2416666671875 0.5953125 0.25694444375000003 0.65078125 0.25833333281250004 0.65703125 0.25 0.65546875 0.23055555625
7 0.8484375 0.1208333328125 0.8390625 0.1263888890625 0.8390625 0.1361111109375 0.8453125 0.1513888890625 0.86171875 0.15 0.8796875 0.15555555625 0.89296875 0.15277777812499999 0.8734375 0.134722221875 0.85546875 0.1291666671875 0.8484375 0.1208333328125
7 0.96640625 0.11388888906250001 0.96875 0.10555555624999999 0.96640625 0.09444444375 0.9625 0.090277778125 0.95625 0.097222221875 0.95703125 0.09305555625 0.953125 0.08333333281250001 0.9390625 0.072222221875 0.9234375 0.072222221875 0.90703125 0.0861111109375 0.90625 0.11944444375 0.91875 0.127777778125 0.92890625 0.12222222187500001 0.95 0.11944444375 0.9546875 0.1 0.9640625 0.1 0.9625 0.1166666671875 0.96640625 0.11388888906250001
7 0.85703125 0.077777778125 0.85625 0.08055555625000001 0.875 0.102777778125 0.8890625 0.11388888906250001 0.8953125 0.11388888906250001 0.896875 0.08055555625000001 0.86875 0.07083333281250001 0.8609375 0.072222221875 0.85703125 0.077777778125
7 0.853125 0.2388888890625 0.878125 0.25833333281250004 0.88125 0.275 0.88671875 0.28055555625 0.89609375 0.27638888906250003 0.92421875 0.27777777812500004 0.93046875 0.26805555625 0.93046875 0.23194444375 0.92578125 0.2236111109375 0.915625 0.18055555625 0.90625 0.16944444375 0.8796875 0.15555555625 0.85625 0.15555555625 0.85390625 0.15972222187500001 0.8484375 0.15555555625 0.81953125 0.15555555625 0.815625 0.1708333328125 0.8140625 0.1833333328125 0.81796875 0.21805555625 0.8234375 0.22777777812500002 0.83125 0.22916666718749998 0.83515625 0.22638888906250001 0.8375 0.21805555625 0.84765625 0.21805555625 0.853125 0.2388888890625
7 0.9875 0.26944444375 0.98984375 0.27777777812500004 0.99609375 0.2791666671875 0.99921875 0.27638888906250003 0.99921875 0.21944444375 0.99296875 0.21805555625 0.98828125 0.23611111093749998 0.9875 0.26944444375
7 0.975 0.22638888906250001 0.975 0.20416666718749998 0.9703125 0.197222221875 0.92890625 0.16944444375 0.921875 0.16805555625 0.91875 0.17361111093749998 0.91796875 0.1875 0.9234375 0.197222221875 0.925 0.2125 0.93515625 0.2388888890625 0.9609375 0.2388888890625 0.96875 0.24722222187499998 0.971875 0.24305555625 0.975 0.22638888906250001
7 0.94296875 0.125 0.92734375 0.125 0.925 0.1291666671875 0.93828125 0.1416666671875 0.953125 0.14444444375 0.96484375 0.1541666671875 0.98046875 0.15972222187500001 0.97890625 0.147222221875 0.97578125 0.14305555625 0.94296875 0.125
7 0.7859375 0.11944444375 0.78515625 0.13194444375 0.78125 0.1375 0.78515625 0.14305555625 0.7859375 0.15277777812499999 0.79140625 0.15277777812499999 0.79375 0.140277778125 0.79296875 0.1208333328125 0.7859375 0.11944444375
7 0.796875 0.10555555624999999 0.79609375 0.09444444375 0.7890625 0.09444444375 0.7890625 0.102777778125 0.79296875 0.109722221875 0.796875 0.10555555624999999
7 0.7453125 0.1583333328125 0.76328125 0.15972222187500001 0.76875 0.1541666671875 0.7703125 0.140277778125 0.7703125 0.0888888890625 0.76796875 0.08194444375 0.74921875 0.07638888906249999 0.7453125 0.1583333328125
7 0.72578125 0.15555555625 0.734375 0.1583333328125 0.73671875 0.1541666671875 0.7390625 0.06944444375 0.72421875 0.059722221875 0.6828125 0.04444444375 0.67734375 0.0458333328125 0.6765625 0.054166667187499996 0.675 0.090277778125 0.68046875 0.1041666671875 0.68515625 0.10555555624999999 0.690625 0.1166666671875 0.690625 0.1291666671875 0.70546875 0.14305555625 0.71953125 0.147222221875 0.72578125 0.15555555625