0 0.20694444375 0.49453125 0.26805555625 0.4953125 0.27777777812500004 0.49140625 0.26805555625 0.48359375 0.2541666671875 0.48203125 0.2236111109375 0.4859375 0.20972222187499998 0.490625 0.20694444375 0.49453125
0 0.27777777812500004 0.5625 0.29305555625 0.56015625 0.30555555624999997 0.55 0.302777778125 0.53984375 0.29305555625 0.53671875 0.2888888890625 0.5234375 0.2513888890625 0.52109375 0.24305555625 0.51796875 0.2125 0.52109375 0.1458333328125 0.52109375 0.1111111109375 0.53984375 0.10555555624999999 0.546875 0.10138888906250001 0.57265625 0.097222221875 0.575 0.0861111109375 0.63828125 0.09444444375 0.66171875 0.10555555624999999 0.6671875 0.1208333328125 0.66875 0.21944444375 0.66875 0.23333333281250002 0.646875 0.25 0.64375 0.2541666671875 0.640625 0.25555555625 0.63359375 0.25 0.63046875 0.10555555624999999 0.63046875 0.1 0.6203125 0.1041666671875 0.61796875 0.14444444375 0.615625 0.222222221875 0.615625 0.252777778125 0.61328125 0.272222221875 0.5671875 0.27777777812500004 0.5625
2 0.4458333328125 0.9703125 0.425 0.9765625 0.427777778125 0.984375 0.43333333281249997 0.9875 0.46527777812500004 0.98671875 0.4763888890625 0.9828125 0.477777778125 0.97578125 0.46805555625000006 0.96796875 0.4458333328125 0.9703125
1 0.10138888906250001 0.6171875 0.1 0.62265625 0.10555555624999999 0.63046875 0.19305555624999998 0.628125 0.25555555625 0.6296875 0.25833333281250004 0.640625 0.2666666671875 0.64296875 0.2708333328125 0.63359375 0.2888888890625 0.62421875 0.2888888890625 0.6203125 0.28055555625 0.6171875 0.2888888890625 0.59921875 0.28055555625 0.5984375 0.26805555625 0.60859375 0.2541666671875 0.61484375 0.20972222187499998 0.6171875 0.10138888906250001 0.6171875
6 0.22916666718749998 0.2203125 0.2736111109375 0.22109375 0.27638888906250003 0.21796875 0.26527777812500003 0.2125 0.23333333281250002 0.21171875 0.21805555625 0.21484375 0.21805555625 0.21875 0.22916666718749998 0.2203125
6 0.2138888890625 0.21796875 0.2125 0.215625 0.20972222187499998 0.21796875 0.2138888890625 0.21796875
6 0.1833333328125 0.21796875 0.18055555625 0.215625 0.16805555625 0.21875 0.18055555625 0.2203125 0.1833333328125 0.21796875
6 0.1708333328125 0.22578125 0.16805555625 0.23125 0.17361111093749998 0.22890625 0.1708333328125 0.22578125
6 0.27777777812500004 0.25703125 0.26527777812500003 0.25 0.24444444375000002 0.25 0.240277778125 0.2453125 0.24305555625 0.2375 0.23194444375 0.23359375 0.18055555625 0.23125 0.1708333328125 0.2390625 0.15972222187500001 0.23828125 0.1416666671875 0.2421875 0.11388888906250001 0.24375 0.10555555624999999 0.25 0.0958333328125 0.271875 0.097222221875 0.29296875 0.10555555624999999 0.29765625 0.14305555625 0.3015625 0.15555555625 0.31171875 0.16944444375 0.31640625 0.17916666718750002 0.3125 0.22638888906250001 0.3109375 0.2388888890625 0.30546875 0.2416666671875 0.29296875 0.2388888890625 0.2890625 0.2166666671875 0.28203125 0.2166666671875 0.278125 0.23194444375 0.27109375 0.2666666671875 0.26875 0.27638888906250003 0.2625 0.27777777812500004 0.25703125
7 0.1583333328125 0.109375 0.15555555625 0.14453125 0.1666666671875 0.14921875 0.15972222187500001 0.15078125 0.15555555625 0.1609375 0.15555555625 0.18125 0.15972222187500001 0.1828125 0.17916666718750002 0.18359375 0.197222221875 0.16875 0.2138888890625 0.16171875 0.2166666671875 0.15078125 0.2416666671875 0.1453125 0.25833333281250004 0.121875 0.27777777812500004 0.1171875 0.27777777812500004 0.09453125 0.2666666671875 0.0890625 0.2486111109375 0.0859375 0.23055555625 0.0734375 0.18194444375000002 0.084375 0.16944444375 0.09375 0.1583333328125 0.109375
7 0.33888888906250003 0.00078125 0.26805555625 0.00078125 0.259722221875 0.00625 0.259722221875 0.0125 0.2791666671875 0.01796875 0.34027777812500004 0.02109375 0.33888888906250003 0.00078125
7 0.29444444375 0.09296875 0.322222221875 0.0796875 0.32777777812500003 0.075 0.33055555625 0.0578125 0.35 0.05078125 0.35555555625 0.04375 0.34722222187499996 0.03984375 0.30694444375 0.03359375 0.24583333281250003 0.03046875 0.23194444375 0.0578125 0.23194444375 0.06953125 0.24583333281250003 0.08203125 0.28611111093749997 0.0921875 0.29444444375 0.09296875
7 0.140277778125 0.12421875 0.134722221875 0.1265625 0.127777778125 0.14375 0.1208333328125 0.14921875 0.12222222187500001 0.1625 0.1361111109375 0.16484375 0.15277777812499999 0.15625 0.15 0.1140625 0.14444444375 0.115625 0.140277778125 0.12421875
7 0.10138888906250001 0.03984375 0.13055555624999998 0.04140625 0.13194444375 0.0328125 0.10694444375 0.025 0.097222221875 0.025 0.0861111109375 0.03359375 0.0861111109375 0.0375 0.10138888906250001 0.03984375
7 0.10138888906250001 0.09453125 0.11805555625 0.0953125 0.1208333328125 0.0921875 0.1291666671875 0.07265625 0.12222222187500001 0.06875 0.1208333328125 0.05078125 0.11388888906250001 0.04765625 0.0861111109375 0.04609375 0.072222221875 0.0609375 0.07083333281250001 0.0734375 0.08194444375 0.09375 0.097222221875 0.09921875 0.10138888906250001 0.09453125
7 0.07083333281250001 0.125 0.06944444375 0.13515625 0.0736111109375 0.14296875 0.08055555625000001 0.14375 0.1041666671875 0.125 0.11388888906250001 0.1109375 0.11388888906250001 0.10234375 0.08055555625000001 0.10234375 0.07083333281250001 0.125
7 0.25694444375000003 0.00703125 0.25555555625 0.00078125 0.22777777812500002 0.00078125 0.222222221875 0.0078125 0.23472222187499997 0.01171875 0.252777778125 0.0125 0.25694444375000003 0.00703125
7 0.2416666671875 0.0296875 0.20555555625 0.02578125 0.197222221875 0.03046875 0.16944444375 0.07109375 0.16944444375 0.08046875 0.1875 0.08125 0.20416666718749998 0.07578125 0.20833333281250002 0.07109375 0.22777777812500002 0.06953125 0.2416666671875 0.0296875
7 0.125 0.07265625 0.1291666671875 0.075 0.14305555625 0.0578125 0.14305555625 0.053125 0.15 0.05 0.15555555625 0.0421875 0.1611111109375 0.028125 0.1583333328125 0.02109375 0.1513888890625 0.02109375 0.14444444375 0.025 0.13333333281249998 0.03984375 0.125 0.05703125 0.125 0.06875 0.13055555624999998 0.0703125 0.125 0.07265625