2 0.03046875 0.46805555625000006 0.0359375 0.46805555625000006 0.03828125 0.46388888906250003 0.0359375 0.42083333281249996 0.025 0.41944444374999995 0.025 0.45694444375 0.03046875 0.46805555625000006
1 0.39375 0.290277778125 0.39375 0.27777777812500004 0.38671875 0.2638888890625 0.38515625 0.2166666671875 0.38671875 0.197222221875 0.3890625 0.19305555624999998 0.3859375 0.1888888890625 0.38515625 0.1625 0.3875 0.15277777812499999 0.384375 0.10833333281249999 0.37578125 0.102777778125 0.3703125 0.1111111109375 0.37265625 0.24722222187499998 0.36875 0.259722221875 0.36015625 0.259722221875 0.359375 0.26527777812500003 0.3671875 0.2708333328125 0.375 0.28611111093749997 0.38671875 0.2833333328125 0.39375 0.290277778125
1 0.46875 0.24305555625 0.45703125 0.23611111093749998 0.45234375 0.215277778125 0.45625 0.172222221875 0.45390625 0.1291666671875 0.4546875 0.084722221875 0.44296875 0.0861111109375 0.4421875 0.2166666671875 0.43828125 0.22638888906250001 0.43125 0.22638888906250001 0.4296875 0.23055555625 0.4328125 0.2388888890625 0.4390625 0.24305555625 0.4671875 0.2513888890625 0.46875 0.24305555625
6 0.72109375 0.2833333328125 0.72890625 0.2708333328125 0.73671875 0.27777777812500004 0.75546875 0.27777777812500004 0.7625 0.2736111109375 0.7640625 0.23611111093749998 0.76171875 0.21805555625 0.75390625 0.19583333281249998 0.73515625 0.1875 0.73046875 0.1583333328125 0.71171875 0.1513888890625 0.6921875 0.15 0.68125 0.165277778125 0.66953125 0.16805555625 0.66484375 0.1763888890625 0.6609375 0.16944444375 0.65703125 0.17361111093749998 0.65625 0.21944444375 0.6640625 0.2416666671875 0.675 0.24305555625 0.68203125 0.2388888890625 0.6984375 0.24722222187499998 0.70234375 0.275 0.71171875 0.28472222187499996 0.72109375 0.2833333328125
6 0.65703125 0.2513888890625 0.65703125 0.23611111093749998 0.6546875 0.22916666718749998 0.634375 0.21805555625 0.63671875 0.1916666671875 0.60625 0.17361111093749998 0.5984375 0.15972222187500001 0.57578125 0.1611111109375 0.56875 0.18055555625 0.56640625 0.19583333281249998 0.56875 0.22638888906250001 0.575 0.23333333281250002 0.5765625 0.2416666671875 0.5859375 0.24583333281250003 0.5953125 0.25694444375000003 0.6515625 0.25833333281250004 0.65703125 0.2513888890625
7 0.8484375 0.1208333328125 0.8421875 0.12222222187500001 0.83984375 0.1263888890625 0.83984375 0.1375 0.84453125 0.1513888890625 0.89296875 0.1541666671875 0.88984375 0.147222221875 0.8671875 0.13055555624999998 0.85625 0.1291666671875 0.8484375 0.1208333328125
7 0.9703125 0.10555555624999999 0.96953125 0.097222221875 0.96640625 0.09305555625 0.9625 0.0888888890625 0.9578125 0.0916666671875 0.9515625 0.08055555625000001 0.9390625 0.072222221875 0.9234375 0.072222221875 0.90703125 0.084722221875 0.90625 0.11944444375 0.91796875 0.127777778125 0.9515625 0.11944444375 0.9578125 0.097222221875 0.9625 0.10138888906250001 0.96171875 0.11805555625 0.96640625 0.1166666671875 0.9703125 0.10555555624999999
7 0.8625 0.07083333281250001 0.8578125 0.07638888906249999 0.8578125 0.08194444375 0.875 0.102777778125 0.8890625 0.11388888906250001 0.8953125 0.11388888906250001 0.89765625 0.09305555625 0.89609375 0.08055555625000001 0.86953125 0.07083333281250001 0.8625 0.07083333281250001
7 0.84609375 0.21805555625 0.85078125 0.23611111093749998 0.878125 0.25833333281250004 0.88203125 0.27638888906250003 0.8859375 0.28055555625 0.89765625 0.27638888906250003 0.92265625 0.2791666671875 0.93046875 0.2666666671875 0.93046875 0.23333333281250002 0.92578125 0.2236111109375 0.91640625 0.1833333328125 0.91015625 0.17361111093749998 0.88515625 0.15555555625 0.85703125 0.15555555625 0.8515625 0.16388888906250001 0.84140625 0.15555555625 0.81875 0.15555555625 0.8171875 0.1611111109375 0.8140625 0.1875 0.81796875 0.20277777812500003 0.81875 0.2208333328125 0.821875 0.22638888906250001 0.83125 0.22916666718749998 0.834375 0.22777777812500002 0.8375 0.21805555625 0.84609375 0.21805555625
7 0.99375 0.27638888906250003 0.99921875 0.26944444375 0.99921875 0.21944444375 0.99296875 0.21805555625 0.98828125 0.23611111093749998 0.9875 0.26805555625 0.99375 0.27638888906250003
7 0.9734375 0.20277777812500003 0.94921875 0.18194444375000002 0.928125 0.16944444375 0.921875 0.16805555625 0.91875 0.17361111093749998 0.91796875 0.1875 0.92421875 0.20138888906250002 0.92578125 0.2166666671875 0.93515625 0.2388888890625 0.96015625 0.2388888890625 0.96953125 0.24722222187499998 0.97421875 0.22777777812500002 0.9734375 0.20277777812500003
7 0.9322914062500001 0.125 0.9296875 0.13194444375 0.92734375 0.125 0.925 0.13055555624999998 0.9375 0.14305555625 0.953125 0.1458333328125 0.96328125 0.1541666671875 0.98046875 0.15972222187500001 0.975 0.14305555625 0.9421875 0.125 0.9322914062500001 0.125
7 0.7859375 0.11805555625 0.784375 0.13194444375 0.77890625 0.1375 0.784375 0.14305555625 0.7859375 0.1513888890625 0.790625 0.15277777812499999 0.79375 0.14444444375 0.79296875 0.1208333328125 0.7859375 0.11805555625
7 0.796875 0.10555555624999999 0.796875 0.0958333328125 0.78828125 0.09305555625 0.78828125 0.102777778125 0.79296875 0.11388888906250001 0.796875 0.10555555624999999
7 0.7453125 0.1583333328125 0.7625 0.15972222187500001 0.76875 0.15277777812499999 0.7703125 0.140277778125 0.7703125 0.090277778125 0.76640625 0.08055555625000001 0.74921875 0.07638888906249999 0.7453125 0.1583333328125
7 0.7390625 0.06944444375 0.721875 0.058333332812500006 0.7015625 0.054166667187499996 0.6828125 0.04444444375 0.678125 0.0458333328125 0.6765625 0.055555556250000006 0.675 0.09305555625 0.68046875 0.1041666671875 0.68828125 0.10833333281249999 0.6921875 0.11944444375 0.690625 0.1291666671875 0.72578125 0.15555555625 0.73671875 0.15555555625 0.7390625 0.06944444375