2 0.025 0.41944444374999995 0.025 0.4625 0.03125 0.46944444374999994 0.04140625 0.46527777812500004 0.04296875 0.45555555625000005 0.0375 0.4388888890625 0.03671875 0.425 0.0328125 0.41805555625 0.025 0.41944444374999995
1 0.38671875 0.2833333328125 0.39453125 0.290277778125 0.3953125 0.2833333328125 0.38671875 0.259722221875 0.384375 0.10694444375 0.3734375 0.1041666671875 0.3703125 0.1166666671875 0.37265625 0.1583333328125 0.37265625 0.2513888890625 0.36875 0.259722221875 0.36015625 0.259722221875 0.359375 0.26527777812500003 0.36875 0.272222221875 0.37734375 0.2888888890625 0.38671875 0.2833333328125
1 0.45703125 0.23611111093749998 0.45390625 0.225 0.45234375 0.2 0.45625 0.1708333328125 0.45390625 0.140277778125 0.4546875 0.0861111109375 0.44921875 0.08333333281250001 0.44296875 0.0875 0.4421875 0.2166666671875 0.4375 0.22777777812500002 0.43125 0.22638888906250001 0.43046875 0.23472222187499997 0.43828125 0.24305555625 0.46796875 0.2513888890625 0.46875 0.24305555625 0.45703125 0.23611111093749998
6 0.71953125 0.28472222187499996 0.7296875 0.272222221875 0.73828125 0.2791666671875 0.75546875 0.2791666671875 0.7625 0.275 0.7640625 0.2388888890625 0.7609375 0.21944444375 0.76484375 0.215277778125 0.7625 0.2166666671875 0.75625 0.197222221875 0.75078125 0.1916666671875 0.73671875 0.190277778125 0.7328125 0.18055555625 0.73046875 0.1583333328125 0.7046875 0.15 0.69140625 0.15 0.68125 0.165277778125 0.66953125 0.16805555625 0.665625 0.177777778125 0.6609375 0.17361111093749998 0.65703125 0.1763888890625 0.65625 0.21805555625 0.66328125 0.240277778125 0.6859375 0.2416666671875 0.69765625 0.24722222187499998 0.7 0.2513888890625 0.70078125 0.2666666671875 0.70625 0.28055555625 0.71953125 0.28472222187499996
6 0.64921875 0.25833333281250004 0.65625 0.2541666671875 0.65703125 0.240277778125 0.6546875 0.22916666718749998 0.63671875 0.2236111109375 0.634375 0.21944444375 0.6375 0.20138888906250002 0.63515625 0.1888888890625 0.61875 0.1833333328125 0.60625 0.17361111093749998 0.5984375 0.15972222187500001 0.575 0.1611111109375 0.56875 0.18055555625 0.56640625 0.19583333281249998 0.5671875 0.21805555625 0.56875 0.22638888906250001 0.5734375 0.23055555625 0.57734375 0.2416666671875 0.5984375 0.25833333281250004 0.60703125 0.259722221875 0.64921875 0.25833333281250004
7 0.875 0.14305555625 0.87265625 0.134722221875 0.86640625 0.13055555624999998 0.85625 0.127777778125 0.85 0.1208333328125 0.84296875 0.12361111093749999 0.83984375 0.134722221875 0.8453125 0.1513888890625 0.8796875 0.1513888890625 0.8796875 0.1458333328125 0.884375 0.15277777812499999 0.89140625 0.1541666671875 0.8890625 0.147222221875 0.875 0.14305555625
7 0.9625 0.1041666671875 0.96796875 0.1111111109375 0.9625 0.1166666671875 0.9671875 0.115277778125 0.9703125 0.10555555624999999 0.9703125 0.097222221875 0.96484375 0.097222221875 0.9625 0.1041666671875
7 0.95078125 0.08055555625000001 0.93125 0.07083333281250001 0.909375 0.08055555625000001 0.90625 0.0861111109375 0.90703125 0.1208333328125 0.92578125 0.1291666671875 0.93125 0.12222222187500001 0.9421875 0.125 0.9515625 0.115277778125 0.9546875 0.090277778125 0.95078125 0.08055555625000001
7 0.8765625 0.072222221875 0.86171875 0.072222221875 0.85703125 0.08055555625000001 0.86328125 0.0888888890625 0.8765625 0.1041666671875 0.884375 0.10694444375 0.8890625 0.11388888906250001 0.89453125 0.11388888906250001 0.89765625 0.08055555625000001 0.8765625 0.072222221875
7 0.85078125 0.23611111093749998 0.878125 0.25833333281250004 0.88125 0.275 0.88671875 0.28055555625 0.89765625 0.27638888906250003 0.92421875 0.27777777812500004 0.93046875 0.26805555625 0.93046875 0.23194444375 0.9265625 0.22638888906250001 0.915625 0.18055555625 0.909375 0.172222221875 0.8796875 0.1541666671875 0.85625 0.15555555625 0.85234375 0.15972222187500001 0.8484375 0.15555555625 0.81953125 0.15555555625 0.8171875 0.1625 0.8140625 0.1916666671875 0.81875 0.2208333328125 0.821875 0.22638888906250001 0.83203125 0.22916666718749998 0.83671875 0.21805555625 0.8453125 0.21805555625 0.8484375 0.222222221875 0.85078125 0.23611111093749998
7 0.9875 0.2708333328125 0.98984375 0.2791666671875 0.9953125 0.28055555625 0.99921875 0.27777777812500004 0.99921875 0.21944444375 0.9921875 0.21805555625 0.9890625 0.23055555625 0.9875 0.2708333328125
7 0.97578125 0.215277778125 0.9734375 0.20138888906250002 0.92890625 0.16944444375 0.92265625 0.16805555625 0.91875 0.17361111093749998 0.91796875 0.1861111109375 0.9296875 0.2138888890625 0.93046875 0.23055555625 0.93359375 0.23611111093749998 0.9375 0.240277778125 0.95390625 0.2388888890625 0.96953125 0.25 0.97578125 0.215277778125
7 0.96875 0.13888888906250002 0.9359375 0.12222222187500001 0.92734375 0.125 0.92578125 0.13055555624999998 0.940625 0.14305555625 0.94765625 0.14444444375 0.95078125 0.15 0.975 0.1611111109375 0.98046875 0.15972222187500001 0.97890625 0.147222221875 0.96875 0.13888888906250002
7 0.7859375 0.115277778125 0.78515625 0.1291666671875 0.7796875 0.1375 0.78515625 0.14444444375 0.78671875 0.1541666671875 0.79296875 0.15277777812499999 0.79296875 0.11944444375 0.790625 0.11388888906250001 0.7859375 0.115277778125
7 0.7953125 0.11388888906250001 0.7984375 0.097222221875 0.79296875 0.09305555625 0.78828125 0.09305555625 0.78828125 0.1 0.7953125 0.11388888906250001
7 0.75078125 0.072222221875 0.74921875 0.077777778125 0.7453125 0.15972222187500001 0.76640625 0.1583333328125 0.76875 0.15555555625 0.77109375 0.1375 0.77109375 0.09444444375 0.7671875 0.08333333281250001 0.76171875 0.077777778125 0.75078125 0.072222221875
7 0.7390625 0.06944444375 0.72421875 0.059722221875 0.7 0.054166667187499996 0.68203125 0.04444444375 0.67734375 0.05 0.6765625 0.05694444375 0.675 0.09305555625 0.690625 0.115277778125 0.6890625 0.127777778125 0.70703125 0.14444444375 0.715625 0.1458333328125 0.72578125 0.15555555625 0.73671875 0.15555555625 0.7390625 0.06944444375