2 0.025 0.41944444374999995 0.0234375 0.4375 0.0265625 0.46666666718750005 0.04296875 0.46666666718750005 0.046875 0.45555555625000005 0.046875 0.447222221875 0.03828125 0.4375 0.03515625 0.41944444374999995 0.025 0.41944444374999995
1 0.38671875 0.2833333328125 0.39375 0.290277778125 0.3953125 0.28194444375 0.3875 0.2638888890625 0.38515625 0.22916666718749998 0.38671875 0.10833333281249999 0.375 0.102777778125 0.371875 0.10555555624999999 0.3703125 0.1166666671875 0.37265625 0.1513888890625 0.37265625 0.252777778125 0.36875 0.259722221875 0.359375 0.2611111109375 0.359375 0.26527777812500003 0.3671875 0.2708333328125 0.37734375 0.2888888890625 0.38671875 0.2833333328125
1 0.4609375 0.2388888890625 0.46640625 0.240277778125 0.46796875 0.2513888890625 0.46875 0.24305555625 0.453125 0.215277778125 0.45390625 0.18194444375000002 0.45625 0.172222221875 0.45625 0.15555555625 0.45390625 0.14861111093749999 0.4546875 0.084722221875 0.44296875 0.0875 0.4421875 0.2166666671875 0.43828125 0.22777777812500002 0.43125 0.22638888906250001 0.43046875 0.23194444375 0.4328125 0.2388888890625 0.43828125 0.24305555625 0.4609375 0.2513888890625 0.4609375 0.2388888890625
6 0.7265625 0.275 0.75390625 0.2791666671875 0.76015625 0.27777777812500004 0.76328125 0.272222221875 0.7640625 0.2388888890625 0.7609375 0.21805555625 0.7640625 0.215277778125 0.7609375 0.2138888890625 0.75078125 0.19305555624999998 0.73671875 0.190277778125 0.7328125 0.17916666718750002 0.73046875 0.1583333328125 0.71171875 0.1513888890625 0.69140625 0.15 0.68125 0.165277778125 0.66796875 0.16805555625 0.665625 0.1763888890625 0.66328125 0.1763888890625 0.66171875 0.16944444375 0.66171875 0.17361111093749998 0.65703125 0.17361111093749998 0.65546875 0.1916666671875 0.65546875 0.215277778125 0.66328125 0.2416666671875 0.6859375 0.2416666671875 0.69765625 0.24722222187499998 0.70234375 0.2708333328125 0.7078125 0.28194444375 0.71953125 0.28472222187499996 0.7265625 0.275
6 0.65390625 0.25694444375000003 0.65703125 0.25 0.65546875 0.23055555625 0.63515625 0.2208333328125 0.634375 0.2125 0.6375 0.20416666718749998 0.6359375 0.1888888890625 0.609375 0.1763888890625 0.60234375 0.16944444375 0.5984375 0.15972222187500001 0.57578125 0.1611111109375 0.56875 0.18055555625 0.56640625 0.197222221875 0.56875 0.22638888906250001 0.57421875 0.23194444375 0.57578125 0.240277778125 0.59453125 0.25555555625 0.6046875 0.259722221875 0.64921875 0.25833333281250004 0.65390625 0.25694444375000003
7 0.85078125 0.23611111093749998 0.87890625 0.25833333281250004 0.88125 0.275 0.88671875 0.28055555625 0.89609375 0.27638888906250003 0.92265625 0.2791666671875 0.9296875 0.26944444375 0.93046875 0.23333333281250002 0.92578125 0.2236111109375 0.91640625 0.1833333328125 0.909375 0.172222221875 0.88515625 0.15555555625 0.87421875 0.1541666671875 0.85703125 0.15555555625 0.85234375 0.1611111109375 0.84140625 0.15555555625 0.81875 0.15555555625 0.8171875 0.1625 0.8140625 0.1916666671875 0.8171875 0.2 0.81875 0.2208333328125 0.82421875 0.22916666718749998 0.83125 0.23055555625 0.8375 0.21805555625 0.846875 0.21944444375 0.85078125 0.23611111093749998
7 0.89296875 0.1541666671875 0.88984375 0.147222221875 0.87578125 0.14305555625 0.87265625 0.134722221875 0.86640625 0.13055555624999998 0.85625 0.127777778125 0.85078125 0.1208333328125 0.8421875 0.12222222187500001 0.84140625 0.13055555624999998 0.83828125 0.134722221875 0.84375 0.1513888890625 0.87578125 0.15277777812499999 0.8796875 0.1458333328125 0.88203125 0.147222221875 0.88203125 0.15277777812499999 0.89296875 0.1541666671875
7 0.9734375 0.102777778125 0.96640625 0.09305555625 0.96328125 0.0986111109375 0.9625 0.11805555625 0.96640625 0.1166666671875 0.9734375 0.102777778125
7 0.96328125 0.090625 0.0015625 0.0015625
7 0.95390625 0.084722221875 0.93828125 0.072222221875 0.92421875 0.072222221875 0.90703125 0.08333333281250001 0.90625 0.1208333328125 0.91328125 0.1263888890625 0.9296875 0.1291666671875 0.93125 0.125 0.9421875 0.125 0.94921875 0.11944444375 0.95390625 0.1041666671875 0.95390625 0.084722221875
7 0.8625 0.07083333281250001 0.8578125 0.07638888906249999 0.8578125 0.08194444375 0.875 0.102777778125 0.8890625 0.11388888906250001 0.89453125 0.11388888906250001 0.89765625 0.09305555625 0.89609375 0.08055555625000001 0.8703125 0.07083333281250001 0.8625 0.07083333281250001
7 0.9875 0.24305555625 0.98828125 0.2666666671875 0.996875 0.272222221875 0.99921875 0.2708333328125 0.99921875 0.21944444375 0.99140625 0.21805555625 0.98984375 0.22638888906250001 0.9875 0.24305555625
7 0.975 0.22638888906250001 0.9734375 0.20138888906250002 0.928125 0.16944444375 0.9234375 0.16805555625 0.91953125 0.172222221875 0.91875 0.1875 0.9234375 0.19583333281249998 0.9296875 0.2166666671875 0.93046875 0.23055555625 0.93515625 0.2388888890625 0.959375 0.240277778125 0.96953125 0.25 0.975 0.22638888906250001
7 0.95546875 0.13055555624999998 0.94140625 0.125 0.92734375 0.1263888890625 0.92578125 0.1291666671875 0.93359375 0.1375 0.9484375 0.14444444375 0.9515625 0.15 0.978125 0.15972222187500001 0.978125 0.1513888890625 0.97421875 0.14444444375 0.95546875 0.13055555624999998
7 0.7953125 0.13333333281249998 0.79453125 0.1166666671875 0.796875 0.11388888906250001 0.7984375 0.097222221875 0.7953125 0.09305555625 0.7875 0.09444444375 0.7890625 0.10694444375 0.7859375 0.11388888906250001 0.7859375 0.1263888890625 0.7796875 0.1375 0.78515625 0.14444444375 0.78671875 0.15277777812499999 0.7921875 0.15277777812499999 0.7953125 0.13333333281249998
7 0.74921875 0.075 0.7453125 0.1583333328125 0.765625 0.15972222187500001 0.76875 0.15555555625 0.77109375 0.1375 0.77109375 0.09305555625 0.765625 0.08055555625000001 0.7515625 0.072222221875 0.74921875 0.075
7 0.7390625 0.06944444375 0.72421875 0.059722221875 0.69921875 0.054166667187499996 0.6828125 0.04444444375 0.67890625 0.0458333328125 0.6765625 0.05694444375 0.67578125 0.09444444375 0.68046875 0.1041666671875 0.6859375 0.10555555624999999 0.690625 0.11388888906250001 0.690625 0.1291666671875 0.72578125 0.15555555625 0.7359375 0.15555555625 0.7390625 0.06944444375