2 0.44305555625000004 0.9703125 0.4263888890625 0.97578125 0.427777778125 0.984375 0.43333333281249997 0.9875 0.47222222187499996 0.9859375 0.477777778125 0.98203125 0.4763888890625 0.971875 0.46527777812500004 0.9671875 0.44305555625000004 0.9703125
1 0.10555555624999999 0.6296875 0.2541666671875 0.628125 0.2541666671875 0.64296875 0.25833333281250004 0.6390625 0.26527777812500003 0.64375 0.2708333328125 0.63359375 0.2791666671875 0.63125 0.28611111093749997 0.625 0.28055555625 0.6125 0.2888888890625 0.59921875 0.28055555625 0.5984375 0.25694444375000003 0.61484375 0.10555555624999999 0.6171875 0.1 0.6203125 0.10555555624999999 0.6296875
1 0.084722221875 0.5453125 0.08055555625000001 0.546875 0.08055555625000001 0.55546875 0.0861111109375 0.5578125 0.2138888890625 0.55859375 0.22777777812500002 0.56171875 0.22638888906250001 0.57265625 0.23055555625 0.57265625 0.2388888890625 0.56875 0.24305555625 0.5625 0.25 0.5484375 0.2513888890625 0.53125 0.24305555625 0.53125 0.23194444375 0.5453125 0.2166666671875 0.5484375 0.17916666718750002 0.54765625 0.172222221875 0.5453125 0.084722221875 0.5453125
7 0.1263888890625 0.0828125 0.11944444375 0.05078125 0.102777778125 0.04609375 0.08333333281250001 0.04765625 0.072222221875 0.06171875 0.072222221875 0.07734375 0.08194444375 0.09296875 0.09444444375 0.09921875 0.10138888906250001 0.09375 0.1166666671875 0.0953125 0.1263888890625 0.0828125
7 0.23472222187499997 0.06953125 0.1833333328125 0.08359375 0.17361111093749998 0.0890625 0.15555555625 0.11484375 0.1541666671875 0.1390625 0.15972222187500001 0.14765625 0.15555555625 0.15703125 0.15555555625 0.18125 0.18055555625 0.18125 0.20833333281250002 0.1625 0.2166666671875 0.1515625 0.23472222187499997 0.15 0.240277778125 0.146875 0.25833333281250004 0.121875 0.275 0.11875 0.28055555625 0.11328125 0.2791666671875 0.078125 0.2708333328125 0.07109375 0.23472222187499997 0.06953125
7 0.15555555625 0.14765625 0.1513888890625 0.14296875 0.1541666671875 0.121875 0.15 0.1171875 0.14305555625 0.11953125 0.13055555624999998 0.13359375 0.1291666671875 0.14296875 0.12222222187500001 0.146875 0.12222222187500001 0.1625 0.134722221875 0.16328125 0.1513888890625 0.16015625 0.15555555625 0.14765625
7 0.07083333281250001 0.128125 0.07083333281250001 0.13984375 0.07638888906249999 0.14375 0.08055555625000001 0.14453125 0.1041666671875 0.125 0.11388888906250001 0.11171875 0.11388888906250001 0.10546875 0.08055555625000001 0.10390625 0.07083333281250001 0.128125
7 0.19305555624999998 0.1875 0.2541666671875 0.18984375 0.2541666671875 0.18203125 0.26805555625 0.18046875 0.26805555625 0.16328125 0.275 0.15859375 0.2666666671875 0.153125 0.23611111093749998 0.1515625 0.2236111109375 0.15859375 0.2166666671875 0.16875 0.20555555625 0.16796875 0.197222221875 0.1703125 0.19305555624999998 0.178125 0.1833333328125 0.1828125 0.19305555624999998 0.1875
7 0.22638888906250001 0.25625 0.222222221875 0.24296875 0.22777777812500002 0.23359375 0.19583333281249998 0.23125 0.1833333328125 0.225 0.1583333328125 0.23125 0.1541666671875 0.240625 0.165277778125 0.25390625 0.1888888890625 0.26328125 0.20555555625 0.2640625 0.222222221875 0.2609375 0.22638888906250001 0.25625
7 0.25555555625 0.21953125 0.25694444375000003 0.21328125 0.2388888890625 0.209375 0.2 0.20703125 0.1541666671875 0.2046875 0.1416666671875 0.20703125 0.13888888906250002 0.21328125 0.1458333328125 0.2171875 0.1861111109375 0.2203125 0.2125 0.21875 0.24583333281250003 0.22109375 0.25555555625 0.21953125
7 0.27638888906250003 0.00859375 0.275 0.00078125 0.21944444375 0.00078125 0.20972222187499998 0.00625 0.2416666671875 0.0125 0.26944444375 0.01328125 0.27638888906250003 0.00859375
7 0.1916666671875 0.0796875 0.20277777812500003 0.07578125 0.20972222187499998 0.06953125 0.23194444375 0.06953125 0.2388888890625 0.06640625 0.240277778125 0.05625 0.23611111093749998 0.05 0.25 0.03046875 0.222222221875 0.02578125 0.20555555625 0.02578125 0.197222221875 0.0296875 0.16944444375 0.071875 0.1708333328125 0.08046875 0.1916666671875 0.0796875
7 0.140277778125 0.06171875 0.14305555625 0.0515625 0.1541666671875 0.04375 0.16388888906250001 0.025 0.1583333328125 0.0203125 0.147222221875 0.02109375 0.13194444375 0.040625 0.125 0.05703125 0.125 0.06875 0.13055555624999998 0.0703125 0.1263888890625 0.07421875 0.1291666671875 0.075 0.140277778125 0.06171875
7 0.097222221875 0.20625 0.10138888906250001 0.20859375 0.0958333328125 0.2109375 0.10555555624999999 0.20703125 0.097222221875 0.20625
7 0.075 0.25390625 0.0861111109375 0.25234375 0.15555555625 0.25546875 0.1513888890625 0.23359375 0.1291666671875 0.2296875 0.084722221875 0.23125 0.072222221875 0.24921875 0.075 0.25390625
7 0.1 0.3234375 0.1111111109375 0.30859375 0.1291666671875 0.30703125 0.13888888906250002 0.303125 0.15555555625 0.2859375 0.1666666671875 0.26484375 0.102777778125 0.2625 0.072222221875 0.25859375 0.059722221875 0.27578125 0.055555556250000006 0.3 0.04444444375 0.31875 0.0458333328125 0.32265625 0.055555556250000006 0.3234375 0.1 0.3234375
4 0.559722221875 0.92578125 0.5583333328125 0.93203125 0.5541666671875001 0.93359375 0.515277778125 0.9390625 0.4986111109375 0.9390625 0.48055555625 0.934375 0.4611111109375 0.94453125 0.425 0.94453125 0.42222222187499997 0.9484375 0.43333333281249997 0.9546875 0.44166666718750003 0.9546875 0.4611111109375 0.9625 0.475 0.9625 0.48472222187499997 0.959375 0.5166666671875 0.95703125 0.5458333328125 0.9453125 0.5930555562500001 0.94453125 0.5958333328125 0.93515625 0.5916666671875 0.9296875 0.5861111109375 0.9296875 0.58055555625 0.93359375 0.575 0.9328125 0.5666666671875 0.925 0.559722221875 0.92578125
4 0.1361111109375 0.9390625 0.165277778125 0.9328125 0.16805555625 0.928125 0.1541666671875 0.9265625 0.1263888890625 0.93203125 0.10833333281249999 0.9296875 0.084722221875 0.93125 0.06805555625000001 0.9390625 0.06805555625000001 0.94609375 0.08333333281250001 0.94765625 0.13333333281249998 0.94453125 0.1361111109375 0.9390625
4 0.1458333328125 0.81171875 0.1833333328125 0.8125 0.20277777812500003 0.80859375 0.2138888890625 0.81171875 0.2138888890625 0.80078125 0.16944444375 0.8 0.14444444375 0.8078125 0.1458333328125 0.81171875
4 0.109722221875 0.49375 0.15694444375 0.49375 0.1583333328125 0.48828125 0.08194444375 0.4859375 0.08333333281250001 0.490625 0.0916666671875 0.48984375 0.109722221875 0.49375