2 0.41944444374999995 0.975 0.4625 0.975 0.46805555625000006 0.9703125 0.46388888906250003 0.9578125 0.44444444375 0.9578125 0.4375 0.96171875 0.42083333281249996 0.9640625 0.41944444374999995 0.975
1 0.2166666671875 0.5578125 0.22777777812500002 0.5625 0.22638888906250001 0.56875 0.23055555625 0.5703125 0.2388888890625 0.5671875 0.24305555625 0.56171875 0.2513888890625 0.53984375 0.2388888890625 0.53828125 0.240190971875 0.53388671875 0.22777777812500002 0.5453125 0.215277778125 0.54765625 0.16944444375 0.54375 0.15 0.54609375 0.084722221875 0.5453125 0.0875 0.55703125 0.2166666671875 0.5578125
1 0.10694444375 0.615625 0.102777778125 0.62109375 0.1041666671875 0.62734375 0.11388888906250001 0.6296875 0.15555555625 0.62734375 0.2513888890625 0.62734375 0.259722221875 0.63125 0.259722221875 0.6390625 0.26527777812500003 0.640625 0.2708333328125 0.6328125 0.2888888890625 0.62265625 0.2833333328125 0.61328125 0.290277778125 0.60625 0.2833333328125 0.6046875 0.259722221875 0.61328125 0.22916666718749998 0.61484375 0.1166666671875 0.6140625 0.10694444375 0.615625
6 0.2166666671875 0.23671875 0.1916666671875 0.24921875 0.190277778125 0.26328125 0.17916666718750002 0.2671875 0.1583333328125 0.26953125 0.15 0.2953125 0.15 0.30859375 0.165277778125 0.31875 0.1666666671875 0.33046875 0.1763888890625 0.3359375 0.16805555625 0.3390625 0.177777778125 0.34375 0.2138888890625 0.34453125 0.2416666671875 0.33671875 0.2416666671875 0.31328125 0.24722222187499998 0.30234375 0.272222221875 0.29765625 0.28472222187499996 0.28828125 0.2833333328125 0.278125 0.272222221875 0.2703125 0.2791666671875 0.2625 0.2791666671875 0.24453125 0.275 0.2375 0.2388888890625 0.2359375 0.21805555625 0.2390625 0.2166666671875 0.23671875
6 0.1611111109375 0.42421875 0.18055555625 0.43125 0.19583333281249998 0.43359375 0.22638888906250001 0.43125 0.24583333281250003 0.4171875 0.259722221875 0.39453125 0.25833333281250004 0.35078125 0.2541666671875 0.34375 0.2388888890625 0.34296875 0.22916666718749998 0.3453125 0.21944444375 0.365625 0.20277777812500003 0.3625 0.1888888890625 0.3640625 0.17361111093749998 0.39375 0.15972222187500001 0.4015625 0.1611111109375 0.42421875
7 0.1208333328125 0.15 0.12222222187500001 0.16015625 0.134722221875 0.16171875 0.1513888890625 0.15546875 0.1541666671875 0.14609375 0.15 0.1328125 0.1541666671875 0.1140625 0.147222221875 0.11328125 0.1541666671875 0.10859375 0.147222221875 0.1109375 0.1458333328125 0.1140625 0.1513888890625 0.11640625 0.14305555625 0.125 0.134722221875 0.12734375 0.13055555624999998 0.1328125 0.1208333328125 0.15
7 0.072222221875 0.06171875 0.072222221875 0.07578125 0.084722221875 0.09296875 0.11944444375 0.09375 0.1291666671875 0.078125 0.11944444375 0.0484375 0.097222221875 0.04375 0.0986111109375 0.03828125 0.11805555625 0.03828125 0.11805555625 0.03359375 0.10555555624999999 0.02578125 0.097222221875 0.0265625 0.0861111109375 0.0375 0.09305555625 0.03984375 0.09305555625 0.04375 0.08194444375 0.046875 0.072222221875 0.06171875
7 0.08055555625000001 0.10390625 0.07083333281250001 0.13125 0.07638888906249999 0.1421875 0.08194444375 0.1421875 0.102777778125 0.125 0.11388888906250001 0.11171875 0.11388888906250001 0.10546875 0.09305555625 0.10234375 0.08055555625000001 0.10390625
7 0.2791666671875 0.078125 0.26805555625 0.06953125 0.23333333281250002 0.06953125 0.2236111109375 0.07421875 0.1833333328125 0.08359375 0.16944444375 0.09375 0.15555555625 0.1140625 0.1541666671875 0.12578125 0.15555555625 0.14296875 0.1708333328125 0.14921875 0.15555555625 0.16171875 0.15555555625 0.18125 0.1708333328125 0.184375 0.19305555624999998 0.1859375 0.20416666718749998 0.18203125 0.2208333328125 0.18125 0.22916666718749998 0.17578125 0.22777777812500002 0.165625 0.21805555625 0.16328125 0.21944444375 0.153125 0.23611111093749998 0.14921875 0.252777778125 0.13203125 0.25833333281250004 0.12109375 0.27638888906250003 0.11796875 0.28055555625 0.11328125 0.27638888906250003 0.10390625 0.2791666671875 0.078125
7 0.21805555625 0.01015625 0.26805555625 0.0125 0.27638888906250003 0.01015625 0.2791666671875 0.003125 0.27777777812500004 0.00078125 0.2236111109375 0.00078125 0.2166666671875 0.0046875 0.21805555625 0.01015625
7 0.16944444375 0.07109375 0.16805555625 0.07734375 0.175 0.08125 0.1875 0.08203125 0.197222221875 0.0765625 0.2125 0.075 0.21944444375 0.0703125 0.23055555625 0.06953125 0.23611111093749998 0.06640625 0.240277778125 0.0625 0.240277778125 0.0390625 0.24722222187499998 0.03125 0.24305555625 0.02734375 0.2166666671875 0.0234375 0.20555555625 0.02421875 0.2 0.02734375 0.16944444375 0.07109375
7 0.1263888890625 0.053125 0.12222222187500001 0.0671875 0.125 0.07265625 0.13055555624999998 0.07421875 0.15 0.04921875 0.15972222187500001 0.01953125 0.147222221875 0.02109375 0.14305555625 0.02421875 0.1263888890625 0.053125
7 0.09444444375 0.2125 0.10833333281249999 0.209375 0.1111111109375 0.2140625 0.1291666671875 0.21484375 0.13888888906250002 0.22109375 0.14305555625 0.215625 0.1541666671875 0.2140625 0.1541666671875 0.209375 0.15277777812499999 0.20703125 0.13194444375 0.2046875 0.115277778125 0.2078125 0.11388888906250001 0.203125 0.097222221875 0.2015625 0.09305555625 0.20625 0.09444444375 0.2125
7 0.077777778125 0.23828125 0.072222221875 0.24921875 0.077777778125 0.25078125 0.1583333328125 0.2546875 0.1583333328125 0.23359375 0.13888888906250002 0.22890625 0.09305555625 0.22890625 0.08194444375 0.2328125 0.077777778125 0.23828125
7 0.0458333328125 0.32109375 0.05694444375 0.3234375 0.0916666671875 0.325 0.1041666671875 0.31953125 0.10694444375 0.31328125 0.11805555625 0.309375 0.127777778125 0.3109375 0.14305555625 0.2953125 0.147222221875 0.28203125 0.15555555625 0.27421875 0.15555555625 0.26328125 0.06944444375 0.2609375 0.059722221875 0.2765625 0.054166667187499996 0.3 0.04444444375 0.31796875 0.0458333328125 0.32109375