2 0.01328125 0.43194444374999996 0.0140625 0.47083333281249995 0.01875 0.477777778125 0.025 0.477777778125 0.0328125 0.46666666718750005 0.0296875 0.44444444375 0.02265625 0.425 0.01328125 0.43194444374999996
1 0.3875 0.26527777812500003 0.38515625 0.25694444375000003 0.3828125 0.1041666671875 0.38046875 0.1 0.375 0.1 0.36953125 0.10555555624999999 0.371875 0.11944444375 0.3703125 0.1888888890625 0.37265625 0.24722222187499998 0.36875 0.259722221875 0.36171875 0.259722221875 0.35703125 0.2541666671875 0.35625 0.26527777812500003 0.36640625 0.2708333328125 0.36875 0.2791666671875 0.375 0.28611111093749997 0.3875 0.28055555625 0.40078125 0.2888888890625 0.4015625 0.28055555625 0.3875 0.26527777812500003
1 0.45390625 0.08333333281250001 0.4453125 0.08055555625000001 0.44140625 0.0916666671875 0.44140625 0.2125 0.43828125 0.22777777812500002 0.42734375 0.22638888906250001 0.42734375 0.23055555625 0.43125 0.2388888890625 0.4375 0.24305555625 0.45234375 0.25 0.46875 0.2513888890625 0.46875 0.24305555625 0.45546875 0.23472222187499997 0.4515625 0.21805555625 0.45234375 0.17916666718750002 0.4546875 0.172222221875 0.45390625 0.08333333281250001
7 0.915625 0.18194444375000002 0.9109375 0.17361111093749998 0.89296875 0.15972222187500001 0.86796875 0.1541666671875 0.85546875 0.15555555625 0.853125 0.15972222187500001 0.84296875 0.15555555625 0.81875 0.15694444375 0.81953125 0.1833333328125 0.83359375 0.20416666718749998 0.84765625 0.215277778125 0.85 0.23194444375 0.85390625 0.240277778125 0.878125 0.25833333281250004 0.8828125 0.27777777812500004 0.8921875 0.28055555625 0.89609375 0.27638888906250003 0.90625 0.27638888906250003 0.9109375 0.2666666671875 0.9140625 0.2486111109375 0.9265625 0.23055555625 0.915625 0.18194444375000002
7 0.98046875 0.30555555624999997 0.97890625 0.34027777812500004 0.99921875 0.34027777812500004 0.99921875 0.2666666671875 0.9953125 0.2611111109375 0.98671875 0.259722221875 0.9828125 0.27638888906250003 0.98046875 0.30555555624999997
7 0.90703125 0.29444444375 0.9203125 0.322222221875 0.925 0.32777777812500003 0.9421875 0.33055555625 0.95 0.3513888890625 0.9578125 0.35555555625 0.96015625 0.352777778125 0.9671875 0.3013888890625 0.96953125 0.24583333281250003 0.94296875 0.23194444375 0.92734375 0.23333333281250002 0.91328125 0.25555555625 0.9078125 0.2888888890625 0.90703125 0.29444444375
7 0.96640625 0.1291666671875 0.975 0.10138888906250001 0.9734375 0.09305555625 0.96640625 0.0888888890625 0.96171875 0.09305555625 0.96171875 0.127777778125 0.96640625 0.1291666671875
7 0.90625 0.10138888906250001 0.90546875 0.11805555625 0.9078125 0.1208333328125 0.92890625 0.1291666671875 0.93125 0.12222222187500001 0.93515625 0.125 0.9515625 0.1166666671875 0.95390625 0.0888888890625 0.95078125 0.08055555625000001 0.92890625 0.07083333281250001 0.90625 0.08194444375 0.90390625 0.097222221875 0.90625 0.10138888906250001
7 0.79140625 0.1111111109375 0.78671875 0.13333333281249998 0.79296875 0.13888888906250002 0.796875 0.097222221875 0.7875 0.09305555625 0.7875 0.1041666671875 0.79140625 0.1111111109375
7 0.84296875 0.06944444375 0.8421875 0.055555556250000006 0.8375 0.047222221875 0.83671875 0.06805555625000001 0.84296875 0.06944444375
7 0.8265625 0.0513888890625 0.8265625 0.04305555625 0.82421875 0.04305555625 0.82421875 0.05694444375 0.8265625 0.0513888890625
7 0.790625 0.0458333328125 0.7703125 0.040277778125000004 0.76875 0.04305555625 0.790625 0.0458333328125
7 0.99296875 0.2208333328125 0.98828125 0.23333333281250002 0.98828125 0.2541666671875 0.99921875 0.25555555625 0.99921875 0.22638888906250001 0.99296875 0.2208333328125
7 0.93046875 0.22777777812500002 0.959375 0.23611111093749998 0.96796875 0.24305555625 0.971875 0.240277778125 0.97421875 0.20555555625 0.96953125 0.197222221875 0.928125 0.16944444375 0.921875 0.16805555625 0.91875 0.172222221875 0.91875 0.190277778125 0.9296875 0.2138888890625 0.93046875 0.22777777812500002
7 0.93125 0.125 0.92578125 0.1263888890625 0.925 0.1291666671875 0.934375 0.13333333281249998 0.9390625 0.140277778125 0.94765625 0.14305555625 0.95625 0.15555555625 0.96953125 0.1611111109375 0.97734375 0.1611111109375 0.97890625 0.15694444375 0.978125 0.147222221875 0.95546875 0.13055555624999998 0.93515625 0.125 0.93203125 0.13194444375 0.9296875 0.13055555624999998 0.93125 0.125
7 0.81640625 0.1888888890625 0.8125 0.19583333281249998 0.81015625 0.2541666671875 0.8171875 0.25555555625 0.8171875 0.2638888890625 0.8203125 0.26944444375 0.83671875 0.26944444375 0.84140625 0.27638888906250003 0.84765625 0.2638888890625 0.8484375 0.23472222187499997 0.84140625 0.222222221875 0.83203125 0.2166666671875 0.8296875 0.1986111109375 0.81953125 0.190277778125 0.8171875 0.1763888890625 0.81640625 0.1888888890625
7 0.7390625 0.222222221875 0.74453125 0.22638888906250001 0.75625 0.222222221875 0.76640625 0.22916666718749998 0.76875 0.19583333281249998 0.77421875 0.1888888890625 0.77421875 0.1833333328125 0.76875 0.15555555625 0.759375 0.15277777812499999 0.7453125 0.1666666671875 0.73671875 0.190277778125 0.73671875 0.2166666671875 0.7390625 0.222222221875
7 0.7859375 0.25694444375000003 0.790625 0.240277778125 0.79296875 0.16944444375 0.7953125 0.15555555625 0.79453125 0.1458333328125 0.790625 0.140277778125 0.7859375 0.13888888906250002 0.7828125 0.147222221875 0.78046875 0.1833333328125 0.77890625 0.24305555625 0.78046875 0.2541666671875 0.7859375 0.25694444375000003
7 0.74140625 0.16805555625 0.73984375 0.165277778125 0.73828125 0.16805555625 0.74140625 0.16805555625
7 0.79140625 0.13333333281249998 0.7921875 0.1291666671875 0.7890625 0.127777778125 0.78828125 0.13194444375 0.79140625 0.13333333281249998
7 0.7953125 0.097222221875 0.79296875 0.0958333328125 0.78828125 0.0958333328125 0.7890625 0.102777778125 0.79296875 0.10694444375 0.7953125 0.097222221875
7 0.7453125 0.1541666671875 0.75546875 0.15555555625 0.7578125 0.15 0.7671875 0.15 0.7703125 0.1291666671875 0.76875 0.08333333281250001 0.7515625 0.072222221875 0.74765625 0.072222221875 0.7453125 0.077777778125 0.74765625 0.0861111109375 0.74375 0.140277778125 0.7453125 0.1541666671875
7 0.690625 0.1111111109375 0.6921875 0.127777778125 0.69921875 0.1416666671875 0.7359375 0.1666666671875 0.7375 0.102777778125 0.74140625 0.072222221875 0.7234375 0.058333332812500006 0.70078125 0.055555556250000006 0.68203125 0.04444444375 0.67734375 0.047222221875 0.6765625 0.055555556250000006 0.6765625 0.1 0.690625 0.1111111109375
7 0.87734375 0.1541666671875 0.88203125 0.15 0.87265625 0.134722221875 0.8578125 0.1291666671875 0.85 0.1208333328125 0.84140625 0.1208333328125 0.83828125 0.1263888890625 0.83984375 0.1513888890625 0.85390625 0.15555555625 0.859375 0.1513888890625 0.87734375 0.1541666671875
7 0.85625 0.07638888906249999 0.85546875 0.08055555625000001 0.875 0.1041666671875 0.89375 0.11388888906250001 0.89609375 0.08055555625000001 0.8703125 0.07083333281250001 0.8609375 0.07083333281250001 0.85625 0.07638888906249999
4 0.15859375 0.3166666671875 0.16015625 0.29305555625 0.1546875 0.2513888890625 0.1515625 0.24444444375000002 0.146875 0.25 0.14765625 0.26527777812500003 0.14140625 0.28472222187499996 0.146875 0.302777778125 0.146875 0.33055555625 0.14453125 0.3416666671875 0.13984375 0.34722222187499996 0.14375 0.3541666671875 0.14921875 0.3541666671875 0.15 0.34305555625 0.15390625 0.3333333328125 0.15625 0.34027777812500004 0.15546875 0.3541666671875 0.1609375 0.3541666671875 0.16328125 0.3513888890625 0.16328125 0.34305555625 0.15859375 0.3166666671875
4 0.34375 0.0916666671875 0.3453125 0.15 0.34921875 0.1513888890625 0.35625 0.14444444375 0.35625 0.11388888906250001 0.353125 0.09444444375 0.34921875 0.0888888890625 0.34375 0.0916666671875
4 0.34375 0.1625 0.3421875 0.2 0.346875 0.20277777812500003 0.34921875 0.20972222187499998 0.3484375 0.24583333281250003 0.35078125 0.24722222187499998 0.36015625 0.240277778125 0.3578125 0.22916666718749998 0.3578125 0.1875 0.36328125 0.18055555625 0.3640625 0.17361111093749998 0.35625 0.1611111109375 0.35546875 0.147222221875 0.3453125 0.15555555625 0.34375 0.1625