2 0.425 0.9765625 0.425 0.98125 0.43194444374999996 0.98671875 0.47083333281249995 0.9859375 0.4763888890625 0.98359375 0.477777778125 0.975 0.46666666718750005 0.9671875 0.4458333328125 0.9703125 0.425 0.9765625
1 0.25555555625 0.64375 0.25555555625 0.63984375 0.269078946875 0.6368009859375 0.2708333328125 0.63359375 0.2791666671875 0.63125 0.28611111093749997 0.625 0.28055555625 0.6125 0.2888888890625 0.59921875 0.28055555625 0.5984375 0.25555555625 0.61484375 0.1041666671875 0.6171875 0.1 0.62421875 0.10555555624999999 0.6296875 0.2486111109375 0.628125 0.25555555625 0.64375
1 0.084722221875 0.54609375 0.08055555625000001 0.5484375 0.08055555625000001 0.55546875 0.084722221875 0.5578125 0.2138888890625 0.55859375 0.22916666718749998 0.5625 0.22638888906250001 0.57265625 0.23055555625 0.57265625 0.2388888890625 0.56875 0.24305555625 0.5625 0.25 0.54765625 0.2513888890625 0.53125 0.2416666671875 0.53203125 0.23472222187499997 0.54453125 0.21805555625 0.5484375 0.17916666718750002 0.54765625 0.172222221875 0.5453125 0.084722221875 0.54609375
7 0.14305555625 0.11953125 0.13055555624999998 0.13359375 0.127777778125 0.14375 0.1208333328125 0.14921875 0.12222222187500001 0.16171875 0.13194444375 0.16328125 0.15 0.1609375 0.15555555625 0.15078125 0.15 0.11796875 0.14305555625 0.11953125
7 0.090277778125 0.10234375 0.08055555625000001 0.10390625 0.07083333281250001 0.12734375 0.07083333281250001 0.1390625 0.07638888906249999 0.14375 0.08055555625000001 0.14453125 0.1041666671875 0.125 0.11388888906250001 0.10625 0.0986111109375 0.10546875 0.090277778125 0.10234375
7 0.17361111093749998 0.0890625 0.15972222187500001 0.10703125 0.1541666671875 0.13046875 0.15555555625 0.14453125 0.15972222187500001 0.14765625 0.1541666671875 0.1578125 0.15555555625 0.1796875 0.1833333328125 0.18046875 0.20416666718749998 0.16640625 0.2166666671875 0.1515625 0.23333333281250002 0.15 0.2416666671875 0.1453125 0.25833333281250004 0.121875 0.27638888906250003 0.11796875 0.2791666671875 0.11484375 0.27638888906250003 0.09375 0.2666666671875 0.0890625 0.2486111109375 0.0859375 0.23055555625 0.0734375 0.18194444375000002 0.084375 0.17361111093749998 0.0890625
7 0.33888888906250003 0.00078125 0.26805555625 0.00078125 0.25833333281250004 0.0078125 0.25833333281250004 0.0125 0.27638888906250003 0.0171875 0.34027777812500004 0.02109375 0.33888888906250003 0.00078125
7 0.2611111109375 0.0875 0.2888888890625 0.0921875 0.3 0.090625 0.32777777812500003 0.075 0.33055555625 0.05625 0.334722221875 0.05234375 0.3513888890625 0.04921875 0.35555555625 0.0421875 0.3416666671875 0.03828125 0.29305555625 0.03203125 0.24583333281250003 0.03046875 0.23194444375 0.0578125 0.23194444375 0.06953125 0.23472222187499997 0.07421875 0.2611111109375 0.0875
7 0.10138888906250001 0.09375 0.11805555625 0.09453125 0.1263888890625 0.0828125 0.127777778125 0.07265625 0.1208333328125 0.06875 0.11944444375 0.05078125 0.10138888906250001 0.04609375 0.08333333281250001 0.04765625 0.072222221875 0.06171875 0.07083333281250001 0.0734375 0.08194444375 0.09375 0.09444444375 0.0984375 0.10138888906250001 0.09375
7 0.25694444375000003 0.00703125 0.25555555625 0.00078125 0.22638888906250001 0.00078125 0.222222221875 0.0078125 0.23472222187499997 0.01171875 0.252777778125 0.0125 0.25694444375000003 0.00703125
7 0.18055555625 0.00625 0.177777778125 0.00546875 0.17361111093749998 0.00625 0.18055555625 0.00625
7 0.20833333281250002 0.07109375 0.22777777812500002 0.06953125 0.23611111093749998 0.040625 0.24305555625 0.03203125 0.240277778125 0.028125 0.20555555625 0.02578125 0.197222221875 0.03046875 0.16944444375 0.07109375 0.16944444375 0.08046875 0.1875 0.08125 0.20416666718749998 0.07578125 0.20833333281250002 0.07109375
7 0.14305555625 0.053125 0.15555555625 0.04140625 0.1611111109375 0.02734375 0.1611111109375 0.021875 0.15694444375 0.0203125 0.1458333328125 0.0234375 0.13055555624999998 0.04375 0.12222222187500001 0.0640625 0.1263888890625 0.07421875 0.1291666671875 0.075 0.14305555625 0.0578125 0.14305555625 0.053125
7 0.17361111093749998 0.1828125 0.1833333328125 0.18359375 0.1875 0.18125 0.19444444375 0.1875 0.25555555625 0.18984375 0.25555555625 0.18359375 0.26527777812500003 0.1828125 0.275 0.1765625 0.26944444375 0.16484375 0.27638888906250003 0.1578125 0.26527777812500003 0.15234375 0.23472222187499997 0.1515625 0.2208333328125 0.1578125 0.2138888890625 0.16796875 0.20694444375 0.1671875 0.19583333281249998 0.17265625 0.190277778125 0.1796875 0.17361111093749998 0.1828125
7 0.22638888906250001 0.25625 0.2208333328125 0.2453125 0.22777777812500002 0.23671875 0.22638888906250001 0.23203125 0.197222221875 0.23125 0.1888888890625 0.22265625 0.1708333328125 0.2296875 0.15694444375 0.23125 0.15277777812499999 0.23828125 0.16388888906250001 0.25390625 0.1861111109375 0.26328125 0.2208333328125 0.2625 0.22638888906250001 0.25625
7 0.24444444375000002 0.22109375 0.2541666671875 0.21953125 0.25694444375000003 0.2140625 0.23472222187499997 0.209375 0.20833333281250002 0.209375 0.19583333281249998 0.20703125 0.147222221875 0.20546875 0.140277778125 0.209375 0.13888888906250002 0.2140625 0.147222221875 0.2171875 0.1861111109375 0.2203125 0.20833333281250002 0.21875 0.24444444375000002 0.22109375
7 0.1291666671875 0.20859375 0.127777778125 0.21015625 0.13055555624999998 0.2109375 0.1291666671875 0.20859375
7 0.097222221875 0.2046875 0.0958333328125 0.20703125 0.0958333328125 0.21171875 0.10833333281249999 0.20703125 0.102777778125 0.2046875 0.097222221875 0.2046875
7 0.08333333281250001 0.23203125 0.072222221875 0.25234375 0.11805555625 0.25546875 0.1541666671875 0.25546875 0.15555555625 0.24453125 0.15 0.23984375 0.15 0.23203125 0.13055555624999998 0.2296875 0.08333333281250001 0.23203125
7 0.09305555625 0.32421875 0.1111111109375 0.3109375 0.140277778125 0.30234375 0.165277778125 0.26953125 0.16388888906250001 0.2640625 0.16805555625 0.26015625 0.15694444375 0.26484375 0.072222221875 0.25859375 0.058333332812500006 0.2765625 0.055555556250000006 0.29765625 0.04444444375 0.31796875 0.047222221875 0.32265625 0.055555556250000006 0.3234375 0.09305555625 0.32421875
4 0.15972222187500001 0.33046875 0.16388888906250001 0.3296875 0.165277778125 0.32421875 0.1513888890625 0.32109375 0.109722221875 0.31875 0.09305555625 0.325 0.097222221875 0.33046875 0.125 0.33125 0.14444444375 0.328125 0.15555555625 0.328125 0.15972222187500001 0.33046875
4 0.15277777812499999 0.65078125 0.1458333328125 0.6453125 0.0916666671875 0.64609375 0.0861111109375 0.64921875 0.0958333328125 0.65625 0.15 0.65703125 0.15277777812499999 0.65078125