2 0.46805555625000006 0.971875 0.46805555625000006 0.96328125 0.459722221875 0.9609375 0.42083333281249996 0.9640625 0.41944444374999995 0.975 0.4625 0.975 0.46805555625000006 0.971875
1 0.15277777812499999 0.6109375 0.140277778125 0.6140625 0.10833333281249999 0.61484375 0.1041666671875 0.6171875 0.1041666671875 0.6265625 0.11388888906250001 0.63125 0.1583333328125 0.62734375 0.2513888890625 0.62734375 0.2611111109375 0.63125 0.259722221875 0.640625 0.2638888890625 0.6421875 0.272222221875 0.63125 0.2888888890625 0.62109375 0.2833333328125 0.61484375 0.2888888890625 0.60546875 0.28055555625 0.60546875 0.2638888890625 0.61328125 0.240277778125 0.61484375 0.1625 0.61484375 0.15277777812499999 0.6109375
1 0.2166666671875 0.5578125 0.22638888906250001 0.56171875 0.22638888906250001 0.56953125 0.23055555625 0.5703125 0.2388888890625 0.5671875 0.2513888890625 0.53984375 0.2388888890625 0.53828125 0.24007936562499999 0.5342633921875 0.22916666718749998 0.5453125 0.215277778125 0.54765625 0.16805555625 0.54375 0.14305555625 0.54609375 0.084722221875 0.5453125 0.08194444375 0.54921875 0.0861111109375 0.55703125 0.2166666671875 0.5578125
6 0.19444444375 0.24765625 0.1875 0.26484375 0.1583333328125 0.26953125 0.15 0.29375 0.15 0.30859375 0.1666666671875 0.3203125 0.165277778125 0.325 0.172222221875 0.334375 0.16805555625 0.3390625 0.17361111093749998 0.34296875 0.21944444375 0.34375 0.2416666671875 0.33671875 0.24305555625 0.325 0.2388888890625 0.3171875 0.24722222187499998 0.3015625 0.275 0.29765625 0.28472222187499996 0.28828125 0.2833333328125 0.27890625 0.2708333328125 0.27109375 0.27777777812500004 0.2625 0.275 0.2375 0.23611111093749998 0.2359375 0.2166666671875 0.23828125 0.19444444375 0.24765625
6 0.184722221875 0.37109375 0.184722221875 0.37890625 0.1763888890625 0.390625 0.15972222187500001 0.40234375 0.1611111109375 0.42421875 0.18055555625 0.43125 0.19583333281249998 0.43359375 0.21944444375 0.4328125 0.2416666671875 0.4234375 0.24444444375000002 0.41484375 0.259722221875 0.4 0.25833333281250004 0.34921875 0.2541666671875 0.34375 0.23194444375 0.34375 0.2236111109375 0.3546875 0.222222221875 0.36328125 0.215277778125 0.3671875 0.20694444375 0.36328125 0.1916666671875 0.36328125 0.184722221875 0.37109375
7 0.1513888890625 0.10703125 0.134722221875 0.1265625 0.1291666671875 0.14375 0.1208333328125 0.15078125 0.12222222187500001 0.1625 0.134722221875 0.1625 0.15277777812499999 0.1546875 0.15 0.134375 0.15555555625 0.1109375 0.1513888890625 0.10703125
7 0.10555555624999999 0.0375 0.1166666671875 0.0375 0.10555555624999999 0.03359375 0.109722221875 0.0359375 0.10555555624999999 0.0375
7 0.12222222187500001 0.07421875 0.11805555625 0.0484375 0.1 0.0453125 0.09444444375 0.03828125 0.09305555625 0.04375 0.08055555625000001 0.04921875 0.072222221875 0.06171875 0.072222221875 0.07578125 0.08333333281250001 0.09296875 0.11944444375 0.09375 0.127777778125 0.0796875 0.12222222187500001 0.07421875
7 0.09305555625 0.10234375 0.08055555625000001 0.10390625 0.07083333281250001 0.13125 0.072222221875 0.1390625 0.077777778125 0.1421875 0.0888888890625 0.1375 0.102777778125 0.125 0.11388888906250001 0.11015625 0.11388888906250001 0.1046875 0.09305555625 0.10234375
7 0.2666666671875 0.06953125 0.23333333281250002 0.06953125 0.2236111109375 0.07421875 0.18055555625 0.084375 0.172222221875 0.090625 0.15555555625 0.1203125 0.15555555625 0.14375 0.16805555625 0.1484375 0.15555555625 0.1625 0.15555555625 0.18046875 0.16805555625 0.18359375 0.21944444375 0.18203125 0.22916666718749998 0.175 0.22777777812500002 0.1671875 0.21805555625 0.16328125 0.21805555625 0.153125 0.23611111093749998 0.14921875 0.2541666671875 0.13046875 0.25833333281250004 0.12109375 0.275 0.11875 0.28055555625 0.11328125 0.28055555625 0.10703125 0.27638888906250003 0.1046875 0.27777777812500004 0.0765625 0.2666666671875 0.06953125
7 0.27777777812500004 0.01015625 0.27777777812500004 0.00078125 0.21944444375 0.00078125 0.21805555625 0.00703125 0.23611111093749998 0.01171875 0.26944444375 0.0125 0.27777777812500004 0.01015625
7 0.197222221875 0.0765625 0.2125 0.075 0.2388888890625 0.06484375 0.2416666671875 0.0359375 0.24722222187499998 0.03125 0.24305555625 0.028125 0.2236111109375 0.025 0.20416666718749998 0.02578125 0.16944444375 0.07109375 0.16805555625 0.078125 0.17361111093749998 0.08125 0.1916666671875 0.08125 0.197222221875 0.0765625
7 0.15972222187500001 0.01953125 0.14305555625 0.0265625 0.13055555624999998 0.04453125 0.12222222187500001 0.0671875 0.1263888890625 0.07421875 0.13055555624999998 0.075 0.14305555625 0.06484375 0.1458333328125 0.04453125 0.1541666671875 0.03515625 0.15972222187500001 0.01953125
7 0.13888888906250002 0.21953125 0.15 0.2140625 0.1513888890625 0.20859375 0.1208333328125 0.20703125 0.1208333328125 0.21328125 0.13055555624999998 0.2140625 0.13888888906250002 0.21953125
7 0.10694444375 0.203125 0.0958333328125 0.203125 0.09305555625 0.209375 0.09305555625 0.21171875 0.10555555624999999 0.20859375 0.1125 0.20859375 0.10694444375 0.203125
7 0.090277778125 0.22890625 0.08055555625000001 0.23359375 0.07638888906249999 0.25078125 0.1583333328125 0.2546875 0.15972222187500001 0.2375 0.15277777812499999 0.23125 0.1416666671875 0.2296875 0.13194444375 0.23125 0.090277778125 0.22890625
7 0.0513888890625 0.3234375 0.090277778125 0.325 0.1 0.32265625 0.10694444375 0.31328125 0.1208333328125 0.30859375 0.1291666671875 0.309375 0.14305555625 0.29375 0.1458333328125 0.28046875 0.15555555625 0.2734375 0.15555555625 0.26328125 0.075 0.2609375 0.06805555625000001 0.2625 0.04444444375 0.31796875 0.0458333328125 0.32265625 0.0513888890625 0.3234375