1 0.5638888890625 0.9296875 0.55694444375 0.93125 0.55 0.90703125 0.46527777812500004 0.88359375 0.4375 0.88203125 0.43333333281249997 0.8828125 0.43055555625 0.88828125 0.434722221875 0.91015625 0.440277778125 0.9140625 0.4513888890625 0.915625 0.46666666718750005 0.92734375 0.46527777812500004 0.93125 0.4388888890625 0.9328125 0.434722221875 0.93671875 0.44305555625000004 0.93984375 0.502777778125 0.9359375 0.5319444437499999 0.94296875 0.5541666671875001 0.93984375 0.5833333328125 0.9421875 0.597222221875 0.9375 0.6283333328125 0.9375 0.63055555625 0.9328125 0.6388888890625 0.9328125 0.6375 0.93828125 0.6416666671875 0.9375 0.6416666671875 0.9328125 0.6541666671875 0.93671875 0.64305555625 0.9328125 0.5638888890625 0.9296875
1 0.33194444375 0.81953125 0.33055555625 0.85859375 0.352777778125 0.86015625 0.3888888890625 0.85546875 0.397222221875 0.8328125 0.40416666718750005 0.82578125 0.427777778125 0.8359375 0.43055555625 0.84921875 0.4361111109375 0.85078125 0.50555555625 0.84375 0.502777778125 0.8203125 0.45416666718750004 0.81015625 0.3763888890625 0.78125 0.35694444375 0.78203125 0.34305555625 0.81015625 0.33194444375 0.81953125
1 0.08333333281250001 0.55078125 0.084722221875 0.5546875 0.0916666671875 0.55703125 0.1513888890625 0.5578125 0.15972222187500001 0.56015625 0.215277778125 0.55859375 0.2236111109375 0.56328125 0.2236111109375 0.56875 0.23194444375 0.56953125 0.24305555625 0.56171875 0.25 0.54765625 0.2513888890625 0.53203125 0.24305555625 0.53125 0.23333333281250002 0.5421875 0.2208333328125 0.5453125 0.09305555625 0.54453125 0.08333333281250001 0.55078125
7 0.15277777812499999 0.11875 0.147222221875 0.1171875 0.15277777812499999 0.11484375 0.1513888890625 0.1125 0.134722221875 0.12734375 0.1291666671875 0.1453125 0.1208333328125 0.1515625 0.1208333328125 0.1578125 0.1263888890625 0.16015625 0.1375 0.16015625 0.15 0.15625 0.15277777812499999 0.11875
7 0.072222221875 0.06171875 0.072222221875 0.0765625 0.077777778125 0.0875 0.0861111109375 0.09375 0.0861111109375 0.1015625 0.0791666671875 0.103125 0.072222221875 0.11875 0.07083333281250001 0.13828125 0.075 0.1421875 0.08055555625000001 0.14375 0.102777778125 0.12890625 0.11388888906250001 0.11171875 0.1166666671875 0.10234375 0.1125 0.10078125 0.11805555625 0.0984375 0.11388888906250001 0.096875 0.1208333328125 0.09296875 0.13055555624999998 0.06953125 0.1263888890625 0.0671875 0.125 0.0578125 0.1166666671875 0.05078125 0.08333333281250001 0.0453125 0.072222221875 0.06171875
7 0.23055555625 0.0703125 0.2208333328125 0.075 0.18194444375000002 0.084375 0.16805555625 0.0953125 0.15555555625 0.11875 0.15555555625 0.14453125 0.16805555625 0.14921875 0.15972222187500001 0.15078125 0.16388888906250001 0.15234375 0.15694444375 0.15859375 0.15694444375 0.16875 0.1583333328125 0.17578125 0.1708333328125 0.184375 0.1875 0.1859375 0.222222221875 0.1796875 0.22638888906250001 0.17578125 0.22638888906250001 0.16640625 0.2138888890625 0.15546875 0.21805555625 0.1515625 0.23611111093749998 0.14921875 0.25833333281250004 0.121875 0.27777777812500004 0.1171875 0.28055555625 0.109375 0.275 0.10390625 0.27638888906250003 0.075 0.26527777812500003 0.0703125 0.23055555625 0.0703125
7 0.5930555562500001 0.9359375 0.602777778125 0.934375 0.6041666671875 0.93671875 0.6263888890625 0.93671875 0.6166666671875001 0.93515625 0.6152777781250001 0.9328125 0.584722221875 0.9328125 0.5930555562500001 0.9359375
7 0.5736111109375 0.9375 0.5708333328124999 0.9390625 0.5736111109375 0.93984375 0.5736111109375 0.9375
7 0.602777778125 0.89140625 0.6166666671875001 0.88203125 0.6208333328125 0.875 0.6208333328125 0.8625 0.6166666671875001 0.8578125 0.5861111109375 0.85859375 0.5319444437499999 0.86875 0.5166666671875 0.86953125 0.5097222218749999 0.87265625 0.46805555625000006 0.8765625 0.4583333328125 0.8828125 0.44305555625000004 0.88125 0.434722221875 0.88359375 0.434722221875 0.9046875 0.44166666718750003 0.9125 0.4625 0.9234375 0.46666666718750005 0.9296875 0.4625 0.9328125 0.447222221875 0.93359375 0.447222221875 0.9375 0.45 0.934375 0.45416666718750004 0.934375 0.45416666718750004 0.9375 0.46805555625000006 0.9375 0.49444444374999996 0.93359375 0.515277778125 0.9375 0.525 0.9421875 0.5611111109375 0.93828125 0.5625 0.9359375 0.5541666671875001 0.92890625 0.547222221875 0.9015625 0.55694444375 0.89375 0.58055555625 0.89453125 0.602777778125 0.89140625
7 0.33055555625 0.9921875 0.3416666671875 0.9984375 0.35694444375 1 0.365277778125 0.99453125 0.3708333328125 0.959375 0.3763888890625 0.95 0.3763888890625 0.94296875 0.36944444375 0.9359375 0.36944444375 0.909375 0.384722221875 0.9 0.3861111109375 0.89140625 0.38055555625 0.8875 0.3638888890625 0.884375 0.33055555625 0.88828125 0.32777777812500003 0.96484375 0.33055555625 0.9921875
7 0.547222221875 0.72734375 0.515277778125 0.7375 0.48194444374999995 0.7375 0.4611111109375 0.73046875 0.45555555625000005 0.7265625 0.4583333328125 0.72421875 0.427777778125 0.721875 0.4263888890625 0.71953125 0.43194444374999996 0.71015625 0.44305555625000004 0.70703125 0.47222222187499996 0.70703125 0.48333333281249996 0.703125 0.51944444375 0.69921875 0.527777778125 0.69609375 0.5541666671875001 0.7 0.58055555625 0.7 0.590277778125 0.69765625 0.5930555562500001 0.6859375 0.5888888890625 0.678125 0.56805555625 0.6671875 0.5541666671875001 0.6515625 0.515277778125 0.6359375 0.5 0.63359375 0.46805555625000006 0.6359375 0.44305555625000004 0.6390625 0.43194444374999996 0.64375 0.41111111093749997 0.6578125 0.39305555625 0.68125 0.35694444375 0.71171875 0.35555555625 0.71796875 0.334722221875 0.725 0.32777777812500003 0.740625 0.3166666671875 0.74453125 0.32777777812500003 0.75234375 0.33194444375 0.76875 0.36944444375 0.778125 0.35555555625 0.78359375 0.34305555625 0.8109375 0.3333333328125 0.81875 0.33055555625 0.85703125 0.35555555625 0.85859375 0.39027777812500003 0.8546875 0.397222221875 0.834375 0.40416666718750005 0.8265625 0.427777778125 0.8359375 0.43194444374999996 0.85 0.522222221875 0.84375 0.5763888890625 0.8359375 0.56805555625 0.8046875 0.56805555625 0.78671875 0.5555555562500001 0.78046875 0.5638888890625 0.75 0.5555555562500001 0.72734375 0.547222221875 0.72734375
7 0.28055555625 0.00078125 0.26944444375 0.0046875 0.25833333281250004 0.003125 0.25694444375000003 0.0125 0.3013888890625 0.01953125 0.3375 0.0203125 0.34305555625 0.0140625 0.3513888890625 0.0109375 0.352777778125 0.00078125 0.28055555625 0.00078125
7 0.102777778125 0.62421875 0.1 0.6171875 0.1041666671875 0.61328125 0.125 0.60859375 0.165277778125 0.60625 0.1708333328125 0.6015625 0.17916666718750002 0.60078125 0.1833333328125 0.59609375 0.1833333328125 0.57890625 0.16805555625 0.56328125 0.137222221875 0.55859375 0.13888888906250002 0.5453125 0.177777778125 0.54375 0.177777778125 0.5375 0.1541666671875 0.52578125 0.13194444375 0.521875 0.075 0.521875 0.055555556250000006 0.525 0.01805555625 0.52578125 0.0083333328125 0.5375 0.006944443749999999 0.5703125 0.019444443750000002 0.60546875 0.025 0.61015625 0.0388888890625 0.61171875 0.0375 0.625 0.055555556250000006 0.6453125 0.052777778124999994 0.65859375 0.05694444375 0.66640625 0.04305555625 0.671875 0.05 0.7125 0.055555556250000006 0.71875 0.075 0.71953125 0.0958333328125 0.72421875 0.16388888906250001 0.725 0.1763888890625 0.71796875 0.172222221875 0.703125 0.1916666671875 0.69765625 0.19444444375 0.6921875 0.19305555624999998 0.67578125 0.16388888906250001 0.66796875 0.16388888906250001 0.6578125 0.16805555625 0.65390625 0.16388888906250001 0.64453125 0.165277778125 0.63359375 0.1541666671875 0.63046875 0.1111111109375 0.63046875 0.102777778125 0.62421875
7 0.24305555625 0.00625 0.240277778125 0.00390625 0.23194444375 0.00390625 0.23061868749999997 0.0091264203125 0.23611111093749998 0.01015625 0.24305555625 0.00625
7 0.1875 0.04921875 0.17361111093749998 0.06484375 0.16805555625 0.08125 0.1861111109375 0.08125 0.19583333281249998 0.0765625 0.2125 0.075 0.22916666718749998 0.06875 0.22916666718749998 0.06328125 0.21944444375 0.0578125 0.2208333328125 0.04921875 0.23055555625 0.03984375 0.240277778125 0.03671875 0.240277778125 0.028125 0.21805555625 0.025 0.20277777812500003 0.0265625 0.19444444375 0.0328125 0.1875 0.04921875
7 0.12222222187500001 0.07265625 0.1291666671875 0.075 0.14305555625 0.06328125 0.1611111109375 0.01953125 0.147222221875 0.021875 0.13194444375 0.03984375 0.1208333328125 0.06484375 0.12222222187500001 0.07265625
7 0.10138888906250001 0.2125 0.109722221875 0.2109375 0.13333333281249998 0.2140625 0.13888888906250002 0.21796875 0.1458333328125 0.209375 0.14444444375 0.20703125 0.1208333328125 0.20859375 0.1 0.20234375 0.09305555625 0.2125 0.097222221875 0.21484375 0.09305555625 0.21796875 0.10138888906250001 0.2125
7 0.0888888890625 0.22890625 0.08194444375 0.23125 0.075 0.24765625 0.07638888906249999 0.25078125 0.0861111109375 0.2515625 0.15555555625 0.2546875 0.15972222187500001 0.2515625 0.15972222187500001 0.2390625 0.15277777812499999 0.23125 0.0888888890625 0.22890625
7 0.10138888906250001 0.32265625 0.10694444375 0.3140625 0.13333333281249998 0.30078125 0.14305555625 0.28984375 0.15555555625 0.2828125 0.15972222187500001 0.271875 0.15972222187500001 0.265625 0.15555555625 0.26328125 0.09305555625 0.26015625 0.06805555625000001 0.2625 0.047222221875 0.31328125 0.047222221875 0.31953125 0.055555556250000006 0.3234375 0.10138888906250001 0.32265625
4 0.1111111109375 0.45859375 0.14861111093749999 0.459375 0.1541666671875 0.4578125 0.15 0.453125 0.15555555625 0.45 0.1541666671875 0.44765625 0.1291666671875 0.44765625 0.1166666671875 0.44375 0.10555555624999999 0.44375 0.084722221875 0.45 0.0861111109375 0.45546875 0.10138888906250001 0.4609375 0.1111111109375 0.45859375
4 0.30555555624999997 0.0515625 0.3166666671875 0.0515625 0.3333333328125 0.04140625 0.3333333328125 0.03828125 0.3 0.0328125 0.2513888890625 0.03046875 0.259722221875 0.03828125 0.30555555624999997 0.0515625
4 0.5916666671875 0.7 0.559722221875 0.7015625 0.5333333328125 0.6984375 0.490277778125 0.703125 0.46527777812500004 0.709375 0.44166666718750003 0.7078125 0.43194444374999996 0.71171875 0.427777778125 0.715625 0.43055555625 0.725 0.447222221875 0.72734375 0.45694444375 0.7234375 0.4611111109375 0.7296875 0.48055555625 0.7359375 0.5138888890625 0.73671875 0.5527777781250001 0.72578125 0.5930555562500001 0.7265625 0.625 0.7234375 0.6388888890625 0.71796875 0.6263888890625 0.7140625 0.602777778125 0.71171875 0.609722221875 0.70859375 0.6416666671875 0.70546875 0.6416666671875 0.7 0.6333333328124999 0.69296875 0.6263888890625 0.6921875 0.6125 0.69765625 0.5916666671875 0.7
4 0.08333333281250001 0.46953125 0.08333333281250001 0.47265625 0.097222221875 0.47734375 0.13888888906250002 0.47890625 0.15277777812499999 0.4765625 0.1541666671875 0.4734375 0.15277777812499999 0.47109375 0.11805555625 0.4671875 0.08333333281250001 0.46953125