2 0.425 0.9765625 0.425 0.98125 0.43194444374999996 0.98671875 0.47222222187499996 0.9859375 0.477777778125 0.98203125 0.477777778125 0.975 0.46666666718750005 0.9671875 0.4458333328125 0.9703125 0.425 0.9765625
1 0.2541666671875 0.64296875 0.25555555625 0.63984375 0.269078946875 0.6368009859375 0.2708333328125 0.63359375 0.28611111093749997 0.62578125 0.28055555625 0.61171875 0.2888888890625 0.59921875 0.28055555625 0.5984375 0.25694444375000003 0.61484375 0.19305555624999998 0.6140625 0.10555555624999999 0.6171875 0.1 0.6203125 0.1041666671875 0.6296875 0.2541666671875 0.628125 0.2541666671875 0.64296875
1 0.2166666671875 0.5484375 0.17916666718750002 0.54765625 0.1708333328125 0.5453125 0.084722221875 0.54609375 0.08055555625000001 0.5484375 0.08055555625000001 0.5546875 0.0875 0.5578125 0.2166666671875 0.55859375 0.22916666718749998 0.56171875 0.22638888906250001 0.5734375 0.23055555625 0.57421875 0.23333333281250002 0.571875 0.22777777812500002 0.5703125 0.22916666718749998 0.56640625 0.2388888890625 0.56875 0.24305555625 0.5625 0.25 0.54765625 0.2513888890625 0.53125 0.2416666671875 0.53203125 0.23472222187499997 0.54453125 0.2166666671875 0.5484375
6 0.1763888890625 0.3953125 0.15972222187500001 0.4015625 0.15972222187500001 0.4234375 0.16944444375 0.4296875 0.1861111109375 0.4328125 0.215277778125 0.43359375 0.22777777812500002 0.43046875 0.23333333281250002 0.425 0.2416666671875 0.4234375 0.25694444375000003 0.4046875 0.25833333281250004 0.3484375 0.25 0.34296875 0.23055555625 0.3453125 0.2236111109375 0.3515625 0.222222221875 0.36328125 0.2166666671875 0.3671875 0.20694444375 0.36328125 0.197222221875 0.36328125 0.1763888890625 0.3953125
6 0.22638888906250001 0.2203125 0.2416666671875 0.21875 0.2736111109375 0.22109375 0.27638888906250003 0.21796875 0.26805555625 0.21328125 0.23611111093749998 0.21171875 0.2236111109375 0.2171875 0.22638888906250001 0.2203125
6 0.18055555625 0.22578125 0.18055555625 0.2171875 0.16944444375 0.21796875 0.16388888906250001 0.225 0.16805555625 0.2296875 0.1763888890625 0.2296875 0.18055555625 0.22578125
6 0.27777777812500004 0.25703125 0.2666666671875 0.25 0.24305555625 0.24921875 0.2416666671875 0.2359375 0.23472222187499997 0.23359375 0.18055555625 0.23046875 0.16805555625 0.23984375 0.11805555625 0.24296875 0.10555555624999999 0.25 0.0958333328125 0.27421875 0.097222221875 0.29375 0.10694444375 0.2984375 0.14305555625 0.3015625 0.15555555625 0.31171875 0.16944444375 0.31640625 0.17916666718750002 0.3125 0.225 0.31171875 0.2388888890625 0.30546875 0.2416666671875 0.29296875 0.2388888890625 0.28828125 0.21805555625 0.2828125 0.21805555625 0.27734375 0.23194444375 0.27109375 0.2666666671875 0.26875 0.27638888906250003 0.2625 0.27777777812500004 0.25703125
7 0.1513888890625 0.140625 0.15277777812499999 0.1203125 0.1458333328125 0.1171875 0.134722221875 0.12734375 0.1291666671875 0.1421875 0.1208333328125 0.14921875 0.12222222187500001 0.16171875 0.140277778125 0.16328125 0.1513888890625 0.16015625 0.15555555625 0.15078125 0.1513888890625 0.140625
7 0.1041666671875 0.125 0.11388888906250001 0.10625 0.08055555625000001 0.10234375 0.07083333281250001 0.12734375 0.0736111109375 0.14296875 0.08055555625000001 0.14375 0.1041666671875 0.125
7 0.16944444375 0.09375 0.1583333328125 0.109375 0.1541666671875 0.13125 0.15555555625 0.14296875 0.1611111109375 0.146875 0.15555555625 0.1625 0.1583333328125 0.18046875 0.18055555625 0.18046875 0.19305555624999998 0.1703125 0.20416666718749998 0.16640625 0.215277778125 0.15234375 0.23472222187499997 0.15 0.240277778125 0.14609375 0.25833333281250004 0.121875 0.275 0.11875 0.2791666671875 0.11484375 0.27638888906250003 0.09296875 0.2486111109375 0.0859375 0.23055555625 0.0734375 0.18194444375000002 0.084375 0.16944444375 0.09375
7 0.33888888906250003 0.00078125 0.26805555625 0.00078125 0.259722221875 0.00625 0.25833333281250004 0.0125 0.27638888906250003 0.0171875 0.34027777812500004 0.02109375 0.33888888906250003 0.00078125
7 0.33055555625 0.059375 0.352777778125 0.04921875 0.35555555625 0.0421875 0.302777778125 0.0328125 0.24583333281250003 0.03046875 0.23194444375 0.05703125 0.23194444375 0.06953125 0.24305555625 0.0796875 0.2611111109375 0.0875 0.2958333328125 0.09296875 0.32777777812500003 0.07578125 0.33055555625 0.059375
7 0.21805555625 0.0078125 0.23333333281250002 0.01171875 0.2541666671875 0.0125 0.25555555625 0.00078125 0.2236111109375 0.00078125 0.21805555625 0.0078125
7 0.22916666718749998 0.06875 0.23055555625 0.05546875 0.24305555625 0.03203125 0.240277778125 0.028125 0.20555555625 0.02578125 0.197222221875 0.03046875 0.16944444375 0.07109375 0.16805555625 0.0796875 0.172222221875 0.08125 0.19305555624999998 0.08046875 0.215277778125 0.07109375 0.22916666718749998 0.06875
7 0.1611111109375 0.0296875 0.15972222187500001 0.02109375 0.15 0.02109375 0.1458333328125 0.0234375 0.13055555624999998 0.04375 0.12222222187500001 0.0640625 0.1263888890625 0.07421875 0.13055555624999998 0.07421875 0.14305555625 0.053125 0.15555555625 0.04375 0.1611111109375 0.0296875
4 0.18055555625 0.38359375 0.1875 0.38046875 0.1875 0.37578125 0.15555555625 0.375 0.147222221875 0.37734375 0.134722221875 0.38359375 0.1361111109375 0.39296875 0.14305555625 0.39375 0.15 0.3890625 0.175 0.39296875 0.18055555625 0.38359375