2 0.534722221875 0.04296875 0.54444444375 0.046875 0.5527777781250001 0.046875 0.565277778125 0.0375 0.5722222218749999 0.0375 0.58194444375 0.0328125 0.58055555625 0.025 0.5625 0.0234375 0.5333333328125 0.0265625 0.5305555562500001 0.03359375 0.534722221875 0.04296875
1 0.890277778125 0.38515625 0.89444444375 0.38359375 0.897222221875 0.375 0.89305555625 0.371875 0.8819444437499999 0.3703125 0.8430555562500001 0.37265625 0.7486111109375 0.37265625 0.7402777781250001 0.36875 0.7402777781250001 0.359375 0.7361111109375 0.3578125 0.7291666671875 0.3671875 0.7111111109375 0.37578125 0.7166666671875 0.3859375 0.709722221875 0.39453125 0.7166666671875 0.3953125 0.7388888890625 0.38671875 0.8125 0.384375 0.8458333328125001 0.38671875 0.890277778125 0.38515625
1 0.9125 0.44296875 0.7833333328125 0.4421875 0.772222221875 0.4375 0.7736111109375 0.43125 0.76944444375 0.4296875 0.7569444437499999 0.43828125 0.7486111109375 0.46796875 0.7583333328124999 0.46796875 0.7666666671875 0.45546875 0.784722221875 0.45234375 0.8291666671875 0.45625 0.8541666671874999 0.45390625 0.9138888890624999 0.4546875 0.9166666671874999 0.44921875 0.9125 0.44296875
6 0.7805555562500001 0.7609375 0.784722221875 0.7640625 0.7916666671875 0.7578125 0.8055555562500001 0.753125 0.809722221875 0.73671875 0.8194444437499999 0.7328125 0.8416666671874999 0.73046875 0.85 0.6921875 0.834722221875 0.68125 0.83194444375 0.66796875 0.8236111109375001 0.665625 0.8236111109375001 0.66328125 0.83194444375 0.6609375 0.8208333328125 0.65625 0.7861111109375 0.65546875 0.7611111109375 0.66171875 0.7569444437499999 0.66640625 0.7583333328124999 0.68671875 0.752777778125 0.69765625 0.727777778125 0.70234375 0.7180555562500001 0.7078125 0.715277778125 0.71953125 0.727777778125 0.72890625 0.7208333328125 0.73828125 0.722222221875 0.759375 0.727777778125 0.76328125 0.7638888890625 0.7640625 0.7805555562500001 0.7609375
6 0.840277778125 0.59765625 0.8388888890624999 0.57578125 0.8194444437499999 0.56875 0.8041666671875 0.56640625 0.7763888890625 0.56875 0.75555555625 0.58125 0.752777778125 0.58828125 0.74444444375 0.59453125 0.7402777781250001 0.60546875 0.7416666671875001 0.65 0.7486111109375 0.65703125 0.76944444375 0.65546875 0.7805555562500001 0.634375 0.797222221875 0.6375 0.809722221875 0.63671875 0.8236111109375001 0.6078125 0.840277778125 0.59765625
7 0.86944444375 0.86640625 0.8791666671874999 0.85 0.8791666671874999 0.83828125 0.8652777781250001 0.8375 0.8486111109375001 0.84375 0.8458333328125001 0.89296875 0.852777778125 0.88984375 0.8541666671874999 0.8796875 0.86944444375 0.86640625
7 0.9069444437499999 0.96796875 0.9083333328125001 0.9625 0.8819444437499999 0.96171875 0.8819444437499999 0.965625 0.8986111109375001 0.97265625 0.9069444437499999 0.96796875
7 0.8847222218749999 0.95234375 0.902777778125 0.95546875 0.9138888890624999 0.9546875 0.922222221875 0.946875 0.9277777781250001 0.93828125 0.9277777781250001 0.9234375 0.91944444375 0.909375 0.9138888890624999 0.90625 0.8791666671874999 0.90703125 0.8708333328125001 0.93046875 0.8847222218749999 0.95234375
7 0.9166666671874999 0.89765625 0.922222221875 0.89375 0.9291666671875 0.8703125 0.9291666671875 0.8625 0.922222221875 0.85703125 0.91944444375 0.85625 0.897222221875 0.875 0.8861111109375001 0.8890625 0.8861111109375001 0.89453125 0.9166666671874999 0.89765625
7 0.7236111109375 0.89609375 0.7208333328125 0.92265625 0.73194444375 0.93046875 0.7666666671875 0.93046875 0.7736111109375 0.9265625 0.8166666671874999 0.91640625 0.83055555625 0.90625 0.8444444437499999 0.88515625 0.8444444437499999 0.85703125 0.8361111109375001 0.8515625 0.8444444437499999 0.8390625 0.8444444437499999 0.81875 0.83194444375 0.81640625 0.8055555562500001 0.815625 0.7791666671875 0.81875 0.7708333328125 0.82421875 0.76944444375 0.83125 0.7736111109375 0.83515625 0.7819444437499999 0.83671875 0.7805555562500001 0.846875 0.7638888890625 0.85078125 0.747222221875 0.86796875 0.7416666671875001 0.87890625 0.725 0.88125 0.7194444437499999 0.88671875 0.7194444437499999 0.89375 0.7236111109375 0.89609375
7 0.722222221875 0.99453125 0.727777778125 0.99921875 0.7763888890625 0.99921875 0.784722221875 0.99375 0.7805555562500001 0.9890625 0.734722221875 0.9875 0.722222221875 0.99453125
7 0.7916666671875 0.92890625 0.76944444375 0.93046875 0.7611111109375 0.93515625 0.7611111109375 0.95546875 0.752777778125 0.96875 0.7569444437499999 0.97265625 0.7833333328125 0.9765625 0.8 0.97265625 0.83055555625 0.928125 0.83194444375 0.92265625 0.8263888890625 0.91875 0.8111111109375001 0.91875 0.7916666671875 0.92890625
7 0.875 0.92734375 0.8708333328125001 0.92578125 0.85 0.95078125 0.8388888890624999 0.98046875 0.85 0.9796875 0.85694444375 0.975 0.877777778125 0.9359375 0.875 0.92734375
7 0.89305555625 0.7890625 0.8888888890625 0.7859375 0.8708333328125001 0.78515625 0.8611111109375 0.77734375 0.8583333328125 0.78359375 0.8458333328125001 0.7859375 0.8458333328125001 0.790625 0.847222221875 0.79296875 0.8680555562500001 0.7953125 0.88055555625 0.79296875 0.8861111109375001 0.796875 0.9041666671874999 0.7984375 0.9069444437499999 0.7875 0.89305555625 0.7890625
7 0.8625 0.77265625 0.8666666671875 0.7703125 0.9083333328125001 0.7703125 0.922222221875 0.76171875 0.925 0.75 0.8416666671874999 0.7453125 0.840277778125 0.76484375 0.8444444437499999 0.76875 0.8541666671874999 0.76875 0.8625 0.77265625
7 0.9083333328125001 0.675 0.8958333328125001 0.68046875 0.89305555625 0.68671875 0.88055555625 0.69140625 0.8708333328125001 0.690625 0.8444444437499999 0.72578125 0.8444444437499999 0.7359375 0.9305555562500001 0.7390625 0.940277778125 0.72421875 0.9458333328125 0.69921875 0.95555555625 0.68203125 0.9541666671875 0.67890625 0.9444444437499999 0.6765625 0.9083333328125001 0.675