2 0.98671875 0.56805555625 0.9859375 0.5291666671875 0.98125 0.522222221875 0.975 0.522222221875 0.9671875 0.5333333328125 0.9703125 0.5555555562500001 0.97734375 0.575 0.98671875 0.56805555625
1 0.6125 0.734722221875 0.61484375 0.7430555562500001 0.6171875 0.8958333328125001 0.61953125 0.9 0.625 0.9 0.63046875 0.89444444375 0.628125 0.88055555625 0.6296875 0.8111111109375001 0.62734375 0.752777778125 0.63125 0.7402777781250001 0.63828125 0.7402777781250001 0.64296875 0.7458333328125 0.64375 0.734722221875 0.63359375 0.7291666671875 0.63125 0.7208333328125 0.625 0.7138888890625 0.6125 0.7194444437499999 0.59921875 0.7111111109375 0.5984375 0.7194444437499999 0.6125 0.734722221875
1 0.54609375 0.9166666671874999 0.5546875 0.91944444375 0.55859375 0.9083333328125001 0.55859375 0.7875 0.56171875 0.772222221875 0.57265625 0.7736111109375 0.57265625 0.76944444375 0.56875 0.7611111109375 0.5625 0.7569444437499999 0.54765625 0.75 0.53125 0.7486111109375 0.53125 0.7569444437499999 0.54453125 0.765277778125 0.5484375 0.7819444437499999 0.54765625 0.8208333328125 0.5453125 0.827777778125 0.54609375 0.9166666671874999
7 0.084375 0.81805555625 0.0890625 0.8263888890625 0.10703125 0.840277778125 0.13203125 0.8458333328125001 0.14453125 0.8444444437499999 0.146875 0.840277778125 0.15703125 0.8444444437499999 0.18125 0.8430555562500001 0.18046875 0.8166666671874999 0.16640625 0.7958333328125 0.15234375 0.784722221875 0.15 0.76805555625 0.14609375 0.7597222218749999 0.121875 0.7416666671875001 0.1171875 0.722222221875 0.1078125 0.7194444437499999 0.10390625 0.7236111109375 0.09375 0.7236111109375 0.0890625 0.7333333328125 0.0859375 0.7513888890625 0.0734375 0.76944444375 0.084375 0.81805555625
7 0.01953125 0.6944444437499999 0.02109375 0.659722221875 0.00078125 0.659722221875 0.00078125 0.7333333328125 0.0046875 0.7388888890625 0.01328125 0.7402777781250001 0.0171875 0.7236111109375 0.01953125 0.6944444437499999
7 0.09296875 0.70555555625 0.0796875 0.6777777781250001 0.075 0.672222221875 0.0578125 0.66944444375 0.05 0.6486111109375 0.0421875 0.64444444375 0.03984375 0.647222221875 0.0328125 0.6986111109375 0.03046875 0.7541666671875 0.05703125 0.76805555625 0.07265625 0.7666666671875 0.08671875 0.74444444375 0.0921875 0.7111111109375 0.09296875 0.70555555625
7 0.03359375 0.8708333328125001 0.025 0.8986111109375001 0.0265625 0.9069444437499999 0.03359375 0.9111111109375001 0.03828125 0.9069444437499999 0.03828125 0.872222221875 0.03359375 0.8708333328125001
7 0.09375 0.8986111109375001 0.09453125 0.8819444437499999 0.0921875 0.8791666671874999 0.07109375 0.8708333328125001 0.06875 0.877777778125 0.06484375 0.875 0.0484375 0.8833333328125 0.04609375 0.9111111109375001 0.04921875 0.91944444375 0.07109375 0.9291666671875 0.09375 0.91805555625 0.09609375 0.902777778125 0.09375 0.8986111109375001
7 0.20859375 0.8888888890625 0.21328125 0.8666666671875 0.20703125 0.8611111109375 0.203125 0.902777778125 0.2125 0.9069444437499999 0.2125 0.8958333328125001 0.20859375 0.8888888890625
7 0.15703125 0.9305555562500001 0.1578125 0.9444444437499999 0.1625 0.952777778125 0.16328125 0.93194444375 0.15703125 0.9305555562500001
7 0.1734375 0.9486111109375001 0.1734375 0.95694444375 0.17578125 0.95694444375 0.17578125 0.94305555625 0.1734375 0.9486111109375001
7 0.209375 0.9541666671875 0.2296875 0.959722221875 0.23125 0.95694444375 0.209375 0.9541666671875
7 0.00703125 0.7791666671875 0.01171875 0.7666666671875 0.01171875 0.7458333328125 0.00078125 0.74444444375 0.00078125 0.7736111109375 0.00703125 0.7791666671875
7 0.06953125 0.772222221875 0.040625 0.7638888890625 0.03203125 0.7569444437499999 0.028125 0.7597222218749999 0.02578125 0.79444444375 0.03046875 0.8027777781250001 0.071875 0.83055555625 0.078125 0.83194444375 0.08125 0.827777778125 0.08125 0.809722221875 0.0703125 0.7861111109375 0.06953125 0.772222221875
7 0.06875 0.875 0.07421875 0.8736111109375001 0.075 0.8708333328125001 0.065625 0.8666666671875 0.0609375 0.859722221875 0.05234375 0.85694444375 0.04375 0.8444444437499999 0.03046875 0.8388888890624999 0.02265625 0.8388888890624999 0.02109375 0.8430555562500001 0.021875 0.852777778125 0.04453125 0.86944444375 0.06484375 0.875 0.06796875 0.8680555562500001 0.0703125 0.86944444375 0.06875 0.875
7 0.18359375 0.8111111109375001 0.1875 0.8041666671875 0.18984375 0.7458333328125 0.1828125 0.74444444375 0.1828125 0.7361111109375 0.1796875 0.73055555625 0.16328125 0.73055555625 0.15859375 0.7236111109375 0.15234375 0.7361111109375 0.1515625 0.765277778125 0.15859375 0.777777778125 0.16796875 0.7833333328125 0.1703125 0.8013888890624999 0.18046875 0.809722221875 0.1828125 0.8236111109375001 0.18359375 0.8111111109375001
7 0.2609375 0.777777778125 0.25546875 0.7736111109375 0.24375 0.777777778125 0.23359375 0.7708333328125 0.23125 0.8041666671875 0.22578125 0.8111111109375001 0.22578125 0.8166666671874999 0.23125 0.8444444437499999 0.240625 0.847222221875 0.2546875 0.8333333328125001 0.26328125 0.809722221875 0.26328125 0.7833333328125 0.2609375 0.777777778125
7 0.2140625 0.7430555562500001 0.209375 0.7597222218749999 0.20703125 0.83055555625 0.2046875 0.8444444437499999 0.20546875 0.8541666671874999 0.209375 0.859722221875 0.2140625 0.8611111109375 0.2171875 0.852777778125 0.21953125 0.8166666671874999 0.22109375 0.7569444437499999 0.21953125 0.7458333328125 0.2140625 0.7430555562500001
7 0.25859375 0.83194444375 0.26015625 0.834722221875 0.26171875 0.83194444375 0.25859375 0.83194444375
7 0.20859375 0.8666666671875 0.2078125 0.8708333328125001 0.2109375 0.872222221875 0.21171875 0.8680555562500001 0.20859375 0.8666666671875
7 0.2046875 0.902777778125 0.20703125 0.9041666671874999 0.21171875 0.9041666671874999 0.2109375 0.897222221875 0.20703125 0.89305555625 0.2046875 0.902777778125
7 0.2546875 0.8458333328125001 0.24453125 0.8444444437499999 0.2421875 0.85 0.2328125 0.85 0.2296875 0.8708333328125001 0.23125 0.9166666671874999 0.2484375 0.9277777781250001 0.25234375 0.9277777781250001 0.2546875 0.922222221875 0.25234375 0.9138888890624999 0.25625 0.859722221875 0.2546875 0.8458333328125001
7 0.309375 0.8888888890625 0.3078125 0.872222221875 0.30078125 0.8583333328125 0.2640625 0.8333333328125001 0.2625 0.897222221875 0.25859375 0.9277777781250001 0.2765625 0.9416666671874999 0.29921875 0.9444444437499999 0.31796875 0.95555555625 0.32265625 0.952777778125 0.3234375 0.9444444437499999 0.3234375 0.9 0.309375 0.8888888890625
7 0.12265625 0.8458333328125001 0.11796875 0.85 0.12734375 0.8652777781250001 0.1421875 0.8708333328125001 0.15 0.8791666671874999 0.15859375 0.8791666671874999 0.16171875 0.8736111109375001 0.16015625 0.8486111109375001 0.14609375 0.8444444437499999 0.140625 0.8486111109375001 0.12265625 0.8458333328125001
7 0.14375 0.9236111109375 0.14453125 0.91944444375 0.125 0.8958333328125001 0.10625 0.8861111109375001 0.10390625 0.91944444375 0.1296875 0.9291666671875 0.1390625 0.9291666671875 0.14375 0.9236111109375
4 0.84140625 0.6833333328125 0.83984375 0.70694444375 0.8453125 0.7486111109375 0.8484375 0.75555555625 0.853125 0.75 0.85234375 0.734722221875 0.85859375 0.715277778125 0.853125 0.6972222218749999 0.853125 0.66944444375 0.85546875 0.6583333328125 0.86015625 0.652777778125 0.85625 0.6458333328125 0.85078125 0.6458333328125 0.85 0.6569444437499999 0.84609375 0.6666666671875 0.84375 0.659722221875 0.84453125 0.6458333328125 0.8390625 0.6458333328125 0.83671875 0.6486111109375 0.83671875 0.6569444437499999 0.84140625 0.6833333328125
4 0.65625 0.9083333328125001 0.6546875 0.85 0.65078125 0.8486111109375001 0.64375 0.85555555625 0.64375 0.8861111109375001 0.646875 0.9055555562500001 0.65078125 0.9111111109375001 0.65625 0.9083333328125001
4 0.65625 0.8375 0.6578125 0.8 0.653125 0.797222221875 0.65078125 0.790277778125 0.6515625 0.7541666671875 0.64921875 0.752777778125 0.63984375 0.7597222218749999 0.6421875 0.7708333328125 0.6421875 0.8125 0.63671875 0.8194444437499999 0.6359375 0.8263888890625 0.64375 0.8388888890624999 0.64453125 0.852777778125 0.6546875 0.8444444437499999 0.65625 0.8375