0 0 0.9930555562500001 0.10234375 0.9638888890624999 0.12109375 0.95555555625 0.1296875 0.9416666671874999 0.15546875 0.9680555562500001 0.1796875 0.9680555562500001 0.1875 0.9638888890624999 0.1984375 0.9472222218749999 0.20546875 0.9138888890624999 0.2171875 0.9041666671874999 0.23046875 0.8833333328125 0.234375 0.8625 0.23125 0.8208333328125 0.22734375 0.8138888890624999 0.22890625 0.790277778125 0.215625 0.722222221875 0.2 0.6944444437499999 0.1859375 0.68194444375 0.1015625 0.6791666671875001 0.09765625 0.6666666671875 0.10546875 0.659722221875 0.10546875 0.6555555562500001 0.1015625 0.659722221875 0.10078125 0.647222221875 0.0921875 0.659722221875 0.084375 0.6541666671875 0.04921875 0.5861111109375 0.05234375 0.6 0.0625 0.6180555562500001 0.065625 0.6569444437499999 0 0.6625 0 0.9930555562500001
2 0.02421875 0.42222222187499997 0.025 0.4625 0.028125 0.46805555625000006 0.03671875 0.46805555625000006 0.04140625 0.4583333328125 0.03671875 0.42222222187499997 0.03359375 0.41805555625 0.02578125 0.41805555625 0.02421875 0.42222222187499997
1 0.39453125 0.2888888890625 0.39375 0.27777777812500004 0.38671875 0.2625 0.38515625 0.2416666671875 0.38515625 0.109722221875 0.37890625 0.102777778125 0.36875 0.10694444375 0.37265625 0.1583333328125 0.37265625 0.25 0.36875 0.259722221875 0.359375 0.259722221875 0.3578125 0.2638888890625 0.37890625 0.2888888890625 0.38515625 0.2833333328125 0.39453125 0.2888888890625
1 0.46640625 0.240277778125 0.4671875 0.2513888890625 0.46875 0.24305555625 0.45390625 0.2142361109375 0.45390625 0.18055555625 0.45625 0.16944444375 0.45390625 0.14861111093749999 0.4546875 0.08333333281250001 0.44296875 0.0861111109375 0.4421875 0.2166666671875 0.4375 0.22638888906250001 0.43046875 0.22638888906250001 0.4296875 0.23055555625 0.4328125 0.2388888890625 0.46015625 0.2513888890625 0.46171875 0.2388888890625 0.46640625 0.240277778125
6 0.7265625 0.275 0.7625 0.275 0.7640625 0.23611111093749998 0.76171875 0.21805555625 0.7578125 0.2125 0.75546875 0.197222221875 0.73515625 0.1875 0.73046875 0.1583333328125 0.70625 0.15 0.69140625 0.15 0.68125 0.165277778125 0.6609375 0.16805555625 0.65625 0.17361111093749998 0.65625 0.21805555625 0.66328125 0.240277778125 0.6828125 0.2388888890625 0.69765625 0.24583333281250003 0.70234375 0.275 0.71171875 0.28472222187499996 0.72109375 0.2833333328125 0.7265625 0.275
6 0.6546875 0.22916666718749998 0.6359375 0.222222221875 0.6328125 0.2166666671875 0.63671875 0.20694444375 0.6359375 0.190277778125 0.60625 0.17361111093749998 0.5984375 0.15972222187500001 0.57578125 0.1611111109375 0.56875 0.18055555625 0.56640625 0.197222221875 0.5671875 0.21944444375 0.57890625 0.24305555625 0.58671875 0.24583333281250003 0.5984375 0.259722221875 0.65078125 0.25833333281250004 0.65703125 0.2513888890625 0.6546875 0.22916666718749998
7 0.84921875 0.1208333328125 0.83984375 0.125 0.8390625 0.1375 0.84375 0.1513888890625 0.89296875 0.1541666671875 0.89140625 0.147222221875 0.8796875 0.14305555625 0.86796875 0.13055555624999998 0.8515625 0.125 0.84921875 0.1208333328125
7 0.96640625 0.11388888906250001 0.96953125 0.1041666671875 0.9671875 0.09305555625 0.9625 0.0888888890625 0.9625 0.1166666671875 0.96640625 0.11388888906250001
7 0.9125 0.077777778125 0.90703125 0.090277778125 0.90625 0.11944444375 0.9171875 0.1263888890625 0.95 0.11944444375 0.95234375 0.1166666671875 0.95546875 0.0958333328125 0.953125 0.08194444375 0.93515625 0.07083333281250001 0.9125 0.077777778125
7 0.85703125 0.077777778125 0.85625 0.08055555625000001 0.875 0.102777778125 0.8890625 0.11388888906250001 0.8953125 0.11388888906250001 0.896875 0.08055555625000001 0.8703125 0.07083333281250001 0.8625 0.07083333281250001 0.85703125 0.077777778125
7 0.85078125 0.23611111093749998 0.878125 0.25833333281250004 0.88125 0.275 0.88671875 0.28055555625 0.8953125 0.27638888906250003 0.925 0.27777777812500004 0.93046875 0.2666666671875 0.93046875 0.23333333281250002 0.9265625 0.22638888906250001 0.915625 0.18055555625 0.909375 0.172222221875 0.8796875 0.15555555625 0.85625 0.15555555625 0.85234375 0.1611111109375 0.84140625 0.15555555625 0.81953125 0.15555555625 0.8171875 0.1625 0.815625 0.19444444375 0.81875 0.222222221875 0.821875 0.22638888906250001 0.83125 0.22916666718749998 0.83515625 0.22638888906250001 0.8375 0.21805555625 0.846875 0.21805555625 0.85078125 0.23611111093749998
7 0.99375 0.2791666671875 0.99921875 0.2708333328125 0.99921875 0.21944444375 0.99296875 0.21805555625 0.98828125 0.2375 0.9875 0.26805555625 0.99375 0.2791666671875
7 0.96015625 0.23611111093749998 0.9703125 0.24444444375000002 0.975 0.2236111109375 0.975 0.20555555625 0.96953125 0.197222221875 0.92890625 0.16944444375 0.921875 0.16805555625 0.91875 0.17361111093749998 0.91875 0.1916666671875 0.92265625 0.19583333281249998 0.925 0.2138888890625 0.9328125 0.23611111093749998 0.9375 0.240277778125 0.94921875 0.23611111093749998 0.95625 0.240277778125 0.96015625 0.23611111093749998
7 0.92578125 0.12361111093749999 0.9265625 0.13194444375 0.9375 0.14305555625 0.95546875 0.14444444375 0.96484375 0.1541666671875 0.98046875 0.15972222187500001 0.97578125 0.14305555625 0.946875 0.1263888890625 0.92578125 0.12361111093749999
7 0.784375 0.13194444375 0.7796875 0.13888888906250002 0.78359375 0.1416666671875 0.7859375 0.15 0.7921875 0.1513888890625 0.79296875 0.1208333328125 0.7859375 0.11944444375 0.784375 0.13194444375
7 0.7953125 0.10833333281249999 0.79765625 0.097222221875 0.7921875 0.09305555625 0.78828125 0.09305555625 0.7890625 0.1041666671875 0.7953125 0.10833333281249999
7 0.74921875 0.07638888906249999 0.74765625 0.127777778125 0.7453125 0.134722221875 0.74453125 0.15 0.74765625 0.15972222187500001 0.76171875 0.15972222187500001 0.76875 0.1513888890625 0.77109375 0.102777778125 0.76875 0.08333333281250001 0.75390625 0.075 0.74921875 0.07638888906249999
7 0.72421875 0.059722221875 0.68203125 0.04444444375 0.67734375 0.0458333328125 0.6765625 0.0513888890625 0.675 0.090277778125 0.6765625 0.097222221875 0.6859375 0.109722221875 0.68828125 0.1291666671875 0.7265625 0.15555555625 0.73671875 0.15555555625 0.73828125 0.06944444375 0.72421875 0.059722221875