2 0.5541666671875001 0.0296875 0.5736111109375 0.02421875 0.5722222218749999 0.015625 0.5666666671875 0.0125 0.5291666671875 0.0140625 0.5236111109375 0.01640625 0.522222221875 0.025 0.5333333328125 0.0328125 0.5541666671875001 0.0296875
1 0.827777778125 0.38515625 0.897222221875 0.38203125 0.897222221875 0.37265625 0.8847222218749999 0.3703125 0.7458333328125 0.371875 0.7458333328125 0.35703125 0.7402777781250001 0.36171875 0.73194444375 0.36171875 0.734722221875 0.35625 0.7291666671875 0.36640625 0.7208333328125 0.36875 0.7138888890625 0.375 0.7194444437499999 0.3875 0.7111111109375 0.40078125 0.7194444437499999 0.4015625 0.74444444375 0.38515625 0.8125 0.3828125 0.827777778125 0.38515625
1 0.9166666671874999 0.45390625 0.91944444375 0.44453125 0.9138888890624999 0.4421875 0.7833333328125 0.44140625 0.772222221875 0.4390625 0.7736111109375 0.42734375 0.76944444375 0.42734375 0.7611111109375 0.43125 0.7569444437499999 0.4375 0.75 0.45234375 0.7486111109375 0.46875 0.7569444437499999 0.46875 0.765277778125 0.45546875 0.7833333328125 0.4515625 0.8208333328125 0.45234375 0.8291666671875 0.4546875 0.9166666671874999 0.45390625
7 0.8444444437499999 0.884375 0.8458333328125001 0.86171875 0.840277778125 0.853125 0.8444444437499999 0.81953125 0.815277778125 0.8203125 0.7875 0.84140625 0.784722221875 0.8484375 0.7638888890625 0.85078125 0.7416666671875001 0.878125 0.725 0.88125 0.7208333328125 0.8859375 0.7236111109375 0.90625 0.7333333328125 0.9109375 0.7513888890625 0.9140625 0.76944444375 0.92734375 0.8166666671874999 0.91640625 0.83194444375 0.9046875 0.8444444437499999 0.884375
7 0.6944444437499999 0.98046875 0.659722221875 0.97890625 0.659722221875 0.99921875 0.7333333328125 0.99921875 0.7388888890625 0.9953125 0.7388888890625 0.98671875 0.7236111109375 0.9828125 0.6944444437499999 0.98046875
7 0.70555555625 0.90703125 0.6777777781250001 0.9203125 0.672222221875 0.925 0.66944444375 0.94375 0.665277778125 0.94765625 0.647222221875 0.9515625 0.6458333328125 0.959375 0.715277778125 0.96875 0.7541666671875 0.96953125 0.76805555625 0.9421875 0.76805555625 0.93046875 0.75555555625 0.91875 0.7388888890625 0.9125 0.70555555625 0.90703125
7 0.8833333328125 0.96796875 0.8888888890625 0.96328125 0.8847222218749999 0.96484375 0.8819444437499999 0.9625 0.8736111109375001 0.96640625 0.8833333328125 0.96796875
7 0.89444444375 0.9734375 0.9041666671874999 0.9734375 0.9041666671874999 0.9703125 0.902777778125 0.96875 0.89444444375 0.9734375
7 0.909722221875 0.90546875 0.9055555562500001 0.9015625 0.8986111109375001 0.90625 0.8819444437499999 0.90546875 0.872222221875 0.91953125 0.872222221875 0.92734375 0.8791666671874999 0.93203125 0.88055555625 0.94921875 0.897222221875 0.95390625 0.9166666671874999 0.95234375 0.9277777781250001 0.93828125 0.9277777781250001 0.921875 0.9166666671874999 0.90625 0.909722221875 0.90546875
7 0.74444444375 0.99921875 0.7736111109375 0.99921875 0.7819444437499999 0.9953125 0.7805555562500001 0.99140625 0.765277778125 0.98828125 0.747222221875 0.9875 0.74444444375 0.99921875
7 0.7638888890625 0.95859375 0.7569444437499999 0.9671875 0.7597222218749999 0.971875 0.79444444375 0.97421875 0.8027777781250001 0.96953125 0.83055555625 0.92890625 0.83055555625 0.91953125 0.8111111109375001 0.91875 0.7861111109375 0.9296875 0.772222221875 0.93046875 0.7638888890625 0.95859375
7 0.85694444375 0.94765625 0.8458333328125001 0.95625 0.8361111109375001 0.975 0.8416666671874999 0.9796875 0.852777778125 0.978125 0.8611111109375 0.96328125 0.8666666671875 0.96015625 0.877777778125 0.93515625 0.8736111109375001 0.92578125 0.8708333328125001 0.925 0.859722221875 0.93828125 0.85694444375 0.94765625
7 0.8055555562500001 0.8125 0.7458333328125 0.81015625 0.747222221875 0.8171875 0.7361111109375 0.81796875 0.7291666671875 0.8234375 0.73055555625 0.8375 0.7236111109375 0.84140625 0.7361111109375 0.84765625 0.765277778125 0.8484375 0.784722221875 0.83125 0.797222221875 0.83125 0.8111111109375001 0.81875 0.8263888890625 0.8171875 0.809722221875 0.815625 0.8055555562500001 0.8125
7 0.777777778125 0.7390625 0.7736111109375 0.74921875 0.7791666671875 0.7546875 0.772222221875 0.76328125 0.7736111109375 0.7671875 0.8041666671875 0.76875 0.8111111109375001 0.77421875 0.8444444437499999 0.7671875 0.847222221875 0.76015625 0.840277778125 0.75 0.815277778125 0.7375 0.79444444375 0.7359375 0.777777778125 0.7390625
7 0.852777778125 0.79453125 0.8583333328125 0.7921875 0.8611111109375 0.7859375 0.852777778125 0.7828125 0.8222222218749999 0.78046875 0.7486111109375 0.7796875 0.7430555562500001 0.7859375 0.7597222218749999 0.790625 0.8 0.79296875 0.852777778125 0.79453125
7 0.83194444375 0.74140625 0.834722221875 0.7390625 0.83194444375 0.7375 0.83194444375 0.74140625
7 0.890277778125 0.79296875 0.902777778125 0.7953125 0.9055555562500001 0.7890625 0.897222221875 0.78828125 0.890277778125 0.79296875
7 0.8430555562500001 0.75234375 0.85 0.76015625 0.85 0.76796875 0.8819444437499999 0.77109375 0.9166666671874999 0.76875 0.9277777781250001 0.7515625 0.9263888890624999 0.7453125 0.9138888890624999 0.74765625 0.8819444437499999 0.74453125 0.8444444437499999 0.74453125 0.8430555562500001 0.75234375
7 0.9541666671875 0.67890625 0.9416666671874999 0.6765625 0.9013888890624999 0.6765625 0.8847222218749999 0.6921875 0.8652777781250001 0.6953125 0.85694444375 0.7 0.85694444375 0.70390625 0.8458333328125001 0.71328125 0.8333333328125001 0.73671875 0.8430555562500001 0.73515625 0.8958333328125001 0.7375 0.9277777781250001 0.7421875 0.9416666671874999 0.7234375 0.9444444437499999 0.70078125 0.95555555625 0.6828125 0.9541666671875 0.67890625
7 0.8444444437499999 0.85234375 0.8486111109375001 0.85703125 0.8458333328125001 0.87578125 0.85 0.8828125 0.85555555625 0.88203125 0.86944444375 0.86640625 0.8708333328125001 0.8578125 0.8791666671874999 0.85 0.877777778125 0.8390625 0.8666666671875 0.8375 0.8486111109375001 0.83984375 0.8444444437499999 0.85234375
7 0.8958333328125001 0.87578125 0.8861111109375001 0.89375 0.91944444375 0.89609375 0.9291666671875 0.87265625 0.9263888890624999 0.85703125 0.91944444375 0.85625 0.8958333328125001 0.87578125
4 0.9 0.00546875 0.9 0.0015625 0.815277778125 0 0.809722221875 0.003125 0.7708333328125 0.00390625 0.76805555625 0.00625 0.7430555562500001 0.0078125 0.7583333328124999 0.0171875 0.7763888890625 0.01640625 0.7805555562500001 0.0140625 0.7861111109375 0.01875 0.8361111109375001 0.01875 0.8708333328125001 0.0125 0.8791666671874999 0.0078125 0.89444444375 0.0078125 0.9 0.00546875
4 0.8861111109375001 0.284375 0.8861111109375001 0.28125 0.877777778125 0.278125 0.8541666671874999 0.275 0.85 0.27890625 0.8263888890625 0.28046875 0.8263888890625 0.28671875 0.8791666671874999 0.28671875 0.8861111109375001 0.284375