7 0.084375 0.81805555625 0.0890625 0.8263888890625 0.11640625 0.8444444437499999 0.14453125 0.8444444437499999 0.146875 0.840277778125 0.16640625 0.8444444437499999 0.1828125 0.8388888890624999 0.184375 0.8013888890624999 0.1796875 0.777777778125 0.16875 0.7763888890625 0.1625 0.7819444437499999 0.1546875 0.7819444437499999 0.14921875 0.7638888890625 0.121875 0.7416666671875001 0.11875 0.725 0.1140625 0.7194444437499999 0.1046875 0.7236111109375 0.07734375 0.7236111109375 0.0703125 0.734722221875 0.06953125 0.7666666671875 0.084375 0.81805555625
7 0.12734375 0.8652777781250001 0.15625 0.877777778125 0.15625 0.85694444375 0.1515625 0.85 0.115625 0.8486111109375001 0.12734375 0.8652777781250001
7 0.03203125 0.9069444437499999 0.03828125 0.9083333328125001 0.03984375 0.8875 0.0359375 0.8819444437499999 0.028125 0.8958333328125001 0.03203125 0.9069444437499999
7 0.12578125 0.9277777781250001 0.1359375 0.9277777781250001 0.1421875 0.922222221875 0.1421875 0.91805555625 0.12890625 0.9 0.11171875 0.8861111109375001 0.1015625 0.8847222218749999 0.103125 0.91944444375 0.12578125 0.9277777781250001
7 0.04609375 0.915277778125 0.059375 0.9277777781250001 0.078125 0.9277777781250001 0.090625 0.91944444375 0.09296875 0.9125 0.09453125 0.88055555625 0.0796875 0.8708333328125001 0.0546875 0.875 0.04609375 0.9 0.04609375 0.915277778125
7 0.0328125 0.6944444437499999 0.03125 0.7541666671875 0.0375 0.752777778125 0.04296875 0.7416666671875001 0.04375 0.734722221875 0.0484375 0.727777778125 0.05078125 0.7125 0.0515625 0.68194444375 0.05078125 0.6777777781250001 0.04609375 0.6763888890625 0.0328125 0.6944444437499999
7 0.00859375 0.6486111109375 0.00078125 0.647222221875 0.00078125 0.7763888890625 0.00625 0.7763888890625 0.0125 0.7638888890625 0.01328125 0.7416666671875001 0.021875 0.69305555625 0.0234375 0.66944444375 0.02109375 0.6625 0.00859375 0.6486111109375
7 0.9328125 0.4138888890625 0.93359375 0.40833333281249995 0.9328125 0.384722221875 0.9328125 0.4138888890625
7 0.8921875 0.3986111109375 0.88359375 0.39027777812500003 0.88125 0.38333333281250004 0.87421875 0.3791666671875 0.85859375 0.38333333281250004 0.85703125 0.40416666718750005 0.86953125 0.46944444374999994 0.86953125 0.48333333281249996 0.8734375 0.4916666671875 0.87578125 0.5236111109375 0.88203125 0.5416666671875 0.88125 0.5722222218749999 0.90859375 0.5708333328124999 0.92578125 0.5375 0.92890625 0.5375 0.9359375 0.5486111109375 0.9375 0.5458333328125 0.93359375 0.54305555625 0.93359375 0.5388888890625 0.9375 0.5375 0.934375 0.5 0.9421875 0.475 0.94140625 0.45 0.9375 0.4388888890625 0.934375 0.4375 0.93203125 0.44305555625000004 0.92578125 0.4458333328125 0.89921875 0.4486111109375 0.89375 0.44305555625000004 0.89453125 0.41944444374999995 0.8921875 0.3986111109375
7 0.83125 0.427777778125 0.83046875 0.43194444374999996 0.8328125 0.46388888906250003 0.8328125 0.5388888890625 0.825 0.5527777781250001 0.8203125 0.5527777781250001 0.81171875 0.5416666671875 0.8109375 0.527777778125 0.80234375 0.5069444437499999 0.8 0.44166666718750003 0.79453125 0.43194444374999996 0.7875 0.43333333281249997 0.78046875 0.4458333328125 0.75625 0.44166666718750003 0.7515625 0.4375 0.7203125 0.44305555625000004 0.70703125 0.41111111093749997 0.70078125 0.40694444374999994 0.68203125 0.40694444374999994 0.66875 0.42222222187499997 0.6625 0.44444444375 0.65625 0.44444444375 0.6515625 0.45 0.63984375 0.47361111093749997 0.63515625 0.50555555625 0.6359375 0.5305555562500001 0.63828125 0.5527777781250001 0.64609375 0.5722222218749999 0.6578125 0.5888888890625 0.69296875 0.6208333328125 0.709375 0.64444444375 0.7171875 0.647222221875 0.72578125 0.6666666671875 0.73984375 0.672222221875 0.7453125 0.6861111109375 0.75390625 0.672222221875 0.76796875 0.66944444375 0.77421875 0.6541666671875 0.7765625 0.6361111109375 0.78046875 0.6416666671875 0.78203125 0.6569444437499999 0.80390625 0.665277778125 0.8140625 0.6777777781250001 0.8609375 0.6861111109375 0.86015625 0.6513888890625 0.85703125 0.64305555625 0.85546875 0.625 0.83359375 0.6152777781250001 0.83046875 0.60694444375 0.834375 0.584722221875 0.84296875 0.5791666671875 0.85 0.5861111109375 0.8515625 0.5722222218749999 0.85 0.5416666671875 0.84375 0.502777778125 0.84375 0.48472222187499997 0.8359375 0.43055555625 0.83125 0.427777778125
7 1 0.6708333328125 0.99375 0.6625 0.9625 0.6569444437499999 0.953125 0.6513888890625 0.93984375 0.6555555562500001 0.9046875 0.6513888890625 0.89375 0.6347222218749999 0.88671875 0.6375 0.88671875 0.66805555625 0.88984375 0.6916666671875 0.96171875 0.7041666671875 0.97109375 0.7 0.996875 0.7041666671875 1 0.702777778125 1 0.6708333328125
7 0.6203125 0.965277778125 0.62421875 0.965277778125 0.64453125 0.9458333328125 0.66640625 0.9458333328125 0.67109375 0.95694444375 0.7125 0.95 0.71796875 0.9444444437499999 0.72109375 0.9111111109375001 0.725 0.8958333328125001 0.725 0.840277778125 0.71875 0.8291666671875 0.71796875 0.8222222218749999 0.70234375 0.8263888890625 0.696875 0.8083333328125001 0.6890625 0.8055555562500001 0.67578125 0.80694444375 0.675 0.8208333328125 0.66796875 0.834722221875 0.63359375 0.83055555625 0.63046875 0.8583333328125 0.63125 0.8888888890625 0.61953125 0.9 0.6203125 0.965277778125
7 0.53359375 0.8333333328125001 0.5296875 0.8444444437499999 0.53125 0.8666666671875 0.52421875 0.8708333328125001 0.5234375 0.8847222218749999 0.5234375 0.9333333328125001 0.5265625 0.9666666671874999 0.5328125 0.9902777781250001 0.55234375 0.99444444375 0.575 0.9930555562500001 0.58359375 0.9861111109375 0.6046875 0.98055555625 0.61015625 0.975 0.61171875 0.9666666671874999 0.61015625 0.9305555562500001 0.61328125 0.9013888890624999 0.61171875 0.8833333328125 0.60625 0.8680555562500001 0.60625 0.8444444437499999 0.6 0.83055555625 0.6 0.8194444437499999 0.58359375 0.815277778125 0.57109375 0.8222222218749999 0.56015625 0.8458333328125001 0.55859375 0.86180555625 0.54453125 0.8611111109375 0.54140625 0.8263888890625 0.53359375 0.8333333328125001
7 0.0328125 0.8055555562500001 0.04296875 0.8083333328125001 0.071875 0.83055555625 0.0796875 0.83194444375 0.08203125 0.827777778125 0.08203125 0.8125 0.07578125 0.7986111109375 0.06875 0.76944444375 0.06171875 0.765277778125 0.0578125 0.7666666671875 0.053125 0.7763888890625 0.04765625 0.7763888890625 0.0390625 0.76805555625 0.0375 0.7583333328124999 0.03125 0.7597222218749999 0.028125 0.765277778125 0.025 0.79305555625 0.0328125 0.8055555562500001
7 0.0328125 0.8444444437499999 0.0265625 0.834722221875 0.02109375 0.8388888890624999 0.0234375 0.85694444375 0.03984375 0.8680555562500001 0.05859375 0.875 0.07421875 0.8736111109375001 0.075 0.86944444375 0.06796875 0.859722221875 0.0546875 0.85 0.0328125 0.8444444437499999
7 0.2125 0.8736111109375001 0.21875 0.8611111109375 0.21484375 0.8583333328125 0.2125 0.85 0.20859375 0.85 0.20703125 0.8819444437499999 0.20234375 0.9 0.20703125 0.9055555562500001 0.21484375 0.9055555562500001 0.2078125 0.8888888890625 0.2125 0.8847222218749999 0.2125 0.8736111109375001
7 0.2296875 0.9055555562500001 0.22734375 0.9138888890624999 0.23203125 0.91944444375 0.25 0.925 0.2546875 0.86944444375 0.25390625 0.840277778125 0.24375 0.8388888890624999 0.23203125 0.8458333328125001 0.2296875 0.859722221875 0.2296875 0.9055555562500001
7 0.3234375 0.94305555625 0.32265625 0.8986111109375001 0.31328125 0.89305555625 0.3046875 0.8708333328125001 0.2984375 0.8611111109375 0.28828125 0.8541666671874999 0.28359375 0.8444444437499999 0.2734375 0.840277778125 0.265625 0.840277778125 0.26328125 0.8444444437499999 0.2609375 0.9305555562500001 0.27734375 0.940277778125 0.3140625 0.952777778125 0.31953125 0.952777778125 0.3234375 0.94305555625
4 0.80234375 0.46805555625000006 0.8046875 0.502777778125 0.80703125 0.515277778125 0.8125 0.5236111109375 0.81484375 0.54444444375 0.81953125 0.5486111109375 0.83046875 0.54444444375 0.83125 0.5208333328125 0.82734375 0.515277778125 0.83125 0.48194444374999995 0.83046875 0.45694444375 0.8125 0.38333333281250004 0.8109375 0.3611111109375 0.81328125 0.34722222187499996 0.8015625 0.34722222187499996 0.7953125 0.352777778125 0.7953125 0.35694444375 0.79765625 0.3638888890625 0.79609375 0.39305555625 0.80390625 0.4361111109375 0.80234375 0.46805555625000006