2 0.02421875 0.42222222187499997 0.025 0.4583333328125 0.03046875 0.46805555625000006 0.03671875 0.46805555625000006 0.0390625 0.46388888906250003 0.03671875 0.425 0.0328125 0.41805555625 0.02578125 0.41805555625 0.02421875 0.42222222187499997
1 0.38671875 0.2833333328125 0.39375 0.290277778125 0.39453125 0.28055555625 0.38671875 0.26527777812500003 0.38515625 0.23472222187499997 0.3859375 0.1111111109375 0.38046875 0.1041666671875 0.3734375 0.1041666671875 0.36953125 0.115277778125 0.37265625 0.1583333328125 0.37265625 0.25 0.36875 0.259722221875 0.36015625 0.259722221875 0.359375 0.26527777812500003 0.36875 0.272222221875 0.37734375 0.2888888890625 0.38671875 0.2833333328125
1 0.46875 0.24305555625 0.45625 0.23472222187499997 0.45234375 0.2166666671875 0.45390625 0.177777778125 0.45625 0.16944444375 0.45390625 0.14861111093749999 0.4546875 0.084722221875 0.44296875 0.0861111109375 0.4421875 0.2166666671875 0.43828125 0.22638888906250001 0.43046875 0.22638888906250001 0.4296875 0.23055555625 0.4328125 0.2388888890625 0.4390625 0.24305555625 0.46796875 0.2513888890625 0.46875 0.24305555625
6 0.71171875 0.28472222187499996 0.72109375 0.2833333328125 0.72890625 0.2708333328125 0.7375 0.27777777812500004 0.76171875 0.27638888906250003 0.7640625 0.26527777812500003 0.76171875 0.21805555625 0.75234375 0.19444444375 0.73515625 0.1875 0.73046875 0.1583333328125 0.70546875 0.15 0.69140625 0.15 0.68046875 0.165277778125 0.66953125 0.16805555625 0.665625 0.1763888890625 0.66171875 0.1708333328125 0.65703125 0.1763888890625 0.65625 0.2166666671875 0.659375 0.2208333328125 0.6640625 0.2416666671875 0.675 0.24305555625 0.6828125 0.2388888890625 0.6984375 0.24722222187499998 0.70234375 0.275 0.71171875 0.28472222187499996
6 0.6546875 0.22916666718749998 0.63515625 0.2208333328125 0.63671875 0.1916666671875 0.60546875 0.17361111093749998 0.5984375 0.15972222187500001 0.57578125 0.1611111109375 0.56875 0.18055555625 0.56640625 0.20555555625 0.56953125 0.22916666718749998 0.57265625 0.23055555625 0.5765625 0.2416666671875 0.5953125 0.25694444375000003 0.653125 0.25833333281250004 0.65703125 0.2513888890625 0.6546875 0.22916666718749998
7 0.8390625 0.12222222187500001 0.8375 0.13055555624999998 0.84375 0.1513888890625 0.89296875 0.1541666671875 0.88984375 0.147222221875 0.87421875 0.134722221875 0.85546875 0.1291666671875 0.8484375 0.1208333328125 0.8390625 0.12222222187500001
7 0.96171875 0.10555555624999999 0.96328125 0.0958333328125 0.9703125 0.102777778125 0.9625 0.11805555625 0.96875 0.1111111109375 0.971875 0.1 0.9625 0.090277778125 0.96171875 0.10555555624999999
7 0.93828125 0.072222221875 0.9234375 0.072222221875 0.9078125 0.08194444375 0.90625 0.11944444375 0.91796875 0.127777778125 0.92421875 0.127777778125 0.9265625 0.12222222187500001 0.95 0.11944444375 0.9546875 0.097222221875 0.95234375 0.08194444375 0.93828125 0.072222221875
7 0.8609375 0.072222221875 0.85703125 0.08055555625000001 0.8625 0.0888888890625 0.8890625 0.11388888906250001 0.8953125 0.11388888906250001 0.89765625 0.09444444375 0.89609375 0.08055555625000001 0.87578125 0.072222221875 0.8609375 0.072222221875
7 0.85078125 0.23611111093749998 0.878125 0.25833333281250004 0.88125 0.275 0.8859375 0.28055555625 0.89296875 0.28055555625 0.89609375 0.27638888906250003 0.925 0.27777777812500004 0.93046875 0.26805555625 0.93046875 0.23333333281250002 0.92578125 0.2236111109375 0.91640625 0.1833333328125 0.909375 0.172222221875 0.88046875 0.15555555625 0.85625 0.15555555625 0.85234375 0.1611111109375 0.8421875 0.15555555625 0.81953125 0.15555555625 0.8171875 0.1625 0.8140625 0.1833333328125 0.81796875 0.20138888906250002 0.81875 0.222222221875 0.82421875 0.22916666718749998 0.83125 0.22916666718749998 0.8375 0.21805555625 0.846875 0.21805555625 0.85078125 0.23611111093749998
7 0.99296875 0.2791666671875 0.99921875 0.27777777812500004 0.99921875 0.21805555625 0.9921875 0.21805555625 0.98828125 0.23333333281250002 0.9875 0.26944444375 0.99296875 0.2791666671875
7 0.975 0.2236111109375 0.975 0.20555555625 0.97265625 0.20138888906250002 0.928125 0.16944444375 0.92265625 0.16805555625 0.91875 0.175 0.91875 0.190277778125 0.9234375 0.197222221875 0.925 0.2125 0.93515625 0.2388888890625 0.96171875 0.240277778125 0.96875 0.24722222187499998 0.971875 0.24305555625 0.975 0.2236111109375
7 0.94609375 0.1263888890625 0.92734375 0.125 0.925 0.1291666671875 0.93671875 0.14305555625 0.95390625 0.14444444375 0.96484375 0.1541666671875 0.98046875 0.15972222187500001 0.97890625 0.147222221875 0.97578125 0.14305555625 0.94609375 0.1263888890625
7 0.78984375 0.11805555625 0.7859375 0.1208333328125 0.78515625 0.13194444375 0.78125 0.134722221875 0.78125 0.140277778125 0.78515625 0.14444444375 0.7859375 0.1513888890625 0.79296875 0.1513888890625 0.79296875 0.12222222187500001 0.78984375 0.11805555625
7 0.79609375 0.10833333281249999 0.79765625 0.097222221875 0.78828125 0.09305555625 0.7890625 0.1041666671875 0.79296875 0.1111111109375 0.79609375 0.10833333281249999
7 0.76640625 0.1583333328125 0.7703125 0.140277778125 0.76953125 0.0861111109375 0.76640625 0.08055555625000001 0.74921875 0.07638888906249999 0.7453125 0.1583333328125 0.76640625 0.1583333328125
7 0.72578125 0.15555555625 0.7359375 0.15555555625 0.73828125 0.06805555625000001 0.68203125 0.04444444375 0.67734375 0.0458333328125 0.6765625 0.055555556250000006 0.675 0.09305555625 0.67890625 0.10138888906250001 0.68671875 0.10694444375 0.690625 0.11944444375 0.6890625 0.1291666671875 0.70546875 0.14305555625 0.71953125 0.147222221875 0.72578125 0.15555555625