2 0.97578125 0.5736111109375 0.98125 0.575 0.98671875 0.56805555625 0.9859375 0.5291666671875 0.98359375 0.5236111109375 0.975 0.522222221875 0.9671875 0.5333333328125 0.96953125 0.5513888890625 0.97578125 0.5736111109375
1 0.6203125 0.9 0.6296875 0.89444444375 0.628125 0.7736111109375 0.64375 0.74444444375 0.63984375 0.74444444375 0.63828125 0.73194444375 0.64375 0.734722221875 0.63359375 0.7291666671875 0.62578125 0.7138888890625 0.61171875 0.7194444437499999 0.59921875 0.7111111109375 0.5984375 0.7194444437499999 0.61171875 0.7333333328125 0.61484375 0.7430555562500001 0.6171875 0.89444444375 0.6203125 0.9
1 0.54765625 0.8208333328125 0.5453125 0.8291666671875 0.54609375 0.9166666671874999 0.5578125 0.9166666671874999 0.55859375 0.7861111109375 0.56171875 0.7736111109375 0.57265625 0.7736111109375 0.57265625 0.76944444375 0.56796875 0.772222221875 0.56875 0.7625 0.5625 0.7569444437499999 0.54765625 0.75 0.53125 0.7486111109375 0.53046875 0.7541666671875 0.5328125 0.7583333328124999 0.54453125 0.765277778125 0.5484375 0.7833333328125 0.54765625 0.8208333328125
7 0.0953125 0.83194444375 0.115625 0.8444444437499999 0.13828125 0.8458333328125001 0.146875 0.840277778125 0.15703125 0.8444444437499999 0.1796875 0.8444444437499999 0.18046875 0.8166666671874999 0.15859375 0.7875 0.15234375 0.784722221875 0.15 0.7666666671875 0.1453125 0.7583333328124999 0.121875 0.7416666671875001 0.11875 0.725 0.11484375 0.7208333328125 0.09375 0.7236111109375 0.0890625 0.7333333328125 0.0859375 0.7513888890625 0.0734375 0.76944444375 0.084375 0.81805555625 0.0953125 0.83194444375
7 0.01953125 0.6944444437499999 0.02109375 0.659722221875 0.00078125 0.6611111109375 0.00078125 0.7333333328125 0.00625 0.7402777781250001 0.01328125 0.7402777781250001 0.0171875 0.7236111109375 0.01953125 0.6944444437499999
7 0.0890625 0.6972222218749999 0.0765625 0.6736111109375 0.05703125 0.66944444375 0.05 0.6486111109375 0.0421875 0.64444444375 0.0328125 0.7 0.03046875 0.7541666671875 0.0578125 0.76805555625 0.06953125 0.76805555625 0.0796875 0.7569444437499999 0.0875 0.7388888890625 0.0921875 0.7111111109375 0.0890625 0.6972222218749999
7 0.09375 0.8986111109375001 0.09453125 0.8819444437499999 0.0796875 0.872222221875 0.0734375 0.872222221875 0.06875 0.8791666671874999 0.05078125 0.88055555625 0.04609375 0.897222221875 0.04765625 0.9166666671874999 0.06171875 0.9277777781250001 0.07734375 0.9277777781250001 0.09375 0.91805555625 0.0984375 0.9055555562500001 0.09375 0.8986111109375001
7 0.20859375 0.8833333328125 0.203125 0.902777778125 0.21171875 0.9055555562500001 0.2125 0.8958333328125001 0.20859375 0.8916666671875 0.2125 0.8666666671875 0.20703125 0.8625 0.20625 0.88055555625 0.20859375 0.8833333328125
7 0.1578125 0.9305555562500001 0.1578125 0.9444444437499999 0.1625 0.95 0.16328125 0.9333333328125001 0.1578125 0.9305555562500001
7 0.1734375 0.95 0.175 0.95694444375 0.17578125 0.94305555625 0.1734375 0.95
7 0.2140625 0.95694444375 0.23125 0.9583333328125001 0.20703125 0.95 0.209375 0.95555555625 0.2109375 0.952777778125 0.2140625 0.95694444375
7 0.1546875 0.7430555562500001 0.1578125 0.7430555562500001 0.15859375 0.73194444375 0.15546875 0.73194444375 0.1578125 0.7375 0.1546875 0.7430555562500001
7 0.18125 0.7486111109375 0.17734375 0.7569444437499999 0.1765625 0.7666666671875 0.17265625 0.7597222218749999 0.17421875 0.765277778125 0.16796875 0.76805555625 0.1703125 0.7986111109375 0.1796875 0.8083333328125001 0.18203125 0.81805555625 0.18359375 0.8083333328125001 0.1875 0.8041666671875 0.1890625 0.7458333328125 0.18125 0.7486111109375
7 0.25234375 0.7736111109375 0.2484375 0.777777778125 0.2328125 0.7736111109375 0.23125 0.8041666671875 0.22578125 0.8125 0.23125 0.8430555562500001 0.23828125 0.847222221875 0.2515625 0.8388888890624999 0.2625 0.8138888890624999 0.2640625 0.79305555625 0.2609375 0.777777778125 0.25234375 0.7736111109375
7 0.2140625 0.8611111109375 0.2171875 0.8541666671874999 0.21953125 0.825 0.2203125 0.75 0.21875 0.74444444375 0.2140625 0.7430555562500001 0.20703125 0.7986111109375 0.20625 0.85694444375 0.2140625 0.8611111109375
7 0.00546875 0.777777778125 0.01015625 0.7736111109375 0.01171875 0.7458333328125 0.00078125 0.74444444375 0.00078125 0.772222221875 0.00546875 0.777777778125
7 0.00625 0.815277778125 0.00078125 0.8194444437499999 0.00546875 0.827777778125 0.0078125 0.827777778125 0.00625 0.815277778125
7 0.040625 0.7638888890625 0.03203125 0.7569444437499999 0.028125 0.7611111109375 0.02578125 0.79305555625 0.03046875 0.8027777781250001 0.07109375 0.83055555625 0.08046875 0.83055555625 0.08125 0.8111111109375001 0.07109375 0.7875 0.06953125 0.772222221875 0.040625 0.7638888890625
7 0.06171875 0.859722221875 0.05234375 0.85694444375 0.04296875 0.8444444437499999 0.025 0.8361111109375001 0.02109375 0.8388888890624999 0.0203125 0.8486111109375001 0.0234375 0.8541666671874999 0.0359375 0.8611111109375 0.040625 0.8680555562500001 0.0640625 0.877777778125 0.07421875 0.8736111109375001 0.075 0.8708333328125001 0.06171875 0.859722221875
7 0.23125 0.85 0.2296875 0.8986111109375001 0.23203125 0.9166666671874999 0.2515625 0.9277777781250001 0.25390625 0.9236111109375 0.25234375 0.9111111109375001 0.2546875 0.897222221875 0.2546875 0.8458333328125001 0.2453125 0.8444444437499999 0.2390625 0.85 0.23125 0.85
7 0.26015625 0.9277777781250001 0.27734375 0.9416666671874999 0.29921875 0.9444444437499999 0.31796875 0.95555555625 0.32265625 0.952777778125 0.3234375 0.9444444437499999 0.32265625 0.897222221875 0.31328125 0.89444444375 0.30859375 0.8861111109375001 0.30703125 0.872222221875 0.30078125 0.85694444375 0.2875 0.8458333328125001 0.27265625 0.840277778125 0.26953125 0.834722221875 0.25859375 0.83194444375 0.26484375 0.8388888890624999 0.2625 0.85694444375 0.2625 0.8958333328125001 0.25859375 0.925 0.26015625 0.9277777781250001
7 0.1421875 0.8486111109375001 0.11875 0.8486111109375001 0.1203125 0.85694444375 0.13359375 0.86944444375 0.1421875 0.8708333328125001 0.14921875 0.8791666671874999 0.1609375 0.877777778125 0.16328125 0.8680555562500001 0.15859375 0.8486111109375001 0.15078125 0.8444444437499999 0.1421875 0.8486111109375001
7 0.12421875 0.8958333328125001 0.10625 0.8861111109375001 0.10390625 0.91944444375 0.12734375 0.9291666671875 0.14296875 0.9263888890624999 0.14375 0.91944444375 0.12421875 0.8958333328125001
4 0.94453125 0.8652777781250001 0.95234375 0.8444444437499999 0.95 0.8361111109375001 0.93828125 0.83055555625 0.9375 0.80694444375 0.9296875 0.80694444375 0.92578125 0.815277778125 0.92890625 0.825 0.93046875 0.8652777781250001 0.9375 0.88055555625 0.93984375 0.952777778125 0.94296875 0.95694444375 0.9484375 0.9541666671875 0.94453125 0.8652777781250001
4 0.325 0.9069444437499999 0.3359375 0.9111111109375001 0.3421875 0.877777778125 0.34375 0.8486111109375001 0.33515625 0.8458333328125001 0.3328125 0.8486111109375001 0.33125 0.877777778125 0.325 0.89444444375 0.325 0.9069444437499999
4 0.6640625 0.9013888890624999 0.66171875 0.85 0.6546875 0.8458333328125001 0.65234375 0.86944444375 0.65390625 0.877777778125 0.65078125 0.8986111109375001 0.6578125 0.9111111109375001 0.6640625 0.9013888890624999