2 0.425 0.9765625 0.425 0.98125 0.43194444374999996 0.98671875 0.47083333281249995 0.9859375 0.477777778125 0.98203125 0.477777778125 0.975 0.46666666718750005 0.9671875 0.44444444375 0.9703125 0.425 0.9765625
1 0.15555555625 0.615625 0.1375 0.61796875 0.10555555624999999 0.61796875 0.10138888906250001 0.615625 0.1 0.6234375 0.10555555624999999 0.63046875 0.1208333328125 0.628125 0.23611111093749998 0.628125 0.25555555625 0.6296875 0.259722221875 0.6421875 0.2666666671875 0.64296875 0.2708333328125 0.6328125 0.2888888890625 0.625 0.2888888890625 0.61953125 0.28055555625 0.615625 0.2888888890625 0.59921875 0.28055555625 0.5984375 0.26805555625 0.60859375 0.2513888890625 0.615625 0.15555555625 0.615625
6 0.2125 0.21484375 0.2125 0.21796875 0.23055555625 0.2203125 0.2416666671875 0.21875 0.2736111109375 0.22109375 0.27638888906250003 0.21796875 0.2638888890625 0.2125 0.23333333281250002 0.21171875 0.2125 0.21484375
6 0.19444444375 0.21796875 0.190277778125 0.21640625 0.19444444375 0.21484375 0.18194444375000002 0.21796875 0.1833333328125 0.2140625 0.17916666718750002 0.2171875 0.16805555625 0.21875 0.177777778125 0.21953125 0.18055555625 0.2234375 0.18055555625 0.21875 0.19444444375 0.21796875
6 0.27777777812500004 0.25625 0.2666666671875 0.25 0.24444444375000002 0.24921875 0.240277778125 0.2453125 0.2416666671875 0.2359375 0.23194444375 0.23359375 0.18055555625 0.23125 0.1666666671875 0.23984375 0.11944444375 0.2421875 0.10555555624999999 0.25 0.0958333328125 0.271875 0.097222221875 0.29375 0.10555555624999999 0.2984375 0.1416666671875 0.30078125 0.15555555625 0.31171875 0.16944444375 0.31640625 0.17916666718750002 0.3125 0.22777777812500002 0.3109375 0.2388888890625 0.30546875 0.2416666671875 0.29296875 0.2388888890625 0.28828125 0.21805555625 0.2828125 0.21805555625 0.27734375 0.23333333281250002 0.27109375 0.2666666671875 0.26875 0.27638888906250003 0.2625 0.27777777812500004 0.25625
7 0.325 0.02109375 0.34305555625 0.0203125 0.33888888906250003 0.00078125 0.26805555625 0.00078125 0.259722221875 0.00703125 0.259722221875 0.01328125 0.27638888906250003 0.0171875 0.325 0.02109375
7 0.2625 0.0875 0.2958333328125 0.09296875 0.3083333328125 0.084375 0.32083333281250004 0.08046875 0.32777777812500003 0.07578125 0.33055555625 0.05703125 0.3513888890625 0.05 0.35555555625 0.04609375 0.3541666671875 0.040625 0.302777778125 0.0328125 0.24583333281250003 0.03046875 0.23194444375 0.0578125 0.23194444375 0.06953125 0.24305555625 0.08046875 0.2625 0.0875
7 0.21805555625 0.075 0.18194444375000002 0.084375 0.17361111093749998 0.0890625 0.15972222187500001 0.10703125 0.1541666671875 0.1375 0.15972222187500001 0.146875 0.15555555625 0.15703125 0.15555555625 0.18046875 0.1611111109375 0.1828125 0.18055555625 0.1828125 0.19583333281249998 0.16953125 0.215277778125 0.15859375 0.215277778125 0.1515625 0.22916666718749998 0.15 0.2416666671875 0.1453125 0.25833333281250004 0.121875 0.275 0.11875 0.2791666671875 0.11484375 0.27777777812500004 0.09375 0.2486111109375 0.0859375 0.240277778125 0.078125 0.23055555625 0.07421875 0.21805555625 0.075
7 0.222222221875 0.00546875 0.22638888906250001 0.01015625 0.2541666671875 0.01171875 0.25555555625 0.00078125 0.22777777812500002 0.00078125 0.222222221875 0.00546875
7 0.18055555625 0.00234375 0.17361111093749998 0.00625 0.18194444375000002 0.00625 0.18055555625 0.00234375
7 0.20416666718749998 0.07578125 0.20972222187499998 0.0703125 0.22916666718749998 0.06796875 0.23055555625 0.05546875 0.24305555625 0.03203125 0.2388888890625 0.028125 0.20694444375 0.02578125 0.197222221875 0.03046875 0.16944444375 0.071875 0.16805555625 0.0796875 0.172222221875 0.08125 0.190277778125 0.08125 0.20416666718749998 0.07578125
7 0.15 0.02109375 0.14305555625 0.0265625 0.1263888890625 0.05234375 0.12222222187500001 0.06484375 0.125 0.07265625 0.13055555624999998 0.07421875 0.14305555625 0.05390625 0.15277777812499999 0.04765625 0.16388888906250001 0.02109375 0.15 0.02109375
7 0.15555555625 0.14609375 0.1513888890625 0.13984375 0.15277777812499999 0.12109375 0.14861111093749999 0.11875 0.14305555625 0.11875 0.13055555624999998 0.13359375 0.1291666671875 0.1421875 0.1208333328125 0.14921875 0.12222222187500001 0.1609375 0.13888888906250002 0.16328125 0.1513888890625 0.15859375 0.15555555625 0.14609375
7 0.07083333281250001 0.1265625 0.07083333281250001 0.140625 0.07638888906249999 0.14375 0.08055555625000001 0.14453125 0.1 0.12890625 0.11388888906250001 0.11171875 0.1111111109375 0.1046875 0.0791666671875 0.1046875 0.07083333281250001 0.1265625
4 0.1541666671875 0.82109375 0.16805555625 0.82578125 0.1861111109375 0.8265625 0.19444444375 0.82109375 0.20694444375 0.81875 0.222222221875 0.81953125 0.2208333328125 0.81484375 0.22777777812500002 0.81171875 0.2166666671875 0.80859375 0.20833333281250002 0.8125 0.190277778125 0.8125 0.172222221875 0.80703125 0.1611111109375 0.80703125 0.1416666671875 0.81875 0.1458333328125 0.821875 0.1541666671875 0.82109375
4 0.147222221875 0.68203125 0.14444444375 0.6890625 0.16388888906250001 0.6921875 0.18055555625 0.69296875 0.2125 0.68828125 0.23611111093749998 0.68984375 0.23472222187499997 0.67890625 0.19305555624999998 0.678125 0.147222221875 0.68203125
4 0.1541666671875 0.71875 0.16388888906250001 0.71875 0.16944444375 0.72421875 0.17916666718750002 0.72421875 0.190277778125 0.72109375 0.23472222187499997 0.7203125 0.2388888890625 0.71796875 0.23055555625 0.71328125 0.23611111093749998 0.71171875 0.23611111093749998 0.70703125 0.1916666671875 0.70859375 0.18055555625 0.70625 0.1708333328125 0.70703125 0.15555555625 0.71328125 0.1541666671875 0.71875
4 0.184722221875 0.721875 0.17916666718750002 0.72421875 0.1458333328125 0.72578125 0.1458333328125 0.73125 0.15555555625 0.73203125 0.23055555625 0.73046875 0.23472222187499997 0.725 0.23194444375 0.721875 0.2166666671875 0.72421875 0.184722221875 0.721875
4 0.20972222187499998 0.69375 0.17361111093749998 0.69453125 0.1541666671875 0.690625 0.1291666671875 0.7 0.13333333281249998 0.70625 0.16388888906250001 0.70859375 0.20555555625 0.703125 0.21805555625 0.70546875 0.222222221875 0.69609375 0.20972222187499998 0.69375