2 0.575 0.03671875 0.58194444375 0.0328125 0.58055555625 0.02578125 0.5722222218749999 0.0234375 0.5375 0.02578125 0.5319444437499999 0.0296875 0.5319444437499999 0.0359375 0.5375 0.03828125 0.575 0.03671875
1 0.8986111109375001 0.378125 0.8916666671875 0.36953125 0.8430555562500001 0.37265625 0.7486111109375 0.37265625 0.7402777781250001 0.36953125 0.7402777781250001 0.36015625 0.734722221875 0.359375 0.727777778125 0.36875 0.7138888890625 0.375 0.7166666671875 0.38671875 0.709722221875 0.39375 0.7194444437499999 0.39453125 0.734722221875 0.38671875 0.7666666671875 0.38515625 0.8888888890625 0.38515625 0.8986111109375001 0.378125
1 0.91805555625 0.44921875 0.9138888890624999 0.44296875 0.784722221875 0.4421875 0.772222221875 0.43671875 0.7736111109375 0.43046875 0.76944444375 0.4296875 0.7611111109375 0.4328125 0.7569444437499999 0.4390625 0.7486111109375 0.4671875 0.75555555625 0.46875 0.7638888890625 0.45703125 0.784722221875 0.45234375 0.83055555625 0.45625 0.8583333328125 0.45390625 0.915277778125 0.4546875 0.91805555625 0.44921875
6 0.7875 0.7578125 0.8027777781250001 0.7546875 0.8125 0.73515625 0.8416666671874999 0.73046875 0.85 0.70625 0.85 0.69140625 0.8333333328125001 0.6796875 0.834722221875 0.675 0.8263888890625 0.6640625 0.83055555625 0.6609375 0.8236111109375001 0.65703125 0.7819444437499999 0.65625 0.7638888890625 0.6609375 0.7569444437499999 0.6671875 0.7611111109375 0.6828125 0.752777778125 0.6984375 0.725 0.70234375 0.7180555562500001 0.70703125 0.715277778125 0.71875 0.7291666671875 0.7296875 0.722222221875 0.73671875 0.725 0.7625 0.7638888890625 0.7640625 0.7819444437499999 0.76171875 0.7875 0.7578125
6 0.8194444437499999 0.56875 0.7736111109375 0.56875 0.7541666671875 0.58125 0.7402777781250001 0.6015625 0.7416666671875001 0.65078125 0.7486111109375 0.65703125 0.76944444375 0.65546875 0.7763888890625 0.63671875 0.7833333328125 0.6328125 0.79444444375 0.63671875 0.8083333328125001 0.63671875 0.8263888890625 0.60625 0.840277778125 0.5984375 0.8388888890624999 0.57578125 0.8194444437499999 0.56875
7 0.8708333328125001 0.85625 0.8791666671874999 0.84921875 0.877777778125 0.83984375 0.8638888890624999 0.8390625 0.8486111109375001 0.84453125 0.85 0.859375 0.8444444437499999 0.884375 0.8541327921875 0.8874891125 0.86944444375 0.8671875 0.8708333328125001 0.85625
7 0.902777778125 0.97265625 0.9111111109375001 0.9625 0.8819444437499999 0.96171875 0.8833333328125 0.96640625 0.89444444375 0.9734375 0.902777778125 0.97265625
7 0.8986111109375001 0.9546875 0.91805555625 0.953125 0.9277777781250001 0.9390625 0.9277777781250001 0.9234375 0.91805555625 0.9078125 0.88055555625 0.90625 0.8736111109375001 0.9140625 0.875 0.9421875 0.8847222218749999 0.95234375 0.8986111109375001 0.9546875
7 0.9069444437499999 0.89765625 0.91944444375 0.89609375 0.9291666671875 0.86953125 0.9291666671875 0.8625 0.922222221875 0.85703125 0.91944444375 0.85625 0.897222221875 0.875 0.8861111109375001 0.8890625 0.8861111109375001 0.8953125 0.9069444437499999 0.89765625
7 0.7333333328125 0.93046875 0.76805555625 0.93046875 0.7763888890625 0.92578125 0.8166666671874999 0.91640625 0.8263888890625 0.91015625 0.834722221875 0.8953125 0.840277778125 0.8921875 0.8444444437499999 0.8796875 0.8444444437499999 0.85625 0.8388888890624999 0.853125 0.8444444437499999 0.84140625 0.8430555562500001 0.81796875 0.80694444375 0.815625 0.7819444437499999 0.81796875 0.7736111109375 0.821875 0.7708333328125 0.83203125 0.7819444437499999 0.8375 0.7819444437499999 0.846875 0.7638888890625 0.85078125 0.7458333328125 0.86953125 0.7416666671875001 0.87890625 0.7236111109375 0.88203125 0.7194444437499999 0.88671875 0.7236111109375 0.89609375 0.7208333328125 0.921875 0.7333333328125 0.93046875
7 0.7625 0.98828125 0.73194444375 0.9875 0.725 0.98984375 0.7236111109375 0.99375 0.73194444375 0.99921875 0.7805555562500001 0.99921875 0.7819444437499999 0.99296875 0.7625 0.98828125
7 0.79444444375 0.925 0.784722221875 0.925 0.7611111109375 0.93515625 0.7638888890625 0.953125 0.7541666671875 0.96875 0.7583333328124999 0.971875 0.7736111109375 0.975 0.797222221875 0.9734375 0.83055555625 0.928125 0.83194444375 0.92265625 0.827777778125 0.91953125 0.8083333328125001 0.91875 0.79444444375 0.925
7 0.840277778125 0.98046875 0.85555555625 0.97734375 0.8652777781250001 0.9625 0.877777778125 0.93515625 0.8736111109375001 0.92578125 0.86944444375 0.92578125 0.85694444375 0.9359375 0.8541666671874999 0.9515625 0.8444444437499999 0.96484375 0.840277778125 0.98046875
7 0.8888888890625 0.790625 0.8791666671874999 0.7859375 0.8680555562500001 0.78515625 0.8611111109375 0.78046875 0.85694444375 0.784375 0.8486111109375001 0.7859375 0.847222221875 0.790625 0.8486111109375001 0.79296875 0.8583333328125 0.79375 0.88055555625 0.7921875 0.8916666671875 0.796875 0.902777778125 0.79765625 0.9055555562500001 0.7875 0.8888888890625 0.790625
7 0.9236111109375 0.74921875 0.8708333328125001 0.74765625 0.8638888890624999 0.7453125 0.840277778125 0.74609375 0.840277778125 0.76171875 0.847222221875 0.76875 0.8986111109375001 0.77109375 0.91805555625 0.76875 0.9236111109375 0.74921875
7 0.9541666671875 0.678125 0.9444444437499999 0.6765625 0.9069444437499999 0.675 0.897222221875 0.6796875 0.89305555625 0.6875 0.88055555625 0.69140625 0.86944444375 0.69140625 0.859722221875 0.7015625 0.852777778125 0.71953125 0.8444444437499999 0.7265625 0.8416666671874999 0.734375 0.8458333328125001 0.7375 0.9305555562500001 0.7390625 0.9416666671874999 0.721875 0.95555555625 0.6828125 0.9541666671875 0.678125