1 0.54609375 0.7708333328125 0.54609375 0.815277778125 0.54375 0.83194444375 0.54609375 0.915277778125 0.5484375 0.91944444375 0.5546875 0.91944444375 0.5578125 0.9111111109375001 0.5578125 0.85694444375 0.55859375 0.8444444437499999 0.56171875 0.8375 0.55859375 0.81805555625 0.55859375 0.784722221875 0.56328125 0.7736111109375 0.57109375 0.7736111109375 0.57109375 0.76944444375 0.5625 0.7569444437499999 0.54375 0.7486111109375 0.53125 0.7486111109375 0.53125 0.7569444437499999 0.5390625 0.7611111109375 0.54609375 0.7708333328125
1 0.61015625 0.8486111109375001 0.615625 0.8736111109375001 0.615625 0.89444444375 0.62421875 0.897222221875 0.6296875 0.8916666671875 0.628125 0.747222221875 0.6328125 0.7402777781250001 0.6421875 0.7402777781250001 0.6421875 0.7333333328125 0.63359375 0.7291666671875 0.625 0.715277778125 0.61328125 0.7166666671875 0.60625 0.709722221875 0.6046875 0.7166666671875 0.61484375 0.7486111109375 0.61328125 0.8 0.6109375 0.8055555562500001 0.6140625 0.825 0.61015625 0.8486111109375001
6 0.2359375 0.7583333328124999 0.23828125 0.7819444437499999 0.246875 0.8027777781250001 0.2640625 0.8125 0.26875 0.8388888890624999 0.27265625 0.8444444437499999 0.309375 0.85 0.32109375 0.834722221875 0.34296875 0.8291666671875 0.3453125 0.81805555625 0.34609375 0.790277778125 0.3390625 0.7625 0.33203125 0.7569444437499999 0.3171875 0.7611111109375 0.303125 0.752777778125 0.3 0.747222221875 0.29765625 0.7236111109375 0.2921875 0.7166666671875 0.28203125 0.715277778125 0.27109375 0.7291666671875 0.2625 0.722222221875 0.24140625 0.7208333328125 0.2375 0.725 0.2359375 0.7583333328124999
6 0.43203125 0.7763888890625 0.42109375 0.7569444437499999 0.4015625 0.7388888890625 0.34609375 0.7416666671875001 0.34296875 0.7486111109375 0.3453125 0.76944444375 0.36328125 0.777777778125 0.36796875 0.7861111109375 0.37265625 0.8111111109375001 0.38984375 0.8208333328125 0.4015625 0.8388888890624999 0.42578125 0.8388888890624999 0.4328125 0.8138888890624999 0.43203125 0.7763888890625
7 0.11640625 0.8458333328125001 0.1125 0.85 0.11328125 0.8541666671874999 0.1328125 0.86944444375 0.14375 0.872222221875 0.15078125 0.8791666671874999 0.15859375 0.877777778125 0.1609375 0.8680555562500001 0.15625 0.85 0.12890625 0.8458333328125001 0.11640625 0.8458333328125001
7 0.0296875 0.902777778125 0.0375 0.9166666671874999 0.0375 0.88055555625 0.03359375 0.8819444437499999 0.0296875 0.89444444375 0.0296875 0.902777778125
7 0.04453125 0.9166666671874999 0.0609375 0.9277777781250001 0.0765625 0.9277777781250001 0.0875 0.922222221875 0.09296875 0.9125 0.09375 0.8791666671874999 0.07421875 0.8708333328125001 0.07109375 0.877777778125 0.0515625 0.8791666671874999 0.04453125 0.9166666671874999
7 0.13828125 0.9277777781250001 0.14296875 0.91944444375 0.1375 0.9111111109375001 0.11171875 0.8861111109375001 0.10390625 0.8861111109375001 0.10234375 0.91944444375 0.12421875 0.9277777781250001 0.13828125 0.9277777781250001
7 0.10390625 0.7236111109375 0.0765625 0.722222221875 0.06953125 0.7333333328125 0.06953125 0.76805555625 0.07421875 0.7763888890625 0.07734375 0.79444444375 0.0890625 0.8263888890625 0.10703125 0.840277778125 0.11875 0.8444444437499999 0.18125 0.8444444437499999 0.1859375 0.8166666671874999 0.1828125 0.8041666671875 0.1828125 0.7833333328125 0.1796875 0.7763888890625 0.16875 0.772222221875 0.16171875 0.784722221875 0.153125 0.784722221875 0.146875 0.7611111109375 0.13125 0.7458333328125 0.121875 0.7416666671875001 0.11875 0.725 0.1140625 0.7194444437499999 0.10703125 0.7194444437499999 0.10390625 0.7236111109375
7 0.0375 0.6861111109375 0.0328125 0.6944444437499999 0.03046875 0.7430555562500001 0.0375 0.7333333328125 0.04140625 0.7194444437499999 0.0421875 0.6944444437499999 0.0375 0.6861111109375
7 0.01015625 0.647222221875 0.00078125 0.6458333328125 0.00078125 0.7763888890625 0.00703125 0.7763888890625 0.0109375 0.76805555625 0.0140625 0.73055555625 0.01953125 0.7013888890625 0.021875 0.6708333328125 0.0203125 0.6625 0.015625 0.659722221875 0.01015625 0.647222221875
7 0.8671875 0.8 0.86328125 0.8041666671875 0.83359375 0.809722221875 0.8078125 0.8041666671875 0.79453125 0.827777778125 0.79609375 0.852777778125 0.82734375 0.8888888890625 0.8484375 0.8916666671875 0.8671875 0.8708333328125001 0.87109375 0.85694444375 0.86953125 0.8083333328125001 0.8671875 0.8
7 0.04609375 0.7736111109375 0.0375 0.7708333328125 0.03125 0.7875 0.0296875 0.797222221875 0.03359375 0.8055555562500001 0.07109375 0.83055555625 0.08125 0.83055555625 0.08203125 0.8111111109375001 0.06484375 0.7611111109375 0.05625 0.7611111109375 0.04609375 0.7736111109375
7 0.0453125 0.8541666671874999 0.03046875 0.8430555562500001 0.01953125 0.840277778125 0.0234375 0.85694444375 0.03828125 0.8666666671875 0.06484375 0.8791666671874999 0.075 0.8763888890624999 0.075 0.86944444375 0.0703125 0.8680555562500001 0.0640625 0.8583333328125 0.0453125 0.8541666671874999
7 0.63125 0.8736111109375001 0.63125 0.890277778125 0.6171875 0.902777778125 0.61328125 0.9013888890624999 0.61171875 0.8833333328125 0.60390625 0.8652777781250001 0.6046875 0.8444444437499999 0.60078125 0.8361111109375001 0.6 0.8222222218749999 0.596875 0.8194444437499999 0.57578125 0.8194444437499999 0.56484375 0.8333333328125001 0.56015625 0.85694444375 0.56015625 0.9055555562500001 0.5546875 0.91944444375 0.54921875 0.91944444375 0.54296875 0.9055555562500001 0.54453125 0.85555555625 0.5421875 0.8236111109375001 0.5375 0.8236111109375001 0.5328125 0.83055555625 0.5265625 0.85 0.52734375 0.8583333328125 0.5234375 0.872222221875 0.5234375 0.9361111109375001 0.52578125 0.9666666671874999 0.5328125 0.9902777781250001 0.53671875 0.9930555562500001 0.56953125 0.99444444375 0.6046875 0.98055555625 0.6109375 0.9736111109375001 0.61171875 0.959722221875 0.6203125 0.95805555625 0.6203125 0.965277778125 0.62421875 0.965277778125 0.64453125 0.9444444437499999 0.65625 0.9472222218749999 0.6609375 0.9444444437499999 0.6625 0.9375 0.671875 0.95694444375 0.70703125 0.952777778125 0.71875 0.9444444437499999 0.71953125 0.91944444375 0.72421875 0.9069444437499999 0.725 0.83194444375 0.71796875 0.8208333328125 0.7125 0.8263888890625 0.703125 0.8263888890625 0.69765625 0.8083333328125001 0.69296875 0.8055555562500001 0.675 0.80694444375 0.66875 0.83194444375 0.6625 0.8361111109375001 0.6546875 0.85694444375 0.6453125 0.8611111109375 0.6421875 0.8736111109375001 0.6375 0.86944444375 0.63125 0.8736111109375001
7 0.2140625 0.86944444375 0.21875 0.8611111109375 0.21328125 0.8486111109375001 0.20703125 0.8486111109375001 0.20625 0.872222221875 0.209375 0.8861111109375001 0.203125 0.89305555625 0.20234375 0.902777778125 0.2125 0.9041666671874999 0.2078125 0.890277778125 0.2125 0.8847222218749999 0.2140625 0.86944444375
7 0.24765625 0.925 0.25078125 0.9236111109375 0.2515625 0.9138888890624999 0.2546875 0.8416666671874999 0.23359375 0.8416666671874999 0.23046875 0.85694444375 0.22890625 0.9111111109375001 0.23359375 0.91944444375 0.24765625 0.925
7 0.3234375 0.9513888890625 0.32265625 0.8986111109375001 0.31171875 0.890277778125 0.3046875 0.8708333328125001 0.29375 0.859722221875 0.28125 0.8541666671874999 0.27421875 0.8444444437499999 0.26484375 0.8416666671874999 0.2625 0.8458333328125001 0.26015625 0.9305555562500001 0.2765625 0.940277778125 0.3046875 0.9486111109375001 0.30703125 0.952777778125 0.3203125 0.95555555625 0.3234375 0.9513888890625
4 0.64609375 0.08194444375 0.6390625 0.09305555625 0.6390625 0.097222221875 0.65 0.1125 0.64921875 0.12222222187500001 0.64453125 0.13194444375 0.64296875 0.15694444375 0.646875 0.21805555625 0.6578125 0.25555555625 0.6671875 0.2666666671875 0.66953125 0.28194444375 0.68203125 0.28611111093749997 0.6875 0.28055555625 0.68984375 0.2708333328125 0.6859375 0.240277778125 0.690625 0.1875 0.6875 0.18055555625 0.6859375 0.14861111093749999 0.68203125 0.13333333281249998 0.678125 0.13194444375 0.67265625 0.1166666671875 0.66484375 0.11805555625 0.65625 0.10555555624999999 0.65234375 0.061111110937500004 0.6578125 0.0416666671875 0.65078125 0.040277778125000004 0.64453125 0.04444444375 0.64609375 0.08194444375