2 0.4388888890625 0.9625 0.42083333281249996 0.9640625 0.41944444374999995 0.975 0.4375 0.9765625 0.46527777812500004 0.9734375 0.46944444374999994 0.96640625 0.46388888906250003 0.9578125 0.45555555625000005 0.95703125 0.4388888890625 0.9625
1 0.102777778125 0.62578125 0.11388888906250001 0.6296875 0.1513888890625 0.62734375 0.252777778125 0.62734375 0.259722221875 0.63125 0.259722221875 0.63984375 0.26527777812500003 0.640625 0.27638888906250003 0.62890625 0.2888888890625 0.6234375 0.28472222187499996 0.6125 0.290277778125 0.60625 0.2833333328125 0.6046875 0.259722221875 0.61328125 0.22916666718749998 0.61484375 0.10833333281249999 0.61328125 0.102777778125 0.62578125
1 0.0875 0.55703125 0.2166666671875 0.5578125 0.22777777812500002 0.5625 0.22638888906250001 0.56875 0.23055555625 0.5703125 0.24305555625 0.56171875 0.2513888890625 0.5328125 0.24305555625 0.53125 0.23611111093749998 0.54296875 0.222222221875 0.54609375 0.18194444375000002 0.54609375 0.16944444375 0.54375 0.14861111093749999 0.54609375 0.084722221875 0.5453125 0.0875 0.55703125
6 0.21805555625 0.2390625 0.2166666671875 0.23671875 0.1916666671875 0.25 0.190277778125 0.2640625 0.15694444375 0.27109375 0.15 0.30859375 0.165277778125 0.31953125 0.16805555625 0.33046875 0.177777778125 0.33515625 0.1708333328125 0.3390625 0.17916666718750002 0.34375 0.2125 0.3453125 0.240277778125 0.3375 0.24722222187499998 0.30234375 0.272222221875 0.29765625 0.28194444375 0.2921875 0.28472222187499996 0.28046875 0.272222221875 0.27109375 0.2791666671875 0.2609375 0.2791666671875 0.24453125 0.27777777812500004 0.2390625 0.26944444375 0.2359375 0.2388888890625 0.2359375 0.2236111109375 0.2390625 0.21805555625 0.2390625
6 0.1763888890625 0.3921875 0.15972222187500001 0.4015625 0.1611111109375 0.425 0.18055555625 0.43125 0.197222221875 0.43359375 0.21805555625 0.4328125 0.24305555625 0.42265625 0.25833333281250004 0.4015625 0.259722221875 0.39375 0.25833333281250004 0.35 0.2513888890625 0.34296875 0.22916666718749998 0.3453125 0.2236111109375 0.35390625 0.2236111109375 0.36328125 0.21944444375 0.365625 0.2 0.3625 0.1888888890625 0.36484375 0.1763888890625 0.3921875
7 0.09444444375 0.03359375 0.102777778125 0.0375 0.11805555625 0.03828125 0.11805555625 0.03515625 0.10138888906250001 0.0265625 0.09444444375 0.03359375
7 0.11944444375 0.05078125 0.10138888906250001 0.0453125 0.084722221875 0.04609375 0.072222221875 0.06171875 0.072222221875 0.0765625 0.077777778125 0.0875 0.0861111109375 0.09296875 0.1208333328125 0.09296875 0.1291666671875 0.078125 0.13055555624999998 0.06953125 0.11944444375 0.05078125
7 0.2791666671875 0.07578125 0.26944444375 0.0703125 0.23194444375 0.06953125 0.22638888906250001 0.0734375 0.1833333328125 0.08359375 0.172222221875 0.090625 0.15555555625 0.11484375 0.1541666671875 0.12578125 0.15555555625 0.14296875 0.16388888906250001 0.1484375 0.15555555625 0.1609375 0.15555555625 0.18046875 0.16388888906250001 0.1828125 0.19305555624999998 0.1859375 0.20277777812500003 0.18203125 0.2208333328125 0.18125 0.22916666718749998 0.175 0.22777777812500002 0.165625 0.21805555625 0.16328125 0.21944444375 0.153125 0.23611111093749998 0.14921875 0.25833333281250004 0.12109375 0.27638888906250003 0.11796875 0.28055555625 0.11328125 0.28055555625 0.10625 0.27638888906250003 0.10390625 0.2791666671875 0.07578125
7 0.14305555625 0.12421875 0.134722221875 0.12734375 0.13055555624999998 0.1328125 0.1208333328125 0.15 0.12222222187500001 0.1578125 0.134722221875 0.1609375 0.1513888890625 0.15625 0.1541666671875 0.1078125 0.147222221875 0.11015625 0.14305555625 0.12421875
7 0.0916666671875 0.10234375 0.08055555625000001 0.10390625 0.07083333281250001 0.13203125 0.072222221875 0.1390625 0.077777778125 0.14296875 0.08055555625000001 0.14375 0.102777778125 0.125 0.11388888906250001 0.1109375 0.11388888906250001 0.10546875 0.0916666671875 0.10234375
7 0.23194444375 0.0109375 0.26805555625 0.0125 0.27638888906250003 0.01015625 0.2791666671875 0.0046875 0.27638888906250003 0.00078125 0.222222221875 0.00078125 0.21944444375 0.0078125 0.23194444375 0.0109375
7 0.23055555625 0.06953125 0.2388888890625 0.06484375 0.2388888890625 0.04453125 0.24722222187499998 0.03125 0.24305555625 0.028125 0.22638888906250001 0.025 0.20277777812500003 0.02578125 0.16944444375 0.071875 0.172222221875 0.08046875 0.1875 0.08125 0.2125 0.0703125 0.23055555625 0.06953125
7 0.13055555624999998 0.04453125 0.125 0.05859375 0.1263888890625 0.0734375 0.1291666671875 0.07421875 0.140277778125 0.0625 0.15 0.0484375 0.15972222187500001 0.02109375 0.1458333328125 0.025 0.13055555624999998 0.04453125
7 0.1125 0.2140625 0.1291666671875 0.21484375 0.1375 0.2203125 0.14305555625 0.21484375 0.1541666671875 0.21328125 0.1541666671875 0.209375 0.1458333328125 0.20546875 0.11944444375 0.20546875 0.115277778125 0.203125 0.0958333328125 0.2015625 0.09444444375 0.2125 0.10694444375 0.209375 0.1125 0.2140625
7 0.15972222187500001 0.234375 0.13888888906250002 0.22890625 0.09305555625 0.22890625 0.08194444375 0.2328125 0.072222221875 0.25 0.1583333328125 0.2546875 0.15972222187500001 0.234375
7 0.0916666671875 0.325 0.1041666671875 0.31953125 0.10555555624999999 0.3140625 0.115277778125 0.309375 0.13055555624999998 0.30859375 0.15555555625 0.2734375 0.15555555625 0.26328125 0.06944444375 0.2609375 0.05694444375 0.28203125 0.054166667187499996 0.3 0.04444444375 0.31796875 0.0458333328125 0.32109375 0.058333332812500006 0.3234375 0.0916666671875 0.325