2 0.46944444374999994 0.9703125 0.46388888906250003 0.9578125 0.45555555625000005 0.95703125 0.42083333281249996 0.9640625 0.41944444374999995 0.975 0.46388888906250003 0.975 0.46944444374999994 0.9703125
1 0.10833333281249999 0.615625 0.1041666671875 0.62578125 0.115277778125 0.6296875 0.1513888890625 0.62734375 0.2541666671875 0.62734375 0.2611111109375 0.63125 0.259722221875 0.640625 0.2638888890625 0.6421875 0.272222221875 0.63203125 0.28611111093749997 0.62421875 0.28194444375 0.6140625 0.290277778125 0.60546875 0.2833333328125 0.6046875 0.2625 0.61328125 0.15694444375 0.61484375 0.15277777812499999 0.6125 0.10833333281249999 0.615625
1 0.140277778125 0.54609375 0.084722221875 0.5453125 0.0875 0.55703125 0.2166666671875 0.5578125 0.22777777812500002 0.56171875 0.22777777812500002 0.56875 0.23472222187499997 0.56953125 0.24305555625 0.56171875 0.2513888890625 0.5390625 0.2388888890625 0.5390625 0.2388888890625 0.53671875 0.240277778125 0.53359375 0.2513888890625 0.53203125 0.24444444375000002 0.53125 0.2076388890625 0.54765625 0.1708333328125 0.54375 0.140277778125 0.54609375
6 0.20833333281250002 0.2421875 0.197222221875 0.24453125 0.1916666671875 0.25 0.190277778125 0.26328125 0.18055555625 0.2671875 0.1583333328125 0.26953125 0.15 0.2953125 0.15 0.30859375 0.1666666671875 0.3203125 0.1666666671875 0.3296875 0.177777778125 0.334375 0.175 0.33828125 0.16805555625 0.3390625 0.177777778125 0.34375 0.2208333328125 0.34375 0.2416666671875 0.33671875 0.2416666671875 0.3140625 0.24722222187499998 0.30234375 0.272222221875 0.29765625 0.28472222187499996 0.28828125 0.2833333328125 0.278125 0.275 0.2734375 0.2791666671875 0.2609375 0.275 0.2375 0.2416666671875 0.2359375 0.21944444375 0.23984375 0.215277778125 0.23671875 0.20833333281250002 0.2421875
6 0.15972222187500001 0.40234375 0.15972222187500001 0.4234375 0.18055555625 0.43125 0.19583333281249998 0.43359375 0.21805555625 0.4328125 0.2388888890625 0.42421875 0.24444444375000002 0.41875 0.25833333281250004 0.4015625 0.259722221875 0.39453125 0.25833333281250004 0.35 0.2541666671875 0.34375 0.23055555625 0.34453125 0.21944444375 0.365625 0.20277777812500003 0.3625 0.1888888890625 0.36484375 0.17361111093749998 0.39453125 0.15972222187500001 0.40234375
7 0.1541666671875 0.1078125 0.147222221875 0.11015625 0.1416666671875 0.12421875 0.13055555624999998 0.13359375 0.127777778125 0.14375 0.1208333328125 0.15078125 0.12222222187500001 0.15625 0.13194444375 0.1578125 0.134722221875 0.1609375 0.1513888890625 0.15546875 0.1541666671875 0.1078125
7 0.09444444375 0.03359375 0.102777778125 0.0375 0.11805555625 0.0375 0.11388888906250001 0.0328125 0.097222221875 0.03125 0.09444444375 0.03359375
7 0.125 0.0875 0.1291666671875 0.07109375 0.12222222187500001 0.06875 0.125 0.0609375 0.1208333328125 0.0515625 0.11388888906250001 0.04765625 0.090277778125 0.0453125 0.08055555625000001 0.04921875 0.072222221875 0.0625 0.072222221875 0.0765625 0.08194444375 0.0921875 0.11944444375 0.09375 0.125 0.0875
7 0.09305555625 0.10234375 0.08055555625000001 0.10390625 0.07083333281250001 0.1296875 0.07083333281250001 0.1375 0.077777778125 0.14296875 0.08055555625000001 0.14375 0.102777778125 0.125 0.11388888906250001 0.1109375 0.11388888906250001 0.10546875 0.09305555625 0.10234375
7 0.26805555625 0.06953125 0.23333333281250002 0.06953125 0.2236111109375 0.07421875 0.18194444375000002 0.084375 0.16805555625 0.09609375 0.15555555625 0.11484375 0.15555555625 0.14296875 0.165277778125 0.14765625 0.15555555625 0.16171875 0.15555555625 0.18125 0.1708333328125 0.184375 0.19305555624999998 0.1859375 0.20138888906250002 0.1828125 0.2208333328125 0.18125 0.22916666718749998 0.175 0.23055555625 0.16875 0.21805555625 0.1625 0.21805555625 0.15390625 0.23611111093749998 0.14921875 0.25833333281250004 0.121875 0.275 0.11875 0.28055555625 0.11328125 0.27638888906250003 0.10390625 0.2791666671875 0.078125 0.26805555625 0.06953125
7 0.2888888890625 0.73828125 0.2833333328125 0.73359375 0.26805555625 0.7296875 0.23194444375 0.73125 0.20694444375 0.74765625 0.172222221875 0.76484375 0.165277778125 0.7859375 0.17361111093749998 0.8109375 0.1888888890625 0.81875 0.1916666671875 0.8296875 0.2 0.82578125 0.2513888890625 0.82734375 0.26805555625 0.8234375 0.2638888890625 0.8125 0.2708333328125 0.80078125 0.3013888890625 0.790625 0.30416666718749996 0.7875 0.302777778125 0.7828125 0.29305555625 0.78046875 0.28194444375 0.7625 0.28055555625 0.74453125 0.2888888890625 0.73828125
7 0.23055555625 0.0109375 0.26805555625 0.0125 0.27638888906250003 0.01015625 0.2791666671875 0.0046875 0.27638888906250003 0.00078125 0.2208333328125 0.00078125 0.21805555625 0.00703125 0.23055555625 0.0109375
7 0.23055555625 0.06953125 0.2388888890625 0.06484375 0.2388888890625 0.04609375 0.2416666671875 0.0375 0.25 0.03046875 0.2236111109375 0.025 0.20138888906250002 0.0265625 0.16805555625 0.075 0.17361111093749998 0.08125 0.1861111109375 0.08203125 0.20833333281250002 0.0703125 0.23055555625 0.06953125
7 0.15277777812499999 0.01953125 0.14444444375 0.0234375 0.13333333281249998 0.03984375 0.12222222187500001 0.06484375 0.1263888890625 0.07421875 0.13055555624999998 0.07421875 0.15 0.04921875 0.1611111109375 0.025 0.15972222187500001 0.01953125 0.15277777812499999 0.01953125
7 0.0958333328125 0.2125 0.10833333281249999 0.209375 0.115277778125 0.2140625 0.13194444375 0.215625 0.13888888906250002 0.22109375 0.14444444375 0.21484375 0.1541666671875 0.2140625 0.1541666671875 0.2078125 0.14305555625 0.2046875 0.127777778125 0.2046875 0.115277778125 0.2078125 0.11388888906250001 0.203125 0.097222221875 0.2015625 0.09305555625 0.209375 0.0958333328125 0.2125
7 0.0916666671875 0.2296875 0.077777778125 0.23828125 0.07638888906249999 0.25078125 0.11805555625 0.2515625 0.1583333328125 0.25546875 0.15972222187500001 0.234375 0.15555555625 0.23125 0.1375 0.22890625 0.0916666671875 0.2296875
7 0.054166667187499996 0.3 0.04444444375 0.31796875 0.0458333328125 0.32109375 0.05694444375 0.3234375 0.09305555625 0.325 0.10138888906250001 0.32265625 0.109722221875 0.31171875 0.11805555625 0.30859375 0.1263888890625 0.3109375 0.13055555624999998 0.30859375 0.1416666671875 0.29765625 0.147222221875 0.28203125 0.15555555625 0.27421875 0.15555555625 0.26328125 0.07638888906249999 0.26015625 0.06805555625000001 0.2625 0.058333332812500006 0.27734375 0.054166667187499996 0.3