0 0.27777777812500004 0.01875 0.290277778125 0.0171875 0.34027777812500004 0.0203125 0.3375 0.00078125 0.26805555625 0.00078125 0.259722221875 0.0046875 0.25694444375000003 0.0109375 0.27777777812500004 0.01875
0 0.2958333328125 0.09296875 0.3263888890625 0.075 0.33194444375 0.0515625 0.3458333328125 0.05078125 0.35555555625 0.04375 0.3375 0.03828125 0.3111111109375 0.0359375 0.302777778125 0.0328125 0.24722222187499998 0.0296875 0.23194444375 0.0578125 0.23194444375 0.06953125 0.23472222187499997 0.07421875 0.259722221875 0.0875 0.2958333328125 0.09296875
0 0.2513888890625 0.48203125 0.21944444375 0.48671875 0.20555555625 0.49296875 0.20694444375 0.4953125 0.2541666671875 0.4953125 0.27777777812500004 0.49375 0.27777777812500004 0.48984375 0.26805555625 0.48359375 0.2513888890625 0.48203125
0 0.30555555624999997 0.55 0.30416666718749996 0.54140625 0.29305555625 0.5359375 0.2888888890625 0.5234375 0.27777777812500004 0.52109375 0.1513888890625 0.5203125 0.14305555625 0.521875 0.109722221875 0.5421875 0.097222221875 0.575 0.0958333328125 0.596875 0.0861111109375 0.63125 0.09444444375 0.6609375 0.10833333281249999 0.66796875 0.21805555625 0.66875 0.22638888906250001 0.66171875 0.23333333281250002 0.64609375 0.2541666671875 0.6421875 0.25555555625 0.6328125 0.2513888890625 0.63046875 0.10694444375 0.63046875 0.1 0.6203125 0.1111111109375 0.6171875 0.252777778125 0.61328125 0.272222221875 0.5671875 0.27777777812500004 0.5625 0.29305555625 0.56015625 0.30555555624999997 0.55
2 0.43194444374999996 0.98671875 0.47222222187499996 0.9859375 0.477777778125 0.98203125 0.477777778125 0.975 0.46666666718750005 0.9671875 0.4458333328125 0.9703125 0.425 0.97734375 0.43194444374999996 0.98671875
1 0.0958333328125 0.61171875 0.1041666671875 0.61640625 0.1 0.6234375 0.10555555624999999 0.63046875 0.20138888906250002 0.628125 0.25555555625 0.6296875 0.25833333281250004 0.640625 0.2666666671875 0.64296875 0.2708333328125 0.63359375 0.2888888890625 0.62421875 0.2888888890625 0.61953125 0.28055555625 0.61640625 0.2888888890625 0.6 0.28055555625 0.5984375 0.2541666671875 0.61484375 0.10555555624999999 0.61796875 0.09444444375 0.59296875 0.0958333328125 0.61171875
6 0.22777777812500002 0.21953125 0.275 0.22109375 0.27638888906250003 0.21796875 0.2666666671875 0.21328125 0.23611111093749998 0.21171875 0.21805555625 0.215625 0.21944444375 0.21875 0.22777777812500002 0.21953125
6 0.18055555625 0.21796875 0.1763888890625 0.21875 0.17916666718750002 0.225 0.18055555625 0.21796875
6 0.27777777812500004 0.25703125 0.26527777812500003 0.25 0.24444444375000002 0.25 0.240277778125 0.246875 0.2416666671875 0.2359375 0.23333333281250002 0.23359375 0.18055555625 0.23125 0.1763888890625 0.23671875 0.1666666671875 0.240625 0.11805555625 0.24296875 0.10555555624999999 0.25 0.0958333328125 0.27265625 0.09444444375 0.2875 0.097222221875 0.29375 0.10694444375 0.2984375 0.14305555625 0.3015625 0.1458333328125 0.30625 0.16944444375 0.31640625 0.17916666718750002 0.3125 0.225 0.31171875 0.2388888890625 0.30546875 0.24305555625 0.296875 0.2388888890625 0.2890625 0.21944444375 0.284375 0.21805555625 0.27734375 0.23333333281250002 0.27109375 0.2666666671875 0.26875 0.27638888906250003 0.2625 0.27777777812500004 0.25703125
7 0.18194444375000002 0.084375 0.16944444375 0.09375 0.1583333328125 0.109375 0.15555555625 0.14296875 0.16805555625 0.1484375 0.15972222187500001 0.15078125 0.15555555625 0.1609375 0.15555555625 0.18046875 0.15972222187500001 0.1828125 0.18055555625 0.18359375 0.19583333281249998 0.1703125 0.2138888890625 0.16171875 0.215277778125 0.1515625 0.23472222187499997 0.1484375 0.24305555625 0.14453125 0.25833333281250004 0.121875 0.27777777812500004 0.1171875 0.28055555625 0.10859375 0.27638888906250003 0.10390625 0.27638888906250003 0.09375 0.2486111109375 0.08515625 0.23055555625 0.0734375 0.18194444375000002 0.084375
7 0.222222221875 0.00546875 0.22638888906250001 0.01015625 0.2541666671875 0.01171875 0.25555555625 0.00078125 0.22777777812500002 0.00078125 0.222222221875 0.00546875
7 0.22777777812500002 0.06875 0.24305555625 0.03203125 0.2388888890625 0.028125 0.20555555625 0.02578125 0.197222221875 0.03046875 0.16944444375 0.07109375 0.16944444375 0.08046875 0.1888888890625 0.08125 0.20277777812500003 0.07578125 0.20833333281250002 0.0703125 0.22777777812500002 0.06875
7 0.1611111109375 0.03046875 0.15972222187500001 0.02109375 0.15 0.02109375 0.14444444375 0.025 0.13333333281249998 0.03984375 0.12222222187500001 0.0640625 0.125 0.0734375 0.13055555624999998 0.07421875 0.14305555625 0.05390625 0.15555555625 0.04375 0.1611111109375 0.03046875
7 0.134722221875 0.12734375 0.1291666671875 0.1421875 0.1208333328125 0.14921875 0.11944444375 0.15546875 0.125 0.1609375 0.14305555625 0.16171875 0.15277777812499999 0.15625 0.15555555625 0.146875 0.15 0.11796875 0.134722221875 0.12734375
7 0.10138888906250001 0.10546875 0.0916666671875 0.10234375 0.0791666671875 0.1046875 0.07083333281250001 0.1265625 0.0736111109375 0.14296875 0.08055555625000001 0.14375 0.1041666671875 0.12421875 0.11388888906250001 0.1109375 0.1125 0.10546875 0.10138888906250001 0.10546875
4 0.2138888890625 0.68828125 0.22916666718749998 0.68828125 0.23611111093749998 0.690625 0.23611111093749998 0.68203125 0.23333333281250002 0.678125 0.15972222187500001 0.6796875 0.14444444375 0.68359375 0.14305555625 0.6875 0.14861111093749999 0.68984375 0.15694444375 0.68828125 0.17361111093749998 0.69375 0.2138888890625 0.68828125
4 0.197222221875 0.7203125 0.23611111093749998 0.72109375 0.23611111093749998 0.7171875 0.22638888906250001 0.71484375 0.23611111093749998 0.7109375 0.23611111093749998 0.70703125 0.1708333328125 0.7078125 0.15555555625 0.7140625 0.15555555625 0.71796875 0.16388888906250001 0.71953125 0.16805555625 0.7234375 0.17916666718750002 0.72421875 0.197222221875 0.7203125
4 0.16388888906250001 0.721875 0.147222221875 0.725 0.1458333328125 0.73046875 0.19583333281249998 0.73125 0.22916666718749998 0.72890625 0.23194444375 0.72421875 0.2125 0.7203125 0.18194444375000002 0.7234375 0.16388888906250001 0.721875
4 0.15555555625 0.6984375 0.13055555624999998 0.70703125 0.134722221875 0.71328125 0.1541666671875 0.7140625 0.177777778125 0.70703125 0.21944444375 0.70703125 0.22638888906250001 0.7046875 0.22638888906250001 0.7 0.15555555625 0.6984375