2 0.0140625 0.47083333281249995 0.01640625 0.4763888890625 0.025 0.477777778125 0.0328125 0.46805555625000006 0.0296875 0.44444444375 0.02265625 0.425 0.01328125 0.43194444374999996 0.0140625 0.47083333281249995
1 0.3828125 0.28055555625 0.4 0.2888888890625 0.4015625 0.28055555625 0.38515625 0.2541666671875 0.3828125 0.20694444375 0.384375 0.15555555625 0.38203125 0.13888888906250002 0.384375 0.10138888906250001 0.38203125 0.10555555624999999 0.38046875 0.1 0.36953125 0.10555555624999999 0.371875 0.19305555624999998 0.3703125 0.2541666671875 0.359375 0.25833333281250004 0.35703125 0.26527777812500003 0.36640625 0.2708333328125 0.37578125 0.2888888890625 0.3796875 0.2888888890625 0.3828125 0.28055555625
6 0.77890625 0.2736111109375 0.78203125 0.27638888906250003 0.78671875 0.2666666671875 0.78828125 0.23472222187499997 0.78515625 0.21805555625 0.78125 0.21805555625 0.78046875 0.22777777812500002 0.77890625 0.2736111109375
6 0.71171875 0.2388888890625 0.7171875 0.21805555625 0.72265625 0.21805555625 0.72890625 0.23194444375 0.73125 0.26805555625 0.7390625 0.27777777812500004 0.74296875 0.27777777812500004 0.75 0.26527777812500003 0.75 0.24444444375000002 0.75390625 0.240277778125 0.7640625 0.2416666671875 0.76640625 0.23055555625 0.76875 0.18055555625 0.7625 0.1763888890625 0.759375 0.1666666671875 0.76015625 0.15 0.75703125 0.1361111109375 0.75703125 0.11805555625 0.75 0.10555555624999999 0.72734375 0.0958333328125 0.70859375 0.0958333328125 0.7015625 0.10694444375 0.69921875 0.14305555625 0.68828125 0.15555555625 0.68359375 0.16944444375 0.6875 0.17916666718750002 0.6890625 0.22777777812500002 0.69453125 0.2388888890625 0.7046875 0.24305555625 0.71171875 0.2388888890625
7 0.97890625 0.325 0.978125 0.34027777812500004 0.98046875 0.34305555625 0.99921875 0.3375 0.99921875 0.26805555625 0.99296875 0.259722221875 0.98671875 0.259722221875 0.9828125 0.275 0.97890625 0.325
7 0.96953125 0.24583333281250003 0.9421875 0.23194444375 0.92734375 0.23333333281250002 0.9140625 0.25555555625 0.9078125 0.28611111093749997 0.90703125 0.2958333328125 0.915625 0.3083333328125 0.9203125 0.322222221875 0.94140625 0.33055555625 0.95 0.3513888890625 0.95703125 0.35555555625 0.9671875 0.302777778125 0.96953125 0.24583333281250003
7 0.8921875 0.28055555625 0.89609375 0.27638888906250003 0.90703125 0.27638888906250003 0.9140625 0.2486111109375 0.9265625 0.23055555625 0.915625 0.18194444375000002 0.9109375 0.17361111093749998 0.8921875 0.15972222187500001 0.86171875 0.1541666671875 0.85546875 0.15555555625 0.85078125 0.1666666671875 0.84921875 0.15972222187500001 0.8390625 0.15555555625 0.8171875 0.1583333328125 0.8171875 0.1833333328125 0.83046875 0.197222221875 0.8375 0.2138888890625 0.84921875 0.2166666671875 0.853125 0.2388888890625 0.878125 0.25833333281250004 0.8828125 0.27777777812500004 0.8921875 0.28055555625
7 0.50703125 0.20555555625 0.5046875 0.20555555625 0.5046875 0.26805555625 0.50625 0.27777777812500004 0.5109375 0.27777777812500004 0.5171875 0.2666666671875 0.51796875 0.25 0.51328125 0.21944444375 0.50703125 0.20555555625
7 0.3890625 0.25555555625 0.403125 0.25833333281250004 0.41328125 0.2666666671875 0.4359375 0.275 0.43984375 0.29305555625 0.44921875 0.30555555624999997 0.45703125 0.30555555624999997 0.4640625 0.29305555625 0.4765625 0.2916666671875 0.4796875 0.2638888890625 0.4796875 0.1513888890625 0.4578125 0.109722221875 0.425 0.097222221875 0.3609375 0.0861111109375 0.3375 0.0958333328125 0.33359375 0.102777778125 0.33125 0.1166666671875 0.33046875 0.215277778125 0.3375 0.22638888906250001 0.353125 0.23333333281250002 0.35703125 0.2541666671875 0.36875 0.25555555625 0.371875 0.24305555625 0.38515625 0.240277778125 0.3890625 0.25555555625
7 0.99921875 0.22916666718749998 0.9921875 0.222222221875 0.98828125 0.23472222187499997 0.98828125 0.2541666671875 0.99921875 0.25555555625 0.99921875 0.22916666718749998
7 0.99609375 0.17916666718750002 0.99375 0.17361111093749998 0.99453125 0.18194444375000002 0.99609375 0.17916666718750002
7 0.96953125 0.197222221875 0.92890625 0.16944444375 0.9203125 0.16805555625 0.91875 0.1888888890625 0.9296875 0.20972222187499998 0.93046875 0.22777777812500002 0.94453125 0.23055555625 0.96796875 0.24305555625 0.971875 0.2388888890625 0.97421875 0.20555555625 0.96953125 0.197222221875
7 0.96015625 0.13333333281249998 0.9328125 0.12222222187500001 0.92578125 0.1263888890625 0.92578125 0.13055555624999998 0.94609375 0.14305555625 0.95 0.1513888890625 0.95625 0.15555555625 0.975 0.16388888906250001 0.97890625 0.1611111109375 0.97890625 0.15 0.96015625 0.13333333281249998
7 0.85078125 0.1208333328125 0.8390625 0.1208333328125 0.8375 0.125 0.83671875 0.13888888906250002 0.8390625 0.15 0.8453125 0.1541666671875 0.88203125 0.15 0.88046875 0.14305555625 0.87265625 0.134722221875 0.8578125 0.1291666671875 0.85078125 0.1208333328125
7 0.85625 0.08055555625000001 0.86328125 0.090277778125 0.87578125 0.1041666671875 0.89375 0.11388888906250001 0.89765625 0.08055555625000001 0.871875 0.07083333281250001 0.859375 0.072222221875 0.85625 0.08055555625000001
4 0.6375 0.16805555625 0.63671875 0.1583333328125 0.625 0.15555555625 0.625 0.1666666671875 0.61953125 0.1833333328125 0.625 0.190277778125 0.625 0.2236111109375 0.62734375 0.23194444375 0.62578125 0.23611111093749998 0.63671875 0.21944444375 0.6375 0.16805555625