2 0.96875 0.5486111109375 0.97578125 0.5736111109375 0.984375 0.5722222218749999 0.9875 0.5666666671875 0.9859375 0.5291666671875 0.98125 0.522222221875 0.975 0.522222221875 0.9671875 0.5333333328125 0.96875 0.5486111109375
1 0.6171875 0.8958333328125001 0.62421875 0.9 0.6296875 0.89444444375 0.628125 0.7458333328125 0.64296875 0.7458333328125 0.63828125 0.7402777781250001 0.63828125 0.73194444375 0.64375 0.734722221875 0.63359375 0.7291666671875 0.63125 0.7208333328125 0.625 0.7138888890625 0.61171875 0.7194444437499999 0.6 0.7111111109375 0.5984375 0.7194444437499999 0.6125 0.734722221875 0.61484375 0.7430555562500001 0.6171875 0.8958333328125001
1 0.54765625 0.877777778125 0.54609375 0.9166666671874999 0.5578125 0.9166666671874999 0.55859375 0.7875 0.56171875 0.772222221875 0.57265625 0.7736111109375 0.57265625 0.76944444375 0.56875 0.7611111109375 0.5625 0.7569444437499999 0.54296875 0.7486111109375 0.53125 0.7486111109375 0.53203125 0.7583333328124999 0.54453125 0.765277778125 0.5484375 0.7833333328125 0.54765625 0.8236111109375001 0.5453125 0.83055555625 0.54765625 0.877777778125
7 0.1546875 0.8458333328125001 0.14765625 0.8444444437499999 0.13671875 0.85 0.12421875 0.8458333328125001 0.1140625 0.85 0.13359375 0.86944444375 0.14375 0.872222221875 0.15 0.8791666671874999 0.1609375 0.877777778125 0.16328125 0.859722221875 0.1609375 0.85 0.1546875 0.8458333328125001
7 0.03828125 0.9069444437499999 0.03828125 0.8736111109375001 0.03359375 0.86944444375 0.025 0.9 0.0265625 0.9069444437499999 0.03359375 0.9111111109375001 0.0375 0.9111111109375001 0.03828125 0.9069444437499999
7 0.09375 0.8986111109375001 0.09296875 0.8791666671874999 0.075 0.872222221875 0.0703125 0.877777778125 0.05859375 0.877777778125 0.0484375 0.8833333328125 0.04609375 0.9111111109375001 0.04921875 0.91944444375 0.0609375 0.9277777781250001 0.07109375 0.9291666671875 0.09375 0.91805555625 0.09765625 0.902777778125 0.09375 0.8986111109375001
7 0.10234375 0.8861111109375001 0.10390625 0.8986111109375001 0.10078125 0.9041666671874999 0.103125 0.91944444375 0.125 0.9291666671875 0.13515625 0.9305555562500001 0.14296875 0.9263888890624999 0.14375 0.91944444375 0.125 0.8958333328125001 0.11171875 0.8861111109375001 0.10234375 0.8861111109375001
7 0.0890625 0.8263888890625 0.115625 0.8444444437499999 0.13984375 0.8458333328125001 0.14453125 0.8444444437499999 0.14921875 0.834722221875 0.1515625 0.840277778125 0.159375 0.8444444437499999 0.18125 0.8444444437499999 0.18125 0.8194444437499999 0.16640625 0.7958333328125 0.1515625 0.7833333328125 0.15078125 0.7708333328125 0.14609375 0.7597222218749999 0.121875 0.7416666671875001 0.11796875 0.7236111109375 0.11328125 0.7194444437499999 0.078125 0.7208333328125 0.0703125 0.73194444375 0.0703125 0.76944444375 0.07421875 0.7763888890625 0.08359375 0.8166666671874999 0.0890625 0.8263888890625
7 0.1625 0.7736111109375 0.16875 0.784722221875 0.1703125 0.8013888890624999 0.18125 0.809722221875 0.1828125 0.8166666671874999 0.18203125 0.8111111109375001 0.1875 0.8055555562500001 0.18984375 0.7458333328125 0.1796875 0.747222221875 0.18046875 0.7402777781250001 0.178125 0.7416666671875001 0.1765625 0.73194444375 0.1625 0.73194444375 0.15859375 0.725 0.153125 0.734722221875 0.15234375 0.74444444375 0.15625 0.7513888890625 0.1515625 0.7638888890625 0.15625 0.765277778125 0.15859375 0.7736111109375 0.1625 0.7736111109375
7 0.2609375 0.777777778125 0.25546875 0.7736111109375 0.246875 0.777777778125 0.2375 0.772222221875 0.23203125 0.7736111109375 0.23125 0.8041666671875 0.225 0.8138888890624999 0.23125 0.8430555562500001 0.23828125 0.847222221875 0.24921875 0.840277778125 0.2625 0.8166666671874999 0.2640625 0.79444444375 0.2609375 0.777777778125
7 0.21328125 0.7430555562500001 0.209375 0.7666666671875 0.20703125 0.8333333328125001 0.2046875 0.8444444437499999 0.20546875 0.8541666671874999 0.209375 0.859722221875 0.2140625 0.8611111109375 0.21796875 0.8513888890624999 0.2203125 0.8138888890624999 0.2203125 0.75 0.21875 0.74444444375 0.21328125 0.7430555562500001
7 0.01015625 0.725 0.00078125 0.725 0.00078125 0.777777778125 0.00625 0.7875 0.0125 0.7597222218749999 0.0125 0.7291666671875 0.01015625 0.725
7 0.0703125 0.7916666671875 0.06953125 0.76944444375 0.06640625 0.7611111109375 0.0453125 0.7611111109375 0.0296875 0.7541666671875 0.02578125 0.79444444375 0.03046875 0.8027777781250001 0.071875 0.83055555625 0.08046875 0.8291666671875 0.08125 0.8111111109375001 0.07578125 0.7958333328125 0.0703125 0.7916666671875
7 0.05390625 0.8736111109375001 0.0734375 0.8736111109375001 0.0734375 0.86944444375 0.053125 0.85555555625 0.04765625 0.847222221875 0.0328125 0.840277778125 0.03125 0.8361111109375001 0.021875 0.83194444375 0.01953125 0.834722221875 0.00703125 0.8166666671874999 0.00390625 0.8194444437499999 0.0046875 0.827777778125 0.01796875 0.8333333328125001 0.02109375 0.85 0.0265625 0.85694444375 0.05390625 0.8736111109375001
7 0.2609375 0.83359375 0.003125 0.003125
7 0.20703125 0.8958333328125001 0.20703125 0.902777778125 0.2109375 0.902777778125 0.20703125 0.8958333328125001
7 0.23203125 0.9166666671874999 0.25 0.9277777781250001 0.2546875 0.9263888890624999 0.25546875 0.8444444437499999 0.2453125 0.8430555562500001 0.2421875 0.8486111109375001 0.23125 0.8486111109375001 0.2296875 0.902777778125 0.23203125 0.9166666671874999
7 0.325 0.9125 0.32265625 0.8986111109375001 0.30859375 0.8888888890625 0.3078125 0.8736111109375001 0.3 0.85694444375 0.2640625 0.8333333328125001 0.2625 0.8958333328125001 0.2578125 0.9277777781250001 0.2765625 0.9416666671874999 0.29921875 0.9444444437499999 0.31875 0.95555555625 0.32265625 0.952777778125 0.3234375 0.9444444437499999 0.325 0.9125
4 0.7921875 0.83055555625 0.78671875 0.8291666671875 0.7921875 0.81805555625 0.7875 0.8166666671874999 0.78359375 0.8541666671874999 0.790625 0.877777778125 0.7953125 0.8708333328125001 0.79453125 0.85694444375 0.79921875 0.8444444437499999 0.79375 0.840277778125 0.7921875 0.83055555625