1 0.39375 0.27777777812500004 0.38671875 0.26527777812500003 0.38515625 0.2416666671875 0.38515625 0.222222221875 0.38984375 0.19444444375 0.3890625 0.140277778125 0.384375 0.127777778125 0.384375 0.109722221875 0.38203125 0.1041666671875 0.37578125 0.102777778125 0.3703125 0.109722221875 0.371875 0.252777778125 0.3671875 0.2611111109375 0.359375 0.259722221875 0.359375 0.26527777812500003 0.37890625 0.2888888890625 0.38515625 0.2833333328125 0.39453125 0.2888888890625 0.39375 0.27777777812500004
1 0.46015625 0.2513888890625 0.4609375 0.2388888890625 0.465625 0.240277778125 0.4671875 0.2513888890625 0.46875 0.24444444375000002 0.45234375 0.20694444375 0.45625 0.16388888906250001 0.45390625 0.140277778125 0.4546875 0.09305555625 0.44921875 0.08055555625000001 0.44296875 0.0888888890625 0.4421875 0.14305555625 0.43984375 0.1583333328125 0.4421875 0.2138888890625 0.43671875 0.22638888906250001 0.43046875 0.22638888906250001 0.4296875 0.23055555625 0.4328125 0.2388888890625 0.46015625 0.2513888890625
6 0.6546875 0.23055555625 0.634375 0.21805555625 0.63671875 0.19444444375 0.63125 0.1916666671875 0.628125 0.184722221875 0.60703125 0.1763888890625 0.5984375 0.1611111109375 0.57890625 0.1611111109375 0.57421875 0.165277778125 0.56875 0.18055555625 0.56640625 0.19583333281249998 0.5671875 0.21944444375 0.57734375 0.24305555625 0.58515625 0.24583333281250003 0.59921875 0.259722221875 0.65078125 0.25833333281250004 0.65703125 0.2513888890625 0.6546875 0.23055555625
6 0.71796875 0.28472222187499996 0.7296875 0.26944444375 0.7375 0.27777777812500004 0.7625 0.275 0.7640625 0.2388888890625 0.76171875 0.21805555625 0.75703125 0.2125 0.753125 0.197222221875 0.73515625 0.1875 0.73046875 0.1583333328125 0.7125 0.1513888890625 0.69140625 0.15 0.68046875 0.165277778125 0.66953125 0.1666666671875 0.6640625 0.17361111093749998 0.6609375 0.1708333328125 0.65625 0.18055555625 0.6546875 0.20555555625 0.6609375 0.23611111093749998 0.66796875 0.24305555625 0.6828125 0.2388888890625 0.6984375 0.24722222187499998 0.70234375 0.275 0.7078125 0.2833333328125 0.71796875 0.28472222187499996
7 0.83671875 0.13055555624999998 0.8453125 0.1513888890625 0.8921875 0.1513888890625 0.8734375 0.134722221875 0.85703125 0.1291666671875 0.8484375 0.1208333328125 0.83828125 0.12361111093749999 0.83671875 0.13055555624999998
7 0.9640625 0.11805555625 0.97265625 0.10555555624999999 0.97265625 0.097222221875 0.96484375 0.090277778125 0.9625 0.08333333281250001 0.96171875 0.115277778125 0.9640625 0.11805555625
7 0.92421875 0.072222221875 0.9125 0.077777778125 0.90703125 0.0861111109375 0.90625 0.11944444375 0.9140625 0.125 0.94765625 0.1208333328125 0.95078125 0.11805555625 0.95390625 0.1041666671875 0.95390625 0.084722221875 0.93828125 0.072222221875 0.92421875 0.072222221875
7 0.86171875 0.072222221875 0.8578125 0.077777778125 0.8625 0.0888888890625 0.875 0.102777778125 0.8890625 0.11388888906250001 0.8953125 0.11388888906250001 0.89765625 0.09305555625 0.89609375 0.08055555625000001 0.875 0.072222221875 0.86171875 0.072222221875
7 0.85078125 0.23611111093749998 0.878125 0.25833333281250004 0.88125 0.275 0.8859375 0.28055555625 0.8953125 0.27638888906250003 0.925 0.27777777812500004 0.93046875 0.26805555625 0.93046875 0.23333333281250002 0.92578125 0.2236111109375 0.91640625 0.1833333328125 0.90625 0.16944444375 0.89609375 0.165277778125 0.89296875 0.15972222187500001 0.86640625 0.1541666671875 0.8546875 0.1583333328125 0.8421875 0.1541666671875 0.81953125 0.15555555625 0.81640625 0.16805555625 0.8140625 0.1888888890625 0.81796875 0.2 0.8171875 0.21805555625 0.8234375 0.22777777812500002 0.83125 0.22777777812500002 0.83671875 0.2166666671875 0.84765625 0.21805555625 0.85078125 0.23611111093749998
7 0.296875 0.1708333328125 0.30703125 0.190277778125 0.31171875 0.19305555624999998 0.32421875 0.190277778125 0.33359375 0.1708333328125 0.34453125 0.17361111093749998 0.36875 0.16805555625 0.36875 0.109722221875 0.38046875 0.1 0.38046875 0.0416666671875 0.37578125 0.0375 0.36328125 0.0458333328125 0.35625 0.055555556250000006 0.33828125 0.05694444375 0.328125 0.04305555625 0.2828125 0.0513888890625 0.27421875 0.07083333281250001 0.27421875 0.1 0.2625 0.1208333328125 0.2578125 0.13888888906250002 0.2578125 0.1541666671875 0.265625 0.15555555625 0.2703125 0.134722221875 0.27265625 0.13333333281249998 0.275 0.1583333328125 0.2796875 0.15972222187500001 0.2828125 0.16944444375 0.296875 0.1708333328125
7 0.41171875 0.1833333328125 0.4234375 0.18194444375000002 0.42890625 0.17916666718750002 0.4328125 0.16805555625 0.4375 0.1666666671875 0.44140625 0.0916666671875 0.44375 0.08333333281250001 0.44765625 0.08055555625000001 0.45390625 0.084722221875 0.4578125 0.09444444375 0.45546875 0.127777778125 0.45625 0.17916666718750002 0.46875 0.16805555625 0.4765625 0.13888888906250002 0.478125 0.12222222187500001 0.478125 0.013888889062500001 0.46328125 0.006944443749999999 0.42734375 0.006944443749999999 0.39453125 0.0208333328125 0.3890625 0.030555556249999997 0.3890625 0.0638888890625 0.39140625 0.075 0.3890625 0.08055555625000001 0.38828125 0.1166666671875 0.39296875 0.13055555624999998 0.39375 0.15277777812499999 0.403125 0.17916666718750002 0.41171875 0.1833333328125
7 0.98671875 0.26944444375 0.98984375 0.2791666671875 0.99453125 0.28055555625 0.99921875 0.27638888906250003 0.99921875 0.21944444375 0.99296875 0.21805555625 0.9875 0.2375 0.98671875 0.26944444375
7 0.971875 0.24305555625 0.975 0.2208333328125 0.9734375 0.20277777812500003 0.92890625 0.16944444375 0.921875 0.16805555625 0.91875 0.175 0.91875 0.1916666671875 0.92421875 0.20138888906250002 0.92578125 0.215277778125 0.9328125 0.23611111093749998 0.9375 0.240277778125 0.959375 0.23611111093749998 0.96875 0.24722222187499998 0.971875 0.24305555625
7 0.94375 0.125 0.92578125 0.12222222187500001 0.925 0.13055555624999998 0.92890625 0.13055555624999998 0.94296875 0.1458333328125 0.953125 0.14444444375 0.96640625 0.15555555625 0.98046875 0.15972222187500001 0.978125 0.14444444375 0.94375 0.125
7 0.79296875 0.1111111109375 0.796875 0.10555555624999999 0.79765625 0.097222221875 0.7875 0.09444444375 0.79140625 0.1111111109375 0.78828125 0.115277778125 0.78515625 0.13194444375 0.78125 0.134722221875 0.78125 0.140277778125 0.78671875 0.1513888890625 0.7921875 0.1513888890625 0.79296875 0.1111111109375
7 0.753125 0.075 0.74921875 0.07638888906249999 0.7484375 0.0861111109375 0.7453125 0.1583333328125 0.7640625 0.1583333328125 0.76875 0.15277777812499999 0.7703125 0.13888888906250002 0.76875 0.13194444375 0.77109375 0.0888888890625 0.76796875 0.08194444375 0.753125 0.075
7 0.73671875 0.15555555625 0.7390625 0.06944444375 0.71796875 0.05694444375 0.68203125 0.04444444375 0.6765625 0.047222221875 0.67578125 0.058333332812500006 0.675 0.09305555625 0.68046875 0.1041666671875 0.6875 0.10833333281249999 0.68828125 0.1291666671875 0.70625 0.14305555625 0.71875 0.1458333328125 0.7265625 0.15555555625 0.73671875 0.15555555625