1 0.39375 0.2888888890625 0.3953125 0.2833333328125 0.3875 0.2638888890625 0.3859375 0.2513888890625 0.3859375 0.21944444375 0.38984375 0.19444444375 0.3890625 0.1666666671875 0.39140625 0.15277777812499999 0.3890625 0.134722221875 0.38515625 0.127777778125 0.384375 0.10555555624999999 0.375 0.1041666671875 0.3703125 0.12222222187500001 0.371875 0.2541666671875 0.36875 0.259722221875 0.3578125 0.259722221875 0.3578125 0.26527777812500003 0.36796875 0.272222221875 0.37578125 0.28611111093749997 0.38671875 0.2833333328125 0.39375 0.2888888890625
1 0.43828125 0.24305555625 0.4515625 0.25 0.46796875 0.2513888890625 0.46796875 0.24305555625 0.45390625 0.23055555625 0.45625 0.16944444375 0.4546875 0.090277778125 0.45 0.08055555625000001 0.4453125 0.08194444375 0.4421875 0.090277778125 0.4421875 0.1513888890625 0.43984375 0.1583333328125 0.44140625 0.215277778125 0.43828125 0.222222221875 0.43046875 0.2236111109375 0.4296875 0.23055555625 0.4328125 0.2388888890625 0.43828125 0.24305555625
6 0.70078125 0.25694444375000003 0.7015625 0.2736111109375 0.70625 0.28194444375 0.7171875 0.28472222187499996 0.72421875 0.28055555625 0.72890625 0.2708333328125 0.7375 0.27777777812500004 0.7625 0.2736111109375 0.7640625 0.2416666671875 0.76171875 0.21805555625 0.7578125 0.2125 0.7546875 0.197222221875 0.73515625 0.1861111109375 0.7296875 0.15694444375 0.70625 0.15 0.6890625 0.15 0.6796875 0.165277778125 0.6609375 0.16805555625 0.65625 0.1763888890625 0.6546875 0.1888888890625 0.65390625 0.20555555625 0.65625 0.2166666671875 0.659375 0.21944444375 0.6625 0.2388888890625 0.66953125 0.240277778125 0.67421875 0.23472222187499997 0.69765625 0.24722222187499998 0.70078125 0.25694444375000003
6 0.65625 0.25555555625 0.65703125 0.2416666671875 0.6546875 0.23055555625 0.6359375 0.222222221875 0.63203125 0.2138888890625 0.6328125 0.20416666718749998 0.628125 0.1888888890625 0.625 0.184722221875 0.6078125 0.18055555625 0.5984375 0.1611111109375 0.575 0.1611111109375 0.5671875 0.1888888890625 0.56640625 0.20833333281250002 0.56953125 0.23055555625 0.57265625 0.23055555625 0.5765625 0.2416666671875 0.5859375 0.24722222187499998 0.59453125 0.25833333281250004 0.60546875 0.2611111109375 0.65625 0.25555555625
7 0.846875 0.1208333328125 0.83671875 0.1208333328125 0.83515625 0.13055555624999998 0.84375 0.15 0.865625 0.15 0.8734375 0.1541666671875 0.8875 0.15 0.8671875 0.13055555624999998 0.85703125 0.1291666671875 0.846875 0.1208333328125
7 0.9640625 0.11805555625 0.97265625 0.10555555624999999 0.9734375 0.097222221875 0.96484375 0.090277778125 0.9625 0.08333333281250001 0.96171875 0.11805555625 0.9640625 0.11805555625
7 0.9390625 0.072222221875 0.92265625 0.072222221875 0.9078125 0.08194444375 0.90625 0.11944444375 0.91796875 0.1263888890625 0.925 0.127777778125 0.92734375 0.1208333328125 0.94765625 0.1208333328125 0.95390625 0.0958333328125 0.953125 0.08194444375 0.9390625 0.072222221875
7 0.85703125 0.08055555625000001 0.8625 0.0888888890625 0.8890625 0.11388888906250001 0.89609375 0.11388888906250001 0.89609375 0.08055555625000001 0.87578125 0.072222221875 0.8609375 0.072222221875 0.85703125 0.08055555625000001
7 0.19609375 0.190277778125 0.20546875 0.16805555625 0.20546875 0.1513888890625 0.203125 0.14444444375 0.19453125 0.13888888906250002 0.17265625 0.1111111109375 0.15625 0.10833333281249999 0.15078125 0.1111111109375 0.14765625 0.1208333328125 0.14921875 0.16388888906250001 0.1546875 0.16944444375 0.1578125 0.18194444375000002 0.1625 0.1875 0.175 0.1875 0.184375 0.19583333281249998 0.190625 0.19583333281249998 0.19609375 0.190277778125
7 0.853125 0.2388888890625 0.878125 0.25833333281250004 0.8859375 0.28055555625 0.89609375 0.27638888906250003 0.925 0.27777777812500004 0.9296875 0.2666666671875 0.9296875 0.23055555625 0.9265625 0.22638888906250001 0.915625 0.18194444375000002 0.90625 0.16944444375 0.88125 0.15555555625 0.85625 0.15555555625 0.85234375 0.16944444375 0.84375 0.16805555625 0.840625 0.15555555625 0.82421875 0.15555555625 0.81875 0.15972222187500001 0.815625 0.172222221875 0.8140625 0.1888888890625 0.8171875 0.197222221875 0.8171875 0.2166666671875 0.8203125 0.2236111109375 0.82890625 0.22777777812500002 0.83671875 0.20972222187499998 0.846875 0.215277778125 0.853125 0.2388888890625
7 0.96953125 0.27638888906250003 0.96484375 0.2833333328125 0.95859375 0.30694444375 0.9578125 0.3111111109375 0.9625 0.3138888890625 0.9609375 0.322222221875 0.9578125 0.322222221875 0.9609375 0.3236111109375 0.96328125 0.309722221875 0.96640625 0.30555555624999997 0.96953125 0.27638888906250003
7 0.9875 0.2513888890625 0.98046875 0.3013888890625 0.97890625 0.3361111109375 0.9859375 0.3416666671875 0.99140625 0.352777778125 0.99921875 0.3541666671875 0.99921875 0.2236111109375 0.99375 0.222222221875 0.9875 0.23472222187499997 0.9875 0.2513888890625
7 0.33359375 0.16388888906250001 0.35390625 0.15694444375 0.3640625 0.1458333328125 0.36875 0.15277777812499999 0.36875 0.14444444375 0.36640625 0.1416666671875 0.36875 0.1361111109375 0.36953125 0.1111111109375 0.38125 0.0986111109375 0.3796875 0.0388888890625 0.37578125 0.0375 0.36484375 0.04444444375 0.35546875 0.055555556250000006 0.3421875 0.052777778124999994 0.33671875 0.058333332812500006 0.33359375 0.058333332812500006 0.328125 0.04305555625 0.2875 0.05 0.28125 0.055555556250000006 0.27890625 0.06805555625000001 0.28046875 0.075 0.27578125 0.0958333328125 0.275 0.1611111109375 0.2796875 0.165277778125 0.28203125 0.17916666718750002 0.2875 0.17361111093749998 0.296875 0.17361111093749998 0.3046875 0.19305555624999998 0.325 0.19305555624999998 0.33359375 0.16388888906250001
7 0.3984375 0.1611111109375 0.4015625 0.18055555625 0.41796875 0.184722221875 0.42890625 0.17916666718750002 0.4375 0.16388888906250001 0.4421875 0.1208333328125 0.45546875 0.1208333328125 0.45625 0.177777778125 0.46015625 0.17916666718750002 0.46796875 0.1708333328125 0.478125 0.134722221875 0.478125 0.1 0.4765625 0.04444444375 0.4671875 0.009722221875000001 0.4265625 0.006944443749999999 0.41640625 0.013888889062500001 0.3953125 0.019444443750000002 0.38984375 0.025 0.38828125 0.0388888890625 0.3921875 0.06944444375 0.3890625 0.077777778125 0.3890625 0.0916666671875 0.38671875 0.09305555625 0.38828125 0.1166666671875 0.39375 0.13194444375 0.39375 0.1541666671875 0.3984375 0.1611111109375
7 0.9734375 0.22638888906250001 0.9734375 0.20833333281250002 0.9671875 0.19444444375 0.9375 0.177777778125 0.9296875 0.16944444375 0.91875 0.1708333328125 0.91796875 0.1875 0.92890625 0.2125 0.93125 0.23194444375 0.9375 0.2388888890625 0.94453125 0.2388888890625 0.95546875 0.22916666718749998 0.96953125 0.240277778125 0.9734375 0.22638888906250001
7 0.925 0.12222222187500001 0.925 0.13055555624999998 0.93203125 0.13333333281249998 0.9390625 0.14305555625 0.98046875 0.1583333328125 0.975 0.1458333328125 0.96171875 0.13333333281249998 0.9375 0.12222222187500001 0.925 0.12222222187500001
7 0.7859375 0.13194444375 0.78125 0.13888888906250002 0.7875 0.1513888890625 0.790625 0.1513888890625 0.79296875 0.15 0.79296875 0.12222222187500001 0.78828125 0.11944444375 0.7859375 0.13194444375
7 0.7875 0.09444444375 0.7890625 0.10555555624999999 0.796875 0.10555555624999999 0.796875 0.0958333328125 0.7875 0.09444444375
7 0.7453125 0.1583333328125 0.7640625 0.15972222187500001 0.76875 0.15277777812499999 0.7703125 0.084722221875 0.75546875 0.07638888906249999 0.75 0.07638888906249999 0.7484375 0.084722221875 0.7453125 0.1583333328125
7 0.7390625 0.06944444375 0.69296875 0.047222221875 0.68046875 0.0458333328125 0.67734375 0.047222221875 0.6765625 0.054166667187499996 0.67734375 0.10138888906250001 0.68984375 0.109722221875 0.69375 0.12222222187500001 0.7078125 0.1416666671875 0.71796875 0.1458333328125 0.7265625 0.15555555625 0.73671875 0.15555555625 0.7390625 0.06944444375
4 0.87734375 0.36666666718749996 0.87890625 0.372222221875 0.8765625 0.3791666671875 0.88125 0.3861111109375 0.8875 0.365277778125 0.8890625 0.34305555625 0.89765625 0.3416666671875 0.89375 0.3361111109375 0.8921875 0.2888888890625 0.88828125 0.28611111093749997 0.8765625 0.309722221875 0.8765625 0.34861111093749997 0.86953125 0.35972222187499997 0.87265625 0.36944444375 0.86953125 0.372222221875 0.86484375 0.36666666718749996 0.86328125 0.3736111109375 0.86640625 0.3791666671875 0.87734375 0.36666666718749996
4 0.0765625 0.11944444375 0.07421875 0.055555556250000006 0.0671875 0.05694444375 0.06640625 0.0666666671875 0.05703125 0.084722221875 0.05625 0.09305555625 0.0625 0.10555555624999999 0.06328125 0.1263888890625 0.0671875 0.134722221875 0.06953125 0.16388888906250001 0.07421875 0.16388888906250001 0.0796875 0.14305555625 0.0765625 0.11944444375
4 0.94453125 0.259722221875 0.94375 0.26805555625 0.9421875 0.30416666718749996 0.946875 0.309722221875 0.94921875 0.3083333328125 0.96171875 0.2541666671875 0.96015625 0.23333333281250002 0.9515625 0.23333333281250002 0.94921875 0.252777778125 0.94453125 0.259722221875