1 0.60859375 0.8486111109375001 0.6109375 0.8652777781250001 0.61484375 0.872222221875 0.615625 0.89444444375 0.62421875 0.897222221875 0.6296875 0.8888888890625 0.628125 0.7458333328125 0.63125 0.7402777781250001 0.640625 0.7402777781250001 0.6421875 0.7361111109375 0.6328125 0.7291666671875 0.625 0.7138888890625 0.61328125 0.7166666671875 0.60546875 0.7111111109375 0.60625 0.7236111109375 0.6140625 0.7458333328125 0.6140625 0.7819444437499999 0.6109375 0.8041666671875 0.6125 0.8166666671874999 0.60859375 0.8486111109375001
1 0.5484375 0.91944444375 0.553125 0.91944444375 0.5578125 0.9083333328125001 0.5578125 0.8611111109375 0.56015625 0.8430555562500001 0.55859375 0.7819444437499999 0.56171875 0.7736111109375 0.56953125 0.7736111109375 0.5703125 0.76944444375 0.56796875 0.7611111109375 0.56171875 0.7569444437499999 0.5484375 0.75 0.53125 0.7486111109375 0.53203125 0.7569444437499999 0.54609375 0.76944444375 0.54609375 0.9138888890624999 0.5484375 0.91944444375
6 0.2453125 0.8027777781250001 0.2640625 0.8125 0.26875 0.8388888890624999 0.27265625 0.8444444437499999 0.30859375 0.85 0.321875 0.8333333328125001 0.33203125 0.8361111109375001 0.340625 0.83055555625 0.34375 0.8263888890625 0.3453125 0.8138888890624999 0.34609375 0.7888888890625 0.3375 0.7597222218749999 0.3171875 0.7611111109375 0.30234375 0.752777778125 0.29921875 0.74444444375 0.29765625 0.725 0.2921875 0.7166666671875 0.28203125 0.715277778125 0.27109375 0.7291666671875 0.2625 0.722222221875 0.2375 0.725 0.2359375 0.765277778125 0.23828125 0.7819444437499999 0.2453125 0.8027777781250001
6 0.425 0.8388888890624999 0.43125 0.8208333328125 0.43359375 0.8041666671875 0.4328125 0.7805555562500001 0.4234375 0.7569444437499999 0.4015625 0.7402777781250001 0.34609375 0.7416666671875001 0.34296875 0.7486111109375 0.34453125 0.76805555625 0.365625 0.7805555562500001 0.3671875 0.7888888890625 0.36484375 0.79444444375 0.37109375 0.8111111109375001 0.3921875 0.8222222218749999 0.4015625 0.8388888890624999 0.425 0.8388888890624999
7 0.13984375 0.85 0.11875 0.8444444437499999 0.1109375 0.8444444437499999 0.1078125 0.8486111109375001 0.1328125 0.86944444375 0.1421875 0.8708333328125001 0.15 0.877777778125 0.15546875 0.877777778125 0.15703125 0.8736111109375001 0.15859375 0.8611111109375 0.15546875 0.8486111109375001 0.13984375 0.85
7 0.0296875 0.902777778125 0.0375 0.9138888890624999 0.03828125 0.8819444437499999 0.0359375 0.8819444437499999 0.03125 0.8888888890625 0.0296875 0.902777778125
7 0.05234375 0.877777778125 0.0484375 0.8847222218749999 0.04609375 0.8986111109375001 0.046875 0.91805555625 0.06171875 0.9277777781250001 0.0765625 0.9277777781250001 0.09296875 0.9166666671874999 0.09296875 0.8791666671874999 0.07578125 0.872222221875 0.07109375 0.877777778125 0.05234375 0.877777778125
7 0.10234375 0.91944444375 0.121875 0.9277777781250001 0.1375 0.9291666671875 0.14296875 0.91944444375 0.13671875 0.9111111109375001 0.125 0.897222221875 0.11015625 0.8861111109375001 0.10390625 0.8861111109375001 0.10234375 0.91944444375
7 0.10390625 0.7236111109375 0.07578125 0.722222221875 0.06953125 0.7333333328125 0.06953125 0.76805555625 0.07421875 0.7763888890625 0.08359375 0.8166666671874999 0.0953125 0.83194444375 0.11953125 0.8444444437499999 0.14375 0.8444444437499999 0.1484375 0.840277778125 0.15703125 0.8458333328125001 0.18046875 0.8444444437499999 0.18359375 0.83194444375 0.1859375 0.8125 0.1828125 0.8041666671875 0.18359375 0.7888888890625 0.1796875 0.7736111109375 0.16875 0.772222221875 0.1625 0.7861111109375 0.15859375 0.7875 0.1515625 0.7833333328125 0.14921875 0.7638888890625 0.121875 0.7416666671875001 0.11875 0.725 0.1140625 0.7194444437499999 0.10625 0.7194444437499999 0.10390625 0.7236111109375
7 0.84140625 0.809722221875 0.8078125 0.8041666671875 0.8015625 0.81805555625 0.7953125 0.8236111109375001 0.79453125 0.8486111109375001 0.796875 0.85555555625 0.80546875 0.8611111109375 0.828125 0.8888888890625 0.84921875 0.890277778125 0.8609375 0.8680555562500001 0.846875 0.852777778125 0.84140625 0.809722221875
7 0.6375 0.83055555625 0.63984375 0.8333333328125001 0.640625 0.83055555625 0.6375 0.83055555625
7 0.61953125 0.9013888890624999 0.6203125 0.9625 0.63515625 0.95555555625 0.64453125 0.9444444437499999 0.65625 0.9472222218749999 0.66171875 0.9416666671874999 0.665625 0.94305555625 0.67109375 0.95694444375 0.7140625 0.95 0.71875 0.9444444437499999 0.7203125 0.91805555625 0.72421875 0.902777778125 0.725 0.840277778125 0.71875 0.83055555625 0.71796875 0.8222222218749999 0.70234375 0.8263888890625 0.69765625 0.809722221875 0.69375 0.8055555562500001 0.675 0.80694444375 0.66953125 0.83055555625 0.66640625 0.834722221875 0.64375 0.83194444375 0.63515625 0.8458333328125001 0.63125 0.8444444437499999 0.63125 0.8916666671875 0.61953125 0.9013888890624999
7 0.55546875 0.91944444375 0.54921875 0.91944444375 0.5421875 0.9055555562500001 0.54453125 0.8708333328125001 0.54375 0.8222222218749999 0.5390625 0.8222222218749999 0.53046875 0.8361111109375001 0.5234375 0.859722221875 0.521875 0.875 0.5234375 0.984722221875 0.5390625 0.9930555562500001 0.57265625 0.9930555562500001 0.6046875 0.9791666671874999 0.6109375 0.9666666671874999 0.61171875 0.8833333328125 0.60234375 0.8652777781250001 0.60546875 0.85694444375 0.60546875 0.8458333328125001 0.60078125 0.8388888890624999 0.596875 0.8194444437499999 0.578125 0.8166666671874999 0.57109375 0.8222222218749999 0.56953125 0.83055555625 0.565625 0.8333333328125001 0.56171875 0.8444444437499999 0.55859375 0.86944444375 0.56015625 0.8916666671875 0.55546875 0.91944444375
7 0.00625 0.7208333328125 0.00078125 0.7291666671875 0.00078125 0.7791666671875 0.00625 0.7819444437499999 0.01171875 0.7666666671875 0.0125 0.7291666671875 0.00625 0.7208333328125
7 0.0578125 0.7597222218749999 0.05078125 0.7666666671875 0.03984375 0.76944444375 0.03046875 0.752777778125 0.02578125 0.7736111109375 0.0265625 0.797222221875 0.03359375 0.8055555562500001 0.06953125 0.8291666671875 0.08046875 0.8291666671875 0.08046875 0.8083333328125001 0.0671875 0.7638888890625 0.0578125 0.7597222218749999
7 0.0359375 0.8458333328125001 0.01953125 0.840277778125 0.01953125 0.8486111109375001 0.0234375 0.85555555625 0.0390625 0.8666666671875 0.05625 0.875 0.07265625 0.875 0.0734375 0.86944444375 0.0609375 0.85694444375 0.046875 0.85555555625 0.0359375 0.8458333328125001
7 0.21171875 0.8833333328125 0.21875 0.8611111109375 0.2140625 0.8486111109375001 0.209375 0.847222221875 0.20703125 0.8486111109375001 0.20546875 0.8652777781250001 0.2078125 0.8847222218749999 0.21171875 0.8833333328125
7 0.203125 0.9041666671874999 0.20546875 0.9055555562500001 0.21171875 0.9055555562500001 0.20703125 0.890277778125 0.203125 0.89305555625 0.203125 0.9041666671874999
7 0.2328125 0.91944444375 0.24921875 0.925 0.2515625 0.909722221875 0.25546875 0.8444444437499999 0.24921875 0.8388888890624999 0.23671875 0.840277778125 0.23125 0.847222221875 0.22890625 0.9138888890624999 0.2328125 0.91944444375
7 0.32109375 0.952777778125 0.3234375 0.9444444437499999 0.3234375 0.902777778125 0.31953125 0.8958333328125001 0.31171875 0.8916666671875 0.30546875 0.86944444375 0.29296875 0.85694444375 0.28125 0.8541666671874999 0.2734375 0.8444444437499999 0.265625 0.8416666671874999 0.2625 0.8458333328125001 0.26015625 0.9138888890624999 0.26171875 0.93194444375 0.27734375 0.9416666671874999 0.31328125 0.9541666671875 0.32109375 0.952777778125
4 0.84375 0.847222221875 0.8484375 0.8583333328125 0.8546875 0.8611111109375 0.85703125 0.85694444375 0.8546875 0.809722221875 0.85078125 0.8027777781250001 0.84609375 0.8027777781250001 0.84140625 0.815277778125 0.84375 0.847222221875