2 0.0140625 0.47083333281249995 0.01640625 0.4763888890625 0.025 0.477777778125 0.0328125 0.46666666718750005 0.0296875 0.4458333328125 0.02265625 0.425 0.01328125 0.43194444374999996 0.0140625 0.47083333281249995
1 0.43203125 0.240277778125 0.4375 0.24305555625 0.45234375 0.25 0.46875 0.2513888890625 0.46796875 0.2416666671875 0.45546875 0.23472222187499997 0.4515625 0.2166666671875 0.45234375 0.17916666718750002 0.4546875 0.1708333328125 0.4546875 0.0861111109375 0.453125 0.08055555625000001 0.44453125 0.08055555625000001 0.4421875 0.0861111109375 0.44140625 0.215277778125 0.43828125 0.22916666718749998 0.4265625 0.22638888906250001 0.42578125 0.23055555625 0.428125 0.23333333281250002 0.43046875 0.22777777812500002 0.43359375 0.22916666718749998 0.43203125 0.240277778125
1 0.38828125 0.28055555625 0.40078125 0.2888888890625 0.4015625 0.28055555625 0.38515625 0.25555555625 0.38515625 0.1916666671875 0.3828125 0.1888888890625 0.38515625 0.14305555625 0.3828125 0.10555555624999999 0.3796875 0.1 0.3703125 0.1041666671875 0.371875 0.2541666671875 0.35703125 0.2541666671875 0.36171875 0.259722221875 0.36171875 0.26805555625 0.35625 0.26527777812500003 0.36640625 0.2708333328125 0.375 0.28611111093749997 0.38828125 0.28055555625
7 0.88203125 0.27638888906250003 0.88515625 0.2791666671875 0.90625 0.27638888906250003 0.9109375 0.2666666671875 0.9140625 0.2486111109375 0.9265625 0.23055555625 0.915625 0.18194444375000002 0.9109375 0.17361111093749998 0.89296875 0.15972222187500001 0.86953125 0.1541666671875 0.85546875 0.15555555625 0.85234375 0.15972222187500001 0.84609375 0.15555555625 0.81953125 0.15694444375 0.81953125 0.1833333328125 0.83046875 0.19583333281249998 0.83359375 0.20416666718749998 0.84765625 0.215277778125 0.85 0.23472222187499997 0.8546875 0.2416666671875 0.878125 0.25833333281250004 0.88203125 0.27638888906250003
7 0.9796875 0.34027777812500004 0.99921875 0.33888888906250003 0.99921875 0.2666666671875 0.9953125 0.2611111109375 0.98671875 0.2611111109375 0.9828125 0.27638888906250003 0.98046875 0.30555555624999997 0.9796875 0.34027777812500004
7 0.9640625 0.3111111109375 0.96640625 0.30694444375 0.96953125 0.24583333281250003 0.9421875 0.23194444375 0.93046875 0.23194444375 0.9171875 0.24722222187499998 0.9125 0.2611111109375 0.9078125 0.290277778125 0.91015625 0.3 0.92421875 0.3263888890625 0.94765625 0.33194444375 0.94765625 0.34305555625 0.95625 0.35555555625 0.9609375 0.3416666671875 0.9640625 0.3111111109375
7 0.9671875 0.11805555625 0.9640625 0.102777778125 0.9625 0.11805555625 0.9671875 0.11805555625
7 0.9734375 0.10555555624999999 0.9734375 0.0958333328125 0.9703125 0.097222221875 0.9734375 0.10555555624999999
7 0.9515625 0.1166666671875 0.95390625 0.090277778125 0.95078125 0.08055555625000001 0.9390625 0.072222221875 0.92578125 0.07083333281250001 0.90625 0.08333333281250001 0.9015625 0.097222221875 0.90625 0.102777778125 0.90546875 0.11805555625 0.9078125 0.1208333328125 0.9265625 0.127777778125 0.93125 0.1208333328125 0.94609375 0.1208333328125 0.9515625 0.1166666671875
7 0.99921875 0.22777777812500002 0.9921875 0.222222221875 0.98828125 0.23472222187499997 0.98828125 0.2541666671875 0.99921875 0.25555555625 0.99921875 0.22777777812500002
7 0.97421875 0.20555555625 0.96953125 0.197222221875 0.928125 0.16944444375 0.91953125 0.16944444375 0.91953125 0.1916666671875 0.92421875 0.20416666718749998 0.92890625 0.20833333281250002 0.93125 0.22777777812500002 0.959375 0.23611111093749998 0.96796875 0.24305555625 0.971875 0.2388888890625 0.97421875 0.20555555625
7 0.92734375 0.125 0.925 0.1291666671875 0.946875 0.14305555625 0.95625 0.15555555625 0.978125 0.16388888906250001 0.97890625 0.15 0.9734375 0.14305555625 0.94375 0.125 0.92734375 0.125
7 0.8484375 0.23194444375 0.84375 0.21944444375 0.834375 0.2166666671875 0.82890625 0.1986111109375 0.81875 0.1888888890625 0.8171875 0.17361111093749998 0.81796875 0.18194444375000002 0.8125 0.19305555624999998 0.81015625 0.2541666671875 0.81484375 0.25555555625 0.8171875 0.26805555625 0.8203125 0.2708333328125 0.83671875 0.2708333328125 0.8421875 0.27638888906250003 0.84765625 0.26527777812500003 0.8484375 0.23194444375
7 0.7703125 0.16388888906250001 0.76171875 0.15277777812499999 0.75 0.15972222187500001 0.7375 0.184722221875 0.73671875 0.2166666671875 0.7390625 0.222222221875 0.74765625 0.22638888906250001 0.7546875 0.2208333328125 0.76640625 0.22777777812500002 0.76875 0.197222221875 0.7765625 0.1888888890625 0.7703125 0.16388888906250001
7 0.7859375 0.13888888906250002 0.7828125 0.1458333328125 0.7796875 0.1833333328125 0.78125 0.2125 0.77890625 0.24305555625 0.78046875 0.2541666671875 0.7859375 0.25694444375000003 0.790625 0.23611111093749998 0.79453125 0.15972222187500001 0.79296875 0.1416666671875 0.7859375 0.13888888906250002
7 0.74140625 0.16805555625 0.73828125 0.165277778125 0.7375 0.16805555625 0.74140625 0.16805555625
7 0.79296875 0.0958333328125 0.7890625 0.0958333328125 0.7921875 0.10555555624999999 0.7953125 0.10138888906250001 0.79296875 0.0958333328125
7 0.7453125 0.1541666671875 0.75546875 0.15555555625 0.7578125 0.15 0.76875 0.147222221875 0.76875 0.08333333281250001 0.74765625 0.072222221875 0.7453125 0.09305555625 0.7453125 0.1541666671875
7 0.73515625 0.15694444375 0.7375 0.1041666671875 0.74140625 0.072222221875 0.7234375 0.058333332812500006 0.7015625 0.055555556250000006 0.68203125 0.04444444375 0.67734375 0.047222221875 0.6765625 0.055555556250000006 0.6765625 0.0986111109375 0.68671875 0.10555555624999999 0.69140625 0.11388888906250001 0.69296875 0.13055555624999998 0.7 0.14305555625 0.71328125 0.1541666671875 0.73671875 0.1666666671875 0.73515625 0.15694444375
7 0.85 0.1208333328125 0.83984375 0.1208333328125 0.83828125 0.125 0.83828125 0.14444444375 0.84375 0.15277777812499999 0.85234375 0.15555555625 0.85703125 0.1513888890625 0.88203125 0.15 0.87265625 0.134722221875 0.85703125 0.1291666671875 0.85 0.1208333328125
7 0.85625 0.08055555625000001 0.8625 0.0888888890625 0.8765625 0.10555555624999999 0.89375 0.11388888906250001 0.89609375 0.08055555625000001 0.8796875 0.072222221875 0.859375 0.07083333281250001 0.85625 0.08055555625000001
4 0.1390625 0.058333332812500006 0.14375 0.054166667187499996 0.1421875 0.030555556249999997 0.1359375 0.030555556249999997 0.13203125 0.0361111109375 0.12890625 0.05 0.125 0.055555556250000006 0.12578125 0.10138888906250001 0.1296875 0.097222221875 0.1328125 0.08333333281250001 0.1375 0.0916666671875 0.13515625 0.06944444375 0.1390625 0.058333332812500006