1 0.4375 0.24305555625 0.4515625 0.25 0.46875 0.2513888890625 0.46875 0.24305555625 0.45390625 0.23055555625 0.45234375 0.20694444375 0.45625 0.16805555625 0.45390625 0.0861111109375 0.44765625 0.08055555625000001 0.4421875 0.0916666671875 0.4421875 0.15277777812499999 0.43984375 0.1583333328125 0.44140625 0.2166666671875 0.43828125 0.22638888906250001 0.4296875 0.22638888906250001 0.4296875 0.23194444375 0.43203125 0.2388888890625 0.4375 0.24305555625
1 0.39453125 0.2888888890625 0.39375 0.27638888906250003 0.3875 0.2638888890625 0.3859375 0.2541666671875 0.3859375 0.21944444375 0.3890625 0.20277777812500003 0.39140625 0.1513888890625 0.3890625 0.134722221875 0.384375 0.125 0.384375 0.10555555624999999 0.3765625 0.102777778125 0.371875 0.10833333281249999 0.371875 0.2541666671875 0.36796875 0.259722221875 0.3578125 0.259722221875 0.3578125 0.26527777812500003 0.36875 0.272222221875 0.37578125 0.28611111093749997 0.38671875 0.2833333328125 0.39453125 0.2888888890625
6 0.71796875 0.28472222187499996 0.73046875 0.26805555625 0.7328125 0.275 0.7375 0.27777777812500004 0.76171875 0.27777777812500004 0.7640625 0.259722221875 0.76171875 0.2166666671875 0.7546875 0.197222221875 0.73515625 0.1875 0.73046875 0.1583333328125 0.71328125 0.1513888890625 0.690625 0.15 0.68125 0.16388888906250001 0.67421875 0.1611111109375 0.6640625 0.165277778125 0.65546875 0.18055555625 0.65390625 0.2125 0.6609375 0.2375 0.66328125 0.2416666671875 0.684375 0.2388888890625 0.6984375 0.24722222187499998 0.70234375 0.275 0.70703125 0.28194444375 0.71796875 0.28472222187499996
6 0.63671875 0.222222221875 0.6328125 0.215277778125 0.6359375 0.20555555625 0.63125 0.2 0.628125 0.1888888890625 0.6078125 0.1763888890625 0.6 0.1611111109375 0.5765625 0.15972222187500001 0.56875 0.17916666718750002 0.56640625 0.21111111093749999 0.56953125 0.22916666718749998 0.57578125 0.240277778125 0.59453125 0.25694444375000003 0.6515625 0.25833333281250004 0.65703125 0.25 0.65546875 0.23055555625 0.63671875 0.222222221875
7 0.83671875 0.1208333328125 0.83671875 0.1291666671875 0.8453125 0.1513888890625 0.88984375 0.1513888890625 0.88515625 0.14305555625 0.8671875 0.13055555624999998 0.8390625 0.1208333328125 0.83671875 0.1208333328125
7 0.971875 0.10555555624999999 0.971875 0.097222221875 0.9625 0.08333333281250001 0.96171875 0.11805555625 0.9640625 0.11805555625 0.971875 0.10555555624999999
7 0.9234375 0.072222221875 0.90703125 0.084722221875 0.90625 0.11944444375 0.9203125 0.127777778125 0.93125 0.1208333328125 0.946875 0.12222222187500001 0.95390625 0.10138888906250001 0.95390625 0.08333333281250001 0.9390625 0.072222221875 0.9234375 0.072222221875
7 0.8609375 0.072222221875 0.85703125 0.08055555625000001 0.8640625 0.090277778125 0.8765625 0.1041666671875 0.88984375 0.11388888906250001 0.89609375 0.11388888906250001 0.89765625 0.08055555625000001 0.878125 0.072222221875 0.8609375 0.072222221875
7 0.19765625 0.18194444375000002 0.20546875 0.1708333328125 0.2046875 0.147222221875 0.171875 0.1111111109375 0.15625 0.10833333281249999 0.146875 0.12222222187500001 0.1453125 0.14305555625 0.1484375 0.16388888906250001 0.1546875 0.16805555625 0.16171875 0.1875 0.17421875 0.1875 0.18203125 0.19583333281249998 0.19296875 0.19583333281249998 0.19765625 0.18194444375000002
7 0.84921875 0.21805555625 0.85078125 0.23611111093749998 0.878125 0.25833333281250004 0.88125 0.275 0.8859375 0.28055555625 0.89296875 0.28055555625 0.8953125 0.27638888906250003 0.925 0.27777777812500004 0.93046875 0.26527777812500003 0.93046875 0.23333333281250002 0.92578125 0.2236111109375 0.91640625 0.1833333328125 0.90625 0.16944444375 0.88046875 0.15555555625 0.85625 0.15555555625 0.8515625 0.15972222187500001 0.83671875 0.15277777812499999 0.81875 0.15555555625 0.815625 0.16944444375 0.8140625 0.1888888890625 0.8171875 0.197222221875 0.81640625 0.2166666671875 0.8203125 0.22638888906250001 0.83046875 0.22777777812500002 0.8375 0.2125 0.846875 0.215277778125 0.84921875 0.21805555625
7 0.3375 0.16388888906250001 0.34765625 0.147222221875 0.35546875 0.1513888890625 0.3578125 0.13194444375 0.36875 0.127777778125 0.36953125 0.10833333281249999 0.37578125 0.10138888906250001 0.38046875 0.10138888906250001 0.3796875 0.0388888890625 0.375 0.0375 0.3640625 0.04444444375 0.35546875 0.055555556250000006 0.34375 0.052777778124999994 0.3375 0.0625 0.33203125 0.055555556250000006 0.33125 0.047222221875 0.328125 0.04305555625 0.28671875 0.05 0.28125 0.05694444375 0.28046875 0.075 0.27578125 0.097222221875 0.275 0.15972222187500001 0.27890625 0.1625 0.28125 0.175 0.29609375 0.172222221875 0.30625 0.19444444375 0.32421875 0.19305555624999998 0.3328125 0.16388888906250001 0.3375 0.16388888906250001
7 0.43828125 0.15555555625 0.44140625 0.13888888906250002 0.43984375 0.10833333281249999 0.4453125 0.08055555625000001 0.4515625 0.08194444375 0.45703125 0.09305555625 0.45625 0.17916666718750002 0.46015625 0.18055555625 0.46640625 0.17361111093749998 0.4765625 0.15 0.478125 0.125 0.47578125 0.047222221875 0.46796875 0.009722221875000001 0.43046875 0.00555555625 0.39609375 0.019444443750000002 0.3890625 0.029166667187500002 0.38828125 0.1166666671875 0.3953125 0.13333333281249998 0.39375 0.1513888890625 0.4 0.1666666671875 0.40078125 0.17916666718750002 0.40625 0.1833333328125 0.421875 0.1833333328125 0.43828125 0.15555555625
7 0.9953125 0.275 0.99921875 0.2708333328125 0.99921875 0.2208333328125 0.99375 0.21805555625 0.98828125 0.23472222187499997 0.9875 0.26944444375 0.9953125 0.275
7 0.9640625 0.24305555625 0.96875 0.24722222187499998 0.971875 0.24305555625 0.975 0.2166666671875 0.9734375 0.20277777812500003 0.96640625 0.19444444375 0.928125 0.16944444375 0.9234375 0.16805555625 0.91875 0.17361111093749998 0.91875 0.1888888890625 0.92265625 0.19583333281249998 0.925 0.2138888890625 0.9328125 0.23611111093749998 0.94296875 0.240277778125 0.9515625 0.23055555625 0.959375 0.23055555625 0.9640625 0.24305555625
7 0.94375 0.125 0.9265625 0.12222222187500001 0.92578125 0.13055555624999998 0.940625 0.14305555625 0.9546875 0.14444444375 0.96484375 0.1541666671875 0.98046875 0.15972222187500001 0.97890625 0.147222221875 0.97578125 0.14305555625 0.94375 0.125
7 0.79296875 0.12222222187500001 0.7890625 0.1208333328125 0.7875 0.125 0.784375 0.13888888906250002 0.79296875 0.140277778125 0.79296875 0.12222222187500001
7 0.7890625 0.10555555624999999 0.79140625 0.10833333281249999 0.78828125 0.1166666671875 0.79140625 0.1111111109375 0.79296875 0.1166666671875 0.79765625 0.097222221875 0.78828125 0.09305555625 0.7890625 0.10555555624999999
7 0.7484375 0.0861111109375 0.7453125 0.1583333328125 0.76484375 0.1583333328125 0.76953125 0.1416666671875 0.77109375 0.0888888890625 0.76796875 0.08194444375 0.75234375 0.075 0.74921875 0.077777778125 0.7484375 0.0861111109375
7 0.7390625 0.06944444375 0.69375 0.047222221875 0.6796875 0.0458333328125 0.67734375 0.047222221875 0.6765625 0.055555556250000006 0.67734375 0.10138888906250001 0.6859375 0.10555555624999999 0.69453125 0.127777778125 0.70859375 0.14305555625 0.71875 0.1458333328125 0.73203125 0.1583333328125 0.7375 0.1541666671875 0.7390625 0.06944444375