2 0.45555555625000005 0.95234375 0.4458333328125 0.953125 0.4388888890625 0.96171875 0.42083333281249996 0.9640625 0.41944444374999995 0.975 0.4375 0.9765625 0.46388888906250003 0.97421875 0.46944444374999994 0.96953125 0.46527777812500004 0.95703125 0.45555555625000005 0.95234375
1 0.10833333281249999 0.61328125 0.102777778125 0.625 0.10555555624999999 0.628125 0.115277778125 0.6296875 0.1513888890625 0.62734375 0.252777778125 0.62734375 0.259722221875 0.63125 0.2611111109375 0.640625 0.26527777812500003 0.640625 0.272222221875 0.63203125 0.28611111093749997 0.625 0.2888888890625 0.6203125 0.2833333328125 0.6140625 0.290277778125 0.60546875 0.2833333328125 0.6046875 0.2638888890625 0.6125 0.240277778125 0.61484375 0.10833333281249999 0.61328125
1 0.0861111109375 0.5453125 0.08333333281250001 0.55 0.0875 0.55703125 0.2166666671875 0.5578125 0.22777777812500002 0.56171875 0.22638888906250001 0.56875 0.23194444375 0.5703125 0.2388888890625 0.56796875 0.24305555625 0.56171875 0.2513888890625 0.53125 0.24444444375000002 0.53046875 0.23611111093749998 0.54296875 0.225 0.54609375 0.18055555625 0.54609375 0.16944444375 0.54375 0.15 0.54609375 0.0861111109375 0.5453125
6 0.222222221875 0.2390625 0.2166666671875 0.2375 0.19305555624999998 0.2484375 0.190277778125 0.26328125 0.15694444375 0.27109375 0.15 0.30859375 0.16388888906250001 0.31796875 0.1666666671875 0.3296875 0.177777778125 0.33515625 0.1708333328125 0.3390625 0.17916666718750002 0.34375 0.21111111093749999 0.34453125 0.2388888890625 0.33828125 0.24305555625 0.3328125 0.2416666671875 0.3171875 0.24722222187499998 0.303125 0.252777778125 0.3 0.272222221875 0.29765625 0.28194444375 0.2921875 0.28472222187499996 0.28046875 0.275 0.2734375 0.2791666671875 0.24453125 0.272222221875 0.23671875 0.240277778125 0.2359375 0.222222221875 0.2390625
6 0.15972222187500001 0.4015625 0.15972222187500001 0.42265625 0.18055555625 0.43125 0.19583333281249998 0.43359375 0.21805555625 0.4328125 0.24305555625 0.42265625 0.259722221875 0.39453125 0.25833333281250004 0.35 0.2513888890625 0.34296875 0.23611111093749998 0.34296875 0.22916666718749998 0.3453125 0.21805555625 0.365625 0.20138888906250002 0.3625 0.190277778125 0.36328125 0.184722221875 0.37890625 0.17361111093749998 0.39375 0.15972222187500001 0.4015625
7 0.2791666671875 0.07890625 0.26805555625 0.06953125 0.23333333281250002 0.06953125 0.22638888906250001 0.0734375 0.1833333328125 0.08359375 0.172222221875 0.090625 0.15555555625 0.11484375 0.15555555625 0.14375 0.16805555625 0.14921875 0.15972222187500001 0.1515625 0.15555555625 0.16171875 0.15555555625 0.18125 0.1625 0.1828125 0.19305555624999998 0.1859375 0.197222221875 0.1828125 0.2208333328125 0.18125 0.22916666718749998 0.17578125 0.23055555625 0.16875 0.22638888906250001 0.16484375 0.21805555625 0.16328125 0.21944444375 0.1546875 0.23611111093749998 0.14921875 0.25833333281250004 0.121875 0.275 0.11875 0.28055555625 0.11328125 0.27638888906250003 0.10390625 0.2791666671875 0.07890625
7 0.2236111109375 0.00078125 0.21805555625 0.01015625 0.2708333328125 0.0125 0.28055555625 0.00546875 0.27777777812500004 0.00078125 0.2236111109375 0.00078125
7 0.16805555625 0.0765625 0.172222221875 0.08046875 0.1888888890625 0.08125 0.20416666718749998 0.075 0.20833333281250002 0.0703125 0.23055555625 0.06953125 0.23611111093749998 0.0671875 0.240277778125 0.06328125 0.240277778125 0.040625 0.25 0.03125 0.24583333281250003 0.028125 0.21805555625 0.0234375 0.20555555625 0.02421875 0.2 0.02734375 0.16944444375 0.071875 0.16805555625 0.0765625
7 0.1263888890625 0.07265625 0.1291666671875 0.07421875 0.140277778125 0.06171875 0.15972222187500001 0.021875 0.147222221875 0.0234375 0.13055555624999998 0.04453125 0.125 0.0578125 0.1263888890625 0.07265625
7 0.10833333281249999 0.209375 0.1125 0.2140625 0.1291666671875 0.21484375 0.1375 0.2203125 0.14444444375 0.21484375 0.15277777812499999 0.2140625 0.1541666671875 0.21015625 0.15277777812499999 0.20703125 0.140277778125 0.2046875 0.11944444375 0.20546875 0.097222221875 0.2015625 0.09305555625 0.20390625 0.09444444375 0.2125 0.10833333281249999 0.209375
7 0.09305555625 0.22890625 0.08194444375 0.2328125 0.07638888906249999 0.23984375 0.072222221875 0.25 0.077777778125 0.25078125 0.1583333328125 0.2546875 0.1583333328125 0.23359375 0.15555555625 0.23125 0.1375 0.22890625 0.09305555625 0.22890625
7 0.15555555625 0.2734375 0.15555555625 0.2640625 0.06944444375 0.2609375 0.059722221875 0.27578125 0.054166667187499996 0.30078125 0.04444444375 0.31875 0.05694444375 0.3234375 0.097222221875 0.3234375 0.1111111109375 0.3109375 0.13055555624999998 0.3078125 0.15555555625 0.2734375