1 0.5666666671875 0.09375 0.5611111109375 0.0875 0.5319444437499999 0.0734375 0.5333333328125 0.06875 0.5583333328125 0.06796875 0.565277778125 0.06640625 0.5666666671875 0.06328125 0.5486111109375 0.06015625 0.4986111109375 0.0640625 0.47222222187499996 0.05703125 0.44166666718750003 0.06015625 0.4166666671875 0.05625 0.40416666718750005 0.06171875 0.3458333328125 0.06328125 0.34861111093749997 0.06640625 0.35555555625 0.0671875 0.44305555625000004 0.0703125 0.45 0.09296875 0.4583333328125 0.096875 0.48055555625 0.1 0.5361111109375 0.115625 0.5486111109375 0.11796875 0.5666666671875 0.1171875 0.5666666671875 0.09375
1 0.6236111109375 0.21875 0.64305555625 0.21796875 0.6569444437499999 0.18984375 0.66805555625 0.18125 0.66944444375 0.14140625 0.6569444437499999 0.13984375 0.6111111109375 0.14453125 0.602777778125 0.1671875 0.5958333328125 0.1734375 0.5888888890625 0.17265625 0.5722222218749999 0.1640625 0.5694444437499999 0.15 0.565277778125 0.14921875 0.49444444374999996 0.15625 0.4986111109375 0.18125 0.5138888890625 0.18203125 0.5236111109375 0.18671875 0.5416666671875 0.18828125 0.6236111109375 0.21875
1 0.85694444375 0.39140625 0.875 0.38671875 0.89444444375 0.3859375 0.89444444375 0.375 0.8847222218749999 0.3703125 0.7458333328125 0.371875 0.7402777781250001 0.36875 0.7388888890625 0.36015625 0.7333333328125 0.359375 0.7291666671875 0.3671875 0.7194444437499999 0.3703125 0.7138888890625 0.37578125 0.7166666671875 0.38671875 0.7111111109375 0.39375 0.7236111109375 0.39375 0.7402777781250001 0.38671875 0.7875 0.38671875 0.79305555625 0.3890625 0.85694444375 0.39140625
1 0.8194444437499999 0.45625 0.877777778125 0.4546875 0.9069444437499999 0.45703125 0.9166666671874999 0.44921875 0.9138888890624999 0.44375 0.909722221875 0.44296875 0.85694444375 0.4421875 0.8444444437499999 0.43984375 0.7861111109375 0.44140625 0.7736111109375 0.4375 0.7763888890625 0.43125 0.76944444375 0.4296875 0.7611111109375 0.4328125 0.7569444437499999 0.43828125 0.7486111109375 0.45703125 0.7486111109375 0.46796875 0.7569444437499999 0.46875 0.76805555625 0.4578125 0.7833333328125 0.45390625 0.8194444437499999 0.45625
7 0.7333333328125 0.9296875 0.7638888890625 0.93046875 0.7986111109375 0.921875 0.8166666671874999 0.915625 0.83194444375 0.90390625 0.8444444437499999 0.88046875 0.8444444437499999 0.85546875 0.840277778125 0.853125 0.8444444437499999 0.8390625 0.840277778125 0.82421875 0.83055555625 0.81640625 0.79444444375 0.81640625 0.7791666671875 0.81953125 0.7736111109375 0.82421875 0.7736111109375 0.83203125 0.7819444437499999 0.8375 0.7833333328125 0.84609375 0.777777778125 0.84921875 0.7638888890625 0.85078125 0.7416666671875001 0.878125 0.727777778125 0.88125 0.7194444437499999 0.88828125 0.7236111109375 0.8953125 0.7236111109375 0.92265625 0.7333333328125 0.9296875
7 0.40277777812500004 0.06796875 0.415277778125 0.06796875 0.4138888890625 0.065625 0.40694444374999994 0.0671875 0.3958333328125 0.06328125 0.372222221875 0.06328125 0.384722221875 0.0671875 0.397222221875 0.065625 0.40277777812500004 0.06796875
7 0.44166666718750003 0.10625 0.4166666671875 0.10546875 0.3958333328125 0.10859375 0.3791666671875 0.125 0.38194444375000003 0.14140625 0.4166666671875 0.14140625 0.4291666671875 0.1375 0.48333333281249996 0.13046875 0.490277778125 0.12734375 0.5319444437499999 0.1234375 0.5319444437499999 0.11953125 0.540277778125 0.11640625 0.5666666671875 0.11640625 0.5666666671875 0.09375 0.5319444437499999 0.07421875 0.5319444437499999 0.0671875 0.5527777781250001 0.0671875 0.5541666671875001 0.0625 0.5513888890625 0.06640625 0.5458333328125 0.065625 0.546759721875 0.0625 0.5393513890625 0.0625 0.5333333328125 0.06640625 0.5319444437499999 0.0625 0.4986111109375 0.065625 0.475 0.0578125 0.45277777812500003 0.05859375 0.44444444375 0.0625 0.4375 0.0625 0.447222221875 0.0765625 0.45 0.10078125 0.44166666718750003 0.10625
7 0.66944444375 0.0109375 0.6569444437499999 0.0015625 0.6416666671875 0 0.6347222218749999 0.00390625 0.6291666671875 0.04453125 0.6236111109375 0.05 0.6236111109375 0.05625 0.63055555625 0.0640625 0.63055555625 0.0890625 0.6138888890625 0.1015625 0.6166666671875001 0.11171875 0.6375 0.115625 0.64305555625 0.11328125 0.66944444375 0.11171875 0.672222221875 0.034375 0.66944444375 0.0109375
7 0.4361111109375 0.23671875 0.4361111109375 0.2796875 0.45416666718750004 0.28125 0.46527777812500004 0.3078125 0.4236111109375 0.30625 0.41111111093749997 0.3140625 0.41111111093749997 0.31953125 0.440277778125 0.3375 0.4458333328125 0.3484375 0.48194444374999995 0.36328125 0.5319444437499999 0.3640625 0.5555555562500001 0.3609375 0.565277778125 0.35703125 0.5888888890625 0.34140625 0.60694444375 0.31875 0.627777778125 0.30390625 0.6361111109375 0.29296875 0.64305555625 0.290625 0.6458333328125 0.28203125 0.6666666671875 0.27421875 0.6708333328125 0.2609375 0.684722221875 0.25546875 0.672222221875 0.246875 0.66944444375 0.23203125 0.6569444437499999 0.22734375 0.6333333328124999 0.22421875 0.63055555625 0.22109375 0.64444444375 0.2171875 0.6569444437499999 0.18984375 0.6666666671875 0.18203125 0.66805555625 0.140625 0.6083333328125 0.1453125 0.602777778125 0.15 0.602777778125 0.1609375 0.5916666671875 0.1703125 0.58194444375 0.16875 0.5708333328124999 0.16015625 0.56805555625 0.15 0.475 0.15625 0.42222222187499997 0.16484375 0.43055555625 0.18984375 0.43194444374999996 0.21328125 0.44444444375 0.22265625 0.44305555625000004 0.23046875 0.4361111109375 0.23671875
7 0.7194444437499999 0.99921875 0.722222221875 0.99609375 0.7402777781250001 0.99453125 0.7388888890625 0.9859375 0.6958333328124999 0.98046875 0.6625 0.9796875 0.6583333328125 0.9859375 0.6486111109375 0.9890625 0.647222221875 0.99921875 0.7194444437499999 0.99921875
7 0.85694444375 0.8421875 0.85 0.846875 0.85 0.8671875 0.8458333328125001 0.87421875 0.8458333328125001 0.88046875 0.85 0.8828125 0.8583333328125 0.8796875 0.86944444375 0.86640625 0.8708333328125001 0.85625 0.8791666671874999 0.8484375 0.877777778125 0.8421875 0.8680555562500001 0.83984375 0.85694444375 0.8421875
7 0.9138888890624999 0.90625 0.9055555562500001 0.90546875 0.88055555625 0.90546875 0.86944444375 0.92578125 0.875 0.9421875 0.88055555625 0.9484375 0.89305555625 0.953125 0.89444444375 0.95703125 0.8819444437499999 0.9609375 0.8819444437499999 0.96484375 0.89444444375 0.971875 0.9138888890624999 0.96640625 0.91805555625 0.9625 0.9277777781250001 0.93828125 0.9236111109375 0.9140625 0.9138888890624999 0.90625
7 0.9236111109375 0.8578125 0.91944444375 0.85625 0.8958333328125001 0.87265625 0.8861111109375001 0.8875 0.8847222218749999 0.89921875 0.9208333328125 0.896875 0.9305555562500001 0.865625 0.9236111109375 0.8578125
7 0.9458333328125 0.3546875 0.9486111109375001 0.34453125 0.9416666671874999 0.3359375 0.9416666671874999 0.33359375 0.95694444375 0.3265625 0.95 0.28828125 0.94305555625 0.28125 0.9166666671874999 0.28125 0.9013888890624999 0.27578125 0.8430555562500001 0.275 0.825 0.28125 0.8291666671875 0.296875 0.80694444375 0.30390625 0.80694444375 0.32421875 0.8361111109375001 0.33359375 0.83194444375 0.35703125 0.840277778125 0.36875 0.8888888890625 0.36875 0.897222221875 0.37890625 0.902777778125 0.38046875 0.9583333328125001 0.3796875 0.9625 0.375 0.9458333328125 0.3546875
7 0.877777778125 0.45546875 0.8236111109375001 0.4578125 0.83055555625 0.46640625 0.86944444375 0.478125 0.9736111109375001 0.4765625 0.9902777781250001 0.4734375 0.99444444375 0.43125 0.98055555625 0.3953125 0.9708333328125001 0.3890625 0.8847222218749999 0.38828125 0.877777778125 0.39140625 0.8416666671874999 0.39375 0.8291666671875 0.39921875 0.8194444437499999 0.4 0.815277778125 0.41953125 0.8208333328125 0.42890625 0.83055555625 0.4328125 0.83194444375 0.43671875 0.85694444375 0.44140625 0.9069444437499999 0.4421875 0.9166666671874999 0.4484375 0.9069444437499999 0.45859375 0.877777778125 0.45546875
7 0.76944444375 0.98984375 0.7458333328125 0.98828125 0.74444444375 0.99375 0.7569444437499999 0.9953125 0.7597222218749999 0.99921875 0.7708333328125 0.99921875 0.777777778125 0.99296875 0.76944444375 0.98984375
7 0.8263888890625 0.98515625 0.83055555625 0.984375 0.827777778125 0.9828125 0.8263888890625 0.98515625
7 0.7611111109375 0.9375 0.7597222218749999 0.96875 0.7638888890625 0.971875 0.79444444375 0.975 0.8041666671875 0.96796875 0.8291666671875 0.92890625 0.8291666671875 0.9203125 0.809722221875 0.91953125 0.8041666671875 0.9234375 0.7708333328125 0.93046875 0.7611111109375 0.9375
7 0.8444444437499999 0.98046875 0.852777778125 0.9765625 0.8680555562500001 0.959375 0.8791666671874999 0.9359375 0.8763888890624999 0.92421875 0.8708333328125001 0.9234375 0.8666666671875 0.93046875 0.85694444375 0.93515625 0.8361111109375001 0.98046875 0.8444444437499999 0.98046875
7 0.8708333328125001 0.79296875 0.8708333328125001 0.7875 0.8583333328125 0.78671875 0.852777778125 0.7890625 0.85694444375 0.79296875 0.8708333328125001 0.79296875
7 0.9055555562500001 0.79140625 0.902777778125 0.7859375 0.8847222218749999 0.7890625 0.8833333328125 0.79296875 0.890277778125 0.79296875 0.89444444375 0.796875 0.902777778125 0.796875 0.9055555562500001 0.79140625
7 0.88055555625 0.74609375 0.8430555562500001 0.74609375 0.840277778125 0.75859375 0.8444444437499999 0.7671875 0.9138888890624999 0.77265625 0.91944444375 0.76796875 0.925 0.75078125 0.88055555625 0.74609375
7 0.89305555625 0.6859375 0.8708333328125001 0.6953125 0.8444444437499999 0.71875 0.840277778125 0.73046875 0.8444444437499999 0.73671875 0.9305555562500001 0.7390625 0.9416666671874999 0.71796875 0.9486111109375001 0.68828125 0.952777778125 0.68515625 0.952777778125 0.68046875 0.9472222218749999 0.6765625 0.897222221875 0.67734375 0.89305555625 0.6859375
4 0.44444444375 0 0.4236111109375 0.00625 0.42222222187499997 0.0109375 0.447222221875 0.01328125 0.4375 0.0203125 0.44444444375 0.025 0.47222222187499996 0.01875 0.5375 0.01875 0.55694444375 0.003125 0.55694444375 0 0.44444444375 0
4 0.40694444374999994 0.31953125 0.40694444374999994 0.31171875 0.41805555625 0.30625 0.46944444374999994 0.3078125 0.50555555625 0.30390625 0.5097222218749999 0.30078125 0.5305555562500001 0.296875 0.5361111109375 0.3 0.5555555562500001 0.3 0.5666666671875 0.29296875 0.5666666671875 0.2875 0.55694444375 0.28125 0.5361111109375 0.28125 0.5291666671875 0.275 0.51805555625 0.2734375 0.48333333281249996 0.27265625 0.47083333281249995 0.275 0.4583333328125 0.28125 0.44444444375 0.2828125 0.44444444375 0.28515625 0.434722221875 0.28828125 0.40555555625000006 0.29296875 0.3625 0.29375 0.35694444375 0.29765625 0.36944444375 0.309375 0.3861111109375 0.30625 0.38333333281250004 0.31328125 0.3986111109375 0.3203125 0.40694444374999994 0.31953125
4 0.915277778125 0.55390625 0.915277778125 0.55078125 0.9069444437499999 0.54921875 0.902777778125 0.5453125 0.86944444375 0.54296875 0.847222221875 0.54296875 0.847222221875 0.553125 0.877777778125 0.55546875 0.8888888890625 0.56015625 0.915277778125 0.55390625
4 0.847222221875 0.53203125 0.85694444375 0.5359375 0.89444444375 0.53828125 0.9166666671874999 0.53125 0.9055555562500001 0.52421875 0.8486111109375001 0.5234375 0.847222221875 0.53203125