2 0.97578125 0.5791666671875 0.97421875 0.5375 0.9703125 0.5319444437499999 0.96484375 0.5319444437499999 0.9625 0.5361111109375 0.96328125 0.577777778125 0.96640625 0.58194444375 0.97578125 0.5791666671875
1 0.61484375 0.8916666671875 0.6265625 0.897222221875 0.63125 0.8888888890625 0.62734375 0.8416666671874999 0.62734375 0.7541666671875 0.63125 0.7402777781250001 0.6421875 0.7388888890625 0.63125 0.727777778125 0.625 0.7138888890625 0.6203125 0.7111111109375 0.61328125 0.7166666671875 0.60546875 0.7111111109375 0.60625 0.722222221875 0.61328125 0.734722221875 0.61484375 0.8375 0.61171875 0.847222221875 0.61484375 0.8916666671875
1 0.5453125 0.9138888890624999 0.5484375 0.91805555625 0.55703125 0.9138888890624999 0.5578125 0.784722221875 0.5625 0.7736111109375 0.56953125 0.7736111109375 0.5703125 0.76944444375 0.5671875 0.7611111109375 0.53984375 0.7486111109375 0.53828125 0.7611111109375 0.53515625 0.7611111109375 0.5328125 0.7486111109375 0.53125 0.7569444437499999 0.54765625 0.79305555625 0.54375 0.83055555625 0.54609375 0.8541666671874999 0.5453125 0.9138888890624999
6 0.2359375 0.765277778125 0.23828125 0.7819444437499999 0.2421875 0.7875 0.2453125 0.8027777781250001 0.26484375 0.8125 0.26953125 0.8416666671874999 0.29375 0.85 0.30859375 0.85 0.31875 0.8361111109375001 0.34296875 0.827777778125 0.34375 0.7819444437499999 0.33671875 0.7597222218749999 0.325 0.7569444437499999 0.31796875 0.7611111109375 0.303125 0.7541666671875 0.3 0.747222221875 0.2984375 0.727777778125 0.29375 0.7180555562500001 0.28828125 0.715277778125 0.2765625 0.7180555562500001 0.2703125 0.7291666671875 0.2625 0.722222221875 0.2375 0.725 0.2359375 0.765277778125
6 0.4015625 0.840277778125 0.425 0.8388888890624999 0.43125 0.8194444437499999 0.43359375 0.8013888890624999 0.43125 0.7736111109375 0.4234375 0.7597222218749999 0.41171875 0.752777778125 0.4015625 0.7402777781250001 0.35 0.7416666671875001 0.34296875 0.7486111109375 0.3453125 0.7708333328125 0.36328125 0.7763888890625 0.3671875 0.7833333328125 0.36328125 0.79444444375 0.3640625 0.8083333328125001 0.39375 0.8263888890625 0.4015625 0.840277778125
7 0.11875 0.85694444375 0.12578125 0.8652777781250001 0.14296875 0.8708333328125001 0.15078125 0.8791666671874999 0.16015625 0.877777778125 0.16171875 0.86944444375 0.15625 0.8486111109375001 0.10703125 0.8458333328125001 0.10859375 0.852777778125 0.11875 0.85694444375
7 0.0328125 0.9069444437499999 0.0375 0.9111111109375001 0.0375 0.8819444437499999 0.03359375 0.8847222218749999 0.03046875 0.89444444375 0.0328125 0.9069444437499999
7 0.07734375 0.872222221875 0.07265625 0.8791666671874999 0.05390625 0.877777778125 0.04765625 0.8833333328125 0.0453125 0.9111111109375001 0.0484375 0.91944444375 0.06171875 0.9277777781250001 0.0765625 0.9277777781250001 0.09296875 0.915277778125 0.09375 0.88055555625 0.08828125 0.875 0.07734375 0.872222221875
7 0.13125 0.9291666671875 0.1390625 0.9277777781250001 0.14296875 0.922222221875 0.14296875 0.91805555625 0.125 0.897222221875 0.1109375 0.8861111109375001 0.1046875 0.8861111109375001 0.103125 0.91944444375 0.13125 0.9291666671875
7 0.06953125 0.7333333328125 0.06953125 0.76805555625 0.0734375 0.7736111109375 0.08359375 0.8166666671874999 0.090625 0.827777778125 0.1203125 0.8444444437499999 0.14375 0.8444444437499999 0.14765625 0.8388888890624999 0.15859375 0.8444444437499999 0.18125 0.8444444437499999 0.1828125 0.8388888890624999 0.1859375 0.8194444437499999 0.18125 0.777777778125 0.178125 0.7736111109375 0.16875 0.7708333328125 0.16328125 0.7819444437499999 0.153125 0.7819444437499999 0.14921875 0.7638888890625 0.12890625 0.74444444375 0.12109375 0.7416666671875001 0.11875 0.725 0.11328125 0.7194444437499999 0.10390625 0.7236111109375 0.075 0.722222221875 0.06953125 0.7333333328125
7 0.00703125 0.722222221875 0.00078125 0.725 0.00078125 0.7805555562500001 0.00703125 0.7819444437499999 0.01171875 0.7638888890625 0.0125 0.73194444375 0.00703125 0.722222221875
7 0.08125 0.8263888890625 0.08125 0.8083333328125001 0.07734375 0.8041666671875 0.07421875 0.7833333328125 0.06484375 0.7611111109375 0.04921875 0.7638888890625 0.0453125 0.7597222218749999 0.03828125 0.7611111109375 0.03125 0.752777778125 0.028125 0.7569444437499999 0.025 0.79444444375 0.03046875 0.8027777781250001 0.071875 0.83055555625 0.078125 0.83194444375 0.08125 0.8263888890625
7 0.04609375 0.8541666671874999 0.03671875 0.8458333328125001 0.01953125 0.840277778125 0.0203125 0.8541666671874999 0.0265625 0.859722221875 0.05390625 0.8736111109375001 0.0734375 0.877777778125 0.075 0.86944444375 0.0703125 0.8666666671875 0.06640625 0.85694444375 0.04609375 0.8541666671874999
7 0.2140625 0.8791666671874999 0.21484375 0.86944444375 0.2203125 0.8625 0.21328125 0.8486111109375001 0.20859375 0.8486111109375001 0.20703125 0.877777778125 0.2109375 0.8833333328125 0.2140625 0.8791666671874999
7 0.21171875 0.9 0.20703125 0.890277778125 0.203125 0.89444444375 0.203125 0.9041666671874999 0.20859375 0.9069444437499999 0.21171875 0.9069444437499999 0.21171875 0.9
7 0.24609375 0.925 0.25078125 0.9236111109375 0.2515625 0.9125 0.2546875 0.8416666671874999 0.2375 0.840277778125 0.23125 0.847222221875 0.22890625 0.9083333328125001 0.23203125 0.91805555625 0.24609375 0.925
7 0.3234375 0.9513888890625 0.325 0.9069444437499999 0.32265625 0.8986111109375001 0.3125 0.8916666671875 0.3125 0.872222221875 0.29453125 0.85694444375 0.28203125 0.8541666671874999 0.2734375 0.8444444437499999 0.26484375 0.8430555562500001 0.2625 0.85694444375 0.2609375 0.9291666671875 0.2765625 0.940277778125 0.309375 0.952777778125 0.3203125 0.95555555625 0.3234375 0.9513888890625
4 0.9453125 0.659722221875 0.95 0.6611111109375 0.95234375 0.6569444437499999 0.9515625 0.6458333328125 0.95625 0.6416666671875 0.9609375 0.6152777781250001 0.9609375 0.5986111109375 0.95234375 0.5930555562500001 0.94921875 0.559722221875 0.94296875 0.5541666671875001 0.93828125 0.54444444375 0.9375 0.5333333328125 0.934375 0.5333333328125 0.93203125 0.5555555562500001 0.93359375 0.6041666671875 0.93046875 0.60694444375 0.93125 0.63055555625 0.9375 0.64305555625 0.94296875 0.647222221875 0.9453125 0.659722221875