2 0.0328125 0.46666666718750005 0.0296875 0.44444444375 0.02421875 0.4263888890625 0.01875 0.425 0.01484375 0.4291666671875 0.0125 0.43333333281249997 0.0140625 0.47222222187499996 0.01796875 0.477777778125 0.025 0.477777778125 0.0328125 0.46666666718750005
1 0.36953125 0.10555555624999999 0.371875 0.1208333328125 0.3703125 0.25555555625 0.3578125 0.259722221875 0.35703125 0.2666666671875 0.36640625 0.2708333328125 0.37578125 0.2888888890625 0.3796875 0.2888888890625 0.3828125 0.28055555625 0.40078125 0.2888888890625 0.4015625 0.28055555625 0.38515625 0.2541666671875 0.3828125 0.2125 0.3828125 0.10138888906250001 0.36953125 0.10555555624999999
6 0.78046875 0.22777777812500002 0.77890625 0.275 0.78203125 0.27638888906250003 0.78671875 0.2666666671875 0.78828125 0.23611111093749998 0.784375 0.21805555625 0.78125 0.21944444375 0.78046875 0.22777777812500002
6 0.74296875 0.27777777812500004 0.75 0.26527777812500003 0.75 0.24444444375000002 0.75390625 0.240277778125 0.76328125 0.24305555625 0.76640625 0.23333333281250002 0.76875 0.18055555625 0.76328125 0.1763888890625 0.76015625 0.16805555625 0.75703125 0.11805555625 0.75 0.10555555624999999 0.72734375 0.0958333328125 0.7125 0.09444444375 0.70625 0.097222221875 0.7015625 0.10555555624999999 0.69921875 0.1416666671875 0.68828125 0.15555555625 0.68359375 0.16944444375 0.6875 0.177777778125 0.68828125 0.225 0.69453125 0.2388888890625 0.70625 0.24305555625 0.7109375 0.240277778125 0.71796875 0.21805555625 0.7234375 0.21805555625 0.72890625 0.23333333281250002 0.73125 0.2666666671875 0.7375 0.27638888906250003 0.74296875 0.27777777812500004
7 0.9265625 0.23055555625 0.91640625 0.1833333328125 0.90625 0.16944444375 0.89453125 0.16388888906250001 0.89296875 0.15972222187500001 0.8625 0.1541666671875 0.85625 0.15555555625 0.8515625 0.16805555625 0.8484375 0.15972222187500001 0.83828125 0.15555555625 0.81875 0.15555555625 0.8171875 0.15972222187500001 0.815625 0.17916666718750002 0.81796875 0.1833333328125 0.82890625 0.19444444375 0.8375 0.2125 0.84921875 0.2166666671875 0.85 0.22916666718749998 0.85546875 0.24305555625 0.878125 0.25833333281250004 0.88203125 0.27638888906250003 0.88515625 0.2791666671875 0.90625 0.27638888906250003 0.9109375 0.26805555625 0.9140625 0.2486111109375 0.9265625 0.23055555625
7 0.98046875 0.27777777812500004 0.98203125 0.2958333328125 0.97890625 0.34027777812500004 0.99921875 0.33888888906250003 0.99921875 0.26805555625 0.99296875 0.259722221875 0.9875 0.259722221875 0.98046875 0.27777777812500004
7 0.94296875 0.23194444375 0.92734375 0.23333333281250002 0.91328125 0.25694444375000003 0.9078125 0.28611111093749997 0.9078125 0.29722222187499997 0.915625 0.3083333328125 0.9203125 0.322222221875 0.92578125 0.32777777812500003 0.94296875 0.33055555625 0.95078125 0.352777778125 0.9578125 0.35555555625 0.96015625 0.352777778125 0.9640625 0.3263888890625 0.96875 0.28055555625 0.971875 0.27777777812500004 0.96953125 0.26944444375 0.96953125 0.24583333281250003 0.94296875 0.23194444375
7 0.99921875 0.25555555625 0.99921875 0.22638888906250001 0.9953125 0.21805555625 0.99140625 0.21944444375 0.98828125 0.23472222187499997 0.98828125 0.2541666671875 0.99921875 0.25555555625
7 0.9296875 0.20972222187499998 0.93046875 0.22777777812500002 0.94453125 0.23055555625 0.96796875 0.24305555625 0.971875 0.240277778125 0.97421875 0.20555555625 0.96953125 0.197222221875 0.92890625 0.16944444375 0.91953125 0.16944444375 0.91875 0.1875 0.92421875 0.20416666718749998 0.9296875 0.20972222187499998
7 0.97265625 0.1611111109375 0.97734375 0.1611111109375 0.97890625 0.15694444375 0.978125 0.147222221875 0.95546875 0.13055555624999998 0.93203125 0.12222222187500001 0.92578125 0.1263888890625 0.925 0.1291666671875 0.94765625 0.14305555625 0.9578125 0.15555555625 0.97265625 0.1611111109375
7 0.88125 0.14305555625 0.86640625 0.13055555624999998 0.85625 0.127777778125 0.8484375 0.11944444375 0.83671875 0.1208333328125 0.8359375 0.1361111109375 0.8390625 0.15 0.85 0.15555555625 0.88203125 0.15 0.88125 0.14305555625
7 0.89453125 0.10138888906250001 0.89765625 0.0916666671875 0.89609375 0.08055555625000001 0.87421875 0.07083333281250001 0.85703125 0.0736111109375 0.85625 0.08055555625000001 0.875 0.1041666671875 0.8890625 0.11388888906250001 0.8953125 0.1111111109375 0.89453125 0.10138888906250001
4 0.69375 0.2708333328125 0.6921875 0.2888888890625 0.696875 0.3263888890625 0.69296875 0.3541666671875 0.6953125 0.365277778125 0.703125 0.36666666718749996 0.7046875 0.3625 0.70234375 0.35555555625 0.7078125 0.3111111109375 0.7140625 0.3083333328125 0.71171875 0.2958333328125 0.71171875 0.2541666671875 0.70625 0.2513888890625 0.70078125 0.2638888890625 0.69375 0.2708333328125
4 0.6046875 0.440277778125 0.60546875 0.36805555624999997 0.6015625 0.3513888890625 0.60546875 0.33194444375 0.60078125 0.3236111109375 0.59453125 0.3291666671875 0.59375 0.34444444375 0.5828125 0.35694444375 0.58125 0.36944444375 0.57890625 0.4388888890625 0.5734375 0.47361111093749997 0.57421875 0.49583333281249997 0.58515625 0.49305555625 0.58125 0.48055555625 0.58984375 0.44305555625000004 0.5921875 0.44305555625000004 0.59765625 0.45694444375 0.60078125 0.4791666671875 0.60859375 0.48055555625 0.6125 0.47361111093749997 0.6125 0.46805555625000006 0.6078125 0.4625 0.6046875 0.440277778125