1 0.6109375 0.8458333328125001 0.61484375 0.8861111109375001 0.61796875 0.8958333328125001 0.6265625 0.8958333328125001 0.63046875 0.8888888890625 0.62734375 0.8388888890624999 0.62734375 0.7486111109375 0.63125 0.7402777781250001 0.640625 0.7402777781250001 0.6421875 0.7361111109375 0.63125 0.727777778125 0.62421875 0.7138888890625 0.61328125 0.7166666671875 0.60625 0.709722221875 0.60625 0.722222221875 0.61328125 0.734722221875 0.61484375 0.7611111109375 0.61484375 0.8388888890624999 0.6109375 0.8458333328125001
1 0.55703125 0.9138888890624999 0.5578125 0.7833333328125 0.56328125 0.7736111109375 0.56953125 0.7736111109375 0.5703125 0.76944444375 0.56796875 0.7611111109375 0.56171875 0.7569444437499999 0.5328125 0.7486111109375 0.53125 0.7569444437499999 0.54375 0.765277778125 0.54765625 0.784722221875 0.54375 0.83194444375 0.54609375 0.8513888890624999 0.5453125 0.915277778125 0.55703125 0.9138888890624999
6 0.24609375 0.8027777781250001 0.26484375 0.8125 0.26953125 0.8416666671874999 0.29375 0.85 0.30859375 0.85 0.31875 0.834722221875 0.3296875 0.8333333328125001 0.334375 0.827777778125 0.3390625 0.83194444375 0.34375 0.825 0.34453125 0.7861111109375 0.33671875 0.7597222218749999 0.325 0.7569444437499999 0.31796875 0.7611111109375 0.3015625 0.752777778125 0.29921875 0.73194444375 0.29453125 0.7194444437499999 0.28125 0.715277778125 0.2703125 0.7291666671875 0.26328125 0.722222221875 0.2375 0.7263888890625 0.2359375 0.7666666671875 0.23828125 0.7833333328125 0.24609375 0.8027777781250001
6 0.40234375 0.840277778125 0.42421875 0.8388888890624999 0.43125 0.8194444437499999 0.43359375 0.8027777781250001 0.43125 0.7763888890625 0.42265625 0.7583333328124999 0.41171875 0.752777778125 0.4046875 0.7430555562500001 0.34921875 0.7416666671875001 0.34375 0.7458333328125 0.34453125 0.76944444375 0.3625 0.7763888890625 0.3671875 0.7833333328125 0.36328125 0.79305555625 0.36484375 0.8111111109375001 0.39296875 0.8236111109375001 0.40234375 0.840277778125
7 0.15546875 0.8486111109375001 0.1130859375 0.8458333328125001 0.11171875 0.852777778125 0.1078125 0.847222221875 0.11015625 0.852777778125 0.11796875 0.85555555625 0.1265625 0.8652777781250001 0.14375 0.8708333328125001 0.15 0.877777778125 0.15625 0.877777778125 0.16015625 0.86944444375 0.1609375 0.8625 0.15546875 0.8486111109375001
7 0.03515625 0.9069444437499999 0.0375 0.9138888890624999 0.0390625 0.9069444437499999 0.0421875 0.9069444437499999 0.04609375 0.9166666671874999 0.0609375 0.9277777781250001 0.07578125 0.9277777781250001 0.09296875 0.915277778125 0.09375 0.88055555625 0.08125 0.872222221875 0.0765625 0.872222221875 0.0734375 0.877777778125 0.0515625 0.877777778125 0.04609375 0.8833333328125 0.0453125 0.897222221875 0.0421875 0.902777778125 0.03828125 0.9 0.0375 0.8819444437499999 0.0328125 0.8861111109375001 0.0296875 0.8986111109375001 0.0296875 0.902777778125 0.03515625 0.9069444437499999
7 0.10234375 0.9069444437499999 0.10390625 0.91944444375 0.13125 0.9291666671875 0.1390625 0.9277777781250001 0.14296875 0.922222221875 0.1421875 0.9166666671874999 0.125 0.897222221875 0.1109375 0.8861111109375001 0.1046875 0.8861111109375001 0.10234375 0.9069444437499999
7 0.06953125 0.7666666671875 0.07421875 0.7763888890625 0.084375 0.81805555625 0.090625 0.827777778125 0.1203125 0.8444444437499999 0.14375 0.8444444437499999 0.14765625 0.840277778125 0.15234375 0.8444444437499999 0.18125 0.8444444437499999 0.18359375 0.83194444375 0.184375 0.80694444375 0.1796875 0.7736111109375 0.16875 0.7708333328125 0.16328125 0.7819444437499999 0.153125 0.7819444437499999 0.14921875 0.7638888890625 0.121875 0.7416666671875001 0.11875 0.725 0.1140625 0.7194444437499999 0.10703125 0.7194444437499999 0.10390625 0.7236111109375 0.07578125 0.722222221875 0.06953125 0.73194444375 0.06953125 0.7666666671875
7 0.00625 0.7208333328125 0.00078125 0.727777778125 0.00078125 0.7805555562500001 0.00703125 0.7805555562500001 0.01171875 0.7666666671875 0.0125 0.73194444375 0.00625 0.7208333328125
7 0.08125 0.8083333328125001 0.07734375 0.8041666671875 0.075 0.7861111109375 0.0671875 0.7638888890625 0.0625 0.7597222218749999 0.0390625 0.7611111109375 0.03125 0.7541666671875 0.028125 0.7583333328124999 0.025 0.7805555562500001 0.0265625 0.797222221875 0.07109375 0.83055555625 0.078125 0.83194444375 0.08125 0.8263888890625 0.08125 0.8083333328125001
7 0.0234375 0.85694444375 0.05390625 0.8736111109375001 0.07421875 0.8763888890624999 0.075 0.86944444375 0.05625 0.8541666671874999 0.0453125 0.8541666671874999 0.03671875 0.8458333328125001 0.01953125 0.840277778125 0.0234375 0.85694444375
7 0.21953125 0.8625 0.2140625 0.8486111109375001 0.20703125 0.8486111109375001 0.20703125 0.8791666671874999 0.2140625 0.877777778125 0.21484375 0.8680555562500001 0.21953125 0.8625
7 0.20234375 0.902777778125 0.20703125 0.9069444437499999 0.21171875 0.9069444437499999 0.2078125 0.8833333328125 0.203125 0.89305555625 0.20234375 0.902777778125
7 0.25078125 0.9236111109375 0.2546875 0.8416666671874999 0.23671875 0.840277778125 0.23125 0.8458333328125001 0.2296875 0.8583333328125 0.2296875 0.9111111109375001 0.23359375 0.91944444375 0.25078125 0.9236111109375
7 0.3234375 0.9444444437499999 0.325 0.9069444437499999 0.31953125 0.8958333328125001 0.3140625 0.89305555625 0.309375 0.88055555625 0.309375 0.8708333328125001 0.29453125 0.85694444375 0.28046875 0.852777778125 0.27421875 0.8444444437499999 0.2640625 0.8444444437499999 0.2609375 0.9305555562500001 0.27578125 0.940277778125 0.3171875 0.95555555625 0.32265625 0.9541666671875 0.3234375 0.9444444437499999
4 0.9609375 0.4763888890625 0.95703125 0.477777778125 0.9546875 0.490277778125 0.96328125 0.5138888890625 0.971875 0.58055555625 0.97734375 0.590277778125 0.9765625 0.60694444375 0.98515625 0.60694444375 0.98515625 0.5930555562500001 0.99375 0.5722222218749999 0.99453125 0.5555555562500001 0.99296875 0.547222221875 0.98671875 0.5375 0.9875 0.5236111109375 0.98359375 0.5041666671875 0.98125 0.46805555625000006 0.9765625 0.45 0.97109375 0.45694444375 0.97421875 0.46944444374999994 0.975 0.50555555625 0.96953125 0.50555555625 0.96875 0.4986111109375 0.9625 0.4888888890625 0.9609375 0.4763888890625