2 0.56805555625 0.01328125 0.5291666671875 0.0140625 0.522222221875 0.01875 0.522222221875 0.02421875 0.5333333328125 0.0328125 0.5555555562500001 0.0296875 0.575 0.02265625 0.56805555625 0.01328125
1 0.872222221875 0.38203125 0.89444444375 0.38203125 0.8986111109375001 0.384375 0.9 0.37734375 0.89444444375 0.36953125 0.8791666671874999 0.371875 0.74444444375 0.3703125 0.7416666671875001 0.359375 0.734722221875 0.35703125 0.7291666671875 0.36640625 0.7111111109375 0.37578125 0.7111111109375 0.3796875 0.7208333328125 0.3859375 0.7111111109375 0.4 0.7208333328125 0.4015625 0.725 0.39609375 0.7486111109375 0.384375 0.8444444437499999 0.384375 0.872222221875 0.38203125
6 0.7236111109375 0.78203125 0.7361111109375 0.7875 0.765277778125 0.78828125 0.777777778125 0.78359375 0.7708333328125 0.7796875 0.725 0.77890625 0.7236111109375 0.78203125
6 0.722222221875 0.74296875 0.7333333328125 0.75 0.75555555625 0.75 0.7597222218749999 0.75390625 0.7569444437499999 0.7640625 0.765277778125 0.76640625 0.8194444437499999 0.76875 0.8236111109375001 0.76328125 0.83194444375 0.76015625 0.8819444437499999 0.75703125 0.89444444375 0.75 0.9041666671874999 0.72734375 0.902777778125 0.70625 0.89305555625 0.7015625 0.85694444375 0.6984375 0.85555555625 0.6953125 0.83055555625 0.68359375 0.8222222218749999 0.6875 0.7736111109375 0.6890625 0.7611111109375 0.6953125 0.7569444437499999 0.70390625 0.7611111109375 0.7109375 0.7819444437499999 0.71640625 0.7833333328125 0.721875 0.76944444375 0.72890625 0.73194444375 0.73203125 0.7236111109375 0.7375 0.722222221875 0.74296875
7 0.6611111109375 0.99921875 0.73194444375 0.99921875 0.7388888890625 0.99453125 0.7402777781250001 0.98671875 0.6944444437499999 0.98046875 0.659722221875 0.97890625 0.6611111109375 0.99921875
7 0.66944444375 0.94140625 0.647222221875 0.95078125 0.64444444375 0.9578125 0.6986111109375 0.9671875 0.7541666671875 0.96953125 0.76805555625 0.9421875 0.76805555625 0.93046875 0.7541666671875 0.91796875 0.7416666671875001 0.91328125 0.7041666671875 0.90703125 0.6736111109375 0.9234375 0.66944444375 0.94140625
7 0.81805555625 0.915625 0.83055555625 0.90625 0.8416666671874999 0.890625 0.8444444437499999 0.85546875 0.83194444375 0.85234375 0.8444444437499999 0.83828125 0.8444444437499999 0.81875 0.840277778125 0.8171875 0.81805555625 0.8171875 0.8027777781250001 0.83125 0.7875 0.83828125 0.7833333328125 0.84921875 0.7708333328125 0.85 0.7583333328124999 0.8546875 0.7416666671875001 0.878125 0.725 0.88125 0.7208333328125 0.88515625 0.7236111109375 0.90625 0.7333333328125 0.9109375 0.7513888890625 0.9140625 0.76944444375 0.9265625 0.81805555625 0.915625
7 0.79444444375 0.50546875 0.73194444375 0.5046875 0.7236111109375 0.50625 0.722222221875 0.51015625 0.73194444375 0.51640625 0.75 0.51796875 0.790277778125 0.5109375 0.79444444375 0.50546875
7 0.6944444437499999 0.44921875 0.6958333328124999 0.459375 0.70694444375 0.4640625 0.7083333328125 0.47578125 0.7138888890625 0.478125 0.8486111109375001 0.4796875 0.8888888890625 0.46015625 0.89444444375 0.45390625 0.909722221875 0.38828125 0.8986111109375001 0.38046875 0.9111111109375001 0.38046875 0.9138888890624999 0.3609375 0.9041666671874999 0.3375 0.89444444375 0.3328125 0.8819444437499999 0.33125 0.784722221875 0.33046875 0.7736111109375 0.3375 0.7666666671875 0.353125 0.74444444375 0.3578125 0.7430555562500001 0.36953125 0.75 0.371875 0.8194444437499999 0.371875 0.8166666671874999 0.3828125 0.8125 0.384375 0.7458333328125 0.38671875 0.727777778125 0.43359375 0.722222221875 0.4375 0.7083333328125 0.4390625 0.6944444437499999 0.44921875
7 0.7430555562500001 0.99296875 0.74444444375 0.99921875 0.7736111109375 0.99921875 0.7819444437499999 0.99296875 0.7666666671875 0.98828125 0.747222221875 0.9875 0.7430555562500001 0.99296875
7 0.790277778125 0.9296875 0.772222221875 0.93125 0.7638888890625 0.95859375 0.7569444437499999 0.96796875 0.7597222218749999 0.971875 0.79444444375 0.97421875 0.8027777781250001 0.96953125 0.83055555625 0.92890625 0.83055555625 0.91953125 0.8111111109375001 0.91953125 0.797222221875 0.92421875 0.790277778125 0.9296875
7 0.85694444375 0.946875 0.85 0.94921875 0.8444444437499999 0.95625 0.8361111109375001 0.97578125 0.8388888890624999 0.978125 0.85 0.97890625 0.8666666671875 0.96015625 0.875 0.94296875 0.8736111109375001 0.9265625 0.8708333328125001 0.925 0.8583333328125 0.9390625 0.85694444375 0.946875
7 0.85694444375 0.87578125 0.8652777781250001 0.87265625 0.8708333328125001 0.8578125 0.8791666671874999 0.85 0.877777778125 0.83828125 0.8625 0.83671875 0.8486111109375001 0.84140625 0.8458333328125001 0.85546875 0.85 0.875 0.85694444375 0.87578125
7 0.9263888890624999 0.85703125 0.91805555625 0.85703125 0.8958333328125001 0.87578125 0.8861111109375001 0.89375 0.9083333328125001 0.89765625 0.91944444375 0.896875 0.9291666671875 0.8734375 0.9263888890624999 0.85703125