1 0.36805555624999997 0.78125 0.34305555625 0.78125 0.3375 0.79921875 0.3263888890625 0.8125 0.32083333281250004 0.8140625 0.31805555625 0.825 0.31805555625 0.83203125 0.3416666671875 0.83125 0.36805555624999997 0.81953125 0.375 0.81875 0.3916666671875 0.8234375 0.40972222187499996 0.8234375 0.427777778125 0.81875 0.4513888890625 0.81953125 0.4916666671875 0.81484375 0.4916666671875 0.809375 0.48472222187499997 0.80703125 0.4791666671875 0.8109375 0.45555555625000005 0.81015625 0.36805555624999997 0.78125
1 0.13194444375 0.61015625 0.12361111093749999 0.61328125 0.10555555624999999 0.61484375 0.10555555624999999 0.625 0.1111111109375 0.628125 0.2513888890625 0.628125 0.259722221875 0.63125 0.2611111109375 0.640625 0.2666666671875 0.640625 0.2708333328125 0.63203125 0.2833333328125 0.6234375 0.28194444375 0.6140625 0.2888888890625 0.60625 0.27777777812500004 0.60625 0.25833333281250004 0.61328125 0.215277778125 0.61328125 0.20833333281250002 0.6109375 0.15972222187500001 0.60859375 0.13194444375 0.61015625
1 0.172222221875 0.54375 0.097222221875 0.54453125 0.0888888890625 0.55078125 0.09444444375 0.55703125 0.14444444375 0.5578125 0.15555555625 0.56015625 0.2166666671875 0.55859375 0.2236111109375 0.5625 0.222222221875 0.56875 0.23055555625 0.5703125 0.2388888890625 0.5671875 0.24305555625 0.56171875 0.2513888890625 0.54296875 0.2513888890625 0.53203125 0.24444444375000002 0.53125 0.23055555625 0.54375 0.2166666671875 0.54609375 0.172222221875 0.54375
7 0.22638888906250001 0.07109375 0.1833333328125 0.084375 0.16805555625 0.0953125 0.15555555625 0.11875 0.15555555625 0.14453125 0.15972222187500001 0.146875 0.15555555625 0.1515625 0.15555555625 0.17109375 0.1611111109375 0.1796875 0.1708333328125 0.184375 0.1833333328125 0.1859375 0.2236111109375 0.1796875 0.22777777812500002 0.171875 0.2166666671875 0.1625 0.215277778125 0.153125 0.21805555625 0.15078125 0.23611111093749998 0.14921875 0.25833333281250004 0.121875 0.272222221875 0.11875 0.28055555625 0.1125 0.275 0.10234375 0.27638888906250003 0.07578125 0.2666666671875 0.0703125 0.22638888906250001 0.07109375
7 0.30555555624999997 0.03359375 0.29305555625 0.03359375 0.29305555625 0.0375 0.3083333328125 0.0375 0.30555555624999997 0.03359375
7 0.23055555625 0.01015625 0.290277778125 0.01875 0.3236111109375 0.021875 0.3375 0.0203125 0.3416666671875 0.0140625 0.3513888890625 0.01015625 0.352777778125 0.00078125 0.275 0.00078125 0.272222221875 0.00390625 0.26527777812500003 0.00390625 0.2611111109375 0.00078125 0.2541666671875 0.00390625 0.24444444375000002 0.00390625 0.24305555625 0.00078125 0.22777777812500002 0.00078125 0.23055555625 0.01015625
7 0.15555555625 0.12265625 0.15 0.11796875 0.14305555625 0.1203125 0.13055555624999998 0.1328125 0.1291666671875 0.14453125 0.1208333328125 0.1515625 0.1208333328125 0.16015625 0.1361111109375 0.1609375 0.1513888890625 0.15625 0.15 0.13828125 0.15555555625 0.12265625
7 0.084722221875 0.10234375 0.08055555625000001 0.1046875 0.072222221875 0.12578125 0.072222221875 0.1375 0.07638888906249999 0.140625 0.08055555625000001 0.14296875 0.10555555624999999 0.125 0.11388888906250001 0.11328125 0.115277778125 0.10078125 0.084722221875 0.10234375
7 0.51944444375 0.88125 0.5263888890625 0.884375 0.51944444375 0.88828125 0.5305555562500001 0.89375 0.54305555625 0.89453125 0.5555555562500001 0.88984375 0.5694444437499999 0.89375 0.6013888890625 0.890625 0.6166666671875001 0.88125 0.6208333328125 0.87421875 0.6208333328125 0.86328125 0.6166666671875001 0.85859375 0.5930555562500001 0.8578125 0.575 0.8625 0.51805555625 0.8703125 0.51805555625 0.87578125 0.522222221875 0.87734375 0.51944444375 0.88125
7 0.4763888890625 0.80234375 0.47222222187499996 0.8046875 0.4763888890625 0.80546875 0.4763888890625 0.80234375
7 0.5236111109375 0.8265625 0.5305555562500001 0.84140625 0.577777778125 0.8359375 0.56805555625 0.78671875 0.55694444375 0.78125 0.5555555562500001 0.7765625 0.55694444375 0.76953125 0.5638888890625 0.76328125 0.565277778125 0.72578125 0.5930555562500001 0.7046875 0.5930555562500001 0.68203125 0.559722221875 0.66171875 0.5541666671875001 0.65234375 0.540277778125 0.64453125 0.515277778125 0.6359375 0.46805555625000006 0.6359375 0.44444444375 0.6390625 0.41805555625 0.65234375 0.39305555625 0.68125 0.35972222187499997 0.7078125 0.3541666671875 0.71875 0.3333333328125 0.72578125 0.3291666671875 0.7390625 0.315277778125 0.74453125 0.32777777812500003 0.753125 0.33055555625 0.7671875 0.34305555625 0.77265625 0.38055555625 0.7796875 0.4458333328125 0.78203125 0.4486111109375 0.7859375 0.440277778125 0.79921875 0.4583333328125 0.8046875 0.46944444374999994 0.79453125 0.46527777812500004 0.78515625 0.48472222187499997 0.78203125 0.490277778125 0.78671875 0.4888888890625 0.8 0.497222221875 0.81171875 0.515277778125 0.8125 0.5236111109375 0.81640625 0.5236111109375 0.8265625
7 0.6152777781250001 0.88203125 0.6208333328125 0.87265625 0.6166666671875001 0.85859375 0.5861111109375 0.85859375 0.5722222218749999 0.8625 0.5458333328125 0.86484375 0.5388888890625 0.86796875 0.5166666671875 0.86953125 0.5069444437499999 0.8734375 0.4875 0.87421875 0.48055555625 0.8765625 0.4791666671875 0.88046875 0.47361111093749997 0.87734375 0.46388888906250003 0.87890625 0.45694444375 0.8859375 0.447222221875 0.8828125 0.4375 0.88359375 0.43333333281249997 0.8859375 0.43333333281249997 0.90625 0.44305555625000004 0.9171875 0.45555555625000005 0.92109375 0.45555555625000005 0.93125 0.44166666718750003 0.9328125 0.44444444375 0.93984375 0.5013888890625 0.934375 0.5236111109375 0.9421875 0.55694444375 0.93984375 0.5736111109375 0.94140625 0.58055555625 0.94453125 0.6 0.93671875 0.6263888890625 0.934375 0.63055555625 0.9375 0.6375 0.9375 0.640277778125 0.934375 0.64444444375 0.9375 0.6013888890625 0.8921875 0.6083333328125 0.884375 0.6152777781250001 0.88203125
7 0.322222221875 0.85 0.31805555625 0.846875 0.3166666671875 0.8609375 0.3513888890625 0.86015625 0.365277778125 0.85625 0.36944444375 0.85234375 0.3513888890625 0.84609375 0.33194444375 0.85078125 0.322222221875 0.85
7 0.33194444375 1 0.34444444375 0.971875 0.34444444375 0.95859375 0.3541666671875 0.95 0.3458333328125 0.9421875 0.34722222187499996 0.9140625 0.3513888890625 0.903125 0.365277778125 0.89453125 0.3625 0.88671875 0.3333333328125 0.8859375 0.32777777812500003 0.88828125 0.3083333328125 0.8890625 0.2958333328125 0.96171875 0.29444444375 1 0.33194444375 1
7 0.109722221875 0.63046875 0.1 0.61796875 0.102777778125 0.6140625 0.1208333328125 0.60859375 0.13194444375 0.60625 0.15555555625 0.60625 0.172222221875 0.6 0.18055555625 0.6 0.184722221875 0.58203125 0.17916666718750002 0.57265625 0.1541666671875 0.5609375 0.09305555625 0.55703125 0.0888888890625 0.55 0.097222221875 0.5421875 0.14444444375 0.54453125 0.17361111093749998 0.54296875 0.177777778125 0.540625 0.16805555625 0.53125 0.13055555624999998 0.521875 0.027777778125000003 0.525 0.01805555625 0.52734375 0.0083333328125 0.53515625 0.00555555625 0.56875 0.022222221875 0.6078125 0.04444444375 0.61171875 0.04444444375 0.6203125 0.0388888890625 0.62109375 0.0375 0.625 0.055555556250000006 0.64453125 0.052777778124999994 0.65625 0.05694444375 0.66640625 0.047222221875 0.66875 0.04305555625 0.6734375 0.047222221875 0.70546875 0.05694444375 0.71875 0.08055555625000001 0.7203125 0.102777778125 0.725 0.1666666671875 0.7234375 0.177777778125 0.71796875 0.172222221875 0.71171875 0.172222221875 0.703125 0.1916666671875 0.69765625 0.19444444375 0.68203125 0.1916666671875 0.675 0.165277778125 0.66640625 0.1583333328125 0.65234375 0.1583333328125 0.646875 0.16388888906250001 0.64453125 0.15694444375 0.640625 0.1541666671875 0.63125 0.109722221875 0.63046875
7 0.1916666671875 0.04296875 0.16944444375 0.071875 0.16944444375 0.0796875 0.1888888890625 0.08046875 0.20277777812500003 0.0734375 0.22777777812500002 0.06796875 0.22916666718749998 0.0640625 0.2236111109375 0.06328125 0.21944444375 0.05859375 0.21944444375 0.05078125 0.22916666718749998 0.03984375 0.2416666671875 0.0359375 0.2416666671875 0.03046875 0.22777777812500002 0.0265625 0.20555555625 0.02578125 0.19444444375 0.0328125 0.1916666671875 0.04296875
7 0.15972222187500001 0.01953125 0.14305555625 0.0265625 0.13194444375 0.04140625 0.12222222187500001 0.0625 0.125 0.075 0.1291666671875 0.07578125 0.13333333281249998 0.0703125 0.14305555625 0.0671875 0.15 0.05625 0.15972222187500001 0.01953125
7 0.097222221875 0.20625 0.10138888906250001 0.209375 0.097222221875 0.2125 0.1166666671875 0.21171875 0.115277778125 0.20703125 0.109722221875 0.2078125 0.10555555624999999 0.2046875 0.097222221875 0.20625
7 0.084722221875 0.22890625 0.075 0.25 0.09305555625 0.25234375 0.15694444375 0.2546875 0.1611111109375 0.24921875 0.1583333328125 0.2359375 0.1541666671875 0.23203125 0.147222221875 0.23125 0.084722221875 0.22890625
7 0.10555555624999999 0.3140625 0.1263888890625 0.3046875 0.1541666671875 0.2828125 0.15972222187500001 0.2703125 0.15555555625 0.26328125 0.115277778125 0.2625 0.0861111109375 0.25859375 0.06944444375 0.2609375 0.047222221875 0.3140625 0.047222221875 0.31953125 0.055555556250000006 0.3234375 0.10138888906250001 0.32265625 0.10555555624999999 0.3140625
7 0.1111111109375 0.2125 0.15 0.2140625 0.14444444375 0.20703125 0.11944444375 0.20703125 0.10555555624999999 0.2015625 0.097222221875 0.20234375 0.09305555625 0.21015625 0.09305555625 0.2140625 0.0986111109375 0.21484375 0.09305555625 0.21796875 0.1111111109375 0.2125
7 0.04305555625 0.20703125 0.0333333328125 0.20703125 0.029166667187500002 0.22578125 0.022222221875 0.22421875 0.019444443750000002 0.21875 0.00555555625 0.2203125 0.0041666671875 0.2453125 0.0111111109375 0.24921875 0.0083333328125 0.25625 0.013888889062500001 0.25859375 0.0041666671875 0.2625 0.00555555625 0.30703125 0.0125 0.30625 0.015277778124999999 0.309375 0.0208333328125 0.309375 0.029166667187500002 0.30625 0.029166667187500002 0.296875 0.01805555625 0.29375 0.022222221875 0.28828125 0.019444443750000002 0.2765625 0.0208333328125 0.2703125 0.030555556249999997 0.2671875 0.029166667187500002 0.25 0.0388888890625 0.24296875 0.04444444375 0.2203125 0.04305555625 0.20703125
4 0.477777778125 0.8171875 0.4125 0.825 0.3625 0.82421875 0.3416666671875 0.83515625 0.3333333328125 0.83203125 0.31944444375000003 0.83359375 0.3166666671875 0.84375 0.3291666671875 0.84921875 0.35694444375 0.84609375 0.3861111109375 0.85234375 0.40833333281249995 0.853125 0.41805555625 0.85234375 0.4291666671875 0.846875 0.51805555625 0.84375 0.5263888890625 0.83984375 0.5236111109375 0.83203125 0.4791666671875 0.83125 0.47361111093749997 0.828125 0.5138888890625 0.8234375 0.522222221875 0.81875 0.5208333328125 0.81484375 0.477777778125 0.8171875
4 0.2916666671875 0.0328125 0.28055555625 0.03125 0.24722222187499998 0.03203125 0.2486111109375 0.03671875 0.28611111093749997 0.04921875 0.3291666671875 0.05078125 0.3291666671875 0.03984375 0.309722221875 0.03671875 0.3 0.03828125 0.2916666671875 0.0328125
4 0.1361111109375 0.46875 0.12222222187500001 0.4640625 0.10555555624999999 0.46328125 0.10138888906250001 0.4640625 0.10555555624999999 0.47578125 0.134722221875 0.47890625 0.15555555625 0.47578125 0.1611111109375 0.47109375 0.15694444375 0.46875 0.1361111109375 0.46875
4 0.097222221875 0.44453125 0.1458333328125 0.4453125 0.1541666671875 0.44296875 0.1541666671875 0.43828125 0.1291666671875 0.4328125 0.097222221875 0.43125 0.090277778125 0.43671875 0.097222221875 0.44453125