1 0.61015625 0.852777778125 0.61484375 0.872222221875 0.61484375 0.89444444375 0.61953125 0.8986111109375001 0.625 0.897222221875 0.6296875 0.8847222218749999 0.628125 0.7458333328125 0.63125 0.7402777781250001 0.640625 0.7402777781250001 0.6421875 0.734722221875 0.63203125 0.727777778125 0.625 0.7138888890625 0.6140625 0.7166666671875 0.60546875 0.7111111109375 0.6046875 0.7166666671875 0.6125 0.7375 0.6140625 0.75555555625 0.6140625 0.7819444437499999 0.61015625 0.8055555562500001 0.61015625 0.852777778125
1 0.54375 0.83194444375 0.5453125 0.9138888890624999 0.5515625 0.9208333328125 0.5578125 0.9125 0.5578125 0.8458333328125001 0.56015625 0.840277778125 0.55859375 0.7875 0.56328125 0.7736111109375 0.56875 0.7763888890625 0.57109375 0.7708333328125 0.56796875 0.7611111109375 0.56171875 0.7569444437499999 0.54375 0.7486111109375 0.53125 0.7486111109375 0.53125 0.7569444437499999 0.54375 0.7666666671875 0.54609375 0.7791666671875 0.54375 0.83194444375
6 0.23828125 0.7833333328125 0.25078125 0.8055555562500001 0.2625 0.8083333328125001 0.2671875 0.8208333328125 0.26875 0.8388888890624999 0.27265625 0.8444444437499999 0.30859375 0.85 0.32265625 0.83194444375 0.33203125 0.8361111109375001 0.33984375 0.83194444375 0.34375 0.8263888890625 0.3453125 0.815277778125 0.34609375 0.7888888890625 0.3390625 0.7611111109375 0.33203125 0.7569444437499999 0.325 0.7638888890625 0.31953125 0.7638888890625 0.30234375 0.752777778125 0.29765625 0.7236111109375 0.29140625 0.7166666671875 0.278125 0.7180555562500001 0.2703125 0.73055555625 0.2625 0.722222221875 0.23828125 0.722222221875 0.2359375 0.7416666671875001 0.23828125 0.7833333328125
6 0.4109375 0.840277778125 0.425 0.8388888890624999 0.43046875 0.8263888890625 0.4328125 0.809722221875 0.43359375 0.7916666671875 0.43046875 0.7708333328125 0.4265625 0.76944444375 0.42265625 0.7583333328124999 0.4046875 0.7416666671875001 0.34609375 0.7416666671875001 0.34296875 0.7486111109375 0.3453125 0.76944444375 0.3640625 0.777777778125 0.37265625 0.8111111109375001 0.38203125 0.81805555625 0.39296875 0.8194444437499999 0.4 0.8361111109375001 0.4109375 0.840277778125
7 0.15703125 0.877777778125 0.15859375 0.85694444375 0.15546875 0.85 0.134375 0.85 0.12734375 0.8458333328125001 0.1140625 0.85 0.13359375 0.86944444375 0.15703125 0.877777778125
7 0.04140625 0.91805555625 0.04375 0.9166666671874999 0.03828125 0.9138888890624999 0.03828125 0.8819444437499999 0.0359375 0.8819444437499999 0.0265625 0.8986111109375001 0.0375 0.91805555625 0.04140625 0.91805555625
7 0.0515625 0.8791666671874999 0.04609375 0.8958333328125001 0.04453125 0.9166666671874999 0.06171875 0.9277777781250001 0.07578125 0.9277777781250001 0.0875 0.922222221875 0.09296875 0.9138888890624999 0.09375 0.88055555625 0.075 0.8708333328125001 0.0703125 0.877777778125 0.0515625 0.8791666671874999
7 0.103125 0.91944444375 0.1234375 0.9277777781250001 0.13828125 0.9277777781250001 0.14296875 0.91944444375 0.1359375 0.909722221875 0.12421875 0.8958333328125001 0.1109375 0.8861111109375001 0.10390625 0.8861111109375001 0.103125 0.91944444375
7 0.0703125 0.76944444375 0.07421875 0.7763888890625 0.084375 0.81805555625 0.0890625 0.8263888890625 0.11875 0.8444444437499999 0.14375 0.8444444437499999 0.14921875 0.8333333328125001 0.1515625 0.8416666671874999 0.15625 0.8444444437499999 0.1796875 0.8444444437499999 0.1828125 0.8361111109375001 0.18359375 0.7888888890625 0.1796875 0.7736111109375 0.16875 0.772222221875 0.16015625 0.7861111109375 0.1515625 0.7833333328125 0.15078125 0.76944444375 0.146875 0.7611111109375 0.121875 0.7416666671875001 0.11875 0.725 0.1140625 0.7194444437499999 0.1046875 0.7236111109375 0.07890625 0.722222221875 0.0703125 0.73194444375 0.0703125 0.76944444375
7 0.03203125 0.7861111109375 0.03046875 0.797222221875 0.0328125 0.8041666671875 0.071875 0.83055555625 0.08125 0.8291666671875 0.08203125 0.8138888890624999 0.0671875 0.765277778125 0.04453125 0.7569444437499999 0.0390625 0.7638888890625 0.03203125 0.7861111109375
7 0.04609375 0.8541666671874999 0.02109375 0.840277778125 0.025 0.85694444375 0.03671875 0.8625 0.03828125 0.8666666671875 0.06171875 0.877777778125 0.07421875 0.8763888890624999 0.075 0.86944444375 0.0671875 0.8666666671875 0.0609375 0.85694444375 0.04609375 0.8541666671874999
7 0.79609375 0.8541666671874999 0.828125 0.8888888890625 0.8484375 0.8916666671875 0.8703125 0.8680555562500001 0.86953125 0.83055555625 0.86640625 0.8166666671874999 0.85234375 0.815277778125 0.8546875 0.8083333328125001 0.8515625 0.8055555562500001 0.84921875 0.809722221875 0.84609375 0.8055555562500001 0.83203125 0.8111111109375001 0.81796875 0.8027777781250001 0.8078125 0.8041666671875 0.8046875 0.8083333328125001 0.80390625 0.8166666671874999 0.79453125 0.83194444375 0.79609375 0.8541666671874999
7 0.63046875 0.890277778125 0.62421875 0.8986111109375001 0.61953125 0.8986111109375001 0.61875 0.9069444437499999 0.6140625 0.902777778125 0.61171875 0.8833333328125 0.6046875 0.8652777781250001 0.60625 0.8444444437499999 0.6015625 0.834722221875 0.6 0.8194444437499999 0.58203125 0.815277778125 0.56171875 0.83194444375 0.55859375 0.872222221875 0.54453125 0.872222221875 0.54375 0.8222222218749999 0.53984375 0.8208333328125 0.53125 0.83194444375 0.5234375 0.875 0.5234375 0.95 0.5328125 0.9902777781250001 0.56953125 0.99444444375 0.6046875 0.98055555625 0.61015625 0.975 0.61171875 0.9611111109375001 0.625 0.9625 0.64453125 0.9444444437499999 0.65859375 0.9472222218749999 0.66484375 0.9416666671874999 0.671875 0.95694444375 0.71328125 0.95 0.71875 0.9444444437499999 0.71953125 0.9208333328125 0.725 0.8986111109375001 0.725 0.83194444375 0.71796875 0.8222222218749999 0.703125 0.8263888890625 0.69765625 0.8083333328125001 0.69375 0.8055555562500001 0.675 0.80694444375 0.66796875 0.834722221875 0.65234375 0.8361111109375001 0.6421875 0.83055555625 0.63828125 0.8361111109375001 0.6375 0.83055555625 0.6375 0.8444444437499999 0.63125 0.8458333328125001 0.63046875 0.890277778125
7 0.20703125 0.875 0.2125 0.8736111109375001 0.21796875 0.8611111109375 0.2109375 0.8541666671874999 0.20703125 0.8583333328125 0.20703125 0.875
7 0.20703125 0.8833333328125 0.2078125 0.8861111109375001 0.2109375 0.8847222218749999 0.20703125 0.8833333328125
7 0.203125 0.902777778125 0.20859375 0.9041666671874999 0.2109375 0.902777778125 0.20703125 0.890277778125 0.203125 0.89444444375 0.203125 0.902777778125
7 0.22734375 0.909722221875 0.23125 0.91805555625 0.24375 0.9236111109375 0.25 0.9236111109375 0.2515625 0.9138888890624999 0.2546875 0.840277778125 0.2359375 0.840277778125 0.23125 0.8486111109375001 0.2296875 0.9055555562500001 0.22734375 0.909722221875
7 0.31015625 0.890277778125 0.3046875 0.8708333328125001 0.29609375 0.8611111109375 0.28125 0.8541666671874999 0.27421875 0.8444444437499999 0.26328125 0.8444444437499999 0.2609375 0.9305555562500001 0.2765625 0.940277778125 0.31171875 0.952777778125 0.32109375 0.952777778125 0.3234375 0.9444444437499999 0.32265625 0.8986111109375001 0.31015625 0.890277778125
4 1 0.4875 0.99609375 0.47083333281249995 0.9921875 0.46666666718750005 0.98828125 0.46944444374999994 0.98671875 0.4791666671875 0.984375 0.4791666671875 0.98203125 0.47083333281249995 0.97890625 0.47222222187499996 0.97734375 0.48194444374999995 0.98046875 0.49583333281249997 0.98125 0.5333333328125 0.9875 0.5513888890625 0.99453125 0.5611111109375 1 0.5611111109375 1 0.4875
4 0.85625 0.85555555625 0.85546875 0.8236111109375001 0.85 0.8027777781250001 0.84453125 0.8 0.8421875 0.8083333328125001 0.84375 0.852777778125 0.85 0.8611111109375 0.85625 0.85555555625