7 0.88125 0.14305555625 0.86640625 0.13055555624999998 0.85390625 0.1291666671875 0.84375 0.1208333328125 0.8390625 0.12361111093749999 0.83984375 0.140277778125 0.8453125 0.1458333328125 0.87421875 0.1541666671875 0.884375 0.15 0.88125 0.14305555625
7 0.9390625 0.072222221875 0.92265625 0.072222221875 0.9125 0.077777778125 0.9078125 0.0861111109375 0.90546875 0.10694444375 0.90078125 0.1041666671875 0.89765625 0.08055555625000001 0.87578125 0.075 0.8625 0.07638888906249999 0.86015625 0.08055555625000001 0.8609375 0.0861111109375 0.87421875 0.10555555624999999 0.8875 0.115277778125 0.90390625 0.11805555625 0.91796875 0.1291666671875 0.94921875 0.11805555625 0.95546875 0.102777778125 0.9625 0.11944444375 0.96796875 0.1166666671875 0.97421875 0.10555555624999999 0.9734375 0.097222221875 0.9625 0.08055555625000001 0.9390625 0.072222221875
7 0.9296875 0.26805555625 0.93046875 0.23194444375 0.9171875 0.184722221875 0.909375 0.172222221875 0.88203125 0.15555555625 0.85078125 0.15555555625 0.840625 0.1513888890625 0.8265625 0.1541666671875 0.8171875 0.165277778125 0.8140625 0.184722221875 0.81796875 0.197222221875 0.8203125 0.2208333328125 0.82890625 0.2236111109375 0.8375 0.215277778125 0.8453125 0.2166666671875 0.8515625 0.23611111093749998 0.87109375 0.25555555625 0.878125 0.25833333281250004 0.88125 0.272222221875 0.8859375 0.2791666671875 0.89609375 0.275 0.925 0.275 0.9296875 0.26805555625
7 0.11015625 0.5555555562500001 0.10625 0.5736111109375 0.109375 0.6013888890625 0.11796875 0.6152777781250001 0.125 0.61944444375 0.14140625 0.6152777781250001 0.14140625 0.5888888890625 0.13828125 0.58194444375 0.13046875 0.5236111109375 0.11796875 0.5236111109375 0.115625 0.5291666671875 0.1109375 0.5305555562500001 0.109375 0.54444444375 0.11015625 0.5555555562500001
7 0.08515625 0.45555555625000005 0.08359375 0.45694444375 0.084375 0.459722221875 0.08515625 0.45555555625000005
7 0.0734375 0.4763888890625 0.06796875 0.47222222187499996 0.06640625 0.46666666718750005 0.06328125 0.471527778125 0.06328125 0.4875 0.06640625 0.497222221875 0.05859375 0.522222221875 0.0609375 0.5527777781250001 0.06875 0.5555555562500001 0.0921875 0.55 0.096875 0.54444444375 0.09921875 0.522222221875 0.10625 0.5041666671875 0.10625 0.45555555625000005 0.09453125 0.45555555625000005 0.08828125 0.46805555625000006 0.08828125 0.47361111093749997 0.07734375 0.46805555625000006 0.0734375 0.4763888890625
7 0.16796875 0.56805555625 0.17578125 0.5638888890625 0.17421875 0.5583333328125 0.18125 0.559722221875 0.18046875 0.55 0.1984375 0.547222221875 0.2109375 0.5527777781250001 0.2125 0.55694444375 0.2234375 0.55 0.2421875 0.5625 0.27578125 0.5638888890625 0.28046875 0.5666666671875 0.29453125 0.590277778125 0.3171875 0.5930555562500001 0.3296875 0.577777778125 0.3359375 0.5583333328125 0.3484375 0.5513888890625 0.36015625 0.527777778125 0.3640625 0.50555555625 0.3640625 0.46805555625000006 0.36171875 0.447222221875 0.35703125 0.434722221875 0.34140625 0.41111111093749997 0.31875 0.39305555625 0.2875 0.35694444375 0.2828125 0.35555555625 0.27421875 0.3333333328125 0.26171875 0.3291666671875 0.25546875 0.3166666671875 0.24765625 0.32777777812500003 0.23125 0.33194444375 0.22421875 0.36805555624999997 0.21953125 0.3791666671875 0.21640625 0.3791666671875 0.20390625 0.35555555625 0.19375 0.3458333328125 0.18515625 0.3236111109375 0.1375 0.28611111093749997 0.13828125 0.33055555625 0.14296875 0.34722222187499996 0.14296875 0.36666666718749996 0.15390625 0.36944444375 0.15703125 0.38194444375000003 0.1640625 0.38333333281250004 0.1703125 0.3958333328125 0.16953125 0.415277778125 0.1640625 0.42083333281249996 0.16171875 0.4486111109375 0.15546875 0.4611111109375 0.15859375 0.527777778125 0.16171875 0.55 0.16796875 0.56805555625
7 0 0.21944444375 0.01171875 0.2125 0.01484375 0.21805555625 0.0296875 0.222222221875 0.0421875 0.2388888890625 0.04453125 0.25 0.09609375 0.2916666671875 0.1015625 0.31805555625 0.11171875 0.3166666671875 0.11171875 0.29444444375 0.10546875 0.2541666671875 0.06796875 0.21805555625 0.0453125 0.20555555625 0.0359375 0.19444444375 0.0234375 0.19444444375 0.00703125 0.1833333328125 0 0.1833333328125 0 0.21944444375
7 0.36875 0.14305555625 0.36640625 0.1263888890625 0.36875 0.109722221875 0.38125 0.10138888906250001 0.3796875 0.0458333328125 0.37890625 0.0388888890625 0.37578125 0.0375 0.36484375 0.04305555625 0.35859375 0.0513888890625 0.34453125 0.0513888890625 0.3359375 0.058333332812500006 0.33125 0.054166667187499996 0.32890625 0.04305555625 0.2953125 0.047222221875 0.28203125 0.055555556250000006 0.2796875 0.06805555625000001 0.28125 0.08055555625000001 0.275 0.10694444375 0.275 0.1541666671875 0.28203125 0.1763888890625 0.296875 0.1708333328125 0.30234375 0.1916666671875 0.30625 0.19444444375 0.3234375 0.19305555624999998 0.33359375 0.165277778125 0.34375 0.15555555625 0.34765625 0.1458333328125 0.34921875 0.15277777812499999 0.35078125 0.140277778125 0.36875 0.14305555625
7 0.45625 0.10138888906250001 0.45625 0.1666666671875 0.45859375 0.17361111093749998 0.4734375 0.16805555625 0.478125 0.10555555624999999 0.475 0.0986111109375 0.47578125 0.034722221875 0.471875 0.0166666671875 0.4609375 0.006944443749999999 0.43046875 0.00555555625 0.3953125 0.019444443750000002 0.3890625 0.030555556249999997 0.38984375 0.08055555625000001 0.38671875 0.09305555625 0.38671875 0.11388888906250001 0.39375 0.13333333281249998 0.39375 0.1513888890625 0.4015625 0.17916666718750002 0.41796875 0.1875 0.42734375 0.18055555625 0.4375 0.16388888906250001 0.4421875 0.1375 0.44296875 0.09444444375 0.44765625 0.0861111109375 0.4546875 0.09444444375 0.45625 0.10138888906250001
7 0.99453125 0.26527777812500003 0.99921875 0.25555555625 0.99921875 0.2208333328125 0.9921875 0.21805555625 0.98984375 0.2236111109375 0.9875 0.25555555625 0.99453125 0.26527777812500003
7 0.928125 0.1708333328125 0.925 0.16944444375 0.91953125 0.175 0.91953125 0.1875 0.9234375 0.19444444375 0.93125 0.22777777812500002 0.9359375 0.22916666718749998 0.9421875 0.21944444375 0.9515625 0.2208333328125 0.96015625 0.22916666718749998 0.965625 0.24444444375000002 0.971875 0.24305555625 0.975 0.21944444375 0.97421875 0.20277777812500003 0.9671875 0.19444444375 0.95703125 0.1916666671875 0.928125 0.1708333328125
7 0.9640625 0.15555555625 0.975 0.165277778125 0.98046875 0.1611111109375 0.975 0.14305555625 0.96640625 0.134722221875 0.94296875 0.125 0.925 0.1263888890625 0.92421875 0.13333333281249998 0.93203125 0.14305555625 0.9515625 0.1541666671875 0.9640625 0.15555555625
7 0.78203125 0.0958333328125 0.7875 0.109722221875 0.7875 0.1208333328125 0.7859375 0.13194444375 0.78125 0.13888888906250002 0.790625 0.15 0.79375 0.134722221875 0.79296875 0.115277778125 0.79765625 0.1 0.796875 0.0958333328125 0.78984375 0.09305555625 0.7859375 0.1 0.78359375 0.097222221875 0.784375 0.09305555625 0.78203125 0.0958333328125
7 0.76875 0.08055555625000001 0.75703125 0.07638888906249999 0.7484375 0.0791666671875 0.74609375 0.15694444375 0.76484375 0.15694444375 0.7703125 0.13888888906250002 0.7703125 0.09444444375 0.77265625 0.0861111109375 0.76875 0.08055555625000001
7 0.67578125 0.06805555625000001 0.67734375 0.102777778125 0.68828125 0.109722221875 0.7 0.1375 0.7140625 0.15277777812499999 0.72421875 0.1583333328125 0.734375 0.15972222187500001 0.7375 0.1541666671875 0.7375 0.11805555625 0.7421875 0.084722221875 0.7421875 0.075 0.7390625 0.06944444375 0.68125 0.0458333328125 0.67734375 0.0513888890625 0.67578125 0.06805555625000001
4 0.15703125 0.3916666671875 0.1546875 0.377777778125 0.15 0.377777778125 0.14296875 0.3583333328125 0.1453125 0.4166666671875 0.1515625 0.477777778125 0.153125 0.4888888890625 0.1578125 0.4895833328125 0.1578125 0.4986111109375 0.153125 0.4986111109375 0.15703125 0.5236111109375 0.16015625 0.51805555625 0.1578125 0.4361111109375 0.1625 0.425 0.1640625 0.40694444374999994 0.15703125 0.3916666671875
4 0.1765625 0.3138888890625 0.17890625 0.26805555625 0.17265625 0.23472222187499997 0.16875 0.23611111093749998 0.1625 0.25833333281250004 0.1625 0.302777778125 0.1765625 0.3138888890625