7 0.925 0.275 0.93046875 0.2666666671875 0.93046875 0.23055555625 0.92578125 0.2208333328125 0.91640625 0.1833333328125 0.9109375 0.17361111093749998 0.8921875 0.15972222187500001 0.86796875 0.1541666671875 0.85078125 0.15694444375 0.83671875 0.15277777812499999 0.8234375 0.15555555625 0.8171875 0.16388888906250001 0.8140625 0.17361111093749998 0.8140625 0.1875 0.81640625 0.21111111093749999 0.8203125 0.222222221875 0.8296875 0.222222221875 0.8359375 0.2125 0.84453125 0.2138888890625 0.8484375 0.21805555625 0.85078125 0.23611111093749998 0.878125 0.25833333281250004 0.88125 0.272222221875 0.8859375 0.2791666671875 0.8953125 0.275 0.925 0.275
7 0.8578125 0.147222221875 0.87109375 0.1541666671875 0.88046875 0.1541666671875 0.8828125 0.15 0.8796875 0.1416666671875 0.8671875 0.13055555624999998 0.85546875 0.1291666671875 0.846875 0.1208333328125 0.8421875 0.12222222187500001 0.84140625 0.13888888906250002 0.8453125 0.1513888890625 0.8578125 0.147222221875
7 0.8578125 0.0791666671875 0.875 0.10694444375 0.8921875 0.1166666671875 0.89765625 0.109722221875 0.89765625 0.08055555625000001 0.8765625 0.072222221875 0.8625 0.072222221875 0.8578125 0.0791666671875
7 0.06328125 0.577777778125 0.065625 0.577777778125 0.06640625 0.5722222218749999 0.0625 0.5722222218749999 0.06328125 0.577777778125
7 0.14140625 0.6166666671875001 0.14140625 0.5861111109375 0.1390625 0.5833333328125 0.13671875 0.5583333328125 0.13046875 0.5319444437499999 0.13046875 0.51805555625 0.12265625 0.515277778125 0.125 0.5069444437499999 0.1203125 0.4986111109375 0.125 0.49583333281249997 0.12578125 0.4916666671875 0.1234375 0.4888888890625 0.12578125 0.48194444374999995 0.12265625 0.4763888890625 0.11875 0.4791666671875 0.10703125 0.46944444374999994 0.11171875 0.4625 0.1109375 0.447222221875 0.1046875 0.44305555625000004 0.08671875 0.447222221875 0.07421875 0.46805555625000006 0.06796875 0.4625 0.06640625 0.4486111109375 0.06328125 0.4486111109375 0.0625 0.45277777812500003 0.065625 0.45277777812500003 0.0671875 0.459722221875 0.0625 0.4625 0.06640625 0.5013888890625 0.05859375 0.5236111109375 0.06015625 0.5513888890625 0.0625 0.5555555562500001 0.06875 0.5555555562500001 0.10234375 0.547222221875 0.10703125 0.55694444375 0.10625 0.58194444375 0.109375 0.6013888890625 0.12109375 0.6180555562500001 0.14140625 0.6166666671875001
7 0.25 0.5638888890625 0.27578125 0.5638888890625 0.2953125 0.590277778125 0.31640625 0.5930555562500001 0.33046875 0.5763888890625 0.3484375 0.5333333328125 0.34921875 0.5236111109375 0.3546875 0.5097222218749999 0.36015625 0.502777778125 0.36328125 0.490277778125 0.3640625 0.46805555625000006 0.3609375 0.44305555625000004 0.35625 0.43194444374999996 0.34140625 0.41111111093749997 0.31796875 0.3916666671875 0.3 0.36805555624999997 0.2953125 0.36666666718749996 0.29140625 0.3583333328125 0.28203125 0.3541666671875 0.27421875 0.3333333328125 0.2609375 0.3291666671875 0.25546875 0.315277778125 0.24609375 0.3291666671875 0.2328125 0.33055555625 0.22734375 0.34444444375 0.22421875 0.36805555624999997 0.21796875 0.377777778125 0.2109375 0.3638888890625 0.1921875 0.34305555625 0.1859375 0.3236111109375 0.15234375 0.29444444375 0.1375 0.28611111093749997 0.13828125 0.33055555625 0.14296875 0.3513888890625 0.1734375 0.4 0.16015625 0.425 0.1609375 0.4291666671875 0.15703125 0.427777778125 0.15 0.43333333281249997 0.15 0.4625 0.15625 0.5069444437499999 0.1578125 0.5388888890625 0.1640625 0.5736111109375 0.2109375 0.56805555625 0.221875 0.5513888890625 0.25 0.5638888890625
7 0 0.2208333328125 0.00859375 0.20694444375 0.015625 0.20833333281250002 0.01953125 0.2166666671875 0.0421875 0.23333333281250002 0.0453125 0.25 0.05703125 0.25694444375000003 0.0640625 0.26805555625 0.07421875 0.2708333328125 0.07734375 0.27777777812500004 0.0921875 0.28611111093749997 0.096875 0.29305555625 0.1015625 0.31805555625 0.11171875 0.3166666671875 0.109375 0.26805555625 0.10546875 0.2541666671875 0.06796875 0.21805555625 0.0453125 0.20555555625 0.0359375 0.19444444375 0.01953125 0.19305555624999998 0.0046875 0.18194444375000002 0 0.18194444375000002 0 0.2208333328125
7 0.45703125 0.1375 0.45703125 0.1513888890625 0.46171875 0.1583333328125 0.45859375 0.16944444375 0.4609375 0.16944444375 0.4625 0.15694444375 0.4671875 0.15555555625 0.4671875 0.14305555625 0.46328125 0.1375 0.46171875 0.1208333328125 0.45859375 0.1208333328125 0.46171875 0.127777778125 0.45703125 0.1375
7 0.4609375 0.115277778125 0.46015625 0.109722221875 0.45859375 0.1111111109375 0.4609375 0.115277778125
7 0.375 0.0375 0.3546875 0.054166667187499996 0.34375 0.0513888890625 0.33359375 0.055555556250000006 0.3296875 0.04305555625 0.29296875 0.047222221875 0.2859375 0.0513888890625 0.28203125 0.055555556250000006 0.27890625 0.06805555625000001 0.2796875 0.084722221875 0.275 0.10694444375 0.275 0.15694444375 0.28203125 0.17916666718750002 0.296875 0.1708333328125 0.30234375 0.19305555624999998 0.32265625 0.19305555624999998 0.33203125 0.165277778125 0.3421875 0.165277778125 0.34375 0.1541666671875 0.35 0.147222221875 0.36875 0.1416666671875 0.36875 0.1125 0.38046875 0.10138888906250001 0.3796875 0.0388888890625 0.375 0.0375
7 0.47421875 0.0388888890625 0.4703125 0.01805555625 0.46328125 0.006944443749999999 0.43046875 0.00555555625 0.4171875 0.013888889062500001 0.3953125 0.019444443750000002 0.3890625 0.027777778125000003 0.38828125 0.0361111109375 0.3875 0.115277778125 0.39375 0.13194444375 0.39453125 0.15555555625 0.4 0.16944444375 0.4 0.18055555625 0.40703125 0.184722221875 0.42890625 0.18055555625 0.44140625 0.1458333328125 0.44296875 0.084722221875 0.446875 0.08055555625000001 0.45625 0.0916666671875 0.46640625 0.090277778125 0.475 0.075 0.47421875 0.0388888890625
7 0.99375 0.2666666671875 0.99921875 0.25555555625 0.99921875 0.2208333328125 0.9921875 0.21805555625 0.98828125 0.23333333281250002 0.9875 0.25555555625 0.99375 0.2666666671875
7 0.925 0.16805555625 0.91875 0.1708333328125 0.91953125 0.1875 0.92890625 0.20833333281250002 0.93125 0.22638888906250001 0.93515625 0.22638888906250001 0.940625 0.21805555625 0.953125 0.2208333328125 0.96171875 0.23055555625 0.96484375 0.24444444375000002 0.96953125 0.24722222187499998 0.971875 0.24305555625 0.975 0.21944444375 0.9734375 0.20277777812500003 0.93515625 0.17361111093749998 0.925 0.16805555625
7 0.97890625 0.165277778125 0.9765625 0.14305555625 0.9671875 0.134722221875 0.9328125 0.12222222187500001 0.925 0.125 0.92421875 0.134722221875 0.9265625 0.1416666671875 0.9640625 0.16388888906250001 0.97421875 0.16805555625 0.97890625 0.165277778125
7 0.7875 0.140277778125 0.78828125 0.1291666671875 0.79140625 0.127777778125 0.790625 0.12222222187500001 0.78828125 0.12361111093749999 0.78203125 0.140277778125 0.7875 0.140277778125
7 0.7921875 0.11805555625 0.79296875 0.109722221875 0.79765625 0.10555555624999999 0.796875 0.097222221875 0.79375 0.0958333328125 0.790625 0.10694444375 0.78671875 0.0958333328125 0.78828125 0.10555555624999999 0.79140625 0.10833333281249999 0.78828125 0.1166666671875 0.7921875 0.11805555625
7 0.76796875 0.08055555625000001 0.75 0.075 0.74765625 0.09305555625 0.7453125 0.15555555625 0.75 0.15972222187500001 0.76171875 0.1583333328125 0.76875 0.147222221875 0.77265625 0.0861111109375 0.76796875 0.08055555625000001
7 0.67890625 0.04444444375 0.6765625 0.052777778124999994 0.67734375 0.10138888906250001 0.68671875 0.10833333281249999 0.70234375 0.140277778125 0.71015625 0.14305555625 0.71875 0.15555555625 0.734375 0.15972222187500001 0.7375 0.1541666671875 0.7375 0.11805555625 0.7421875 0.08333333281250001 0.7421875 0.07638888906249999 0.7375 0.06805555625000001 0.70234375 0.055555556250000006 0.68671875 0.04444444375 0.67890625 0.04444444375