2 0.96640625 0.58194444375 0.97421875 0.58194444375 0.97578125 0.577777778125 0.975 0.54305555625 0.96953125 0.5319444437499999 0.9640625 0.5319444437499999 0.96171875 0.5375 0.96328125 0.577777778125 0.96640625 0.58194444375
1 0.61484375 0.8430555562500001 0.6125 0.847222221875 0.61484375 0.8861111109375001 0.61953125 0.897222221875 0.62734375 0.8958333328125001 0.6296875 0.890277778125 0.62734375 0.75 0.6296875 0.7416666671875001 0.6390625 0.7402777781250001 0.640625 0.734722221875 0.6328125 0.7291666671875 0.625 0.7138888890625 0.61328125 0.7166666671875 0.60625 0.709722221875 0.60546875 0.7194444437499999 0.61328125 0.7375 0.61484375 0.76944444375 0.61171875 0.80694444375 0.6140625 0.8125 0.61484375 0.8430555562500001
1 0.54921875 0.91805555625 0.55703125 0.9138888890624999 0.5578125 0.7833333328125 0.5625 0.772222221875 0.56875 0.7736111109375 0.5703125 0.76944444375 0.5671875 0.7611111109375 0.56171875 0.7569444437499999 0.53359375 0.7486111109375 0.53125 0.7569444437499999 0.54375 0.765277778125 0.54765625 0.784722221875 0.54375 0.83055555625 0.54609375 0.8625 0.5453125 0.915277778125 0.54921875 0.91805555625
6 0.23828125 0.7833333328125 0.24609375 0.8027777781250001 0.26484375 0.8125 0.26953125 0.8416666671874999 0.29453125 0.85 0.30859375 0.85 0.3203125 0.8333333328125001 0.3296875 0.83194444375 0.3328125 0.8222222218749999 0.34375 0.8194444437499999 0.34375 0.7819444437499999 0.3375 0.7597222218749999 0.32890625 0.7569444437499999 0.31796875 0.7611111109375 0.3015625 0.752777778125 0.29765625 0.725 0.29140625 0.7166666671875 0.27890625 0.7166666671875 0.27109375 0.7291666671875 0.2625 0.722222221875 0.23828125 0.7236111109375 0.23671875 0.727777778125 0.2359375 0.765277778125 0.23828125 0.7833333328125
6 0.3640625 0.8083333328125001 0.3921875 0.8236111109375001 0.4015625 0.840277778125 0.42421875 0.8388888890624999 0.43125 0.8194444437499999 0.43359375 0.8041666671875 0.43125 0.7736111109375 0.4265625 0.76944444375 0.42265625 0.7583333328124999 0.41171875 0.752777778125 0.4046875 0.7430555562500001 0.3484375 0.7416666671875001 0.34296875 0.7486111109375 0.34375 0.7666666671875 0.34609375 0.7708333328125 0.36328125 0.7763888890625 0.3671875 0.784722221875 0.36328125 0.797222221875 0.3640625 0.8083333328125001
7 0.1578125 0.8763888890624999 0.1609375 0.8652777781250001 0.15546875 0.8486111109375001 0.11484375 0.8458333328125001 0.1128605765625 0.8517094015625 0.1328125 0.86944444375 0.14453125 0.8708333328125001 0.15078125 0.8791666671874999 0.1578125 0.8763888890624999
7 0.06171875 0.9277777781250001 0.0765625 0.9277777781250001 0.09296875 0.915277778125 0.09375 0.88055555625 0.08125 0.872222221875 0.0484375 0.88055555625 0.04140625 0.9069444437499999 0.0375 0.9 0.0375 0.8819444437499999 0.03359375 0.8847222218749999 0.03125 0.89444444375 0.0328125 0.9055555562500001 0.03828125 0.9111111109375001 0.0375 0.9138888890624999 0.04375 0.9083333328125001 0.04921875 0.91944444375 0.06171875 0.9277777781250001
7 0.10234375 0.9069444437499999 0.10390625 0.91944444375 0.13046875 0.9291666671875 0.13671875 0.9291666671875 0.1421875 0.9236111109375 0.14296875 0.91805555625 0.125 0.897222221875 0.1109375 0.8861111109375001 0.1046875 0.8861111109375001 0.10234375 0.9069444437499999
7 0.06953125 0.76805555625 0.07421875 0.7763888890625 0.08359375 0.8166666671874999 0.08984375 0.8263888890625 0.115625 0.8444444437499999 0.14296875 0.8444444437499999 0.1484375 0.834722221875 0.1515625 0.840277778125 0.1609375 0.8444444437499999 0.18203125 0.8430555562500001 0.1859375 0.81805555625 0.18203125 0.784722221875 0.178125 0.7736111109375 0.16875 0.7708333328125 0.16328125 0.7819444437499999 0.153125 0.7819444437499999 0.14921875 0.7638888890625 0.121875 0.7416666671875001 0.11796875 0.7236111109375 0.11328125 0.7194444437499999 0.10390625 0.7236111109375 0.07890625 0.7208333328125 0.06953125 0.73194444375 0.06953125 0.76805555625
7 0.00546875 0.7291666671875 0.00078125 0.734722221875 0.00078125 0.7805555562500001 0.00703125 0.7819444437499999 0.01171875 0.7638888890625 0.01171875 0.7333333328125 0.00546875 0.7291666671875
7 0.08125 0.809722221875 0.0765625 0.8027777781250001 0.075 0.7861111109375 0.0671875 0.7638888890625 0.06328125 0.7597222218749999 0.0375 0.7597222218749999 0.03125 0.752777778125 0.028125 0.7569444437499999 0.025 0.7736111109375 0.02578125 0.797222221875 0.07109375 0.83055555625 0.07734375 0.83194444375 0.08125 0.825 0.08125 0.809722221875
7 0.05390625 0.8736111109375001 0.06796875 0.877777778125 0.07265625 0.875 0.075 0.8708333328125001 0.0609375 0.8583333328125 0.01953125 0.840277778125 0.02109375 0.852777778125 0.02421875 0.85694444375 0.05390625 0.8736111109375001
7 0.22109375 0.8625 0.2140625 0.8486111109375001 0.2078125 0.8486111109375001 0.20703125 0.8791666671874999 0.2140625 0.8819444437499999 0.215625 0.8680555562500001 0.22109375 0.8625
7 0.203125 0.9041666671874999 0.21171875 0.9069444437499999 0.2109375 0.8958333328125001 0.20703125 0.890277778125 0.203125 0.89444444375 0.203125 0.9041666671874999
7 0.25078125 0.9236111109375 0.2546875 0.8416666671874999 0.23671875 0.840277778125 0.23125 0.8458333328125001 0.22890625 0.8625 0.2296875 0.9138888890624999 0.2390625 0.922222221875 0.25078125 0.9236111109375
7 0.325 0.9069444437499999 0.32109375 0.8986111109375001 0.31171875 0.890277778125 0.30859375 0.88055555625 0.309375 0.8708333328125001 0.27421875 0.8444444437499999 0.2640625 0.8444444437499999 0.2609375 0.9305555562500001 0.28203125 0.94305555625 0.29453125 0.9444444437499999 0.31796875 0.95555555625 0.32265625 0.952777778125 0.3234375 0.94305555625 0.325 0.9069444437499999