2 0.0390625 0.4513888890625 0.0359375 0.42083333281249996 0.025 0.41944444374999995 0.025 0.4611111109375 0.03125 0.46944444374999994 0.03671875 0.46805555625000006 0.04140625 0.4625 0.04140625 0.45555555625000005 0.0390625 0.4513888890625
1 0.3859375 0.15555555625 0.38828125 0.15277777812499999 0.3859375 0.1416666671875 0.38671875 0.109722221875 0.3796875 0.102777778125 0.3734375 0.102777778125 0.3703125 0.11388888906250001 0.37265625 0.15 0.37265625 0.252777778125 0.36875 0.259722221875 0.359375 0.2611111109375 0.359375 0.26527777812500003 0.36796875 0.272222221875 0.375 0.28611111093749997 0.3796875 0.2888888890625 0.38828125 0.28472222187499996 0.39453125 0.290277778125 0.3953125 0.2833333328125 0.38671875 0.25833333281250004 0.3859375 0.24305555625 0.3859375 0.15555555625
1 0.4546875 0.084722221875 0.44296875 0.0875 0.4421875 0.2166666671875 0.4375 0.22777777812500002 0.43125 0.22638888906250001 0.4296875 0.23055555625 0.43203125 0.2388888890625 0.43828125 0.24305555625 0.46875 0.2513888890625 0.46953125 0.24444444375000002 0.45703125 0.23611111093749998 0.45390625 0.225 0.45390625 0.18194444375000002 0.45625 0.1708333328125 0.45390625 0.1458333328125 0.4546875 0.084722221875
6 0.7640625 0.26944444375 0.7640625 0.2388888890625 0.7609375 0.2236111109375 0.76328125 0.2166666671875 0.75078125 0.1916666671875 0.73671875 0.190277778125 0.72890625 0.15694444375 0.69140625 0.15 0.6796875 0.1666666671875 0.671875 0.1666666671875 0.6671875 0.1763888890625 0.65625 0.18055555625 0.65625 0.21805555625 0.66171875 0.2375 0.6671875 0.24305555625 0.68828125 0.24305555625 0.69609375 0.24722222187499998 0.7 0.252777778125 0.70234375 0.272222221875 0.7078125 0.28194444375 0.71953125 0.28472222187499996 0.7296875 0.272222221875 0.73828125 0.2791666671875 0.75625 0.2791666671875 0.7609375 0.27777777812500004 0.7640625 0.26944444375
6 0.62109375 0.184722221875 0.60625 0.17361111093749998 0.5984375 0.15972222187500001 0.575 0.1611111109375 0.56875 0.18055555625 0.56640625 0.197222221875 0.56875 0.22638888906250001 0.57578125 0.23472222187499997 0.5765625 0.2416666671875 0.5859375 0.24583333281250003 0.59375 0.25555555625 0.60625 0.259722221875 0.64921875 0.25833333281250004 0.65703125 0.25 0.65703125 0.23611111093749998 0.65390625 0.22777777812500002 0.63515625 0.2208333328125 0.63671875 0.190277778125 0.62109375 0.184722221875
7 0.84453125 0.1513888890625 0.88046875 0.1513888890625 0.88671875 0.15555555625 0.89140625 0.15 0.88984375 0.147222221875 0.8796875 0.1458333328125 0.86640625 0.13055555624999998 0.85625 0.127777778125 0.85 0.1208333328125 0.84296875 0.12361111093749999 0.83984375 0.1375 0.84453125 0.1513888890625
7 0.97421875 0.10555555624999999 0.97421875 0.10138888906250001 0.9625 0.08333333281250001 0.9625 0.11944444375 0.97421875 0.10555555624999999
7 0.9546875 0.10138888906250001 0.953125 0.08194444375 0.9375 0.072222221875 0.92421875 0.072222221875 0.90703125 0.08333333281250001 0.90625 0.11944444375 0.9203125 0.1291666671875 0.93046875 0.13055555624999998 0.94921875 0.11944444375 0.9546875 0.10138888906250001
7 0.8953125 0.11388888906250001 0.89765625 0.09305555625 0.89765625 0.08333333281250001 0.8953125 0.0791666671875 0.8703125 0.07083333281250001 0.86328125 0.07083333281250001 0.8578125 0.077777778125 0.8625 0.0888888890625 0.875 0.102777778125 0.8890625 0.11388888906250001 0.8953125 0.11388888906250001
7 0.91640625 0.1833333328125 0.909375 0.172222221875 0.88515625 0.15555555625 0.85703125 0.15555555625 0.85390625 0.15972222187500001 0.84765625 0.15555555625 0.81953125 0.15555555625 0.815625 0.17361111093749998 0.8140625 0.1916666671875 0.8203125 0.2236111109375 0.83125 0.23055555625 0.83515625 0.22638888906250001 0.83671875 0.21805555625 0.84375 0.21805555625 0.85546875 0.2416666671875 0.87890625 0.25833333281250004 0.8828125 0.27777777812500004 0.92265625 0.2791666671875 0.93046875 0.2666666671875 0.93046875 0.23333333281250002 0.92578125 0.2236111109375 0.91640625 0.1833333328125
7 0.9890625 0.23194444375 0.98828125 0.26805555625 0.98984375 0.275 0.99453125 0.2791666671875 0.99921875 0.275 0.99921875 0.2208333328125 0.99296875 0.21944444375 0.9890625 0.23194444375
7 0.91875 0.1888888890625 0.9234375 0.19583333281249998 0.9296875 0.2166666671875 0.93046875 0.23055555625 0.93515625 0.2388888890625 0.959375 0.2388888890625 0.96875 0.24722222187499998 0.97265625 0.24305555625 0.975 0.20555555625 0.9703125 0.197222221875 0.925 0.16805555625 0.9203125 0.16944444375 0.91875 0.175 0.91875 0.1888888890625
7 0.95546875 0.13055555624999998 0.94140625 0.125 0.92734375 0.1263888890625 0.9265625 0.13055555624999998 0.9375 0.140277778125 0.97265625 0.15972222187500001 0.97890625 0.1583333328125 0.97421875 0.14444444375 0.95546875 0.13055555624999998
7 0.79140625 0.1541666671875 0.7953125 0.13055555624999998 0.79296875 0.1208333328125 0.796875 0.11388888906250001 0.7984375 0.097222221875 0.79609375 0.09305555625 0.7875 0.09444444375 0.79140625 0.10833333281249999 0.7875 0.1111111109375 0.7859375 0.15277777812499999 0.79140625 0.1541666671875
7 0.76640625 0.15972222187500001 0.76875 0.15555555625 0.77109375 0.09305555625 0.7671875 0.08194444375 0.7625 0.077777778125 0.753125 0.072222221875 0.74921875 0.075 0.7484375 0.1263888890625 0.74609375 0.13333333281249998 0.7453125 0.1583333328125 0.76640625 0.15972222187500001
7 0.6765625 0.059722221875 0.6765625 0.097222221875 0.6890625 0.109722221875 0.69140625 0.1291666671875 0.7078125 0.14444444375 0.71953125 0.147222221875 0.72578125 0.15555555625 0.73359375 0.1583333328125 0.73671875 0.1541666671875 0.7390625 0.06944444375 0.7171875 0.05694444375 0.7 0.054166667187499996 0.68203125 0.04444444375 0.67890625 0.047222221875 0.6765625 0.059722221875