1 0.8916666671875 0.38515625 0.897222221875 0.3828125 0.8958333328125001 0.375 0.8819444437499999 0.3703125 0.74444444375 0.371875 0.7402777781250001 0.359375 0.7333333328125 0.3578125 0.727777778125 0.36796875 0.7138888890625 0.37578125 0.7166666671875 0.38671875 0.7111111109375 0.39375 0.722222221875 0.39375 0.7402777781250001 0.38671875 0.7819444437499999 0.3859375 0.8055555562500001 0.38984375 0.8416666671874999 0.38984375 0.872222221875 0.38515625 0.8916666671875 0.38515625
1 0.91944444375 0.45078125 0.91944444375 0.446875 0.9083333328125001 0.4421875 0.7861111109375 0.44140625 0.7736111109375 0.43671875 0.7763888890625 0.43125 0.76944444375 0.4296875 0.7569444437499999 0.43828125 0.75 0.4515625 0.7486111109375 0.46796875 0.7569444437499999 0.46875 0.7666666671875 0.45625 0.777777778125 0.45390625 0.815277778125 0.45390625 0.8333333328125001 0.45625 0.9069444437499999 0.45546875 0.91944444375 0.45078125
6 0.8166666671874999 0.6234375 0.8194444437499999 0.60703125 0.834722221875 0.6 0.8388888890624999 0.58671875 0.8361111109375001 0.575 0.8236111109375001 0.56953125 0.8083333328125001 0.5671875 0.7916666671875 0.56640625 0.7708333328125 0.56953125 0.76944444375 0.57265625 0.7597222218749999 0.57578125 0.7416666671875001 0.5953125 0.7402777781250001 0.64375 0.7416666671875001 0.65390625 0.7486111109375 0.65703125 0.76805555625 0.65546875 0.777777778125 0.63671875 0.7888888890625 0.6328125 0.79444444375 0.634375 0.8111111109375001 0.628125 0.8166666671874999 0.6234375
6 0.8027777781250001 0.75078125 0.8125 0.73515625 0.8388888890624999 0.73125 0.8444444437499999 0.72734375 0.85 0.690625 0.83194444375 0.67890625 0.83194444375 0.6609375 0.827777778125 0.65703125 0.8111111109375001 0.6546875 0.79444444375 0.65390625 0.7708333328125 0.6578125 0.7597222218749999 0.6625 0.7611111109375 0.6828125 0.752777778125 0.69765625 0.7263888890625 0.7015625 0.7180555562500001 0.70625 0.7166666671875 0.71953125 0.73194444375 0.73046875 0.722222221875 0.73828125 0.7263888890625 0.7625 0.7583333328124999 0.7640625 0.7819444437499999 0.76171875 0.8027777781250001 0.75078125
7 0.8486111109375001 0.84453125 0.85 0.86640625 0.8458333328125001 0.88125 0.85 0.884375 0.8583333328125 0.8796875 0.86944444375 0.86640625 0.8708333328125001 0.8546875 0.8791666671874999 0.84921875 0.877777778125 0.8390625 0.86944444375 0.8375 0.85694444375 0.83984375 0.8486111109375001 0.84453125
7 0.8847222218749999 0.9671875 0.89444444375 0.9703125 0.902777778125 0.96953125 0.9166666671874999 0.96171875 0.909722221875 0.96171875 0.9083333328125001 0.96484375 0.902777778125 0.96171875 0.8819444437499999 0.96171875 0.8847222218749999 0.9671875
7 0.9277777781250001 0.9390625 0.9277777781250001 0.92265625 0.9166666671874999 0.90703125 0.88055555625 0.90625 0.8708333328125001 0.92421875 0.877777778125 0.93046875 0.88055555625 0.94921875 0.9166666671874999 0.95546875 0.9277777781250001 0.9390625
7 0.9277777781250001 0.8609375 0.91944444375 0.85703125 0.8958333328125001 0.87578125 0.8861111109375001 0.8890625 0.8861111109375001 0.89609375 0.91944444375 0.896875 0.9277777781250001 0.878125 0.9277777781250001 0.8609375
7 0.8888888890625 0.1734375 0.8888888890625 0.1515625 0.872222221875 0.14140625 0.8611111109375 0.140625 0.8652777781250001 0.13671875 0.852777778125 0.146875 0.8444444437499999 0.14765625 0.8416666671874999 0.14453125 0.83194444375 0.14296875 0.8291666671875 0.13125 0.8166666671874999 0.13046875 0.8083333328125001 0.1328125 0.8125 0.175 0.8055555562500001 0.190625 0.8111111109375001 0.19609375 0.8333333328125001 0.20546875 0.85555555625 0.20390625 0.8625 0.19375 0.8888888890625 0.1734375
7 0.7333333328125 0.9296875 0.765277778125 0.93046875 0.81805555625 0.915625 0.827777778125 0.909375 0.8444444437499999 0.88125 0.8444444437499999 0.85625 0.83055555625 0.8515625 0.83194444375 0.84375 0.8430555562500001 0.8421875 0.8416666671874999 0.82421875 0.8291666671875 0.815625 0.815277778125 0.8140625 0.8027777781250001 0.8171875 0.784722221875 0.8171875 0.7763888890625 0.8203125 0.772222221875 0.83046875 0.784722221875 0.83828125 0.7861111109375 0.84453125 0.7819444437499999 0.8484375 0.76944444375 0.84921875 0.7611111109375 0.853125 0.7416666671875001 0.878125 0.722222221875 0.8828125 0.722222221875 0.921875 0.7333333328125 0.9296875
7 0.8027777781250001 0.9234375 0.7819444437499999 0.9265625 0.7611111109375 0.93515625 0.7611111109375 0.94375 0.7708333328125 0.95390625 0.7666666671875 0.9625 0.7736111109375 0.96953125 0.7819444437499999 0.971875 0.8041666671875 0.96796875 0.83055555625 0.92890625 0.83194444375 0.91953125 0.8125 0.91796875 0.8027777781250001 0.9234375
7 0.840277778125 0.98046875 0.85694444375 0.97421875 0.8680555562500001 0.959375 0.877777778125 0.9375 0.8763888890624999 0.92578125 0.86944444375 0.925 0.85694444375 0.93828125 0.8541666671874999 0.9546875 0.8430555562500001 0.96953125 0.840277778125 0.98046875
7 0.8611111109375 0.36484375 0.8652777781250001 0.3640625 0.8736111109375001 0.36796875 0.890277778125 0.36953125 0.9013888890624999 0.38125 0.9611111109375001 0.3796875 0.9625 0.37578125 0.95555555625 0.36484375 0.9444444437499999 0.35546875 0.9472222218749999 0.3421875 0.94305555625 0.33359375 0.95694444375 0.32890625 0.95 0.28671875 0.9444444437499999 0.28125 0.9208333328125 0.28046875 0.9041666671874999 0.27578125 0.8416666671874999 0.275 0.8375 0.2796875 0.8236111109375001 0.28203125 0.8263888890625 0.296875 0.80694444375 0.3046875 0.80694444375 0.32421875 0.834722221875 0.3328125 0.8361111109375001 0.33828125 0.8458333328125001 0.34609375 0.8486111109375001 0.36171875 0.859722221875 0.36484375 0.8541666671874999 0.36875 0.8611111109375 0.36875 0.8611111109375 0.36484375
7 0.827777778125 0.45625 0.8236111109375001 0.4609375 0.83055555625 0.4671875 0.8638888890624999 0.47421875 0.872222221875 0.4734375 0.8791666671874999 0.4765625 0.965277778125 0.47421875 0.9902777781250001 0.4671875 0.99444444375 0.43125 0.9861111109375 0.4171875 0.98055555625 0.3953125 0.9708333328125001 0.3890625 0.9138888890624999 0.38984375 0.9069444437499999 0.38671875 0.89444444375 0.3875 0.877777778125 0.38984375 0.8666666671875 0.39453125 0.847222221875 0.39375 0.834722221875 0.39921875 0.8222222218749999 0.4 0.8166666671874999 0.41328125 0.8222222218749999 0.42734375 0.8430555562500001 0.43828125 0.8708333328125001 0.43984375 0.86944444375 0.45546875 0.827777778125 0.45625
7 0.877777778125 0.79296875 0.8791666671874999 0.78828125 0.859722221875 0.78203125 0.8486111109375001 0.78984375 0.85555555625 0.79296875 0.877777778125 0.79296875
7 0.9013888890624999 0.79140625 0.89444444375 0.79140625 0.89444444375 0.7953125 0.902777778125 0.796875 0.9041666671874999 0.79140625 0.902777778125 0.7890625 0.9013888890624999 0.79140625
7 0.9138888890624999 0.7484375 0.8416666671874999 0.7453125 0.8416666671874999 0.765625 0.847222221875 0.76875 0.9138888890624999 0.7703125 0.91944444375 0.76640625 0.925 0.75078125 0.9138888890624999 0.7484375
7 0.897222221875 0.67734375 0.89305555625 0.68671875 0.8708333328125001 0.6953125 0.8583333328125 0.7078125 0.8541666671874999 0.71875 0.847222221875 0.72265625 0.8416666671874999 0.73203125 0.8458333328125001 0.7375 0.9305555562500001 0.7390625 0.940277778125 0.7234375 0.9541666671875 0.68515625 0.952777778125 0.67890625 0.94305555625 0.6765625 0.897222221875 0.67734375
4 0.6666666671875 0.96171875 0.7194444437499999 0.96875 0.752777778125 0.9671875 0.75555555625 0.9625 0.73055555625 0.94921875 0.6944444437499999 0.9453125 0.68194444375 0.94921875 0.6777777781250001 0.95546875 0.6666666671875 0.95703125 0.6666666671875 0.96171875
4 0.8263888890625 0.2375 0.8416666671874999 0.23515625 0.8416666671874999 0.23125 0.8208333328125 0.22734375 0.8041666671875 0.2296875 0.76805555625 0.22734375 0.7638888890625 0.234375 0.76805555625 0.23828125 0.8263888890625 0.2375