1 0.61015625 0.85694444375 0.61484375 0.8736111109375001 0.615625 0.89444444375 0.62109375 0.897222221875 0.62734375 0.89305555625 0.6296875 0.877777778125 0.628125 0.7458333328125 0.63125 0.7402777781250001 0.6421875 0.7402777781250001 0.6421875 0.734722221875 0.63125 0.727777778125 0.62421875 0.7138888890625 0.6125 0.7166666671875 0.60625 0.7111111109375 0.60625 0.7236111109375 0.61328125 0.7416666671875001 0.6140625 0.75555555625 0.61484375 0.7763888890625 0.61015625 0.8055555562500001 0.61015625 0.85694444375
1 0.5453125 0.76944444375 0.54453125 0.9055555562500001 0.54921875 0.91944444375 0.553125 0.91944444375 0.5578125 0.909722221875 0.5578125 0.852777778125 0.5609375 0.8375 0.5578125 0.809722221875 0.55859375 0.7819444437499999 0.56171875 0.7736111109375 0.57109375 0.7736111109375 0.57109375 0.76944444375 0.56796875 0.7611111109375 0.5625 0.7569444437499999 0.5484375 0.75 0.53125 0.7486111109375 0.53046875 0.7541666671875 0.5328125 0.7583333328124999 0.5453125 0.76944444375
6 0.2359375 0.7402777781250001 0.23828125 0.7833333328125 0.2484375 0.8041666671875 0.26484375 0.8125 0.2703125 0.8430555562500001 0.30859375 0.85 0.321875 0.8333333328125001 0.3390625 0.83194444375 0.34375 0.8263888890625 0.34453125 0.8194444437499999 0.34609375 0.7916666671875 0.3390625 0.7638888890625 0.3359375 0.7583333328124999 0.31953125 0.7638888890625 0.30234375 0.752777778125 0.29921875 0.74444444375 0.29765625 0.7236111109375 0.29375 0.7180555562500001 0.28203125 0.715277778125 0.26953125 0.73194444375 0.2671875 0.725 0.2625 0.722222221875 0.23828125 0.722222221875 0.2359375 0.7402777781250001
6 0.403125 0.8388888890624999 0.425 0.8388888890624999 0.43046875 0.8263888890625 0.43359375 0.7888888890625 0.43046875 0.76944444375 0.4265625 0.76805555625 0.42421875 0.7583333328124999 0.4015625 0.7402777781250001 0.34921875 0.7416666671875001 0.34296875 0.7486111109375 0.34453125 0.76944444375 0.3640625 0.777777778125 0.3671875 0.7833333328125 0.3671875 0.797222221875 0.37109375 0.8111111109375001 0.3890625 0.8194444437499999 0.403125 0.8388888890624999
7 0.16015625 0.8708333328125001 0.16015625 0.859722221875 0.1546875 0.8486111109375001 0.10859375 0.8486111109375001 0.1265625 0.8652777781250001 0.15 0.877777778125 0.15703125 0.877777778125 0.16015625 0.8708333328125001
7 0.03828125 0.8819444437499999 0.03359375 0.8833333328125 0.03046875 0.89444444375 0.0328125 0.9083333328125001 0.037093749999999995 0.9083333328125001 0.03828125 0.8819444437499999
7 0.06953125 0.877777778125 0.053125 0.877777778125 0.04609375 0.8986111109375001 0.04609375 0.9138888890624999 0.0609375 0.9277777781250001 0.07734375 0.9277777781250001 0.09296875 0.9166666671874999 0.09375 0.88055555625 0.08125 0.872222221875 0.07421875 0.8708333328125001 0.06953125 0.877777778125
7 0.13984375 0.925 0.1421875 0.91944444375 0.12421875 0.897222221875 0.11015625 0.8861111109375001 0.10390625 0.8861111109375001 0.103125 0.91944444375 0.13125 0.9291666671875 0.13984375 0.925
7 0.8484375 0.890277778125 0.853125 0.88055555625 0.85546875 0.86944444375 0.85234375 0.8652777781250001 0.8515625 0.8361111109375001 0.84453125 0.83194444375 0.83828125 0.8125 0.82578125 0.8125 0.81484375 0.8027777781250001 0.80703125 0.8041666671875 0.79453125 0.83055555625 0.796875 0.85555555625 0.80546875 0.8611111109375 0.828125 0.8888888890625 0.84453125 0.8916666671875 0.8484375 0.890277778125
7 0.075 0.722222221875 0.06953125 0.734722221875 0.06953125 0.7666666671875 0.0734375 0.7736111109375 0.08359375 0.8166666671874999 0.09375 0.83055555625 0.11953125 0.8444444437499999 0.14375 0.8444444437499999 0.14921875 0.840277778125 0.1515625 0.8444444437499999 0.16953125 0.8458333328125001 0.18046875 0.8444444437499999 0.1859375 0.8263888890625 0.18671875 0.81805555625 0.1828125 0.8041666671875 0.18359375 0.7916666671875 0.18046875 0.7763888890625 0.16875 0.772222221875 0.16171875 0.790277778125 0.1578125 0.790277778125 0.1515625 0.7833333328125 0.14921875 0.7638888890625 0.121875 0.7416666671875001 0.11875 0.725 0.1140625 0.7194444437499999 0.1046875 0.7236111109375 0.075 0.722222221875
7 0.03046875 0.75 0.025 0.7736111109375 0.02578125 0.797222221875 0.03125 0.7986111109375 0.03671875 0.777777778125 0.03671875 0.7583333328124999 0.03046875 0.75
7 0.625 0.9625 0.6359375 0.95555555625 0.64453125 0.9444444437499999 0.6578125 0.9472222218749999 0.6625 0.9416666671874999 0.66640625 0.9416666671874999 0.671875 0.95694444375 0.7078125 0.952777778125 0.71875 0.9444444437499999 0.72109375 0.9166666671874999 0.7234375 0.9138888890624999 0.725 0.834722221875 0.7203125 0.83194444375 0.71796875 0.8222222218749999 0.703125 0.8263888890625 0.69765625 0.809722221875 0.69375 0.8055555562500001 0.678125 0.8055555562500001 0.67421875 0.8083333328125001 0.66796875 0.834722221875 0.63125 0.8444444437499999 0.63046875 0.8916666671875 0.61875 0.9013888890624999 0.6203125 0.9611111109375001 0.625 0.9625
7 0.5328125 0.8236111109375001 0.521875 0.8611111109375 0.521875 0.934722221875 0.52734375 0.984722221875 0.53671875 0.9930555562500001 0.56875 0.99444444375 0.60546875 0.9791666671874999 0.61015625 0.972222221875 0.6109375 0.965277778125 0.61015625 0.925 0.6125 0.8916666671875 0.60625 0.8680555562500001 0.60625 0.8458333328125001 0.6015625 0.8388888890624999 0.59921875 0.8208333328125 0.58125 0.815277778125 0.571875 0.8222222218749999 0.56171875 0.8444444437499999 0.55859375 0.872222221875 0.54453125 0.872222221875 0.54375 0.8222222218749999 0.53984375 0.8194444437499999 0.5328125 0.8236111109375001
7 0.00625 0.725 0.00078125 0.73194444375 0.00078125 0.772222221875 0.00703125 0.7805555562500001 0.0109375 0.7666666671875 0.0125 0.73055555625 0.00625 0.725
7 0.07734375 0.83194444375 0.08046875 0.827777778125 0.08046875 0.809722221875 0.0765625 0.8027777781250001 0.075 0.7875 0.0671875 0.7638888890625 0.0578125 0.7611111109375 0.0484375 0.7708333328125 0.04765625 0.7763888890625 0.0390625 0.7708333328125 0.03046875 0.7541666671875 0.0265625 0.76805555625 0.02734375 0.797222221875 0.03359375 0.8055555562500001 0.07109375 0.83055555625 0.07734375 0.83194444375
7 0.01953125 0.840277778125 0.02265625 0.85555555625 0.0390625 0.8666666671875 0.0640625 0.877777778125 0.07265625 0.875 0.07421875 0.8708333328125001 0.06171875 0.8583333328125 0.04453125 0.85555555625 0.03515625 0.8458333328125001 0.01953125 0.840277778125
7 0.209375 0.8888888890625 0.2125 0.8847222218749999 0.2140625 0.86944444375 0.21875 0.8652777781250001 0.21875 0.8611111109375 0.2140625 0.85 0.209375 0.8486111109375001 0.20703125 0.85 0.20625 0.8583333328125 0.2078125 0.8819444437499999 0.203125 0.8916666671875 0.20234375 0.902777778125 0.2125 0.9041666671874999 0.209375 0.8888888890625
7 0.2515625 0.9138888890624999 0.2546875 0.8416666671874999 0.2375 0.840277778125 0.23125 0.85 0.22890625 0.9111111109375001 0.23203125 0.91805555625 0.24921875 0.925 0.2515625 0.9138888890624999
7 0.30625 0.952777778125 0.32109375 0.9541666671875 0.3234375 0.9444444437499999 0.3234375 0.902777778125 0.31953125 0.8958333328125001 0.3125 0.89305555625 0.30703125 0.8819444437499999 0.30546875 0.8708333328125001 0.2921875 0.85694444375 0.28125 0.8541666671874999 0.2734375 0.8444444437499999 0.265625 0.8416666671874999 0.2625 0.8458333328125001 0.2609375 0.9305555562500001 0.27734375 0.9416666671874999 0.29296875 0.9444444437499999 0.30625 0.952777778125