2 0.975 0.58055555625 0.9765625 0.5611111109375 0.9734375 0.5333333328125 0.95703125 0.5333333328125 0.953125 0.5527777781250001 0.9625 0.5625 0.96484375 0.58055555625 0.975 0.58055555625
1 0.615625 0.89305555625 0.6203125 0.897222221875 0.62734375 0.8958333328125001 0.6296875 0.8888888890625 0.62734375 0.8458333328125001 0.62734375 0.7486111109375 0.63125 0.7402777781250001 0.6390625 0.7402777781250001 0.640625 0.734722221875 0.62890625 0.7236111109375 0.62421875 0.7111111109375 0.6125 0.715277778125 0.60546875 0.709722221875 0.6046875 0.7166666671875 0.6125 0.7361111109375 0.6140625 0.75555555625 0.6140625 0.8833333328125 0.615625 0.89305555625
1 0.54921875 0.9166666671874999 0.55703125 0.909722221875 0.5578125 0.7833333328125 0.56171875 0.772222221875 0.56875 0.7736111109375 0.5703125 0.76944444375 0.5671875 0.7611111109375 0.56171875 0.7569444437499999 0.53203125 0.7486111109375 0.53203125 0.7583333328124999 0.54453125 0.7666666671875 0.54765625 0.784722221875 0.54375 0.827777778125 0.54609375 0.8541666671874999 0.5453125 0.9138888890624999 0.54921875 0.9166666671874999
6 0.23984375 0.777777778125 0.23671875 0.7833333328125 0.24453125 0.8013888890624999 0.25078125 0.8083333328125001 0.26328125 0.809722221875 0.2671875 0.8194444437499999 0.26953125 0.8416666671874999 0.3078125 0.85 0.31953125 0.8361111109375001 0.33125 0.83194444375 0.33359375 0.8236111109375001 0.3390625 0.8291666671875 0.34375 0.8208333328125 0.34453125 0.7875 0.33828125 0.7611111109375 0.3328125 0.7569444437499999 0.3140625 0.7583333328124999 0.30234375 0.752777778125 0.29765625 0.727777778125 0.2921875 0.7180555562500001 0.27890625 0.715277778125 0.2703125 0.727777778125 0.26171875 0.7208333328125 0.240625 0.722222221875 0.23671875 0.727777778125 0.2359375 0.7611111109375 0.23984375 0.777777778125
6 0.36328125 0.809722221875 0.3921875 0.8236111109375001 0.4015625 0.840277778125 0.42421875 0.8388888890624999 0.43125 0.8194444437499999 0.43359375 0.8027777781250001 0.43125 0.7763888890625 0.425 0.7666666671875 0.4234375 0.7583333328124999 0.4140625 0.7541666671875 0.40625 0.74444444375 0.39375 0.7402777781250001 0.35078125 0.7416666671875001 0.34609375 0.7430555562500001 0.34296875 0.75 0.3453125 0.7708333328125 0.365625 0.7819444437499999 0.3625 0.797222221875 0.36328125 0.809722221875
7 0.14375 0.872222221875 0.15 0.8791666671874999 0.16015625 0.877777778125 0.16171875 0.8652777781250001 0.15625 0.8486111109375001 0.123828125 0.8486111109375001 0.1203424203125 0.8554964546875 0.1234375 0.85694444375 0.1328125 0.86944444375 0.14375 0.872222221875
7 0.0296875 0.902777778125 0.0359375 0.9069444437499999 0.0375 0.8819444437499999 0.03359375 0.8833333328125 0.0296875 0.89305555625 0.0296875 0.902777778125
7 0.07109375 0.8708333328125001 0.06953125 0.875 0.05390625 0.877777778125 0.04921875 0.8833333328125 0.04609375 0.897222221875 0.04609375 0.915277778125 0.06171875 0.9277777781250001 0.0765625 0.9277777781250001 0.09296875 0.9166666671874999 0.09375 0.8819444437499999 0.08046875 0.872222221875 0.07109375 0.8708333328125001
7 0.10390625 0.91944444375 0.13046875 0.9291666671875 0.1421875 0.9236111109375 0.1421875 0.91805555625 0.125 0.897222221875 0.1109375 0.8861111109375001 0.10546875 0.8861111109375001 0.10234375 0.9069444437499999 0.10390625 0.91944444375
7 0.10703125 0.7194444437499999 0.10234375 0.725 0.07890625 0.7208333328125 0.06953125 0.73194444375 0.06953125 0.76805555625 0.08046875 0.7986111109375 0.084375 0.81805555625 0.0890625 0.8263888890625 0.1203125 0.8458333328125001 0.14296875 0.8444444437499999 0.1453125 0.840277778125 0.15390625 0.8444444437499999 0.18125 0.8444444437499999 0.1859375 0.80694444375 0.18203125 0.7958333328125 0.18125 0.7791666671875 0.178125 0.7736111109375 0.16875 0.76944444375 0.16484375 0.7736111109375 0.16328125 0.7819444437499999 0.15390625 0.7819444437499999 0.15078125 0.777777778125 0.14921875 0.7638888890625 0.121875 0.7416666671875001 0.11875 0.725 0.1140625 0.7194444437499999 0.10703125 0.7194444437499999
7 0.00078125 0.777777778125 0.0109375 0.7819444437499999 0.0125 0.73055555625 0.01015625 0.722222221875 0.00234375 0.7208333328125 0.00078125 0.777777778125
7 0.08203125 0.8125 0.0765625 0.8027777781250001 0.075 0.7875 0.0640625 0.7597222218749999 0.046875 0.7611111109375 0.03671875 0.7569444437499999 0.03125 0.75 0.028125 0.7541666671875 0.0234375 0.7819444437499999 0.0265625 0.7986111109375 0.071875 0.83055555625 0.0765625 0.83194444375 0.08125 0.8263888890625 0.08203125 0.8125
7 0.04453125 0.86944444375 0.05703125 0.875 0.07265625 0.8736111109375001 0.07421875 0.8708333328125001 0.0609375 0.8583333328125 0.03046875 0.8416666671874999 0.01953125 0.840277778125 0.021875 0.8541666671874999 0.04453125 0.86944444375
7 0.2125 0.9069444437499999 0.2109375 0.89305555625 0.2140625 0.8847222218749999 0.21484375 0.86944444375 0.22109375 0.8611111109375 0.21484375 0.85555555625 0.2140625 0.847222221875 0.21015625 0.8458333328125001 0.20703125 0.847222221875 0.20546875 0.85694444375 0.20625 0.88055555625 0.203125 0.8861111109375001 0.2015625 0.902777778125 0.20390625 0.9069444437499999 0.2125 0.9069444437499999
7 0.23359375 0.91944444375 0.24921875 0.9277777781250001 0.25078125 0.922222221875 0.2546875 0.840277778125 0.234375 0.8416666671874999 0.23125 0.8444444437499999 0.22890625 0.8611111109375 0.22890625 0.9055555562500001 0.23359375 0.91944444375
7 0.3234375 0.9416666671874999 0.325 0.9083333328125001 0.31953125 0.8958333328125001 0.31171875 0.890277778125 0.3078125 0.88055555625 0.3078125 0.8708333328125001 0.29453125 0.85694444375 0.28203125 0.852777778125 0.27421875 0.8444444437499999 0.26328125 0.8444444437499999 0.2609375 0.9111111109375001 0.2625 0.93194444375 0.31796875 0.95555555625 0.32109375 0.952777778125 0.3234375 0.9416666671874999