2 0.01484375 0.46805555625000006 0.01953125 0.477777778125 0.02890625 0.4763888890625 0.03125 0.47083333281249995 0.02890625 0.4375 0.02109375 0.42222222187499997 0.0140625 0.43194444374999996 0.01484375 0.46805555625000006
1 0.45234375 0.25 0.46796875 0.2513888890625 0.46875 0.24305555625 0.45703125 0.23194444375 0.4546875 0.21944444375 0.4546875 0.09305555625 0.44921875 0.08194444375 0.44453125 0.08333333281250001 0.44296875 0.0916666671875 0.4421875 0.1541666671875 0.43984375 0.16944444375 0.44140625 0.2166666671875 0.43828125 0.2236111109375 0.43125 0.222222221875 0.4296875 0.23055555625 0.4390625 0.24305555625 0.45234375 0.25
7 0.36953125 0.11944444375 0.375 0.10555555624999999 0.38046875 0.102777778125 0.378125 0.0388888890625 0.36484375 0.04305555625 0.35546875 0.055555556250000006 0.33828125 0.055555556250000006 0.3375 0.0638888890625 0.34140625 0.07638888906249999 0.35 0.0861111109375 0.3546875 0.0958333328125 0.35546875 0.10555555624999999 0.359375 0.10833333281249999 0.36328125 0.11944444375 0.36953125 0.11944444375
7 0.87890625 0.25833333281250004 0.88125 0.2708333328125 0.8875 0.2791666671875 0.89765625 0.275 0.92265625 0.27638888906250003 0.93046875 0.26527777812500003 0.92890625 0.22638888906250001 0.9265625 0.225 0.91640625 0.184722221875 0.90390625 0.16805555625 0.88125 0.15555555625 0.86328125 0.1541666671875 0.853125 0.15972222187500001 0.8484375 0.15555555625 0.83359375 0.15555555625 0.82421875 0.15972222187500001 0.815625 0.172222221875 0.8140625 0.18055555625 0.81953125 0.21944444375 0.82734375 0.22638888906250001 0.83671875 0.2166666671875 0.84453125 0.215277778125 0.8484375 0.21944444375 0.8515625 0.23611111093749998 0.87890625 0.25833333281250004
7 0.85 0.1263888890625 0.84921875 0.13055555624999998 0.846875 0.1291666671875 0.85 0.13194444375 0.85546875 0.15 0.875 0.1541666671875 0.884375 0.15 0.86640625 0.13055555624999998 0.85 0.1263888890625
7 0.9546875 0.102777778125 0.96015625 0.10833333281249999 0.96171875 0.11805555625 0.96875 0.115277778125 0.9734375 0.10555555624999999 0.96640625 0.0861111109375 0.96171875 0.08055555625000001 0.95234375 0.08055555625000001 0.9375 0.072222221875 0.9140625 0.07638888906249999 0.9078125 0.08194444375 0.9046875 0.09305555625 0.90078125 0.0888888890625 0.89921875 0.08055555625000001 0.89375 0.077777778125 0.875 0.072222221875 0.8625 0.072222221875 0.85859375 0.077777778125 0.85703125 0.08055555625000001 0.859375 0.084722221875 0.875 0.10555555624999999 0.8890625 0.115277778125 0.9046875 0.11805555625 0.91953125 0.1291666671875 0.946875 0.12222222187500001 0.9546875 0.102777778125
7 0.95703125 0.3138888890625 0.95546875 0.32777777812500003 0.9609375 0.33055555625 0.96328125 0.30555555624999997 0.95703125 0.3138888890625
7 0.9859375 0.259722221875 0.98046875 0.29722222187499997 0.9765625 0.3333333328125 0.98125 0.34305555625 0.99296875 0.352777778125 0.99921875 0.352777778125 0.99921875 0.28055555625 0.99609375 0.27777777812500004 0.9921875 0.259722221875 0.9859375 0.259722221875
7 0.875 0.10555555624999999 0.8890625 0.115277778125 0.89921875 0.11388888906250001 0.89765625 0.08055555625000001 0.87109375 0.072222221875 0.86484375 0.072222221875 0.85859375 0.0791666671875 0.875 0.10555555624999999
7 0.065625 0.5930555562500001 0.0640625 0.6138888890625 0.0671875 0.6138888890625 0.0671875 0.5861111109375 0.065625 0.5930555562500001
7 0.09921875 0.5458333328125 0.10703125 0.5583333328125 0.10625 0.5930555562500001 0.10859375 0.602777778125 0.11640625 0.609722221875 0.11875 0.6166666671875001 0.1265625 0.6208333328125 0.14140625 0.6166666671875001 0.1421875 0.5930555562500001 0.13515625 0.5458333328125 0.13046875 0.5319444437499999 0.13046875 0.51805555625 0.12578125 0.5138888890625 0.12578125 0.5059027781250001 0.12265625 0.502777778125 0.12578125 0.49791666718750005 0.12265625 0.49583333281249997 0.1234375 0.490277778125 0.12578125 0.48993055625000004 0.12578125 0.48194444374999995 0.12265625 0.48194444374999995 0.12265625 0.4916666671875 0.11875 0.5041666671875 0.115625 0.5013888890625 0.115625 0.49583333281249997 0.1109375 0.49305555625 0.11328125 0.46805555625000006 0.1125 0.434722221875 0.1078125 0.43333333281249997 0.1 0.4458333328125 0.0828125 0.45555555625000005 0.07421875 0.46805555625000006 0.06875 0.46805555625000006 0.0671875 0.45555555625000005 0.0640625 0.4513888890625 0.0625 0.45694444375 0.06796875 0.46388888906250003 0.06328125 0.4671291671875 0.06640625 0.497222221875 0.0578125 0.525 0.06015625 0.5527777781250001 0.06328125 0.55694444375 0.07265625 0.5555555562500001 0.09921875 0.5458333328125
7 0.15 0.43055555625 0.1515625 0.4763888890625 0.15546875 0.497222221875 0.1578125 0.540277778125 0.16484375 0.5763888890625 0.19140625 0.56805555625 0.21171875 0.56805555625 0.21953125 0.5555555562500001 0.23046875 0.5555555562500001 0.24921875 0.5638888890625 0.27578125 0.5638888890625 0.29453125 0.5916666671875 0.3171875 0.5930555562500001 0.32890625 0.58055555625 0.33671875 0.5583333328125 0.34453125 0.5555555562500001 0.35234375 0.5458333328125 0.36015625 0.527777778125 0.36484375 0.502777778125 0.3640625 0.46805555625000006 0.36171875 0.447222221875 0.35625 0.43333333281249997 0.33671875 0.40694444374999994 0.31875 0.39305555625 0.2890625 0.3583333328125 0.28203125 0.35555555625 0.27265625 0.33194444375 0.26171875 0.3291666671875 0.25546875 0.3166666671875 0.24765625 0.32777777812500003 0.2328125 0.33055555625 0.2203125 0.3763888890625 0.2171875 0.35694444375 0.19453125 0.3333333328125 0.19140625 0.32083333281250004 0.1546875 0.29444444375 0.1390625 0.2888888890625 0.13828125 0.33055555625 0.14453125 0.3541666671875 0.16484375 0.38055555625 0.16796875 0.38055555625 0.17421875 0.39444444375 0.17265625 0.40972222187499996 0.16328125 0.4291666671875 0.15 0.43055555625
7 0.0859375 0.2958333328125 0.09609375 0.30416666718749996 0.1015625 0.322222221875 0.10625 0.3263888890625 0.11171875 0.3236111109375 0.109375 0.28055555625 0.10625 0.2666666671875 0.1015625 0.259722221875 0.0828125 0.2513888890625 0.06015625 0.23194444375 0.05 0.22638888906250001 0.03828125 0.22638888906250001 0.03515625 0.2208333328125 0.021875 0.2138888890625 0.0015625 0.21944444375 0.00078125 0.23055555625 0.00390625 0.2388888890625 0.028125 0.2541666671875 0.0328125 0.2666666671875 0.04765625 0.272222221875 0.05546875 0.2833333328125 0.06015625 0.28194444375 0.0859375 0.2958333328125
7 0.30625 0.19444444375 0.32421875 0.19305555624999998 0.33046875 0.16944444375 0.34296875 0.15277777812499999 0.34453125 0.14305555625 0.35859375 0.13888888906250002 0.36484375 0.1291666671875 0.36875 0.1291666671875 0.37421875 0.10694444375 0.38046875 0.102777778125 0.378125 0.0388888890625 0.3640625 0.04444444375 0.3546875 0.054166667187499996 0.34140625 0.0513888890625 0.33359375 0.055555556250000006 0.328125 0.04305555625 0.296875 0.047222221875 0.28203125 0.055555556250000006 0.27890625 0.06944444375 0.278125 0.0916666671875 0.275 0.10555555624999999 0.275 0.15555555625 0.28125 0.16944444375 0.28203125 0.17916666718750002 0.296875 0.172222221875 0.3015625 0.190277778125 0.30625 0.19444444375
7 0.43984375 0.1125 0.4453125 0.08194444375 0.4484375 0.08194444375 0.45625 0.09444444375 0.45625 0.1763888890625 0.46171875 0.177777778125 0.46640625 0.17361111093749998 0.47578125 0.147222221875 0.475 0.1361111109375 0.478125 0.127777778125 0.47421875 0.0208333328125 0.46484375 0.0083333328125 0.43125 0.00555555625 0.3953125 0.019444443750000002 0.3890625 0.030555556249999997 0.39140625 0.07083333281250001 0.38671875 0.102777778125 0.4 0.177777778125 0.41796875 0.184722221875 0.42734375 0.17916666718750002 0.43671875 0.165277778125 0.44140625 0.15 0.43984375 0.1125
7 0.98828125 0.2541666671875 0.99453125 0.25555555625 0.99609375 0.24444444375000002 0.99921875 0.24305555625 0.99921875 0.2236111109375 0.99375 0.21944444375 0.98984375 0.2236111109375 0.98828125 0.2541666671875
7 0.9625 0.24583333281250003 0.9703125 0.24305555625 0.975 0.21944444375 0.9734375 0.20277777812500003 0.96640625 0.19444444375 0.92890625 0.1708333328125 0.9203125 0.17361111093749998 0.91953125 0.1888888890625 0.92421875 0.197222221875 0.92734375 0.21805555625 0.93125 0.22638888906250001 0.93828125 0.21805555625 0.9453125 0.21805555625 0.95390625 0.2236111109375 0.9625 0.24583333281250003
7 0.9390625 0.12222222187500001 0.92734375 0.12222222187500001 0.925 0.13194444375 0.93203125 0.14305555625 0.9609375 0.15972222187500001 0.96875 0.16805555625 0.98046875 0.16805555625 0.97890625 0.15694444375 0.9640625 0.134722221875 0.9390625 0.12222222187500001
7 0.7875 0.1416666671875 0.7921875 0.1375 0.79296875 0.1291666671875 0.78828125 0.127777778125 0.7828125 0.134722221875 0.78125 0.140277778125 0.7875 0.1416666671875
7 0.79765625 0.1 0.79296875 0.09444444375 0.7859375 0.09444444375 0.78828125 0.1166666671875 0.79296875 0.11805555625 0.79765625 0.1
7 0.75390625 0.075 0.74921875 0.075 0.74765625 0.08055555625000001 0.7453125 0.15555555625 0.74765625 0.15972222187500001 0.7625 0.1583333328125 0.76796875 0.15277777812499999 0.7703125 0.140277778125 0.7703125 0.097222221875 0.77265625 0.0861111109375 0.75390625 0.075
7 0.7421875 0.075 0.7375 0.06805555625000001 0.7203125 0.0625 0.71796875 0.058333332812500006 0.7 0.055555556250000006 0.6828125 0.0458333328125 0.6765625 0.0486111109375 0.67734375 0.102777778125 0.68515625 0.10694444375 0.70078125 0.134722221875 0.71875 0.1541666671875 0.734375 0.15972222187500001 0.7375 0.147222221875 0.7375 0.1125 0.7421875 0.075
4 0.9515625 0.322222221875 0.96015625 0.3291666671875 0.96875 0.28194444375 0.96953125 0.2541666671875 0.9640625 0.25694444375000003 0.95859375 0.2708333328125 0.9515625 0.30555555624999997 0.9515625 0.322222221875
4 0.1765625 0.18194444375000002 0.17421875 0.197222221875 0.1796875 0.20694444375 0.1828125 0.2416666671875 0.1875 0.24583333281250003 0.1890625 0.18055555625 0.1859375 0.17361111093749998 0.18125 0.172222221875 0.1765625 0.18194444375000002