2 0.025 0.4625 0.02890625 0.46805555625000006 0.03671875 0.46805555625000006 0.0390625 0.4625 0.03671875 0.425 0.0328125 0.41805555625 0.025 0.41944444374999995 0.025 0.4625
1 0.359375 0.26527777812500003 0.36796875 0.2708333328125 0.375 0.28472222187499996 0.3859375 0.28194444375 0.39375 0.290277778125 0.39375 0.27777777812500004 0.38671875 0.26527777812500003 0.38515625 0.1666666671875 0.3859375 0.15694444375 0.3890625 0.15277777812499999 0.3859375 0.1208333328125 0.38203125 0.1041666671875 0.375 0.102777778125 0.36953125 0.109722221875 0.371875 0.13888888906250002 0.3703125 0.1875 0.37265625 0.2125 0.3703125 0.2208333328125 0.37265625 0.252777778125 0.36875 0.2611111109375 0.3609375 0.259722221875 0.359375 0.26527777812500003
1 0.4609375 0.2388888890625 0.465625 0.2513888890625 0.46796875 0.25 0.4671875 0.2416666671875 0.45703125 0.23611111093749998 0.45859375 0.2513888890625 0.4609375 0.2388888890625
1 0.4421875 0.24305555625 0.44140625 0.22916666718749998 0.4390625 0.22638888906250001 0.4296875 0.22638888906250001 0.43125 0.2388888890625 0.4421875 0.24305555625
1 0.45625 0.16944444375 0.453125 0.1666666671875 0.45625 0.1611111109375 0.45546875 0.0861111109375 0.4515625 0.08194444375 0.4453125 0.08333333281250001 0.4421875 0.0958333328125 0.44140625 0.15694444375 0.4421875 0.16712916718749998 0.4453125 0.16805555625 0.4421875 0.1759263890625 0.44296875 0.184722221875 0.44453125 0.17361111093749998 0.4515625 0.1666666671875 0.45625 0.16944444375
6 0.7078125 0.2833333328125 0.71875 0.28472222187499996 0.7296875 0.2708333328125 0.73671875 0.27777777812500004 0.7625 0.275 0.7640625 0.23194444375 0.76171875 0.215277778125 0.75390625 0.197222221875 0.7359375 0.1888888890625 0.73046875 0.1583333328125 0.70546875 0.15 0.69140625 0.15 0.68046875 0.165277778125 0.6703125 0.1666666671875 0.6640625 0.17361111093749998 0.6609375 0.16944444375 0.65625 0.177777778125 0.65625 0.22638888906250001 0.66171875 0.2388888890625 0.6671875 0.24305555625 0.68125 0.2388888890625 0.69765625 0.24722222187499998 0.70078125 0.2541666671875 0.70234375 0.275 0.7078125 0.2833333328125
6 0.6546875 0.22916666718749998 0.6359375 0.2236111109375 0.6328125 0.2166666671875 0.63671875 0.20555555625 0.63671875 0.19583333281249998 0.6046875 0.172222221875 0.59765625 0.15972222187500001 0.57578125 0.1611111109375 0.56875 0.18055555625 0.56640625 0.20555555625 0.56953125 0.22916666718749998 0.5734375 0.23055555625 0.5765625 0.240277778125 0.59453125 0.25694444375000003 0.653125 0.25833333281250004 0.65703125 0.25 0.6546875 0.22916666718749998
7 0.8421875 0.12361111093749999 0.8421875 0.13055555624999998 0.8390625 0.1361111109375 0.84375 0.15 0.8921875 0.15277777812499999 0.86640625 0.13055555624999998 0.85625 0.1291666671875 0.8484375 0.1208333328125 0.8421875 0.12361111093749999
7 0.96171875 0.1 0.96171875 0.11805555625 0.9640625 0.11805555625 0.9734375 0.10138888906250001 0.9625 0.08333333281250001 0.95859375 0.090277778125 0.95234375 0.08055555625000001 0.93828125 0.072222221875 0.92421875 0.072222221875 0.90703125 0.084722221875 0.90625 0.11944444375 0.91875 0.127777778125 0.92890625 0.12222222187500001 0.94921875 0.1208333328125 0.95390625 0.11388888906250001 0.95390625 0.10555555624999999 0.9578125 0.097222221875 0.96171875 0.1
7 0.85703125 0.07638888906249999 0.85625 0.08055555625000001 0.875 0.102777778125 0.8890625 0.11388888906250001 0.8953125 0.11388888906250001 0.89765625 0.09444444375 0.89609375 0.08055555625000001 0.86875 0.07083333281250001 0.85703125 0.07638888906249999
7 0.85078125 0.23611111093749998 0.878125 0.25833333281250004 0.88125 0.275 0.88671875 0.28055555625 0.921875 0.2791666671875 0.93046875 0.2666666671875 0.93046875 0.23333333281250002 0.92578125 0.2236111109375 0.91640625 0.1833333328125 0.91015625 0.17361111093749998 0.8953125 0.165277778125 0.8921875 0.15972222187500001 0.88046875 0.15555555625 0.81875 0.15555555625 0.8171875 0.1625 0.815625 0.19583333281249998 0.81875 0.2208333328125 0.821875 0.22638888906250001 0.83203125 0.22916666718749998 0.83671875 0.21805555625 0.8453125 0.21805555625 0.8484375 0.222222221875 0.85078125 0.23611111093749998
7 0.9875 0.272222221875 0.98984375 0.2791666671875 0.99453125 0.28055555625 0.99921875 0.27638888906250003 0.99921875 0.21944444375 0.99296875 0.21805555625 0.98828125 0.2375 0.9875 0.272222221875
7 0.975 0.2236111109375 0.975 0.20555555625 0.97265625 0.20138888906250002 0.92890625 0.16944444375 0.91953125 0.1708333328125 0.91875 0.190277778125 0.92265625 0.19583333281249998 0.92578125 0.2166666671875 0.93515625 0.2388888890625 0.9625 0.240277778125 0.96875 0.24583333281250003 0.971875 0.24305555625 0.975 0.2236111109375
7 0.93203125 0.125 0.9296875 0.13194444375 0.92734375 0.125 0.925 0.13055555624999998 0.9390625 0.14305555625 0.95390625 0.14444444375 0.9671875 0.15555555625 0.98046875 0.15972222187500001 0.97578125 0.14305555625 0.94140625 0.125 0.93203125 0.125
7 0.78671875 0.1208333328125 0.78515625 0.13194444375 0.78046875 0.13888888906250002 0.78515625 0.14444444375 0.7859375 0.1513888890625 0.790625 0.15277777812499999 0.79375 0.14444444375 0.79296875 0.1208333328125 0.78671875 0.1208333328125
7 0.7953125 0.09444444375 0.78828125 0.09444444375 0.78828125 0.10138888906250001 0.7921875 0.10833333281249999 0.7890625 0.1166666671875 0.79296875 0.11805555625 0.796875 0.10694444375 0.79765625 0.097222221875 0.7953125 0.09444444375
7 0.7453125 0.1583333328125 0.76171875 0.15972222187500001 0.76875 0.15277777812499999 0.77109375 0.1375 0.7703125 0.0888888890625 0.76640625 0.08055555625000001 0.74921875 0.07638888906249999 0.7453125 0.1583333328125
7 0.7390625 0.06944444375 0.71796875 0.05694444375 0.7015625 0.054166667187499996 0.68203125 0.04444444375 0.67734375 0.0458333328125 0.6765625 0.052777778124999994 0.675 0.09305555625 0.6859375 0.10833333281249999 0.6890625 0.127777778125 0.70625 0.14305555625 0.71796875 0.1458333328125 0.7265625 0.15555555625 0.73671875 0.15555555625 0.7390625 0.06944444375
4 0.47578125 0.25833333281250004 0.4796875 0.25 0.4796875 0.1763888890625 0.47734375 0.172222221875 0.475 0.1763888890625 0.47578125 0.1916666671875 0.46640625 0.21805555625 0.47421875 0.22638888906250001 0.4734375 0.252777778125 0.46640625 0.26805555625 0.4703125 0.272222221875 0.475 0.26944444375 0.47578125 0.25833333281250004
4 0.36328125 0.15277777812499999 0.35703125 0.1611111109375 0.35546875 0.18194444375000002 0.3609375 0.2125 0.3578125 0.23611111093749998 0.36875 0.2416666671875 0.3671875 0.20416666718749998 0.3703125 0.165277778125 0.36796875 0.15555555625 0.36328125 0.15277777812499999
4 0.8484375 0.3263888890625 0.8546875 0.34444444375 0.8546875 0.3625 0.85546875 0.35555555625 0.859375 0.3625 0.8609375 0.34305555625 0.85703125 0.315277778125 0.86171875 0.2888888890625 0.86171875 0.272222221875 0.8546875 0.25555555625 0.84765625 0.25694444375000003 0.846875 0.27777777812500004 0.84375 0.28055555625 0.846875 0.290277778125 0.82890625 0.3513888890625 0.83125 0.35555555625 0.83671875 0.35555555625 0.83984375 0.34027777812500004 0.8484375 0.3263888890625
4 0.3171875 0.1763888890625 0.3171875 0.16388888906250001 0.30703125 0.1375 0.3015625 0.13888888906250002 0.3 0.15277777812499999 0.2953125 0.16388888906250001 0.30078125 0.172222221875 0.30546875 0.21944444375 0.31171875 0.22638888906250001 0.31015625 0.1916666671875 0.3125 0.18055555625 0.3171875 0.1763888890625
4 0.45546875 0.17361111093749998 0.44921875 0.1541666671875 0.44296875 0.15555555625 0.44296875 0.18194444375000002 0.4375 0.19583333281249998 0.4421875 0.20138888906250002 0.44296875 0.2541666671875 0.44921875 0.25555555625 0.45625 0.2513888890625 0.45390625 0.21805555625 0.45546875 0.17361111093749998