2 0.46805555625000006 0.9703125 0.46805555625000006 0.9640625 0.425 0.96328125 0.41805555625 0.9671875 0.41944444374999995 0.975 0.4583333328125 0.975 0.46805555625000006 0.9703125
1 0.19444444375 0.61015625 0.18055555625 0.61328125 0.18055555625 0.6109375 0.1763888890625 0.6125 0.15 0.61015625 0.1263888890625 0.615625 0.10833333281249999 0.615625 0.102777778125 0.61953125 0.10555555624999999 0.6296875 0.2541666671875 0.628125 0.259722221875 0.63125 0.259722221875 0.6421875 0.2638888890625 0.6421875 0.2708333328125 0.6328125 0.28611111093749997 0.625 0.2888888890625 0.6203125 0.2833333328125 0.61328125 0.290277778125 0.60625 0.28472222187499996 0.6046875 0.2625 0.61328125 0.24583333281250003 0.61484375 0.20277777812500003 0.61328125 0.19444444375 0.61015625
1 0.1666666671875 0.54375 0.1416666671875 0.54609375 0.09305555625 0.5453125 0.08055555625000001 0.55 0.0861111109375 0.55703125 0.14305555625 0.5578125 0.15694444375 0.56015625 0.2125 0.5578125 0.2208333328125 0.56015625 0.22638888906250001 0.5640625 0.2236111109375 0.56875 0.23055555625 0.5703125 0.2388888890625 0.5671875 0.24305555625 0.56171875 0.2513888890625 0.5328125 0.24583333281250003 0.53125 0.23611111093749998 0.54296875 0.2166666671875 0.54765625 0.1666666671875 0.54375
6 0.215277778125 0.23828125 0.197222221875 0.2453125 0.1875 0.26484375 0.1583333328125 0.26953125 0.1513888890625 0.28671875 0.15 0.30859375 0.16388888906250001 0.31875 0.16805555625 0.3390625 0.177777778125 0.34375 0.21944444375 0.34375 0.2375 0.3390625 0.2416666671875 0.33671875 0.2388888890625 0.3171875 0.24722222187499998 0.30234375 0.25555555625 0.29921875 0.275 0.29765625 0.28194444375 0.29375 0.28472222187499996 0.28125 0.2708333328125 0.2703125 0.27777777812500004 0.2625 0.275 0.2375 0.2416666671875 0.2359375 0.215277778125 0.23828125
6 0.16388888906250001 0.42421875 0.18055555625 0.43125 0.20416666718749998 0.43359375 0.22916666718749998 0.43046875 0.24305555625 0.42265625 0.25694444375000003 0.40546875 0.25833333281250004 0.35 0.25 0.34296875 0.23194444375 0.34453125 0.222222221875 0.3640625 0.2166666671875 0.3671875 0.19583333281249998 0.36328125 0.184722221875 0.37421875 0.1763888890625 0.39296875 0.16388888906250001 0.4 0.16388888906250001 0.42421875
7 0.13194444375 0.16328125 0.1513888890625 0.1546875 0.1541666671875 0.1078125 0.147222221875 0.11015625 0.1208333328125 0.1515625 0.1208333328125 0.16328125 0.13194444375 0.16328125
7 0.097222221875 0.02734375 0.08333333281250001 0.0375 0.11388888906250001 0.03828125 0.11805555625 0.0359375 0.10555555624999999 0.02734375 0.097222221875 0.02734375
7 0.12222222187500001 0.05546875 0.115277778125 0.04765625 0.08333333281250001 0.04609375 0.07638888906249999 0.05390625 0.072222221875 0.0609375 0.072222221875 0.07734375 0.084722221875 0.09296875 0.1208333328125 0.09296875 0.1263888890625 0.075 0.1208333328125 0.07265625 0.12222222187500001 0.05546875
7 0.09444444375 0.10234375 0.08055555625000001 0.10390625 0.072222221875 0.125 0.072222221875 0.1390625 0.077777778125 0.14296875 0.08055555625000001 0.14375 0.102777778125 0.125 0.11388888906250001 0.1109375 0.11388888906250001 0.1046875 0.09444444375 0.10234375
7 0.27638888906250003 0.10390625 0.27777777812500004 0.07578125 0.2666666671875 0.06953125 0.23194444375 0.06953125 0.22638888906250001 0.0734375 0.1833333328125 0.08359375 0.17361111093749998 0.0890625 0.165277778125 0.10390625 0.15972222187500001 0.10703125 0.15555555625 0.11953125 0.1583333328125 0.14921875 0.1541666671875 0.16171875 0.15555555625 0.18125 0.15972222187500001 0.1828125 0.1875 0.1859375 0.19583333281249998 0.1828125 0.21805555625 0.1828125 0.22638888906250001 0.178125 0.22916666718749998 0.1703125 0.2166666671875 0.1609375 0.21805555625 0.15234375 0.23472222187499997 0.15 0.25555555625 0.12890625 0.25833333281250004 0.121875 0.275 0.11875 0.28055555625 0.1140625 0.28055555625 0.10703125 0.27638888906250003 0.10390625
7 0.040277778125000004 0.6203125 0.04444444375 0.63515625 0.055555556250000006 0.64453125 0.052777778124999994 0.6578125 0.05694444375 0.66171875 0.052777778124999994 0.6671875 0.04305555625 0.67109375 0.047222221875 0.7140625 0.06805555625000001 0.725 0.1541666671875 0.72578125 0.1611111109375 0.725 0.1611111109375 0.72109375 0.16805555625 0.71875 0.1708333328125 0.70390625 0.190277778125 0.69296875 0.19305555624999998 0.67890625 0.1916666671875 0.67578125 0.1666666671875 0.66328125 0.1708333328125 0.64609375 0.165277778125 0.63125 0.10833333281249999 0.63125 0.1 0.61953125 0.040277778125000004 0.6203125
7 0.177777778125 0.53828125 0.1666666671875 0.53046875 0.1513888890625 0.52578125 0.12222222187500001 0.521875 0.08194444375 0.5234375 0.05 0.51953125 0.013888889062500001 0.521875 0.006944443749999999 0.5375 0.006944443749999999 0.57265625 0.0208333328125 0.6046875 0.030555556249999997 0.6109375 0.0666666671875 0.6109375 0.072222221875 0.60859375 0.11805555625 0.61171875 0.134722221875 0.60625 0.1513888890625 0.60703125 0.17361111093749998 0.596875 0.17916666718750002 0.596875 0.1833333328125 0.59296875 0.1833333328125 0.578125 0.16805555625 0.5640625 0.127777778125 0.55859375 0.127777778125 0.54453125 0.177777778125 0.54375 0.177777778125 0.53828125
7 0.23611111093749998 0.01171875 0.26944444375 0.0125 0.27638888906250003 0.01015625 0.2791666671875 0.00546875 0.272222221875 0.00078125 0.21944444375 0.00078125 0.21805555625 0.00703125 0.23611111093749998 0.01171875
7 0.190277778125 0.08125 0.197222221875 0.0765625 0.2125 0.075 0.23611111093749998 0.0671875 0.240277778125 0.0625 0.2388888890625 0.03828125 0.24722222187499998 0.03046875 0.2236111109375 0.025 0.20277777812500003 0.0265625 0.19444444375 0.03359375 0.16944444375 0.07109375 0.16805555625 0.078125 0.17361111093749998 0.08125 0.190277778125 0.08125
7 0.1541666671875 0.03515625 0.15972222187500001 0.01953125 0.1513888890625 0.0203125 0.14305555625 0.025 0.13055555624999998 0.04375 0.12222222187500001 0.06484375 0.12361111093749999 0.07421875 0.13055555624999998 0.07421875 0.1458333328125 0.05703125 0.14444444375 0.046875 0.1541666671875 0.03515625
7 0.10833333281249999 0.209375 0.11863799374999999 0.21239919375 0.1111111109375 0.209375 0.11388888906250001 0.20625 0.097222221875 0.20234375 0.09305555625 0.2125 0.10555555624999999 0.21171875 0.10833333281249999 0.209375
7 0.1291666671875 0.2140625 0.12202380937499999 0.2133928578125 0.140277778125 0.21875 0.15 0.2140625 0.1513888890625 0.2078125 0.127777778125 0.20625 0.1291666671875 0.2140625
7 0.07638888906249999 0.25078125 0.1541666671875 0.25546875 0.15972222187500001 0.25390625 0.15972222187500001 0.23828125 0.15277777812499999 0.23125 0.0861111109375 0.22890625 0.08055555625000001 0.2328125 0.07638888906249999 0.25078125
7 0.055555556250000006 0.32421875 0.09305555625 0.325 0.10138888906250001 0.32265625 0.10694444375 0.3140625 0.1291666671875 0.3109375 0.14305555625 0.29375 0.1458333328125 0.28046875 0.15555555625 0.2734375 0.1583333328125 0.265625 0.1541666671875 0.2625 0.06805555625000001 0.2625 0.058333332812500006 0.278125 0.04444444375 0.3171875 0.04444444375 0.32265625 0.055555556250000006 0.32421875
4 0.240277778125 0.84609375 0.272222221875 0.853125 0.2888888890625 0.8546875 0.30555555624999997 0.85234375 0.31805555625 0.84609375 0.35 0.84609375 0.35555555625 0.83125 0.33055555625 0.83125 0.30694444375 0.83671875 0.29444444375 0.83671875 0.290277778125 0.83203125 0.2833333328125 0.83125 0.26527777812500003 0.83828125 0.2388888890625 0.8390625 0.23611111093749998 0.84375 0.240277778125 0.84609375
4 0.24305555625 0.89609375 0.2388888890625 0.9 0.2416666671875 0.90546875 0.28055555625 0.90859375 0.29444444375 0.903125 0.3236111109375 0.903125 0.33055555625 0.90625 0.3513888890625 0.90703125 0.35555555625 0.90546875 0.34305555625 0.9 0.34305555625 0.896875 0.3541666671875 0.8953125 0.35555555625 0.88984375 0.30555555624999997 0.8890625 0.259722221875 0.89453125 0.25 0.89765625 0.24305555625 0.89609375