2 0.577777778125 0.02421875 0.5375 0.02578125 0.5319444437499999 0.02890625 0.5319444437499999 0.03671875 0.547222221875 0.03828125 0.5791666671875 0.0359375 0.58194444375 0.02578125 0.577777778125 0.02421875
1 0.8055555562500001 0.38828125 0.8388888890624999 0.38515625 0.8458333328125001 0.3890625 0.85555555625 0.38671875 0.8861111109375001 0.3859375 0.89305555625 0.384375 0.897222221875 0.375 0.89305555625 0.3703125 0.8819444437499999 0.36875 0.840277778125 0.37265625 0.752777778125 0.37265625 0.7402777781250001 0.36875 0.7402777781250001 0.359375 0.7361111109375 0.3578125 0.727777778125 0.36875 0.7111111109375 0.37578125 0.7166666671875 0.38515625 0.7111111109375 0.39453125 0.7180555562500001 0.39453125 0.7361111109375 0.38671875 0.7583333328124999 0.38515625 0.79444444375 0.3859375 0.8055555562500001 0.38828125
1 0.915277778125 0.4546875 0.91805555625 0.44921875 0.9138888890624999 0.44296875 0.784722221875 0.4421875 0.7736111109375 0.43671875 0.7736111109375 0.43125 0.76944444375 0.4296875 0.7611111109375 0.4328125 0.7569444437499999 0.43984375 0.7486111109375 0.46640625 0.75 0.46875 0.7569444437499999 0.46875 0.765277778125 0.45625 0.784722221875 0.45234375 0.83055555625 0.45625 0.8513888890624999 0.45390625 0.915277778125 0.4546875
6 0.840277778125 0.5984375 0.840277778125 0.5765625 0.8194444437499999 0.56875 0.8027777781250001 0.56640625 0.7736111109375 0.56875 0.7569444437499999 0.57734375 0.7541666671875 0.58671875 0.7402777781250001 0.5984375 0.7416666671875001 0.6515625 0.75 0.65703125 0.7708333328125 0.6546875 0.777777778125 0.6359375 0.7833333328125 0.6328125 0.79444444375 0.63671875 0.8083333328125001 0.63671875 0.8263888890625 0.60625 0.840277778125 0.5984375
6 0.7819444437499999 0.76171875 0.8027777781250001 0.75390625 0.8125 0.73515625 0.8416666671874999 0.73046875 0.852777778125 0.69453125 0.8486111109375001 0.68828125 0.834722221875 0.68125 0.83194444375 0.6609375 0.8263888890625 0.65625 0.79305555625 0.6546875 0.772222221875 0.6578125 0.7597222218749999 0.66328125 0.7569444437499999 0.675 0.7611111109375 0.6828125 0.752777778125 0.6984375 0.73194444375 0.70078125 0.7180555562500001 0.70625 0.7166666671875 0.7203125 0.73055555625 0.7296875 0.722222221875 0.7375 0.725 0.7625 0.7597222218749999 0.7640625 0.7819444437499999 0.76171875
7 0.847222221875 0.89296875 0.852777778125 0.89140625 0.86944444375 0.8671875 0.877777778125 0.85 0.8763888890624999 0.84296875 0.8625 0.83984375 0.85 0.84375 0.85 0.86640625 0.8444444437499999 0.88125 0.847222221875 0.89296875
7 0.890277778125 0.96640625 0.8986111109375001 0.96875 0.9055555562500001 0.96484375 0.89444444375 0.9625 0.890277778125 0.96640625
7 0.872222221875 0.92265625 0.877777778125 0.92578125 0.877777778125 0.94296875 0.8833333328125 0.95234375 0.9166666671874999 0.95390625 0.9277777781250001 0.9390625 0.9277777781250001 0.92265625 0.922222221875 0.9125 0.909722221875 0.90703125 0.88055555625 0.90625 0.875 0.9125 0.872222221875 0.92265625
7 0.9291666671875 0.86953125 0.9291666671875 0.8625 0.9236111109375 0.85703125 0.91944444375 0.85625 0.897222221875 0.87578125 0.8861111109375001 0.88984375 0.8861111109375001 0.8953125 0.91944444375 0.896875 0.9291666671875 0.86953125
7 0.7666666671875 0.93046875 0.7763888890625 0.92578125 0.8166666671874999 0.91640625 0.8263888890625 0.9109375 0.8444444437499999 0.88046875 0.8444444437499999 0.85625 0.840277778125 0.853125 0.8444444437499999 0.84375 0.8444444437499999 0.81953125 0.8375 0.8171875 0.8166666671874999 0.8140625 0.777777778125 0.81875 0.7736111109375 0.821875 0.7708333328125 0.83125 0.7819444437499999 0.83671875 0.7819444437499999 0.846875 0.7638888890625 0.85078125 0.7416666671875001 0.878125 0.725 0.88125 0.7194444437499999 0.88671875 0.7236111109375 0.8953125 0.722222221875 0.92421875 0.7333333328125 0.93046875 0.7666666671875 0.93046875
7 0.722222221875 0.99375 0.7291666671875 0.99921875 0.7791666671875 0.99921875 0.7819444437499999 0.99296875 0.765277778125 0.98828125 0.73194444375 0.9875 0.722222221875 0.99375
7 0.7986111109375 0.92421875 0.7875 0.925 0.7638888890625 0.9328125 0.7597222218749999 0.9375 0.7611111109375 0.9609375 0.752777778125 0.96953125 0.7708333328125 0.97421875 0.797222221875 0.9734375 0.83055555625 0.92890625 0.83194444375 0.921875 0.8263888890625 0.91875 0.8111111109375001 0.91796875 0.7986111109375 0.92421875
7 0.877777778125 0.92734375 0.86944444375 0.925 0.85 0.94375 0.840277778125 0.98046875 0.85555555625 0.97890625 0.859722221875 0.9734375 0.8736111109375001 0.946875 0.877777778125 0.92734375
7 0.8625 0.78046875 0.85 0.7859375 0.8486111109375001 0.79140625 0.877777778125 0.79296875 0.8791666671874999 0.7859375 0.8680555562500001 0.78515625 0.8625 0.78046875
7 0.9041666671874999 0.796875 0.9069444437499999 0.7890625 0.9013888890624999 0.78828125 0.89305555625 0.79140625 0.89444444375 0.796875 0.9041666671874999 0.796875
7 0.925 0.753125 0.9236111109375 0.74921875 0.9138888890624999 0.7484375 0.8416666671874999 0.7453125 0.840277778125 0.76171875 0.8486111109375001 0.76875 0.909722221875 0.77109375 0.91944444375 0.76640625 0.925 0.753125
7 0.8958333328125001 0.68046875 0.89305555625 0.68515625 0.8708333328125001 0.6875 0.85694444375 0.70546875 0.8541666671874999 0.71640625 0.8444444437499999 0.72578125 0.8430555562500001 0.7359375 0.9305555562500001 0.73828125 0.940277778125 0.72421875 0.95555555625 0.6828125 0.9513888890625 0.6765625 0.9083333328125001 0.675 0.8958333328125001 0.68046875