2 0.025 0.459722221875 0.03125 0.46944444374999994 0.0359375 0.46805555625000006 0.03828125 0.4625 0.0375 0.427777778125 0.0328125 0.41805555625 0.025 0.41944444374999995 0.025 0.459722221875
1 0.35625 0.109375 0.00078125 0.00390625
1 0.384375 0.2833333328125 0.39453125 0.2888888890625 0.39375 0.27777777812500004 0.38671875 0.2638888890625 0.38515625 0.1625 0.38828125 0.15277777812499999 0.38515625 0.109722221875 0.37890625 0.102777778125 0.37265625 0.102777778125 0.36953125 0.10694444375 0.36796875 0.11944444375 0.37265625 0.1583333328125 0.37265625 0.24583333281250003 0.36875 0.259722221875 0.359375 0.259722221875 0.3578125 0.2638888890625 0.3671875 0.2708333328125 0.37734375 0.2888888890625 0.384375 0.2833333328125
1 0.45234375 0.215277778125 0.45625 0.16805555625 0.45390625 0.14861111093749999 0.4546875 0.084722221875 0.4515625 0.08194444375 0.44296875 0.0861111109375 0.4421875 0.215277778125 0.4375 0.22638888906250001 0.43125 0.22638888906250001 0.4296875 0.23055555625 0.43203125 0.2388888890625 0.46015625 0.2513888890625 0.4609375 0.2388888890625 0.46577524062500003 0.24011752031250003 0.4546875 0.22916666718749998 0.45234375 0.215277778125
6 0.72265625 0.28194444375 0.72890625 0.2708333328125 0.73671875 0.27777777812500004 0.7625 0.275 0.7640625 0.2388888890625 0.76171875 0.21805555625 0.75234375 0.19444444375 0.73515625 0.1875 0.73046875 0.1583333328125 0.70625 0.15 0.69140625 0.15 0.6796875 0.1666666671875 0.671875 0.1666666671875 0.6640625 0.17361111093749998 0.66015625 0.16944444375 0.65703125 0.17361111093749998 0.65625 0.2166666671875 0.66171875 0.2375 0.66640625 0.2416666671875 0.6828125 0.2388888890625 0.6984375 0.24722222187499998 0.70078125 0.26944444375 0.70625 0.28194444375 0.72265625 0.28194444375
6 0.65703125 0.2513888890625 0.65703125 0.23611111093749998 0.6546875 0.22916666718749998 0.6375 0.2236111109375 0.6328125 0.215277778125 0.63671875 0.20555555625 0.63671875 0.1916666671875 0.60625 0.17361111093749998 0.5984375 0.15972222187500001 0.57578125 0.1611111109375 0.56875 0.18055555625 0.56640625 0.20555555625 0.56953125 0.22916666718749998 0.57421875 0.23055555625 0.5796875 0.24305555625 0.5875 0.24583333281250003 0.5953125 0.25694444375000003 0.65078125 0.25833333281250004 0.65703125 0.2513888890625
7 0.85546875 0.1291666671875 0.8484375 0.1208333328125 0.8375 0.12222222187500001 0.8359375 0.1291666671875 0.84453125 0.1513888890625 0.865625 0.15 0.884375 0.15555555625 0.8828125 0.14444444375 0.88984375 0.147222221875 0.8919744312500001 0.14974747500000002 0.89140625 0.147222221875 0.8671875 0.13055555624999998 0.85546875 0.1291666671875
7 0.96796875 0.097222221875 0.96640625 0.09305555625 0.96328125 0.0958333328125 0.9625 0.10555555624999999 0.96640625 0.10833333281249999 0.96796875 0.097222221875
7 0.95390625 0.08333333281250001 0.9390625 0.072222221875 0.9234375 0.072222221875 0.90703125 0.084722221875 0.90625 0.11944444375 0.9125 0.125 0.925 0.1263888890625 0.92890625 0.1208333328125 0.946875 0.12222222187500001 0.9515625 0.1166666671875 0.95390625 0.10555555624999999 0.95390625 0.08333333281250001
7 0.85625 0.08055555625000001 0.875 0.102777778125 0.8890625 0.11388888906250001 0.8953125 0.11388888906250001 0.896875 0.08055555625000001 0.86953125 0.07083333281250001 0.8578125 0.07638888906249999 0.85625 0.08055555625000001
7 0.87109375 0.25555555625 0.87890625 0.25833333281250004 0.88125 0.275 0.88671875 0.28055555625 0.8953125 0.27638888906250003 0.925 0.27777777812500004 0.93046875 0.26805555625 0.93046875 0.23194444375 0.92578125 0.2236111109375 0.91640625 0.1833333328125 0.9109375 0.17361111093749998 0.88046875 0.15555555625 0.85625 0.15555555625 0.85390625 0.15972222187500001 0.84609375 0.15555555625 0.81875 0.15555555625 0.8171875 0.1625 0.815625 0.19305555624999998 0.8203125 0.22638888906250001 0.83125 0.22916666718749998 0.834375 0.22777777812500002 0.8375 0.21805555625 0.846875 0.21805555625 0.85078125 0.23611111093749998 0.87109375 0.25555555625
7 0.99453125 0.275 0.99921875 0.2708333328125 0.99921875 0.21944444375 0.99296875 0.21805555625 0.98828125 0.23472222187499997 0.9875 0.26805555625 0.99453125 0.275
7 0.975 0.2236111109375 0.9734375 0.20277777812500003 0.928125 0.16944444375 0.921875 0.16805555625 0.91875 0.17361111093749998 0.91796875 0.1875 0.92265625 0.19583333281249998 0.925 0.215277778125 0.93515625 0.2388888890625 0.9609375 0.2388888890625 0.96875 0.24722222187499998 0.971875 0.24305555625 0.975 0.2236111109375
7 0.97578125 0.14305555625 0.93359375 0.12222222187500001 0.93125 0.134722221875 0.928125 0.13194444375 0.9265625 0.12222222187500001 0.925 0.13055555624999998 0.93671875 0.1416666671875 0.94375 0.1458333328125 0.953125 0.14444444375 0.96484375 0.1541666671875 0.98046875 0.15972222187500001 0.9796875 0.15 0.97578125 0.14305555625
7 0.7859375 0.1208333328125 0.78515625 0.13194444375 0.78046875 0.13888888906250002 0.7859375 0.15 0.79140625 0.1513888890625 0.79375 0.140277778125 0.79296875 0.12222222187500001 0.78984375 0.11805555625 0.7859375 0.1208333328125
7 0.78828125 0.09305555625 0.79296875 0.115277778125 0.796875 0.10694444375 0.796875 0.0958333328125 0.78828125 0.09305555625
7 0.74765625 0.127777778125 0.7453125 0.1361111109375 0.74453125 0.15 0.74765625 0.15972222187500001 0.7625 0.15972222187500001 0.76875 0.15277777812499999 0.77109375 0.090277778125 0.76796875 0.08194444375 0.74921875 0.07638888906249999 0.74765625 0.127777778125
7 0.7359375 0.15694444375 0.73828125 0.06944444375 0.721875 0.058333332812500006 0.690625 0.047222221875 0.67890625 0.04444444375 0.6765625 0.0486111109375 0.675 0.09305555625 0.68125 0.10555555624999999 0.68515625 0.10694444375 0.6875 0.127777778125 0.70078125 0.140277778125 0.7171875 0.1458333328125 0.7265625 0.15555555625 0.7359375 0.15694444375
4 0.18203125 0.35694444375 0.18671875 0.3708333328125 0.1875 0.397222221875 0.19296875 0.3958333328125 0.19296875 0.29444444375 0.18671875 0.290277778125 0.1859375 0.26944444375 0.18046875 0.26944444375 0.1796875 0.2888888890625 0.1640625 0.30694444375 0.16796875 0.3166666671875 0.1734375 0.31944444375000003 0.17421875 0.40277777812500004 0.178125 0.40277777812500004 0.18046875 0.397222221875 0.18203125 0.35694444375