1 0.1583333328125 0.60859375 0.1375 0.6109375 0.1263888890625 0.615625 0.10555555624999999 0.615625 0.102777778125 0.6234375 0.10694444375 0.628125 0.11805555625 0.6296875 0.1375 0.62734375 0.2541666671875 0.628125 0.259722221875 0.63203125 0.259722221875 0.6421875 0.26527777812500003 0.6421875 0.272222221875 0.63046875 0.28611111093749997 0.6234375 0.2833333328125 0.61328125 0.2888888890625 0.60546875 0.28194444375 0.6046875 0.25555555625 0.6140625 0.21805555625 0.6140625 0.20416666718749998 0.6109375 0.1583333328125 0.60859375
1 0.16944444375 0.54375 0.084722221875 0.54609375 0.08055555625000001 0.553125 0.090277778125 0.5578125 0.1541666671875 0.5578125 0.165277778125 0.5609375 0.1888888890625 0.5578125 0.21944444375 0.55859375 0.22638888906250001 0.56171875 0.22916666718749998 0.57109375 0.2388888890625 0.56796875 0.24305555625 0.56171875 0.2513888890625 0.54296875 0.2513888890625 0.53125 0.24305555625 0.53125 0.22916666718749998 0.54609375 0.20833333281250002 0.54765625 0.16944444375 0.54375
6 0.2166666671875 0.23828125 0.197222221875 0.24609375 0.190277778125 0.26328125 0.1611111109375 0.26875 0.15555555625 0.27265625 0.15 0.30859375 0.165277778125 0.3203125 0.16388888906250001 0.33203125 0.1708333328125 0.34296875 0.1888888890625 0.3453125 0.20972222187499998 0.34609375 0.23611111093749998 0.33984375 0.2416666671875 0.33671875 0.2388888890625 0.3171875 0.24722222187499998 0.30234375 0.27638888906250003 0.29765625 0.2833333328125 0.2921875 0.28472222187499996 0.28203125 0.28055555625 0.27578125 0.2708333328125 0.27109375 0.27777777812500004 0.26328125 0.275 0.2375 0.23472222187499997 0.2359375 0.2166666671875 0.23828125
6 0.190277778125 0.4328125 0.22777777812500002 0.43125 0.240277778125 0.42421875 0.25833333281250004 0.4046875 0.25833333281250004 0.34609375 0.25 0.34296875 0.23055555625 0.3453125 0.222222221875 0.3640625 0.2138888890625 0.36875 0.190277778125 0.37265625 0.1763888890625 0.39296875 0.1611111109375 0.40078125 0.1611111109375 0.425 0.175 0.43046875 0.190277778125 0.4328125
7 0.14305555625 0.11484375 0.13055555624999998 0.13359375 0.1291666671875 0.14375 0.12222222187500001 0.15 0.125 0.15703125 0.1375 0.15859375 0.15 0.15625 0.1541666671875 0.12734375 0.1513888890625 0.10859375 0.14305555625 0.11484375
7 0.09305555625 0.03828125 0.11805555625 0.03828125 0.11805555625 0.034375 0.10138888906250001 0.0265625 0.08333333281250001 0.0375 0.0888888890625 0.0359375 0.09305555625 0.03828125
7 0.127777778125 0.075 0.12222222187500001 0.07265625 0.12222222187500001 0.053125 0.11805555625 0.05 0.1 0.04609375 0.084722221875 0.04609375 0.072222221875 0.0609375 0.072222221875 0.07578125 0.08333333281250001 0.09296875 0.11944444375 0.09375 0.127777778125 0.08046875 0.127777778125 0.075
7 0.08055555625000001 0.10234375 0.072222221875 0.1234375 0.072222221875 0.1390625 0.08055555625000001 0.14296875 0.090277778125 0.1359375 0.1041666671875 0.1234375 0.11388888906250001 0.11015625 0.11388888906250001 0.10390625 0.08055555625000001 0.10234375
7 0.27777777812500004 0.0765625 0.26805555625 0.0703125 0.23333333281250002 0.06953125 0.2236111109375 0.07421875 0.18194444375000002 0.084375 0.17361111093749998 0.0890625 0.15555555625 0.11953125 0.15694444375 0.18125 0.17361111093749998 0.184375 0.1916666671875 0.184375 0.21805555625 0.18203125 0.22638888906250001 0.178125 0.22916666718749998 0.1703125 0.215277778125 0.1625 0.2166666671875 0.153125 0.2388888890625 0.146875 0.25833333281250004 0.121875 0.27777777812500004 0.11796875 0.28055555625 0.1140625 0.28055555625 0.10703125 0.27638888906250003 0.10390625 0.27777777812500004 0.0765625
7 0.13888888906250002 0.80546875 0.1111111109375 0.82734375 0.10694444375 0.8390625 0.109722221875 0.8515625 0.1291666671875 0.86875 0.13888888906250002 0.86484375 0.15277777812499999 0.86953125 0.1666666671875 0.86875 0.1708333328125 0.86328125 0.1611111109375 0.85703125 0.15972222187500001 0.85 0.1708333328125 0.84453125 0.1875 0.84296875 0.1875 0.825 0.19583333281249998 0.8171875 0.19583333281249998 0.8078125 0.1708333328125 0.79453125 0.1458333328125 0.79609375 0.13888888906250002 0.80546875
7 0.0986111109375 0.61875 0.0388888890625 0.6203125 0.0375 0.625 0.04444444375 0.6359375 0.055555556250000006 0.64453125 0.052777778124999994 0.65625 0.059722221875 0.6625 0.058333332812500006 0.66640625 0.04305555625 0.671875 0.05 0.71328125 0.055555556250000006 0.71875 0.072222221875 0.71953125 0.0861111109375 0.7234375 0.16388888906250001 0.725 0.16805555625 0.71953125 0.177777778125 0.71796875 0.17361111093749998 0.703125 0.19305555624999998 0.6953125 0.19305555624999998 0.675 0.165277778125 0.6671875 0.16388888906250001 0.6625 0.15277777812499999 0.65546875 0.15555555625 0.64609375 0.140277778125 0.6359375 0.14305555625 0.63125 0.109722221875 0.63125 0.0986111109375 0.61875
7 0.14444444375 0.54375 0.177777778125 0.5421875 0.177777778125 0.5375 0.16805555625 0.53125 0.125 0.521875 0.0916666671875 0.521875 0.08333333281250001 0.52421875 0.0375 0.52578125 0.009722221875000001 0.53203125 0.006944443749999999 0.57421875 0.013888889062500001 0.58359375 0.0208333328125 0.60625 0.03194444375 0.6109375 0.06944444375 0.6109375 0.08194444375 0.60859375 0.0861111109375 0.6109375 0.1166666671875 0.61171875 0.13055555624999998 0.60625 0.13333333281249998 0.60234375 0.1541666671875 0.60546875 0.15694444375 0.60234375 0.18055555625 0.59609375 0.1833333328125 0.58359375 0.177777778125 0.571875 0.15555555625 0.56171875 0.14305555625 0.56015625 0.14444444375 0.54375
7 0.275 0.00625 0.2708333328125 0.00078125 0.2208333328125 0.00078125 0.21805555625 0.00703125 0.23472222187499997 0.01171875 0.26805555625 0.0125 0.275 0.00625
7 0.190277778125 0.08125 0.19444444375 0.078125 0.2138888890625 0.075 0.2388888890625 0.06640625 0.23611111093749998 0.03984375 0.24722222187499998 0.03125 0.24305555625 0.028125 0.22916666718749998 0.02578125 0.20277777812500003 0.0265625 0.19444444375 0.03359375 0.16944444375 0.071875 0.16805555625 0.07734375 0.175 0.08125 0.190277778125 0.08125
7 0.14444444375 0.0453125 0.1541666671875 0.03515625 0.15972222187500001 0.01953125 0.1458333328125 0.0203125 0.14305555625 0.0234375 0.12222222187500001 0.0625 0.12222222187500001 0.06796875 0.13055555624999998 0.07109375 0.12361111093749999 0.07421875 0.13055555624999998 0.07421875 0.14305555625 0.0609375 0.14444444375 0.0453125
7 0.140277778125 0.21875 0.15277777812499999 0.21015625 0.1513888890625 0.20703125 0.1166666671875 0.2078125 0.10694444375 0.203125 0.097222221875 0.20234375 0.09444444375 0.21171875 0.1041666671875 0.2109375 0.1111111109375 0.20703125 0.115277778125 0.21171875 0.140277778125 0.21875
7 0.075 0.24765625 0.07638888906249999 0.25078125 0.0875 0.2515625 0.1583333328125 0.2546875 0.15972222187500001 0.2375 0.1513888890625 0.23125 0.0888888890625 0.22890625 0.08194444375 0.23125 0.075 0.24765625
7 0.1291666671875 0.30625 0.15555555625 0.2734375 0.1583333328125 0.26484375 0.1541666671875 0.2625 0.0888888890625 0.26015625 0.06805555625000001 0.26171875 0.047222221875 0.30625 0.0458333328125 0.32109375 0.054166667187499996 0.3234375 0.0986111109375 0.3234375 0.10555555624999999 0.3140625 0.1291666671875 0.30625
4 0.16388888906250001 0.85703125 0.19305555624999998 0.8578125 0.23611111093749998 0.8546875 0.23611111093749998 0.85 0.23055555625 0.84453125 0.172222221875 0.8453125 0.1611111109375 0.85 0.16388888906250001 0.85703125