2 0.0140625 0.47222222187499996 0.01875 0.477777778125 0.025 0.477777778125 0.0328125 0.46666666718750005 0.0296875 0.4458333328125 0.02265625 0.425 0.01328125 0.43194444374999996 0.0140625 0.47222222187499996
1 0.3953125 0.275 0.38515625 0.25555555625 0.38515625 0.147222221875 0.3828125 0.1041666671875 0.37734375 0.1 0.3703125 0.10555555624999999 0.371875 0.2541666671875 0.35703125 0.2541666671875 0.36015625 0.25555555625 0.3631990140625 0.269078946875 0.36640625 0.2708333328125 0.375 0.28611111093749997 0.3875 0.28055555625 0.40078125 0.2888888890625 0.4015625 0.28055555625 0.3953125 0.275
1 0.43203125 0.240277778125 0.4375 0.24305555625 0.45703125 0.2513888890625 0.46875 0.2513888890625 0.46875 0.24305555625 0.45546875 0.23472222187499997 0.45234375 0.21944444375 0.45234375 0.18055555625 0.4546875 0.172222221875 0.45390625 0.08333333281250001 0.44453125 0.08055555625000001 0.4421875 0.0861111109375 0.44140625 0.215277778125 0.43828125 0.22916666718749998 0.4265625 0.22638888906250001 0.42578125 0.23055555625 0.428125 0.23333333281250002 0.43046875 0.22777777812500002 0.434375 0.22916666718749998 0.43203125 0.240277778125
7 0.88515625 0.2791666671875 0.90703125 0.27638888906250003 0.9109375 0.26805555625 0.9140625 0.2486111109375 0.9265625 0.23055555625 0.915625 0.18194444375000002 0.9109375 0.17361111093749998 0.89296875 0.15972222187500001 0.86796875 0.1541666671875 0.85546875 0.15555555625 0.85234375 0.15972222187500001 0.84375 0.15555555625 0.81875 0.15694444375 0.81953125 0.1833333328125 0.83359375 0.20416666718749998 0.8484375 0.2166666671875 0.85 0.23333333281250002 0.8546875 0.2416666671875 0.878125 0.25833333281250004 0.88125 0.275 0.88515625 0.2791666671875
7 0.99921875 0.33888888906250003 0.99921875 0.26805555625 0.9953125 0.2611111109375 0.98671875 0.2611111109375 0.98046875 0.30555555624999997 0.97890625 0.3416666671875 0.99921875 0.33888888906250003
7 0.96953125 0.24583333281250003 0.94296875 0.23194444375 0.93046875 0.23194444375 0.925 0.23611111093749998 0.91328125 0.25694444375000003 0.9078125 0.29722222187499997 0.92421875 0.3263888890625 0.946875 0.33194444375 0.946875 0.3416666671875 0.95625 0.35555555625 0.96171875 0.3375 0.9671875 0.302777778125 0.96953125 0.24583333281250003
7 0.96171875 0.127777778125 0.96640625 0.127777778125 0.97421875 0.10694444375 0.97421875 0.0958333328125 0.96640625 0.0888888890625 0.9625 0.0888888890625 0.96171875 0.0958333328125 0.96171875 0.127777778125
7 0.95234375 0.08194444375 0.934375 0.07083333281250001 0.921875 0.072222221875 0.9078125 0.08055555625000001 0.90234375 0.09305555625 0.90625 0.102777778125 0.90625 0.11944444375 0.925 0.1291666671875 0.928125 0.1291666671875 0.93125 0.12222222187500001 0.95 0.11944444375 0.95390625 0.1041666671875 0.95234375 0.08194444375
7 0.8484375 0.23194444375 0.8421875 0.21944444375 0.8328125 0.2166666671875 0.83046875 0.1986111109375 0.81875 0.1888888890625 0.8171875 0.17361111093749998 0.81640625 0.1875 0.8125 0.19444444375 0.81015625 0.2541666671875 0.81484375 0.25555555625 0.8171875 0.26805555625 0.8203125 0.2708333328125 0.83515625 0.26944444375 0.84140625 0.27638888906250003 0.84765625 0.2638888890625 0.8484375 0.23194444375
7 0.775 0.1833333328125 0.76796875 0.15694444375 0.76171875 0.15277777812499999 0.74609375 0.16388888906250001 0.73671875 0.1888888890625 0.7359375 0.20555555625 0.7390625 0.222222221875 0.74375 0.22638888906250001 0.75703125 0.222222221875 0.76484375 0.22777777812500002 0.76796875 0.21805555625 0.76875 0.19583333281249998 0.775 0.1833333328125
7 0.78125 0.15555555625 0.7796875 0.25 0.78125 0.25555555625 0.7859375 0.25694444375000003 0.790625 0.23472222187499997 0.7953125 0.15 0.79296875 0.1416666671875 0.7859375 0.13888888906250002 0.78125 0.15555555625
7 0.99921875 0.22777777812500002 0.99453125 0.222222221875 0.98984375 0.22638888906250001 0.98828125 0.2541666671875 0.99921875 0.25555555625 0.99921875 0.22777777812500002
7 0.97421875 0.20555555625 0.96953125 0.197222221875 0.92890625 0.16944444375 0.91953125 0.16944444375 0.91875 0.1888888890625 0.92421875 0.20416666718749998 0.92890625 0.20694444375 0.93203125 0.22916666718749998 0.94609375 0.23055555625 0.96796875 0.24305555625 0.971875 0.240277778125 0.97421875 0.20555555625
7 0.9640625 0.13888888906250002 0.9609375 0.13333333281249998 0.9359375 0.12222222187500001 0.9265625 0.125 0.92578125 0.13055555624999998 0.9484375 0.14305555625 0.95703125 0.1541666671875 0.971875 0.1611111109375 0.97890625 0.15972222187500001 0.97890625 0.15 0.9765625 0.1458333328125 0.9640625 0.13888888906250002
7 0.740625 0.1671875 0.00234375 0.0015625
7 0.79140625 0.0958333328125 0.7890625 0.10138888906250001 0.79296875 0.10555555624999999 0.79453125 0.1 0.79140625 0.0958333328125
7 0.76796875 0.1513888890625 0.77109375 0.12222222187500001 0.76875 0.084722221875 0.74765625 0.072222221875 0.74453125 0.11805555625 0.74453125 0.15555555625 0.76796875 0.1513888890625
7 0.74140625 0.072222221875 0.71875 0.05694444375 0.7 0.055555556250000006 0.68203125 0.04444444375 0.67734375 0.05 0.6765625 0.1 0.69140625 0.1111111109375 0.69375 0.13055555624999998 0.7 0.14305555625 0.7140625 0.15555555625 0.7359375 0.1666666671875 0.7375 0.1041666671875 0.74140625 0.072222221875
7 0.85625 0.127777778125 0.8484375 0.11944444375 0.83828125 0.12222222187500001 0.83671875 0.1361111109375 0.83984375 0.1513888890625 0.8546875 0.15555555625 0.859375 0.1513888890625 0.88203125 0.15 0.88046875 0.14305555625 0.86640625 0.13055555624999998 0.85625 0.127777778125
7 0.875 0.1041666671875 0.89375 0.11388888906250001 0.89609375 0.08055555625000001 0.8734375 0.07083333281250001 0.85703125 0.0736111109375 0.85625 0.08194444375 0.875 0.1041666671875
4 0.265625 0.33055555625 0.26796875 0.3263888890625 0.26328125 0.3166666671875 0.259375 0.25555555625 0.25078125 0.20694444375 0.246875 0.20972222187499998 0.240625 0.23055555625 0.2390625 0.25555555625 0.2421875 0.26805555625 0.24375 0.32777777812500003 0.25 0.33055555625 0.25 0.3166666671875 0.25703125 0.3138888890625 0.2578125 0.32777777812500003 0.265625 0.33055555625