2 0.56805555625 0.01328125 0.5291666671875 0.0140625 0.522222221875 0.01875 0.522222221875 0.025 0.5319444437499999 0.0328125 0.5555555562500001 0.0296875 0.575 0.02265625 0.56805555625 0.01328125
1 0.8736111109375001 0.38203125 0.8986111109375001 0.384375 0.9 0.37734375 0.89444444375 0.36953125 0.8791666671874999 0.371875 0.74444444375 0.3703125 0.7416666671875001 0.359375 0.7333333328125 0.35703125 0.7291666671875 0.36640625 0.7111111109375 0.37578125 0.7111111109375 0.3796875 0.7194444437499999 0.3828125 0.7111111109375 0.4 0.722222221875 0.40078125 0.73194444375 0.39140625 0.7486111109375 0.384375 0.8444444437499999 0.384375 0.8736111109375001 0.38203125
6 0.7819444437499999 0.7859375 0.7819444437499999 0.78125 0.772222221875 0.78046875 0.725 0.77890625 0.7236111109375 0.78203125 0.73055555625 0.7859375 0.7416666671875001 0.7875 0.7638888890625 0.78828125 0.7819444437499999 0.7859375
6 0.78671875 0.7828125 0.0015625 0.003125
6 0.722222221875 0.74375 0.734722221875 0.75 0.75555555625 0.75 0.7597222218749999 0.75390625 0.7583333328124999 0.7640625 0.76944444375 0.76640625 0.8194444437499999 0.76875 0.8236111109375001 0.76328125 0.83194444375 0.76015625 0.8819444437499999 0.75703125 0.89444444375 0.75 0.9041666671874999 0.72734375 0.9041666671874999 0.71015625 0.8958333328125001 0.70234375 0.8583333328125 0.69921875 0.8444444437499999 0.68828125 0.83055555625 0.68359375 0.8208333328125 0.6875 0.7736111109375 0.6890625 0.7611111109375 0.69453125 0.7583333328124999 0.70703125 0.7611111109375 0.7109375 0.7819444437499999 0.7171875 0.7819444437499999 0.72421875 0.7666666671875 0.72890625 0.7333333328125 0.73125 0.7236111109375 0.7375 0.722222221875 0.74375
7 0.6861111109375 0.996875 0.690277778125 0.99921875 0.73194444375 0.99921875 0.7416666671875001 0.98828125 0.7236111109375 0.98203125 0.6611111109375 0.97890625 0.6583333328125 0.98125 0.6625 0.99921875 0.68194444375 0.99921875 0.6861111109375 0.996875
7 0.7041666671875 0.90703125 0.6916666671875 0.915625 0.6777777781250001 0.9203125 0.672222221875 0.925 0.66944444375 0.9421875 0.6486111109375 0.95 0.64444444375 0.95703125 0.69305555625 0.96640625 0.7541666671875 0.96953125 0.76805555625 0.9421875 0.76805555625 0.93046875 0.7541666671875 0.91796875 0.7138888890625 0.9078125 0.7041666671875 0.90703125
7 0.8680555562500001 0.9671875 0.89444444375 0.975 0.902777778125 0.975 0.9138888890624999 0.9625 0.9013888890624999 0.9609375 0.86944444375 0.9609375 0.8680555562500001 0.9671875
7 0.9069444437499999 0.9015625 0.902777778125 0.90078125 0.8986111109375001 0.90546875 0.88055555625 0.90625 0.8708333328125001 0.925 0.8708333328125001 0.92890625 0.877777778125 0.93125 0.8791666671874999 0.94921875 0.8958333328125001 0.95390625 0.9111111109375001 0.95390625 0.91944444375 0.95078125 0.9291666671875 0.934375 0.91944444375 0.90703125 0.9111111109375001 0.90546875 0.9069444437499999 0.9015625
7 0.83055555625 0.90625 0.8416666671874999 0.890625 0.8458333328125001 0.86171875 0.8444444437499999 0.85546875 0.8333333328125001 0.85078125 0.840277778125 0.8484375 0.8444444437499999 0.8390625 0.8416666671874999 0.8171875 0.8194444437499999 0.81640625 0.8027777781250001 0.83046875 0.7861111109375 0.8375 0.7833333328125 0.84921875 0.7583333328124999 0.8546875 0.7416666671875001 0.878125 0.725 0.88125 0.7208333328125 0.88515625 0.7236111109375 0.90625 0.7361111109375 0.91171875 0.75 0.91328125 0.76944444375 0.9265625 0.81805555625 0.915625 0.83055555625 0.90625
7 0.75 0.51796875 0.7819444437499999 0.5125 0.79444444375 0.50703125 0.79444444375 0.5046875 0.73194444375 0.5046875 0.7236111109375 0.50625 0.722222221875 0.509375 0.7333333328125 0.5171875 0.75 0.51796875
7 0.7083333328125 0.4765625 0.734722221875 0.4796875 0.847222221875 0.4796875 0.8541666671874999 0.47890625 0.8888888890625 0.46015625 0.89444444375 0.45390625 0.8986111109375001 0.42890625 0.902777778125 0.425 0.9138888890624999 0.3609375 0.9041666671874999 0.3375 0.89444444375 0.3328125 0.88055555625 0.33125 0.7833333328125 0.33046875 0.7736111109375 0.3375 0.7666666671875 0.353125 0.7458333328125 0.35703125 0.74444444375 0.36953125 0.7597222218749999 0.3734375 0.7638888890625 0.38515625 0.7458333328125 0.3875 0.725 0.4359375 0.7083333328125 0.4390625 0.6944444437499999 0.44921875 0.6944444437499999 0.45703125 0.7083333328125 0.46640625 0.7083333328125 0.4765625
7 0.7430555562500001 0.99296875 0.74444444375 0.99921875 0.772222221875 0.99921875 0.777777778125 0.9921875 0.765277778125 0.98828125 0.747222221875 0.9875 0.7430555562500001 0.99296875
7 0.79305555625 0.9296875 0.772222221875 0.93125 0.76805555625 0.9484375 0.7569444437499999 0.96796875 0.7597222218749999 0.971875 0.79444444375 0.97421875 0.8027777781250001 0.96953125 0.83055555625 0.928125 0.83055555625 0.91953125 0.8138888890624999 0.91875 0.797222221875 0.92421875 0.79305555625 0.9296875
7 0.86944444375 0.9265625 0.85694444375 0.946875 0.85 0.94921875 0.8444444437499999 0.95625 0.8361111109375001 0.97578125 0.8388888890624999 0.97890625 0.85 0.97890625 0.8541666671874999 0.9765625 0.8666666671875 0.96015625 0.875 0.94296875 0.875 0.93125 0.86944444375 0.9296875 0.875 0.92734375 0.86944444375 0.9265625
7 0.8652777781250001 0.87265625 0.8708333328125001 0.8578125 0.8791666671874999 0.85078125 0.8791666671874999 0.84140625 0.872222221875 0.83828125 0.852777778125 0.8390625 0.847222221875 0.84375 0.85 0.88203125 0.85694444375 0.88125 0.8652777781250001 0.87265625
7 0.922222221875 0.89375 0.9291666671875 0.875 0.9263888890624999 0.85703125 0.91944444375 0.85625 0.8958333328125001 0.87578125 0.8861111109375001 0.89375 0.9041666671874999 0.89609375 0.91944444375 0.89609375 0.922222221875 0.89375
4 0.072222221875 0 0.0791666671875 0.00546875 0.1111111109375 0.0046875 0.1208333328125 0.0078125 0.140277778125 0.0078125 0.1708333328125 0.00078125 0.1150791671875 0 0.10833333281249999 0.00390625 0.1079361109375 0 0.10079305624999998 0 0.1 0.00390625 0.0936513890625 0 0.072222221875 0
4 0.8111111109375001 0.62265625 0.79444444375 0.62890625 0.79305555625 0.6359375 0.8083333328125001 0.63671875 0.8125 0.634375 0.83194444375 0.634375 0.8444444437499999 0.63125 0.85555555625 0.625 0.85694444375 0.62109375 0.8458333328125001 0.61796875 0.840277778125 0.61328125 0.8236111109375001 0.61171875 0.8111111109375001 0.62265625