2 0.41944444374999995 0.975 0.46388888906250003 0.975 0.46944444374999994 0.96953125 0.46805555625000006 0.9625 0.4625 0.959375 0.427777778125 0.9625 0.41805555625 0.9671875 0.41944444374999995 0.975
1 0.15277777812499999 0.61171875 0.1416666671875 0.6140625 0.11388888906250001 0.6140625 0.10694444375 0.615625 0.102777778125 0.625 0.115277778125 0.6296875 0.20138888906250002 0.6265625 0.2541666671875 0.62734375 0.2611111109375 0.63125 0.259722221875 0.640625 0.26527777812500003 0.6421875 0.272222221875 0.63203125 0.28611111093749997 0.625 0.2833333328125 0.61328125 0.290277778125 0.60546875 0.27777777812500004 0.60625 0.2638888890625 0.61328125 0.20138888906250002 0.61484375 0.15555555625 0.6140625 0.15277777812499999 0.61171875
1 0.0861111109375 0.5453125 0.08333333281250001 0.55078125 0.0875 0.55703125 0.2166666671875 0.5578125 0.22777777812500002 0.5625 0.22638888906250001 0.56875 0.23055555625 0.5703125 0.2388888890625 0.56796875 0.2513888890625 0.53984375 0.2388888890625 0.5390625 0.240277778125 0.534375 0.2513888890625 0.5328125 0.24444444375000002 0.53125 0.20694444375 0.54765625 0.1708333328125 0.54375 0.140277778125 0.54609375 0.0861111109375 0.5453125
6 0.21944444375 0.2390625 0.2138888890625 0.23515625 0.2125 0.2390625 0.1916666671875 0.24921875 0.190277778125 0.26328125 0.17916666718750002 0.2671875 0.1583333328125 0.26953125 0.15 0.30859375 0.165277778125 0.31875 0.16805555625 0.33828125 0.177777778125 0.34375 0.21111111093749999 0.34453125 0.240277778125 0.3375 0.240277778125 0.31875 0.24722222187499998 0.3015625 0.26805555625 0.29921875 0.28055555625 0.29375 0.28472222187499996 0.28828125 0.2833333328125 0.278125 0.272222221875 0.271875 0.2791666671875 0.26171875 0.27777777812500004 0.23828125 0.2666666671875 0.2359375 0.2388888890625 0.2359375 0.21944444375 0.2390625
6 0.190277778125 0.36328125 0.1763888890625 0.390625 0.15972222187500001 0.4015625 0.1611111109375 0.42421875 0.18055555625 0.43125 0.197222221875 0.43359375 0.22638888906250001 0.43125 0.23055555625 0.4265625 0.240277778125 0.4234375 0.24583333281250003 0.41328125 0.25555555625 0.40546875 0.259722221875 0.39453125 0.25833333281250004 0.35 0.25 0.34296875 0.22916666718749998 0.3453125 0.2236111109375 0.36328125 0.21944444375 0.365625 0.20277777812500003 0.3625 0.190277778125 0.36328125
7 0.14861111093749999 0.15703125 0.1541666671875 0.15078125 0.15 0.13828125 0.15277777812499999 0.1078125 0.147222221875 0.11015625 0.1416666671875 0.1234375 0.134722221875 0.12734375 0.1208333328125 0.15 0.1208333328125 0.15546875 0.1291666671875 0.1578125 0.13055555624999998 0.1609375 0.134722221875 0.1625 0.14861111093749999 0.15703125
7 0.09305555625 0.03515625 0.102777778125 0.0375 0.115277778125 0.03828125 0.1166666671875 0.03359375 0.097222221875 0.0296875 0.09305555625 0.03515625
7 0.072222221875 0.06171875 0.072222221875 0.0765625 0.08333333281250001 0.09296875 0.11944444375 0.09375 0.1291666671875 0.0765625 0.11944444375 0.05078125 0.097222221875 0.0453125 0.08194444375 0.04765625 0.072222221875 0.06171875
7 0.09305555625 0.10234375 0.08055555625000001 0.103125 0.07083333281250001 0.1296875 0.07083333281250001 0.1375 0.07638888906249999 0.1421875 0.08055555625000001 0.14375 0.102777778125 0.125 0.11388888906250001 0.1109375 0.11388888906250001 0.10546875 0.09305555625 0.10234375
7 0.26805555625 0.06953125 0.23333333281250002 0.06953125 0.22638888906250001 0.0734375 0.18194444375000002 0.084375 0.172222221875 0.090625 0.15555555625 0.1140625 0.1541666671875 0.12265625 0.15555555625 0.14375 0.1611111109375 0.146875 0.15555555625 0.159375 0.15555555625 0.18125 0.1625 0.1828125 0.19305555624999998 0.1859375 0.20555555625 0.18203125 0.2208333328125 0.18125 0.22777777812500002 0.1765625 0.23055555625 0.16875 0.21805555625 0.1625 0.21805555625 0.1546875 0.222222221875 0.1515625 0.23611111093749998 0.14921875 0.25833333281250004 0.121875 0.28055555625 0.11328125 0.27638888906250003 0.10390625 0.2791666671875 0.078125 0.26805555625 0.06953125
7 0.28055555625 0.7453125 0.2888888890625 0.73828125 0.2833333328125 0.73359375 0.26805555625 0.7296875 0.23194444375 0.73125 0.172222221875 0.76484375 0.165277778125 0.7859375 0.17361111093749998 0.8109375 0.1888888890625 0.81875 0.1916666671875 0.8296875 0.197222221875 0.82578125 0.2513888890625 0.82734375 0.26805555625 0.8234375 0.26527777812500003 0.809375 0.2708333328125 0.80078125 0.2833333328125 0.7953125 0.3 0.7921875 0.30416666718749996 0.7875 0.302777778125 0.7828125 0.2916666671875 0.7796875 0.28611111093749997 0.77265625 0.28055555625 0.7453125
7 0.2791666671875 0.00859375 0.2791666671875 0.00078125 0.215277778125 0.00078125 0.2138888890625 0.00625 0.21805555625 0.01015625 0.2708333328125 0.0125 0.2791666671875 0.00859375
7 0.20972222187499998 0.0703125 0.23055555625 0.06953125 0.2388888890625 0.06484375 0.2416666671875 0.0375 0.24722222187499998 0.03125 0.24444444375000002 0.028125 0.21805555625 0.02421875 0.2 0.02734375 0.16944444375 0.071875 0.16805555625 0.0765625 0.17361111093749998 0.08125 0.1861111109375 0.08203125 0.20972222187499998 0.0703125
7 0.14305555625 0.025 0.125 0.05625 0.125 0.06953125 0.1291666671875 0.07421875 0.1513888890625 0.04765625 0.15972222187500001 0.03046875 0.15972222187500001 0.0203125 0.15 0.02109375 0.14305555625 0.025
7 0.14444444375 0.21484375 0.1541666671875 0.2140625 0.1541666671875 0.209375 0.15277777812499999 0.20703125 0.1291666671875 0.2046875 0.115277778125 0.209375 0.1166666671875 0.2140625 0.1291666671875 0.21484375 0.134722221875 0.2203125 0.13888888906250002 0.2203125 0.14444444375 0.21484375
7 0.11388888906250001 0.203125 0.0958333328125 0.20234375 0.09305555625 0.2109375 0.1041666671875 0.2109375 0.11388888906250001 0.203125
7 0.084722221875 0.23203125 0.077777778125 0.23828125 0.07638888906249999 0.25078125 0.15972222187500001 0.2546875 0.15972222187500001 0.23515625 0.15555555625 0.23125 0.140277778125 0.2296875 0.09444444375 0.22890625 0.084722221875 0.23203125
7 0.0638888890625 0.1625 0.06527777812499999 0.15859375 0.05694444375 0.15859375 0.05694444375 0.1625 0.0638888890625 0.1625
7 0.1041666671875 0.31953125 0.109722221875 0.3125 0.1291666671875 0.3109375 0.15555555625 0.27421875 0.15555555625 0.2640625 0.06944444375 0.2609375 0.058333332812500006 0.2765625 0.054166667187499996 0.3 0.04444444375 0.31796875 0.047222221875 0.32265625 0.06944444375 0.32421875 0.09444444375 0.32421875 0.1041666671875 0.31953125