1 0.45625 0.2513888890625 0.46875 0.2513888890625 0.46875 0.24305555625 0.45390625 0.22916666718749998 0.45390625 0.18055555625 0.45625 0.165277778125 0.45390625 0.0861111109375 0.446875 0.08055555625000001 0.4421875 0.090277778125 0.4421875 0.1458333328125 0.43984375 0.1583333328125 0.44140625 0.2138888890625 0.4375 0.22638888906250001 0.42890625 0.22916666718749998 0.43203125 0.2388888890625 0.4375 0.24305555625 0.45625 0.2513888890625
1 0.39453125 0.2888888890625 0.39375 0.27638888906250003 0.3875 0.2625 0.38515625 0.24444444375000002 0.38515625 0.21944444375 0.38984375 0.19444444375 0.38984375 0.1513888890625 0.38515625 0.127777778125 0.38515625 0.10833333281249999 0.38203125 0.102777778125 0.37578125 0.102777778125 0.3703125 0.109722221875 0.371875 0.2541666671875 0.36875 0.259722221875 0.3578125 0.259722221875 0.3578125 0.2666666671875 0.36875 0.272222221875 0.375 0.28472222187499996 0.38671875 0.2833333328125 0.39453125 0.2888888890625
6 0.73046875 0.26805555625 0.7328125 0.275 0.7375 0.27777777812500004 0.75859375 0.2791666671875 0.7625 0.275 0.7640625 0.240277778125 0.76171875 0.21805555625 0.7578125 0.2138888890625 0.753125 0.197222221875 0.73515625 0.1875 0.73125 0.1611111109375 0.72734375 0.15555555625 0.69140625 0.15 0.67890625 0.1666666671875 0.6671875 0.165277778125 0.659375 0.16944444375 0.65625 0.17361111093749998 0.6546875 0.1888888890625 0.65390625 0.20833333281250002 0.6625 0.240277778125 0.6828125 0.2388888890625 0.69765625 0.24722222187499998 0.70234375 0.27638888906250003 0.7078125 0.2833333328125 0.72265625 0.28194444375 0.73046875 0.26805555625
6 0.65546875 0.23194444375 0.64375 0.2236111109375 0.63671875 0.2236111109375 0.6328125 0.2166666671875 0.634375 0.197222221875 0.63125 0.1916666671875 0.62265625 0.1833333328125 0.61171875 0.18055555625 0.6 0.16388888906250001 0.575 0.1611111109375 0.56875 0.177777778125 0.56640625 0.2125 0.56953125 0.22916666718749998 0.5734375 0.23055555625 0.57578125 0.240277778125 0.59453125 0.25833333281250004 0.653125 0.25833333281250004 0.65703125 0.25 0.65546875 0.23194444375
7 0.83984375 0.1416666671875 0.84453125 0.1513888890625 0.88984375 0.1513888890625 0.8734375 0.134722221875 0.85703125 0.1291666671875 0.84921875 0.1208333328125 0.8375 0.12361111093749999 0.83984375 0.1416666671875
7 0.96328125 0.08333333281250001 0.9625 0.11944444375 0.97265625 0.10555555624999999 0.971875 0.097222221875 0.96328125 0.08333333281250001
7 0.95390625 0.08333333281250001 0.9390625 0.072222221875 0.92265625 0.072222221875 0.90703125 0.08194444375 0.90625 0.11944444375 0.91796875 0.1263888890625 0.925 0.1291666671875 0.93046875 0.1208333328125 0.94609375 0.12222222187500001 0.95 0.11805555625 0.95390625 0.10138888906250001 0.95390625 0.08333333281250001
7 0.8578125 0.077777778125 0.85703125 0.08055555625000001 0.875 0.102777778125 0.8890625 0.11388888906250001 0.89609375 0.11388888906250001 0.896875 0.08055555625000001 0.86953125 0.07083333281250001 0.86328125 0.07083333281250001 0.8578125 0.077777778125
7 0.88125 0.275 0.8859375 0.28055555625 0.8953125 0.27638888906250003 0.925 0.27777777812500004 0.93046875 0.26527777812500003 0.93046875 0.23333333281250002 0.91875 0.2 0.915625 0.18194444375000002 0.909375 0.172222221875 0.8796875 0.15555555625 0.85625 0.15555555625 0.85078125 0.15972222187500001 0.84296875 0.1541666671875 0.8203125 0.15555555625 0.81640625 0.16944444375 0.81640625 0.20833333281250002 0.8203125 0.22638888906250001 0.83046875 0.22777777812500002 0.83984375 0.2125 0.846875 0.215277778125 0.853125 0.2388888890625 0.878125 0.25833333281250004 0.88125 0.275
7 0.9625 0.3138888890625 0.9671875 0.30416666718749996 0.96953125 0.25555555625 0.9640625 0.2611111109375 0.9578125 0.28194444375 0.9578125 0.30555555624999997 0.9625 0.3138888890625
7 0.9890625 0.23194444375 0.9859375 0.2708333328125 0.98046875 0.2986111109375 0.978125 0.33055555625 0.9796875 0.3361111109375 0.98515625 0.33888888906250003 0.98984375 0.3513888890625 0.99921875 0.3541666671875 0.99921875 0.222222221875 0.99296875 0.222222221875 0.9890625 0.23194444375
7 0.95703125 0.22916666718749998 0.96328125 0.22638888906250001 0.96953125 0.20416666718749998 0.96640625 0.19444444375 0.92890625 0.16944444375 0.9203125 0.16805555625 0.91875 0.172222221875 0.91875 0.1888888890625 0.93359375 0.23611111093749998 0.9421875 0.2388888890625 0.95078125 0.22777777812500002 0.95234375 0.23055555625 0.9515625 0.2236111109375 0.95546875 0.2236111109375 0.95703125 0.22916666718749998
7 0.92421875 0.12361111093749999 0.92421875 0.13055555624999998 0.93125 0.13333333281249998 0.9375 0.14305555625 0.98046875 0.15972222187500001 0.978125 0.1458333328125 0.96015625 0.13194444375 0.93515625 0.1208333328125 0.92421875 0.12361111093749999
7 0.17421875 0.1875 0.184375 0.19583333281249998 0.19296875 0.19444444375 0.20546875 0.16805555625 0.20546875 0.15277777812499999 0.20234375 0.14444444375 0.171875 0.1111111109375 0.15 0.109722221875 0.1390625 0.12222222187500001 0.14375 0.13333333281249998 0.146875 0.1541666671875 0.14296875 0.16388888906250001 0.13046875 0.16944444375 0.1328125 0.190277778125 0.14296875 0.1888888890625 0.15 0.19305555624999998 0.17421875 0.1875
7 0.33203125 0.165277778125 0.35546875 0.16388888906250001 0.3640625 0.15555555625 0.36875 0.15972222187500001 0.36640625 0.15555555625 0.36875 0.15243055625 0.36875 0.10833333281249999 0.3796875 0.10138888906250001 0.38125 0.0958333328125 0.3796875 0.0375 0.36484375 0.04444444375 0.35546875 0.055555556250000006 0.3421875 0.052777778124999994 0.3359375 0.059722221875 0.3328125 0.058333332812500006 0.33125 0.047222221875 0.328125 0.04305555625 0.28671875 0.05 0.28125 0.055555556250000006 0.28046875 0.0791666671875 0.27578125 0.0986111109375 0.275 0.1541666671875 0.28046875 0.15972222187500001 0.28125 0.175 0.296875 0.17361111093749998 0.30234375 0.190277778125 0.30625 0.19444444375 0.325 0.19305555624999998 0.33203125 0.165277778125
7 0.42890625 0.177777778125 0.43515625 0.1666666671875 0.43984375 0.14444444375 0.43984375 0.1111111109375 0.44453125 0.08055555625000001 0.4515625 0.08194444375 0.45625 0.0916666671875 0.45625 0.17916666718750002 0.46640625 0.1763888890625 0.4703125 0.1583333328125 0.47578125 0.15277777812499999 0.478125 0.13888888906250002 0.478125 0.090277778125 0.47421875 0.030555556249999997 0.46796875 0.0111111109375 0.459375 0.006944443749999999 0.43125 0.00555555625 0.39609375 0.019444443750000002 0.3890625 0.029166667187500002 0.38828125 0.1166666671875 0.39375 0.13194444375 0.39375 0.15277777812499999 0.3984375 0.1611111109375 0.4 0.177777778125 0.41015625 0.1833333328125 0.42109375 0.1833333328125 0.42890625 0.177777778125
7 0.790625 0.11805555625 0.79296875 0.1166666671875 0.79296875 0.10833333281249999 0.796875 0.1041666671875 0.79609375 0.0958333328125 0.7953125 0.10555555624999999 0.7921875 0.10833333281249999 0.79140625 0.0958333328125 0.7890625 0.097222221875 0.7921875 0.109722221875 0.78828125 0.115277778125 0.7859375 0.13194444375 0.78203125 0.134722221875 0.7875 0.1513888890625 0.79296875 0.147222221875 0.79296875 0.1208333328125 0.790625 0.11805555625
7 0.7484375 0.0861111109375 0.7453125 0.1583333328125 0.76171875 0.15972222187500001 0.76875 0.15 0.77109375 0.0888888890625 0.76796875 0.08194444375 0.75234375 0.075 0.74921875 0.07638888906249999 0.7484375 0.0861111109375
7 0.7359375 0.15694444375 0.7390625 0.06944444375 0.69375 0.047222221875 0.68046875 0.04444444375 0.6765625 0.0486111109375 0.6765625 0.097222221875 0.68046875 0.1041666671875 0.68671875 0.10694444375 0.6953125 0.127777778125 0.70625 0.140277778125 0.7171875 0.14444444375 0.7265625 0.15555555625 0.7359375 0.15694444375
4 0.25625 0.1541666671875 0.26171875 0.1708333328125 0.26640625 0.15694444375 0.26796875 0.1208333328125 0.2609375 0.097222221875 0.25703125 0.097222221875 0.25546875 0.1041666671875 0.25625 0.1541666671875