1 0.8458333328125001 0.3875 0.8888888890625 0.38515625 0.897222221875 0.3796875 0.897222221875 0.3734375 0.8888888890625 0.36953125 0.8458333328125001 0.37265625 0.752777778125 0.37265625 0.7402777781250001 0.36875 0.7402777781250001 0.36015625 0.734722221875 0.359375 0.727777778125 0.36875 0.7111111109375 0.37734375 0.7166666671875 0.38671875 0.709722221875 0.39375 0.7194444437499999 0.39453125 0.734722221875 0.38671875 0.7611111109375 0.38515625 0.8416666671874999 0.38515625 0.8458333328125001 0.3875
1 0.915277778125 0.4546875 0.9138888890624999 0.44296875 0.7833333328125 0.4421875 0.7736111109375 0.43828125 0.7736111109375 0.43125 0.76944444375 0.4296875 0.7611111109375 0.4328125 0.7569444437499999 0.4390625 0.7486111109375 0.46796875 0.7569444437499999 0.46875 0.765277778125 0.45625 0.775 0.45390625 0.8194444437499999 0.45390625 0.83055555625 0.45625 0.8541666671874999 0.45390625 0.915277778125 0.4546875
6 0.8041666671875 0.75390625 0.8125 0.73515625 0.8416666671874999 0.73046875 0.85 0.70625 0.85 0.69140625 0.8361111109375001 0.68125 0.83194444375 0.6609375 0.8236111109375001 0.65625 0.7819444437499999 0.65625 0.7611111109375 0.6625 0.7611111109375 0.6828125 0.752777778125 0.6984375 0.725 0.70234375 0.715277778125 0.71171875 0.7166666671875 0.72109375 0.7291666671875 0.72890625 0.722222221875 0.7375 0.7236111109375 0.76171875 0.7333333328125 0.7640625 0.7833333328125 0.76171875 0.8041666671875 0.75390625
6 0.840277778125 0.59765625 0.8388888890624999 0.57578125 0.8194444437499999 0.56875 0.79305555625 0.56640625 0.772222221875 0.56953125 0.76944444375 0.5734375 0.7597222218749999 0.5765625 0.7430555562500001 0.5953125 0.7416666671875001 0.6515625 0.7486111109375 0.65703125 0.7708333328125 0.6546875 0.7763888890625 0.63671875 0.7833333328125 0.6328125 0.79305555625 0.63671875 0.809722221875 0.6359375 0.8236111109375001 0.6078125 0.840277778125 0.59765625
7 0.847222221875 0.89296875 0.86944444375 0.8671875 0.8708333328125001 0.85390625 0.877777778125 0.84921875 0.875 0.8421875 0.8638888890624999 0.8390625 0.85 0.84375 0.85 0.86171875 0.8444444437499999 0.878125 0.847222221875 0.89296875
7 0.877777778125 0.9265625 0.88055555625 0.95 0.9 0.9546875 0.9055555562500001 0.9625 0.9069444437499999 0.95703125 0.91944444375 0.95078125 0.9277777781250001 0.9390625 0.9277777781250001 0.92421875 0.915277778125 0.90703125 0.88055555625 0.90625 0.872222221875 0.9203125 0.877777778125 0.9265625
7 0.9236111109375 0.8578125 0.91805555625 0.8578125 0.897222221875 0.875 0.8861111109375001 0.8890625 0.8861111109375001 0.8953125 0.91944444375 0.896875 0.9291666671875 0.86875 0.9236111109375 0.8578125
7 0.7736111109375 0.9265625 0.81805555625 0.915625 0.83194444375 0.90390625 0.8444444437499999 0.8796875 0.8416666671874999 0.85078125 0.8458333328125001 0.8421875 0.8430555562500001 0.81875 0.83194444375 0.81640625 0.80694444375 0.815625 0.7736111109375 0.8203125 0.7708333328125 0.83125 0.7819444437499999 0.83671875 0.7819444437499999 0.84609375 0.7638888890625 0.85078125 0.7416666671875001 0.878125 0.725 0.88125 0.7194444437499999 0.88671875 0.7236111109375 0.8953125 0.722222221875 0.92421875 0.7333333328125 0.93046875 0.76805555625 0.93046875 0.7736111109375 0.9265625
7 0.722222221875 0.99375 0.7291666671875 0.99921875 0.7805555562500001 0.99921875 0.7819444437499999 0.99296875 0.765277778125 0.98828125 0.73194444375 0.9875 0.722222221875 0.99375
7 0.7638888890625 0.95234375 0.752777778125 0.96953125 0.7736111109375 0.97421875 0.797222221875 0.9734375 0.8263888890625 0.9359375 0.83194444375 0.925 0.8263888890625 0.91875 0.809722221875 0.91796875 0.7611111109375 0.93515625 0.7597222218749999 0.94453125 0.7638888890625 0.95234375
7 0.85555555625 0.978125 0.8736111109375001 0.946875 0.877777778125 0.92734375 0.8708333328125001 0.925 0.85694444375 0.9390625 0.8541666671874999 0.95546875 0.8444444437499999 0.9671875 0.840277778125 0.98046875 0.85555555625 0.978125
7 0.8611111109375 0.78046875 0.8486111109375001 0.78671875 0.8486111109375001 0.79296875 0.8791666671874999 0.79296875 0.8791666671874999 0.7859375 0.86944444375 0.78515625 0.8611111109375 0.78046875
7 0.9041666671874999 0.796875 0.9069444437499999 0.7890625 0.9 0.78828125 0.890277778125 0.79296875 0.89444444375 0.796875 0.9041666671874999 0.796875
7 0.8416666671874999 0.76640625 0.859722221875 0.7703125 0.9083333328125001 0.77109375 0.91944444375 0.76640625 0.9236111109375 0.74921875 0.8416666671874999 0.7453125 0.8416666671874999 0.76640625
7 0.9472222218749999 0.6765625 0.9069444437499999 0.675 0.8958333328125001 0.68046875 0.89305555625 0.6859375 0.86944444375 0.6890625 0.85694444375 0.70546875 0.852777778125 0.71953125 0.8444444437499999 0.72578125 0.8444444437499999 0.73671875 0.9138888890624999 0.7390625 0.9291666671875 0.7390625 0.9333333328125001 0.73671875 0.95555555625 0.68203125 0.9541666671875 0.67734375 0.9472222218749999 0.6765625