2 0.01328125 0.43194444374999996 0.0140625 0.47083333281249995 0.01875 0.477777778125 0.025 0.477777778125 0.0328125 0.46666666718750005 0.03046875 0.4486111109375 0.0234375 0.425 0.01875 0.425 0.01328125 0.43194444374999996
1 0.37578125 0.2888888890625 0.3796875 0.2888888890625 0.38359375 0.28055555625 0.4 0.2888888890625 0.4015625 0.28055555625 0.38828125 0.2638888890625 0.384375 0.2513888890625 0.384375 0.15555555625 0.38203125 0.13888888906250002 0.38203125 0.1041666671875 0.384375 0.10138888906250001 0.3765625 0.1 0.36953125 0.10555555624999999 0.371875 0.1208333328125 0.3703125 0.1916666671875 0.37265625 0.20138888906250002 0.3703125 0.25555555625 0.3578125 0.259722221875 0.35703125 0.26527777812500003 0.36640625 0.2708333328125 0.37578125 0.2888888890625
6 0.77890625 0.2736111109375 0.78203125 0.27638888906250003 0.78671875 0.2666666671875 0.78828125 0.23611111093749998 0.784375 0.2236111109375 0.78203125 0.222222221875 0.78046875 0.22916666718749998 0.77890625 0.2736111109375
6 0.7796875 0.18055555625 0.77578125 0.177777778125 0.77421875 0.17916666718750002 0.7796875 0.18055555625
6 0.71171875 0.2388888890625 0.71796875 0.21805555625 0.72265625 0.21805555625 0.728125 0.23194444375 0.73125 0.2666666671875 0.7375 0.27638888906250003 0.74296875 0.27777777812500004 0.75 0.26527777812500003 0.75078125 0.24305555625 0.7640625 0.24305555625 0.76640625 0.23194444375 0.76875 0.18055555625 0.76328125 0.1763888890625 0.76015625 0.16805555625 0.75703125 0.11805555625 0.75 0.10555555624999999 0.72578125 0.0958333328125 0.70625 0.097222221875 0.7015625 0.10555555624999999 0.6984375 0.14305555625 0.68828125 0.15555555625 0.68359375 0.16944444375 0.6875 0.177777778125 0.6890625 0.22638888906250001 0.69453125 0.2388888890625 0.7046875 0.24305555625 0.71171875 0.2388888890625
7 0.9828125 0.290277778125 0.978125 0.33888888906250003 0.98046875 0.34305555625 0.99921875 0.34027777812500004 0.99921875 0.26805555625 0.98984375 0.25833333281250004 0.98125 0.27638888906250003 0.9828125 0.290277778125
7 0.9703125 0.27777777812500004 0.96953125 0.24583333281250003 0.9421875 0.23194444375 0.93046875 0.23194444375 0.91796875 0.24583333281250003 0.9078125 0.28611111093749997 0.9078125 0.29722222187499997 0.915625 0.3083333328125 0.9203125 0.322222221875 0.925 0.32777777812500003 0.94140625 0.33055555625 0.95 0.3513888890625 0.9578125 0.35555555625 0.9703125 0.27777777812500004
7 0.96015625 0.13055555624999998 0.9671875 0.13194444375 0.975 0.10694444375 0.975 0.097222221875 0.96640625 0.0861111109375 0.9625 0.0861111109375 0.96171875 0.090277778125 0.96015625 0.13055555624999998
7 0.95390625 0.1041666671875 0.9515625 0.08055555625000001 0.9328125 0.07083333281250001 0.90703125 0.08055555625000001 0.9015625 0.09305555625 0.90078125 0.097222221875 0.90546875 0.10138888906250001 0.9046875 0.11805555625 0.925 0.1291666671875 0.92890625 0.1291666671875 0.93125 0.12222222187500001 0.95 0.1208333328125 0.95390625 0.1041666671875
7 0.88125 0.275 0.88515625 0.2791666671875 0.90625 0.27777777812500004 0.9140625 0.2486111109375 0.9265625 0.23055555625 0.915625 0.18194444375000002 0.9109375 0.17361111093749998 0.890625 0.1583333328125 0.8625 0.1541666671875 0.85703125 0.15555555625 0.8515625 0.16388888906250001 0.8484375 0.1583333328125 0.840625 0.15555555625 0.8171875 0.1583333328125 0.81640625 0.18055555625 0.83046875 0.197222221875 0.8375 0.2138888890625 0.84921875 0.2166666671875 0.8515625 0.23611111093749998 0.85546875 0.24305555625 0.878125 0.25833333281250004 0.88125 0.275
7 0.50859375 0.27777777812500004 0.5171875 0.2666666671875 0.51796875 0.25 0.5109375 0.20972222187499998 0.5046875 0.20555555625 0.5046875 0.26805555625 0.50859375 0.27777777812500004
7 0.371875 0.1986111109375 0.3828125 0.20138888906250002 0.38515625 0.25 0.3875 0.25555555625 0.39921875 0.25694444375000003 0.4125 0.2666666671875 0.4359375 0.275 0.4390625 0.2916666671875 0.44921875 0.30555555624999997 0.46015625 0.30416666718749996 0.4640625 0.29305555625 0.47578125 0.2916666671875 0.478125 0.28611111093749997 0.4796875 0.1513888890625 0.47421875 0.13333333281249998 0.46015625 0.1111111109375 0.45390625 0.10555555624999999 0.42890625 0.10138888906250001 0.425 0.097222221875 0.36015625 0.0861111109375 0.3375 0.0958333328125 0.33359375 0.102777778125 0.33125 0.11805555625 0.33125 0.21805555625 0.3375 0.22638888906250001 0.353125 0.23333333281250002 0.35625 0.252777778125 0.3625 0.25833333281250004 0.36953125 0.25555555625 0.371875 0.24583333281250003 0.371875 0.1986111109375
7 0.99921875 0.22777777812500002 0.99453125 0.222222221875 0.98984375 0.22638888906250001 0.98828125 0.2541666671875 0.99921875 0.25555555625 0.99921875 0.22777777812500002
7 0.96953125 0.197222221875 0.92890625 0.16944444375 0.91953125 0.16944444375 0.91875 0.1888888890625 0.92890625 0.20972222187499998 0.93125 0.22916666718749998 0.94765625 0.23194444375 0.96796875 0.24305555625 0.971875 0.240277778125 0.97421875 0.20555555625 0.96953125 0.197222221875
7 0.95546875 0.13055555624999998 0.93125 0.125 0.93046875 0.13194444375 0.92578125 0.1263888890625 0.925 0.1291666671875 0.93828125 0.140277778125 0.94765625 0.14444444375 0.9515625 0.15277777812499999 0.975 0.16388888906250001 0.97890625 0.15972222187500001 0.978125 0.147222221875 0.95546875 0.13055555624999998
7 0.85078125 0.1208333328125 0.83984375 0.1208333328125 0.83828125 0.127777778125 0.8390625 0.147222221875 0.85 0.15555555625 0.86171875 0.1513888890625 0.88046875 0.15277777812499999 0.8828125 0.147222221875 0.8734375 0.134722221875 0.85625 0.127777778125 0.85078125 0.1208333328125
7 0.85625 0.08055555625000001 0.87109375 0.1 0.89375 0.11388888906250001 0.89765625 0.0916666671875 0.89609375 0.08055555625000001 0.8734375 0.07083333281250001 0.85703125 0.0736111109375 0.85625 0.08055555625000001
4 0.31953125 0.15555555625 0.31328125 0.14444444375 0.3078125 0.15 0.3109375 0.1583333328125 0.30546875 0.172222221875 0.30546875 0.17916666718750002 0.3109375 0.20972222187499998 0.31015625 0.23611111093749998 0.31796875 0.23611111093749998 0.321875 0.23333333281250002 0.31953125 0.15555555625
4 0.29140625 0.23333333281250002 0.29140625 0.1708333328125 0.2875 0.16388888906250001 0.28828125 0.15555555625 0.28125 0.15555555625 0.2796875 0.16388888906250001 0.275 0.16944444375 0.275 0.1875 0.278125 0.197222221875 0.2796875 0.23472222187499997 0.28125 0.2388888890625 0.28671875 0.2388888890625 0.29140625 0.23333333281250002
4 0.26953125 0.1458333328125 0.2671875 0.15 0.26640625 0.1875 0.26953125 0.23055555625 0.27421875 0.23472222187499997 0.278125 0.23194444375 0.275 0.2166666671875 0.275 0.1666666671875 0.27265625 0.15 0.26953125 0.1458333328125
4 0.3 0.2236111109375 0.30390625 0.22638888906250001 0.2984375 0.17916666718750002 0.3015625 0.15555555625 0.29140625 0.13055555624999998 0.28671875 0.13194444375 0.28671875 0.1416666671875 0.28203125 0.1541666671875 0.2859375 0.15555555625 0.28828125 0.1666666671875 0.29140625 0.16944444375 0.2921875 0.190277778125 0.296875 0.20277777812500003 0.3 0.2236111109375