2 0.975 0.58055555625 0.975 0.5388888890625 0.9703125 0.5305555562500001 0.9625 0.5319444437499999 0.95859375 0.5375 0.9625 0.5722222218749999 0.9671875 0.58194444375 0.975 0.58055555625
1 0.61484375 0.890277778125 0.61875 0.8958333328125001 0.62578125 0.8958333328125001 0.6296875 0.8861111109375001 0.62734375 0.8430555562500001 0.62734375 0.7486111109375 0.63125 0.7402777781250001 0.6390625 0.7402777781250001 0.640625 0.734722221875 0.6328125 0.7291666671875 0.62265625 0.7111111109375 0.6140625 0.7166666671875 0.60546875 0.709722221875 0.6046875 0.7166666671875 0.61328125 0.7402777781250001 0.61484375 0.8430555562500001 0.6125 0.8486111109375001 0.61484375 0.890277778125
1 0.5578125 0.7833333328125 0.56171875 0.772222221875 0.56875 0.7736111109375 0.5703125 0.76944444375 0.56796875 0.7611111109375 0.5453125 0.75 0.53984375 0.7486111109375 0.53984375 0.7611111109375 0.5337560875 0.7597582968750001 0.54609375 0.7736111109375 0.54765625 0.8013888890624999 0.54375 0.8291666671875 0.54609375 0.8583333328125 0.5453125 0.915277778125 0.55703125 0.9125 0.5578125 0.7833333328125
6 0.2359375 0.7597222218749999 0.23984375 0.777777778125 0.2375 0.784722221875 0.24921875 0.8083333328125001 0.2640625 0.8111111109375001 0.26953125 0.8416666671874999 0.3078125 0.85 0.31953125 0.834722221875 0.33046875 0.8333333328125001 0.3359375 0.8236111109375001 0.3390625 0.83194444375 0.34375 0.8222222218749999 0.3453125 0.7888888890625 0.34375 0.7736111109375 0.3375 0.7583333328124999 0.3140625 0.7583333328124999 0.303125 0.752777778125 0.3 0.747222221875 0.29765625 0.727777778125 0.29375 0.7194444437499999 0.2875 0.715277778125 0.278125 0.7166666671875 0.2703125 0.7291666671875 0.2609375 0.7208333328125 0.2375 0.725 0.2359375 0.7597222218749999
6 0.39375 0.8263888890625 0.4015625 0.840277778125 0.42421875 0.8388888890624999 0.43125 0.8194444437499999 0.43359375 0.8041666671875 0.4328125 0.7819444437499999 0.42421875 0.7611111109375 0.4171875 0.7541666671875 0.39453125 0.7402777781250001 0.35 0.7416666671875001 0.34375 0.7458333328125 0.34296875 0.7597222218749999 0.3453125 0.7708333328125 0.36328125 0.7763888890625 0.3671875 0.7833333328125 0.3625 0.7986111109375 0.36484375 0.8111111109375001 0.39375 0.8263888890625
7 0.1609375 0.8638888890624999 0.15625 0.8486111109375001 0.1515625 0.8458333328125001 0.13828125 0.85 0.10859375 0.847222221875 0.12421875 0.85694444375 0.12734375 0.8652777781250001 0.146875 0.877777778125 0.16171875 0.877777778125 0.1609375 0.8736111109375001 0.16484375 0.8680555562500001 0.1609375 0.8638888890624999
7 0.03828125 0.890277778125 0.03671875 0.8819444437499999 0.03046875 0.890277778125 0.028125 0.902777778125 0.0375 0.9083333328125001 0.03515625 0.9055555562500001 0.03828125 0.890277778125
7 0.09375 0.88055555625 0.08125 0.872222221875 0.0703125 0.8708333328125001 0.06875 0.875 0.05390625 0.877777778125 0.04921875 0.8833333328125 0.0453125 0.9 0.04765625 0.91805555625 0.0625 0.9277777781250001 0.0765625 0.9277777781250001 0.090625 0.91944444375 0.09375 0.9138888890624999 0.09375 0.88055555625
7 0.10234375 0.9069444437499999 0.103125 0.91944444375 0.13046875 0.9291666671875 0.1375 0.9291666671875 0.14296875 0.922222221875 0.14296875 0.91805555625 0.125 0.897222221875 0.11171875 0.8861111109375001 0.10546875 0.8861111109375001 0.10234375 0.9069444437499999
7 0.10390625 0.7236111109375 0.07734375 0.7208333328125 0.06953125 0.7333333328125 0.06953125 0.76805555625 0.0734375 0.7736111109375 0.08359375 0.8166666671874999 0.08984375 0.8263888890625 0.11484375 0.8444444437499999 0.14296875 0.8444444437499999 0.14921875 0.834722221875 0.15078125 0.840277778125 0.1609375 0.8444444437499999 0.18125 0.8444444437499999 0.1859375 0.80694444375 0.18203125 0.7958333328125 0.18125 0.7791666671875 0.17578125 0.7708333328125 0.16953125 0.76944444375 0.16484375 0.7736111109375 0.16328125 0.7819444437499999 0.1546875 0.7819444437499999 0.1515625 0.777777778125 0.14921875 0.7638888890625 0.121875 0.7416666671875001 0.11796875 0.7236111109375 0.11328125 0.7194444437499999 0.10390625 0.7236111109375
7 0.00078125 0.79444444375 0.01015625 0.7819444437499999 0.0125 0.73194444375 0.00625 0.7208333328125 0.00078125 0.725 0.00078125 0.79444444375
7 0.0703125 0.7861111109375 0.06953125 0.76944444375 0.06484375 0.7611111109375 0.04609375 0.7611111109375 0.03203125 0.752777778125 0.02734375 0.7569444437499999 0.0234375 0.784722221875 0.0265625 0.7986111109375 0.071875 0.83055555625 0.078125 0.83194444375 0.08125 0.8263888890625 0.08125 0.809722221875 0.0703125 0.7861111109375
7 0.01953125 0.847222221875 0.0234375 0.85555555625 0.04453125 0.86944444375 0.05703125 0.875 0.0734375 0.8736111109375001 0.075 0.8708333328125001 0.0484375 0.8486111109375001 0.025 0.8388888890624999 0.01953125 0.840277778125 0.01953125 0.847222221875
7 0.2109375 0.8916666671875 0.21328125 0.8888888890625 0.21484375 0.8708333328125001 0.22109375 0.8625 0.21484375 0.85555555625 0.2140625 0.8458333328125001 0.209375 0.8458333328125001 0.20703125 0.847222221875 0.2046875 0.8625 0.20625 0.88055555625 0.203125 0.8861111109375001 0.2015625 0.9041666671874999 0.2125 0.9055555562500001 0.2109375 0.8916666671875
7 0.23125 0.8444444437499999 0.22890625 0.9069444437499999 0.23828125 0.922222221875 0.24921875 0.9277777781250001 0.25078125 0.925 0.2515625 0.88055555625 0.25546875 0.8430555562500001 0.25078125 0.8388888890624999 0.23671875 0.840277778125 0.23125 0.8444444437499999
7 0.31953125 0.8958333328125001 0.3109375 0.890277778125 0.30859375 0.86944444375 0.27421875 0.8444444437499999 0.26328125 0.8444444437499999 0.2609375 0.9305555562500001 0.27890625 0.9416666671874999 0.30078125 0.9458333328125 0.31796875 0.95555555625 0.32265625 0.95 0.32421875 0.9305555562500001 0.32421875 0.9041666671874999 0.31953125 0.8958333328125001