2 0.575 0.03671875 0.58194444375 0.0328125 0.58055555625 0.025 0.5611111109375 0.0234375 0.534722221875 0.0265625 0.5305555562500001 0.03125 0.534722221875 0.040625 0.54444444375 0.0421875 0.575 0.03671875
1 0.8916666671875 0.38671875 0.8958333328125001 0.3734375 0.8847222218749999 0.3703125 0.8486111109375001 0.37265625 0.747222221875 0.37265625 0.7402777781250001 0.36875 0.7388888890625 0.359375 0.734722221875 0.359375 0.7291666671875 0.3671875 0.7138888890625 0.375 0.7111111109375 0.3796875 0.7166666671875 0.3859375 0.709722221875 0.39375 0.7166666671875 0.3953125 0.7402777781250001 0.38671875 0.7569444437499999 0.3859375 0.8916666671875 0.38671875
1 0.9125 0.44296875 0.7833333328125 0.4421875 0.772222221875 0.43828125 0.7736111109375 0.43125 0.76944444375 0.4296875 0.7569444437499999 0.43828125 0.7486111109375 0.46796875 0.7569444437499999 0.46875 0.7638888890625 0.45703125 0.777777778125 0.45390625 0.827777778125 0.45625 0.8444444437499999 0.45625 0.8513888890624999 0.45390625 0.915277778125 0.4546875 0.9125 0.44296875
6 0.7833333328125 0.76328125 0.8083333328125001 0.75078125 0.809722221875 0.73671875 0.8194444437499999 0.7328125 0.8416666671874999 0.73046875 0.85 0.70546875 0.85 0.69140625 0.834722221875 0.68125 0.8333333328125001 0.6703125 0.8236111109375001 0.66640625 0.83055555625 0.6609375 0.825 0.66171875 0.8208333328125 0.65625 0.7875 0.6546875 0.7583333328124999 0.66328125 0.7569444437499999 0.690625 0.752777778125 0.69765625 0.727777778125 0.70234375 0.715277778125 0.71171875 0.715277778125 0.72109375 0.727777778125 0.7296875 0.7208333328125 0.7375 0.722222221875 0.76171875 0.73194444375 0.7640625 0.7638888890625 0.7640625 0.7805555562500001 0.7609375 0.7833333328125 0.76328125
6 0.8236111109375001 0.6078125 0.840277778125 0.59765625 0.8388888890624999 0.57578125 0.8194444437499999 0.56875 0.8041666671875 0.56640625 0.7819444437499999 0.5671875 0.7569444437499999 0.57734375 0.75555555625 0.584375 0.7416666671875001 0.5984375 0.7402777781250001 0.60625 0.7416666671875001 0.65 0.7486111109375 0.65703125 0.7708333328125 0.6546875 0.7791666671875 0.63515625 0.7875 0.634375 0.7958333328125 0.6375 0.8111111109375001 0.6359375 0.8236111109375001 0.6078125
7 0.85694444375 0.87578125 0.8652777781250001 0.87265625 0.86944444375 0.86640625 0.8791666671874999 0.85 0.877777778125 0.84296875 0.8625 0.83984375 0.8486111109375001 0.84375 0.8458333328125001 0.89296875 0.852777778125 0.89140625 0.85694444375 0.87578125
7 0.8819444437499999 0.96171875 0.8861111109375001 0.96875 0.8958333328125001 0.971875 0.9041666671874999 0.96953125 0.9055555562500001 0.96484375 0.89444444375 0.96171875 0.8819444437499999 0.96171875
7 0.875 0.94296875 0.8819444437499999 0.95 0.8986111109375001 0.9546875 0.915277778125 0.95390625 0.9277777781250001 0.93828125 0.9277777781250001 0.9234375 0.915277778125 0.90703125 0.88055555625 0.90625 0.8708333328125001 0.921875 0.86944444375 0.93046875 0.875 0.94296875
7 0.9291666671875 0.8703125 0.9291666671875 0.86328125 0.922222221875 0.85703125 0.91944444375 0.85625 0.897222221875 0.875 0.8861111109375001 0.8890625 0.8861111109375001 0.8953125 0.91944444375 0.896875 0.9291666671875 0.8703125
7 0.73194444375 0.93046875 0.7666666671875 0.93046875 0.7736111109375 0.9265625 0.8166666671874999 0.91640625 0.827777778125 0.909375 0.8444444437499999 0.88515625 0.8444444437499999 0.85703125 0.83055555625 0.8515625 0.840277778125 0.8484375 0.8388888890624999 0.84453125 0.8444444437499999 0.8390625 0.8444444437499999 0.81875 0.83194444375 0.81640625 0.7916666671875 0.8171875 0.777777778125 0.81953125 0.7708333328125 0.825 0.772222221875 0.834375 0.7819444437499999 0.83671875 0.7805555562500001 0.846875 0.7638888890625 0.85078125 0.747222221875 0.86796875 0.7416666671875001 0.87890625 0.7236111109375 0.88203125 0.7194444437499999 0.88671875 0.7236111109375 0.89609375 0.7208333328125 0.921875 0.73194444375 0.93046875
7 0.722222221875 0.99375 0.725 0.99921875 0.7791666671875 0.99921875 0.7819444437499999 0.9921875 0.7638888890625 0.98828125 0.73194444375 0.98828125 0.722222221875 0.99375
7 0.7875 0.9296875 0.76944444375 0.93046875 0.7611111109375 0.93515625 0.7611111109375 0.95390625 0.752777778125 0.96875 0.7569444437499999 0.97265625 0.79444444375 0.975 0.8027777781250001 0.96953125 0.83055555625 0.928125 0.83194444375 0.9234375 0.8263888890625 0.91875 0.80694444375 0.91953125 0.7875 0.9296875
7 0.8541666671874999 0.978125 0.8611111109375 0.96328125 0.8652777781250001 0.96171875 0.875 0.94140625 0.8736111109375001 0.9265625 0.8708333328125001 0.92578125 0.8583333328125 0.9390625 0.8444444437499999 0.96328125 0.840277778125 0.9796875 0.8541666671874999 0.978125
7 0.8916666671875 0.79140625 0.8888888890625 0.78671875 0.8736111109375001 0.7859375 0.8625 0.7796875 0.85694444375 0.78515625 0.8486111109375001 0.7859375 0.847222221875 0.790625 0.85694444375 0.79453125 0.8819444437499999 0.79375 0.8861111109375001 0.796875 0.902777778125 0.7984375 0.9069444437499999 0.79609375 0.9055555562500001 0.7875 0.8916666671875 0.79140625
7 0.9263888890624999 0.75 0.8416666671874999 0.7453125 0.8416666671874999 0.76640625 0.8444444437499999 0.76875 0.8625 0.77109375 0.9069444437499999 0.77109375 0.91944444375 0.76640625 0.9263888890624999 0.75
7 0.940277778125 0.6765625 0.9055555562500001 0.67578125 0.890277778125 0.68828125 0.88055555625 0.69140625 0.8708333328125001 0.690625 0.85694444375 0.7046875 0.852777778125 0.71875 0.8444444437499999 0.72578125 0.8444444437499999 0.7359375 0.9305555562500001 0.7390625 0.94305555625 0.7171875 0.9458333328125 0.7 0.95555555625 0.68203125 0.952777778125 0.67890625 0.940277778125 0.6765625
7 0.9486111109375001 0.8375 0.9458333328125 0.83671875 0.9432638890625 0.8417773437499999 0.9472222218749999 0.84140625 0.9486111109375001 0.8375
7 0.9305555562500001 0.84296875 0.94246031875 0.8418526796875 0.9333333328125001 0.83671875 0.9305555562500001 0.84296875