2 0.9703125 0.55694444375 0.97578125 0.5736111109375 0.984375 0.5722222218749999 0.9875 0.5666666671875 0.9859375 0.527777778125 0.98203125 0.522222221875 0.971875 0.5236111109375 0.9671875 0.534722221875 0.9703125 0.55694444375
1 0.6296875 0.89444444375 0.628125 0.7458333328125 0.64296875 0.7458333328125 0.6390625 0.7416666671875001 0.64375 0.734722221875 0.63359375 0.7291666671875 0.63125 0.7208333328125 0.625 0.7138888890625 0.6125 0.7194444437499999 0.59921875 0.7111111109375 0.5984375 0.7194444437499999 0.61484375 0.7430555562500001 0.6171875 0.89444444375 0.6203125 0.9 0.6296875 0.89444444375
1 0.5453125 0.915277778125 0.546875 0.91944444375 0.55546875 0.91944444375 0.5578125 0.9138888890624999 0.55859375 0.7861111109375 0.56171875 0.772222221875 0.57265625 0.7736111109375 0.57265625 0.76944444375 0.56875 0.7611111109375 0.5625 0.7569444437499999 0.5484375 0.75 0.53125 0.7486111109375 0.53125 0.7569444437499999 0.5453125 0.76805555625 0.5484375 0.7833333328125 0.54765625 0.8208333328125 0.5453125 0.827777778125 0.5453125 0.915277778125
7 0.0828125 0.8736111109375001 0.05078125 0.88055555625 0.04609375 0.897222221875 0.04765625 0.9166666671874999 0.06171875 0.9277777781250001 0.07734375 0.9277777781250001 0.09296875 0.91805555625 0.09921875 0.9055555562500001 0.09375 0.8986111109375001 0.0953125 0.8833333328125 0.0828125 0.8736111109375001
7 0.06953125 0.765277778125 0.08359375 0.8166666671874999 0.0890625 0.8263888890625 0.11484375 0.8444444437499999 0.1390625 0.8458333328125001 0.14765625 0.840277778125 0.15703125 0.8444444437499999 0.18125 0.8444444437499999 0.18125 0.8194444437499999 0.1625 0.7916666671875 0.1515625 0.7833333328125 0.15 0.765277778125 0.146875 0.7597222218749999 0.121875 0.7416666671875001 0.11875 0.725 0.11328125 0.7194444437499999 0.078125 0.7208333328125 0.07109375 0.7291666671875 0.06953125 0.765277778125
7 0.14765625 0.8444444437499999 0.14296875 0.8486111109375001 0.121875 0.8458333328125001 0.1171875 0.85 0.11953125 0.85694444375 0.13359375 0.86944444375 0.14296875 0.8708333328125001 0.146875 0.877777778125 0.1625 0.877777778125 0.16328125 0.8652777781250001 0.16015625 0.8486111109375001 0.14765625 0.8444444437499999
7 0.128125 0.9291666671875 0.13984375 0.9291666671875 0.14375 0.9236111109375 0.14453125 0.91944444375 0.125 0.8958333328125001 0.11171875 0.8861111109375001 0.10546875 0.8861111109375001 0.10390625 0.91944444375 0.128125 0.9291666671875
7 0.1875 0.80694444375 0.18984375 0.7458333328125 0.18203125 0.7458333328125 0.18046875 0.73194444375 0.16328125 0.73194444375 0.15859375 0.725 0.153125 0.7333333328125 0.1515625 0.7638888890625 0.15859375 0.7763888890625 0.16875 0.7833333328125 0.16796875 0.79444444375 0.1703125 0.8027777781250001 0.178125 0.80694444375 0.1828125 0.8166666671874999 0.1875 0.80694444375
7 0.25625 0.7736111109375 0.24296875 0.777777778125 0.23359375 0.772222221875 0.23125 0.8041666671875 0.225 0.8166666671874999 0.23125 0.8416666671874999 0.240625 0.8458333328125001 0.25390625 0.834722221875 0.26328125 0.8111111109375001 0.2640625 0.79444444375 0.2609375 0.777777778125 0.25625 0.7736111109375
7 0.21953125 0.74444444375 0.21328125 0.7430555562500001 0.209375 0.7611111109375 0.20703125 0.8 0.2046875 0.8458333328125001 0.20703125 0.8583333328125 0.21328125 0.8611111109375 0.2171875 0.8541666671874999 0.2203125 0.8138888890624999 0.21875 0.7875 0.22109375 0.7541666671875 0.21953125 0.74444444375
7 0.00859375 0.7236111109375 0.00078125 0.725 0.00078125 0.7805555562500001 0.00625 0.790277778125 0.0125 0.7583333328124999 0.01328125 0.73055555625 0.00859375 0.7236111109375
7 0.0796875 0.8083333328125001 0.07578125 0.797222221875 0.06953125 0.790277778125 0.06953125 0.76805555625 0.06640625 0.7611111109375 0.05625 0.7597222218749999 0.05 0.7638888890625 0.03046875 0.75 0.02578125 0.777777778125 0.02578125 0.79444444375 0.0296875 0.8027777781250001 0.071875 0.83055555625 0.08046875 0.8291666671875 0.0796875 0.8083333328125001
7 0.06171875 0.859722221875 0.0515625 0.85694444375 0.04375 0.8458333328125001 0.025 0.8361111109375001 0.0203125 0.8416666671874999 0.02109375 0.852777778125 0.040625 0.8680555562500001 0.05703125 0.875 0.06875 0.875 0.0703125 0.86944444375 0.07421875 0.8736111109375001 0.075 0.8708333328125001 0.06171875 0.859722221875
7 0.20625 0.902777778125 0.20859375 0.8986111109375001 0.2109375 0.9041666671874999 0.20703125 0.89444444375 0.20625 0.902777778125
7 0.25390625 0.925 0.25234375 0.9138888890624999 0.25546875 0.8444444437499999 0.23359375 0.8486111109375001 0.2296875 0.8708333328125001 0.23125 0.915277778125 0.24921875 0.9277777781250001 0.25390625 0.925
7 0.3234375 0.9 0.30859375 0.8888888890625 0.30703125 0.8708333328125001 0.303125 0.8611111109375 0.2859375 0.8444444437499999 0.26484375 0.8333333328125001 0.2625 0.897222221875 0.25859375 0.9277777781250001 0.27578125 0.940277778125 0.3 0.9444444437499999 0.31875 0.95555555625 0.32265625 0.9541666671875 0.3234375 0.9444444437499999 0.3234375 0.9
4 0.92578125 0.440277778125 0.93203125 0.44166666718750003 0.93359375 0.4458333328125 0.9390625 0.48472222187499997 0.9390625 0.5013888890625 0.934375 0.51944444375 0.94453125 0.5388888890625 0.94453125 0.575 0.9484375 0.577777778125 0.9546875 0.5666666671875 0.9546875 0.5583333328125 0.9625 0.5388888890625 0.9625 0.525 0.959375 0.515277778125 0.95703125 0.48333333281249996 0.9453125 0.45416666718750004 0.94453125 0.40694444374999994 0.93515625 0.40416666718750005 0.9296875 0.40833333281249995 0.9296875 0.4138888890625 0.93359375 0.41944444374999995 0.9328125 0.425 0.925 0.43333333281249997 0.92578125 0.440277778125
4 0.9390625 0.8638888890624999 0.9328125 0.834722221875 0.928125 0.83194444375 0.9265625 0.8458333328125001 0.93203125 0.8736111109375001 0.9296875 0.8916666671875 0.93125 0.915277778125 0.9390625 0.93194444375 0.94609375 0.93194444375 0.94765625 0.9166666671874999 0.94453125 0.8666666671875 0.9390625 0.8638888890624999
4 0.81171875 0.8541666671874999 0.8125 0.8166666671874999 0.80859375 0.797222221875 0.81171875 0.7861111109375 0.80078125 0.7861111109375 0.8 0.83055555625 0.8078125 0.85555555625 0.81171875 0.8541666671874999
4 0.49375 0.890277778125 0.49375 0.8430555562500001 0.48828125 0.8416666671874999 0.4859375 0.91805555625 0.490625 0.9166666671874999 0.48984375 0.9083333328125001 0.49375 0.890277778125