2 0.9765625 0.575 0.98125 0.575 0.98671875 0.56805555625 0.9859375 0.527777778125 0.98125 0.522222221875 0.975 0.522222221875 0.9671875 0.5319444437499999 0.9703125 0.5555555562500001 0.9765625 0.575
1 0.61484375 0.8222222218749999 0.61484375 0.85 0.6171875 0.89444444375 0.6203125 0.9 0.6296875 0.8958333328125001 0.628125 0.7458333328125 0.64296875 0.7458333328125 0.63828125 0.7402777781250001 0.63828125 0.73194444375 0.64375 0.734722221875 0.63359375 0.7291666671875 0.62421875 0.7111111109375 0.6171875 0.7194444437499999 0.59921875 0.7111111109375 0.5984375 0.7194444437499999 0.60859375 0.73055555625 0.61484375 0.74444444375 0.6171875 0.8125 0.61484375 0.8222222218749999
1 0.54765625 0.8208333328125 0.5453125 0.827777778125 0.54609375 0.9166666671874999 0.55546875 0.91944444375 0.5578125 0.9138888890624999 0.55859375 0.784722221875 0.5625 0.7708333328125 0.5734375 0.7736111109375 0.57421875 0.76944444375 0.571875 0.7666666671875 0.56875 0.772222221875 0.56796875 0.7597222218749999 0.5625 0.7569444437499999 0.54296875 0.7486111109375 0.53125 0.7486111109375 0.53125 0.7569444437499999 0.54453125 0.765277778125 0.5484375 0.7833333328125 0.54765625 0.8208333328125
6 0.3609375 0.7430555562500001 0.34453125 0.74444444375 0.34375 0.7666666671875 0.35078125 0.7763888890625 0.35625 0.7736111109375 0.3609375 0.7569444437499999 0.3609375 0.7430555562500001
6 0.4328125 0.8138888890624999 0.43359375 0.7833333328125 0.42265625 0.7569444437499999 0.4 0.7402777781250001 0.38359375 0.7402777781250001 0.37421875 0.7458333328125 0.37109375 0.772222221875 0.37578125 0.7819444437499999 0.37578125 0.80694444375 0.38359375 0.8208333328125 0.3984375 0.83194444375 0.403125 0.840277778125 0.42421875 0.840277778125 0.4296875 0.83055555625 0.4328125 0.8138888890624999
6 0.21796875 0.7236111109375 0.2125 0.7361111109375 0.21171875 0.7638888890625 0.21484375 0.772222221875 0.22109375 0.7763888890625 0.22109375 0.7263888890625 0.21796875 0.7236111109375
6 0.25625 0.722222221875 0.25 0.7333333328125 0.24921875 0.7569444437499999 0.2359375 0.7583333328124999 0.23359375 0.7638888890625 0.23125 0.8194444437499999 0.23984375 0.83194444375 0.24296875 0.8819444437499999 0.25078125 0.89444444375 0.27421875 0.9041666671874999 0.29140625 0.9041666671874999 0.2984375 0.89305555625 0.3015625 0.85694444375 0.31171875 0.8444444437499999 0.31640625 0.83055555625 0.3125 0.8222222218749999 0.31171875 0.775 0.30546875 0.7611111109375 0.29296875 0.7583333328124999 0.28828125 0.7611111109375 0.2828125 0.7819444437499999 0.27734375 0.7819444437499999 0.271875 0.76805555625 0.26796875 0.73194444375 0.2609375 0.722222221875 0.25625 0.722222221875
7 0.109375 0.8416666671874999 0.13203125 0.8458333328125001 0.14609375 0.8416666671874999 0.18046875 0.8430555562500001 0.18046875 0.8166666671874999 0.1625 0.7916666671875 0.15234375 0.784722221875 0.15 0.765277778125 0.14609375 0.7597222218749999 0.121875 0.7416666671875001 0.11875 0.725 0.11484375 0.7208333328125 0.09375 0.7236111109375 0.0859375 0.7513888890625 0.0734375 0.76944444375 0.084375 0.81805555625 0.09375 0.83055555625 0.109375 0.8416666671874999
7 0.00078125 0.6611111109375 0.00078125 0.73194444375 0.00703125 0.7402777781250001 0.0125 0.7402777781250001 0.01796875 0.722222221875 0.02109375 0.6583333328125 0.00078125 0.6611111109375
7 0.075 0.7638888890625 0.08671875 0.7430555562500001 0.0921875 0.7138888890625 0.0921875 0.702777778125 0.0796875 0.6777777781250001 0.075 0.672222221875 0.05859375 0.66944444375 0.05546875 0.6569444437499999 0.04765625 0.6458333328125 0.04296875 0.64444444375 0.03828125 0.659722221875 0.0328125 0.6972222218749999 0.03046875 0.7541666671875 0.05 0.7611111109375 0.0578125 0.76805555625 0.06953125 0.76805555625 0.075 0.7638888890625
7 0.16171875 0.877777778125 0.16171875 0.8541666671874999 0.15625 0.847222221875 0.1140625 0.85 0.12734375 0.8652777781250001 0.14375 0.872222221875 0.14921875 0.8791666671874999 0.16171875 0.877777778125
7 0.03359375 0.86944444375 0.025 0.89444444375 0.02578125 0.9041666671874999 0.0375 0.9111111109375001 0.0390625 0.8986111109375001 0.03828125 0.86944444375 0.03359375 0.86944444375
7 0.09453125 0.909722221875 0.09765625 0.9069444437499999 0.09375 0.8986111109375001 0.0953125 0.8833333328125 0.08046875 0.872222221875 0.07109375 0.8708333328125001 0.06953125 0.877777778125 0.0515625 0.8791666671874999 0.04609375 0.8958333328125001 0.04765625 0.9166666671874999 0.06171875 0.9277777781250001 0.0765625 0.9277777781250001 0.09375 0.91805555625 0.09453125 0.909722221875
7 0.13984375 0.9277777781250001 0.14296875 0.91944444375 0.125 0.8958333328125001 0.1109375 0.8861111109375001 0.10234375 0.8861111109375001 0.10234375 0.91944444375 0.121875 0.9277777781250001 0.13984375 0.9277777781250001
7 0.00703125 0.777777778125 0.01171875 0.7638888890625 0.01171875 0.7458333328125 0.00078125 0.74444444375 0.00078125 0.772222221875 0.00703125 0.777777778125
7 0.05234375 0.76805555625 0.03203125 0.7569444437499999 0.028125 0.7611111109375 0.02578125 0.79444444375 0.03046875 0.8027777781250001 0.07109375 0.83055555625 0.08125 0.8291666671875 0.08046875 0.80694444375 0.07109375 0.7916666671875 0.06875 0.7708333328125 0.05234375 0.76805555625
7 0.0203125 0.8416666671874999 0.0234375 0.8541666671874999 0.03984375 0.8666666671875 0.06328125 0.877777778125 0.0734375 0.875 0.07421875 0.86944444375 0.05234375 0.85694444375 0.04375 0.8458333328125001 0.03046875 0.8388888890624999 0.0203125 0.8416666671874999
7 0.17109375 0.80694444375 0.16484375 0.79444444375 0.15546875 0.784722221875 0.15078125 0.7861111109375 0.15 0.8166666671874999 0.146875 0.8263888890625 0.14609375 0.8430555562500001 0.15703125 0.847222221875 0.18125 0.8444444437499999 0.1828125 0.827777778125 0.18046875 0.8125 0.17109375 0.80694444375
4 0.79375 0.797222221875 0.79921875 0.79444444375 0.80078125 0.7805555562500001 0.80078125 0.6805555562500001 0.79453125 0.6791666671875001 0.7921875 0.68194444375 0.7953125 0.690277778125 0.7921875 0.70555555625 0.7890625 0.70555555625 0.7859375 0.690277778125 0.7765625 0.6972222218749999 0.78125 0.7013888890625 0.78671875 0.722222221875 0.7875 0.7430555562500001 0.784375 0.7583333328124999 0.7921875 0.7833333328125 0.79375 0.797222221875
4 0.36796875 0.734722221875 0.36171875 0.7402777781250001 0.35625 0.772222221875 0.35625 0.79444444375 0.36328125 0.8222222218749999 0.365625 0.8263888890625 0.375 0.827777778125 0.375 0.7791666671875 0.3703125 0.7736111109375 0.37578125 0.7361111109375 0.36796875 0.734722221875