2 0.96640625 0.58194444375 0.97421875 0.58194444375 0.97578125 0.577777778125 0.975 0.540277778125 0.9703125 0.5319444437499999 0.9640625 0.5319444437499999 0.96171875 0.5375 0.96328125 0.577777778125 0.96640625 0.58194444375
1 0.6125 0.8083333328125001 0.61484375 0.8416666671874999 0.6109375 0.8486111109375001 0.61484375 0.8638888890624999 0.615625 0.890277778125 0.62421875 0.897222221875 0.6296875 0.89305555625 0.63125 0.8847222218749999 0.62734375 0.840277778125 0.62734375 0.752777778125 0.63125 0.7402777781250001 0.640625 0.7402777781250001 0.640625 0.734722221875 0.63125 0.727777778125 0.625 0.7138888890625 0.6203125 0.7111111109375 0.61328125 0.7166666671875 0.60625 0.709722221875 0.60625 0.722222221875 0.61328125 0.734722221875 0.61484375 0.7819444437499999 0.6125 0.8083333328125001
1 0.5453125 0.9138888890624999 0.55703125 0.9138888890624999 0.5578125 0.7833333328125 0.5625 0.7736111109375 0.56953125 0.7736111109375 0.5703125 0.76944444375 0.5671875 0.7611111109375 0.53984375 0.7486111109375 0.53828125 0.7611111109375 0.53359375 0.7597222218749999 0.5328125 0.7486111109375 0.53125 0.7569444437499999 0.54765625 0.79375 0.54375 0.83194444375 0.54609375 0.8541666671874999 0.5453125 0.9138888890624999
6 0.24765625 0.8055555562500001 0.26484375 0.8125 0.26953125 0.8416666671874999 0.2921875 0.85 0.30859375 0.85 0.31875 0.834722221875 0.328125 0.8333333328125001 0.33515625 0.8263888890625 0.33984375 0.83055555625 0.34296875 0.8263888890625 0.34375 0.7805555562500001 0.3375 0.7597222218749999 0.3171875 0.7611111109375 0.3015625 0.752777778125 0.29453125 0.7180555562500001 0.2828125 0.715277778125 0.275 0.7194444437499999 0.27109375 0.727777778125 0.26328125 0.722222221875 0.2375 0.7263888890625 0.2359375 0.7638888890625 0.23828125 0.7833333328125 0.2421875 0.7875 0.24765625 0.8055555562500001
6 0.425 0.8388888890624999 0.43125 0.8194444437499999 0.43203125 0.777777778125 0.42265625 0.7583333328124999 0.415625 0.75555555625 0.4046875 0.7430555562500001 0.34921875 0.7416666671875001 0.34375 0.7458333328125 0.34453125 0.76944444375 0.36328125 0.7763888890625 0.3671875 0.7833333328125 0.36328125 0.79444444375 0.36328125 0.8083333328125001 0.39375 0.8263888890625 0.4015625 0.840277778125 0.425 0.8388888890624999
7 0.10703125 0.8486111109375001 0.1265625 0.8652777781250001 0.15625 0.8791666671874999 0.1625 0.8708333328125001 0.15546875 0.8486111109375001 0.134375 0.85 0.11484375 0.8444444437499999 0.109375 0.8444444437499999 0.10703125 0.8486111109375001
7 0.028125 0.89444444375 0.028125 0.902777778125 0.0375 0.9111111109375001 0.03671875 0.8819444437499999 0.028125 0.89444444375
7 0.0609375 0.9277777781250001 0.0765625 0.9277777781250001 0.09296875 0.915277778125 0.09375 0.88055555625 0.08203125 0.872222221875 0.04921875 0.88055555625 0.0453125 0.8986111109375001 0.04609375 0.9166666671874999 0.0609375 0.9277777781250001
7 0.10390625 0.91944444375 0.1234375 0.9277777781250001 0.1390625 0.9277777781250001 0.14296875 0.91944444375 0.1375 0.9111111109375001 0.1109375 0.8861111109375001 0.1046875 0.8861111109375001 0.10234375 0.9069444437499999 0.10390625 0.91944444375
7 0.06953125 0.7333333328125 0.06953125 0.7666666671875 0.0734375 0.7736111109375 0.08359375 0.8166666671874999 0.090625 0.827777778125 0.11953125 0.8444444437499999 0.14375 0.8444444437499999 0.14765625 0.8388888890624999 0.15625 0.8444444437499999 0.18046875 0.8444444437499999 0.1828125 0.8375 0.1859375 0.8166666671874999 0.18125 0.777777778125 0.178125 0.7736111109375 0.16796875 0.7708333328125 0.1625 0.7819444437499999 0.153125 0.7819444437499999 0.14921875 0.7638888890625 0.13046875 0.7458333328125 0.12109375 0.7416666671875001 0.11796875 0.7236111109375 0.11328125 0.7194444437499999 0.1046875 0.7236111109375 0.0765625 0.722222221875 0.06953125 0.7333333328125
7 0.00703125 0.727777778125 0.00078125 0.73194444375 0.00078125 0.7791666671875 0.00703125 0.7819444437499999 0.01171875 0.7625 0.0125 0.7333333328125 0.00703125 0.727777778125
7 0.08125 0.827777778125 0.08203125 0.8125 0.07578125 0.7986111109375 0.07421875 0.7833333328125 0.06484375 0.7611111109375 0.04765625 0.7638888890625 0.04375 0.7597222218749999 0.040625 0.7638888890625 0.0296875 0.75555555625 0.02578125 0.7708333328125 0.025 0.79444444375 0.03046875 0.8027777781250001 0.071875 0.83055555625 0.078125 0.83194444375 0.08125 0.827777778125
7 0.0328125 0.8444444437499999 0.01953125 0.840277778125 0.02421875 0.85694444375 0.05390625 0.8736111109375001 0.0734375 0.8763888890624999 0.075 0.86944444375 0.06953125 0.8666666671875 0.06484375 0.85694444375 0.04453125 0.8541666671874999 0.0328125 0.8444444437499999
7 0.20703125 0.875 0.20859375 0.88055555625 0.2140625 0.8791666671874999 0.21484375 0.8680555562500001 0.21953125 0.8611111109375 0.215625 0.85694444375 0.2140625 0.8486111109375001 0.20703125 0.8486111109375001 0.20703125 0.875
7 0.203125 0.89444444375 0.203125 0.9041666671874999 0.21171875 0.9069444437499999 0.2109375 0.89444444375 0.2078125 0.890277778125 0.2109375 0.8833333328125 0.20703125 0.8833333328125 0.20703125 0.8888888890625 0.203125 0.89444444375
7 0.25078125 0.9236111109375 0.2515625 0.8833333328125 0.2546875 0.8652777781250001 0.25390625 0.840277778125 0.24140625 0.8388888890624999 0.23125 0.8458333328125001 0.22890625 0.9083333328125001 0.23203125 0.91805555625 0.25078125 0.9236111109375
7 0.3125 0.890277778125 0.30859375 0.86944444375 0.29453125 0.85694444375 0.28203125 0.8541666671874999 0.2734375 0.8444444437499999 0.26328125 0.8444444437499999 0.26171875 0.9305555562500001 0.27578125 0.940277778125 0.31796875 0.95555555625 0.32265625 0.9541666671875 0.3234375 0.9458333328125 0.325 0.9069444437499999 0.3125 0.890277778125
4 0.025 0.6333333328124999 0.021875 0.6319444437499999 0.0234375 0.6458333328125 0.02578125 0.627777778125 0.025 0.6333333328124999
4 0.025 0.6166666671875001 0.021875 0.6236111109375 0.02578125 0.627777778125 0.0270647328125 0.6178902109375 0.025 0.6166666671875001
4 0.025 0.6111111109375 0.0271267359375 0.6174125515625 0.028125 0.609722221875 0.03125 0.6013888890625 0.03125 0.5888888890625 0.0359375 0.565277778125 0.0359375 0.55694444375 0.03359375 0.5541666671875001 0.03125 0.5555555562500001 0.028125 0.5736111109375 0.025 0.6111111109375
4 0.91328125 0.89305555625 0.91171875 0.8638888890624999 0.90703125 0.8625 0.90078125 0.86944444375 0.90078125 0.89305555625 0.90390625 0.8986111109375001 0.90078125 0.9055555562500001 0.90078125 0.9208333328125 0.90234375 0.9277777781250001 0.9125 0.9361111109375001 0.91796875 0.9263888890624999 0.91875 0.9069444437499999 0.91328125 0.89305555625