2 0.575 0.0234375 0.575 0.01875 0.56805555625 0.01328125 0.527777778125 0.0140625 0.522222221875 0.01796875 0.522222221875 0.025 0.5319444437499999 0.0328125 0.5513888890625 0.03046875 0.575 0.0234375
1 0.7194444437499999 0.4015625 0.734722221875 0.3890625 0.7458333328125 0.38515625 0.89444444375 0.3828125 0.8986111109375001 0.38046875 0.8986111109375001 0.37421875 0.8861111109375001 0.3703125 0.8736111109375001 0.371875 0.86944444375 0.36953125 0.8513888890624999 0.36875 0.7736111109375 0.371875 0.74444444375 0.35625 0.74444444375 0.36015625 0.73194444375 0.36171875 0.734722221875 0.35625 0.7291666671875 0.36640625 0.7208333328125 0.36875 0.7138888890625 0.375 0.7194444437499999 0.38828125 0.7111111109375 0.40078125 0.7194444437499999 0.4015625
1 0.9166666671874999 0.45390625 0.91944444375 0.4453125 0.9083333328125001 0.44140625 0.7875 0.44140625 0.772222221875 0.43828125 0.7736111109375 0.42734375 0.76944444375 0.42734375 0.7611111109375 0.43125 0.7569444437499999 0.4375 0.75 0.45234375 0.7486111109375 0.46875 0.7569444437499999 0.46875 0.765277778125 0.45546875 0.7833333328125 0.4515625 0.8208333328125 0.45234375 0.8291666671875 0.4546875 0.9166666671874999 0.45390625
6 0.840277778125 0.59765625 0.840277778125 0.5765625 0.83055555625 0.5703125 0.8138888890624999 0.5671875 0.7805555562500001 0.5671875 0.7597222218749999 0.57578125 0.752777778125 0.58203125 0.7402777781250001 0.60546875 0.7402777781250001 0.6390625 0.7458333328125 0.65625 0.76944444375 0.6546875 0.7763888890625 0.64765625 0.777777778125 0.6359375 0.7819444437499999 0.6328125 0.79444444375 0.63671875 0.8083333328125001 0.63671875 0.8236111109375001 0.60546875 0.840277778125 0.59765625
7 0.8444444437499999 0.85546875 0.840277778125 0.85234375 0.8444444437499999 0.84375 0.8444444437499999 0.81953125 0.8166666671874999 0.81953125 0.7958333328125 0.83359375 0.784722221875 0.84765625 0.7611111109375 0.8515625 0.7416666671875001 0.878125 0.725 0.88125 0.7208333328125 0.8859375 0.7236111109375 0.90703125 0.75 0.9140625 0.76944444375 0.92734375 0.8236111109375001 0.9125 0.840277778125 0.89296875 0.8458333328125001 0.86875 0.8444444437499999 0.85546875
7 0.675 0.97890625 0.6569444437499999 0.9796875 0.659722221875 0.99921875 0.7333333328125 0.99921875 0.7402777781250001 0.99453125 0.7402777781250001 0.98671875 0.7236111109375 0.9828125 0.675 0.97890625
7 0.702777778125 0.9078125 0.672222221875 0.92421875 0.66944444375 0.9421875 0.6625 0.946875 0.6486111109375 0.95 0.64444444375 0.9578125 0.6569444437499999 0.96171875 0.69305555625 0.96640625 0.7541666671875 0.96953125 0.76805555625 0.9421875 0.7666666671875 0.92734375 0.7430555562500001 0.91328125 0.7138888890625 0.9078125 0.702777778125 0.9078125
7 0.902777778125 0.9046875 0.9055555562500001 0.9015625 0.8986111109375001 0.90625 0.88055555625 0.90625 0.8736111109375001 0.9171875 0.872222221875 0.9265625 0.8791666671874999 0.93125 0.88055555625 0.94921875 0.897222221875 0.95390625 0.9166666671874999 0.95234375 0.9277777781250001 0.93828125 0.9277777781250001 0.92265625 0.91805555625 0.90625 0.902777778125 0.9046875
7 0.8847222218749999 0.7890625 0.8916666671875 0.790625 0.89444444375 0.796875 0.902777778125 0.796875 0.9055555562500001 0.7875 0.89305555625 0.7890625 0.8680555562500001 0.78671875 0.8625 0.79296875 0.8819444437499999 0.7953125 0.8847222218749999 0.7890625
7 0.9305555562500001 0.84296875 0.9444444437499999 0.8421875 0.952777778125 0.8375 0.93194444375 0.83671875 0.9305555562500001 0.84296875
7 0.95 0.82734375 0.95694444375 0.8265625 0.95694444375 0.82421875 0.94305555625 0.82421875 0.95 0.82734375
7 0.95555555625 0.7875 0.959722221875 0.77109375 0.95694444375 0.76875 0.95555555625 0.7875
7 0.7791666671875 0.99296875 0.76805555625 0.98828125 0.7458333328125 0.98828125 0.74444444375 0.99921875 0.772222221875 0.99921875 0.7791666671875 0.99296875
7 0.827777778125 0.99453125 0.827777778125 0.99140625 0.8222222218749999 0.98984375 0.8166666671874999 0.99296875 0.8194444437499999 0.99921875 0.827777778125 0.99453125
7 0.7597222218749999 0.971875 0.79444444375 0.97421875 0.8027777781250001 0.96953125 0.83055555625 0.92890625 0.8291666671875 0.91875 0.809722221875 0.91796875 0.7708333328125 0.93125 0.76805555625 0.9484375 0.7569444437499999 0.96796875 0.7597222218749999 0.971875
7 0.8444444437499999 0.95625 0.83194444375 0.98125 0.8361111109375001 0.97890625 0.85 0.97890625 0.85694444375 0.9734375 0.875 0.94375 0.875 0.9265625 0.8708333328125001 0.925 0.859722221875 0.93828125 0.85694444375 0.94765625 0.8444444437499999 0.95625
7 0.8236111109375001 0.8171875 0.8111111109375001 0.81640625 0.8055555562500001 0.8125 0.7458333328125 0.81015625 0.747222221875 0.81796875 0.7388888890625 0.8171875 0.7291666671875 0.82421875 0.73055555625 0.8375 0.725 0.84140625 0.734722221875 0.846875 0.7597222218749999 0.846875 0.772222221875 0.84140625 0.7833333328125 0.83125 0.79305555625 0.83203125 0.8027777781250001 0.82890625 0.809722221875 0.81953125 0.8236111109375001 0.8171875
7 0.777777778125 0.7390625 0.7736111109375 0.74453125 0.777777778125 0.75703125 0.772222221875 0.7640625 0.7763888890625 0.7671875 0.8041666671875 0.76875 0.815277778125 0.77421875 0.8444444437499999 0.7671875 0.8458333328125001 0.75703125 0.8388888890624999 0.74921875 0.81805555625 0.7375 0.79305555625 0.7359375 0.777777778125 0.7390625
7 0.7666666671875 0.790625 0.8 0.79296875 0.852777778125 0.79453125 0.859722221875 0.790625 0.8611111109375 0.7859375 0.852777778125 0.7828125 0.8166666671874999 0.78046875 0.75 0.7796875 0.74444444375 0.78125 0.7430555562500001 0.7859375 0.7666666671875 0.790625
7 0.8666666671875 0.7890625 0.86944444375 0.79296875 0.872222221875 0.790625 0.872222221875 0.78828125 0.8666666671875 0.7890625
7 0.89305555625 0.79296875 0.902777778125 0.7953125 0.9041666671874999 0.7890625 0.8986111109375001 0.7890625 0.89305555625 0.79296875
7 0.8444444437499999 0.75546875 0.85 0.759375 0.85 0.7671875 0.86944444375 0.7703125 0.9166666671874999 0.76875 0.9277777781250001 0.75078125 0.925 0.74609375 0.9111111109375001 0.74765625 0.8958333328125001 0.7453125 0.847222221875 0.7453125 0.8444444437499999 0.75546875
7 0.9013888890624999 0.6765625 0.8861111109375001 0.69140625 0.8652777781250001 0.6953125 0.8458333328125001 0.71484375 0.840277778125 0.728125 0.8333333328125001 0.7328125 0.834722221875 0.7359375 0.9277777781250001 0.73984375 0.940277778125 0.725 0.9444444437499999 0.7 0.95555555625 0.68203125 0.952777778125 0.67734375 0.9416666671874999 0.6765625 0.9013888890624999 0.6765625
7 0.8444444437499999 0.853125 0.8486111109375001 0.859375 0.85 0.8828125 0.85694444375 0.88046875 0.86944444375 0.86640625 0.8708333328125001 0.85703125 0.8791666671874999 0.85078125 0.8791666671874999 0.84140625 0.875 0.8390625 0.85555555625 0.83828125 0.847222221875 0.84375 0.8444444437499999 0.853125
7 0.925 0.85703125 0.91944444375 0.85546875 0.8958333328125001 0.875 0.8861111109375001 0.89375 0.91944444375 0.89609375 0.9291666671875 0.8734375 0.9291666671875 0.8609375 0.925 0.85703125
4 0.8819444437499999 0.64453125 0.8430555562500001 0.64375 0.809722221875 0.64609375 0.8055555562500001 0.64375 0.8 0.65078125 0.859722221875 0.6578125 0.8819444437499999 0.6515625 0.8819444437499999 0.64453125
4 0.80694444375 0.0703125 0.815277778125 0.07421875 0.86944444375 0.0703125 0.8652777781250001 0.05625 0.852777778125 0.04765625 0.8430555562500001 0.046875 0.834722221875 0.04921875 0.83055555625 0.05859375 0.80694444375 0.0609375 0.80694444375 0.0703125
4 0.952777778125 0.08828125 0.9291666671875 0.084375 0.8986111109375001 0.08515625 0.8430555562500001 0.08984375 0.8361111109375001 0.0953125 0.8444444437499999 0.09921875 0.86944444375 0.1 0.890277778125 0.09921875 0.8986111109375001 0.0953125 0.9041666671874999 0.0984375 0.9305555562500001 0.09765625 0.9375 0.0953125 0.9541666671875 0.096875 0.95694444375 0.08984375 0.952777778125 0.08828125
4 0.7333333328125 0.22109375 0.7166666671875 0.2203125 0.7041666671875 0.215625 0.7 0.21796875 0.7 0.23046875 0.70694444375 0.2328125 0.7458333328125 0.23203125 0.7611111109375 0.234375 0.7736111109375 0.234375 0.7875 0.23046875 0.797222221875 0.23125 0.8 0.22578125 0.7819444437499999 0.21640625 0.7333333328125 0.22109375
4 0.8791666671874999 0.35625 0.8541666671874999 0.35546875 0.83055555625 0.359375 0.81805555625 0.35625 0.815277778125 0.3671875 0.86944444375 0.36796875 0.8833333328125 0.3625 0.8791666671874999 0.35625