7 0.878125 0.25833333281250004 0.88125 0.272222221875 0.8859375 0.2791666671875 0.89765625 0.275 0.92265625 0.27638888906250003 0.92890625 0.26805555625 0.93046875 0.23194444375 0.9265625 0.225 0.915625 0.18194444375000002 0.9109375 0.17361111093749998 0.88125 0.15555555625 0.85546875 0.15555555625 0.853125 0.15972222187500001 0.84140625 0.15555555625 0.8171875 0.16388888906250001 0.815625 0.20555555625 0.81953125 0.222222221875 0.8265625 0.22638888906250001 0.8375 0.215277778125 0.8453125 0.2166666671875 0.8515625 0.23611111093749998 0.87109375 0.25555555625 0.878125 0.25833333281250004
7 0.95234375 0.3236111109375 0.96015625 0.33055555625 0.9671875 0.2958333328125 0.96796875 0.25 0.96484375 0.2513888890625 0.96171875 0.2611111109375 0.95234375 0.3083333328125 0.95234375 0.3236111109375
7 0.99453125 0.24305555625 0.99140625 0.23472222187499997 0.98984375 0.24583333281250003 0.99296875 0.2513888890625 0.9875 0.2541666671875 0.98515625 0.2611111109375 0.98046875 0.3 0.9765625 0.309722221875 0.97578125 0.33055555625 0.97890625 0.3375 0.99375 0.352777778125 0.99921875 0.3513888890625 0.99921875 0.28055555625 0.99609375 0.275 0.99296875 0.25 0.99453125 0.24305555625
7 0.85078125 0.1291666671875 0.8515625 0.140277778125 0.85546875 0.15 0.87578125 0.1541666671875 0.8828125 0.15 0.87109375 0.134722221875 0.86015625 0.1291666671875 0.85078125 0.1291666671875
7 0.96328125 0.11944444375 0.9734375 0.10555555624999999 0.9734375 0.1 0.9625 0.084722221875 0.96171875 0.0875 0.95859375 0.1111111109375 0.96328125 0.11944444375
7 0.9078125 0.08194444375 0.90625 0.09305555625 0.9046875 0.11805555625 0.91953125 0.1291666671875 0.9453125 0.125 0.95390625 0.10833333281249999 0.95390625 0.08333333281250001 0.9390625 0.072222221875 0.9140625 0.07638888906249999 0.9078125 0.08194444375
7 0.8578125 0.0791666671875 0.875 0.102777778125 0.88984375 0.11388888906250001 0.8984375 0.115277778125 0.89609375 0.1041666671875 0.89765625 0.08055555625000001 0.87421875 0.072222221875 0.86328125 0.072222221875 0.8578125 0.0791666671875
7 0.1203125 0.6180555562500001 0.14140625 0.6180555562500001 0.14140625 0.5888888890625 0.13046875 0.5319444437499999 0.13046875 0.51805555625 0.12578125 0.5138888890625 0.125 0.4888888890625 0.1234375 0.48194444374999995 0.11953125 0.4791666671875 0.11640625 0.4611111109375 0.11875 0.4513888890625 0.1171875 0.43333333281249997 0.09296875 0.43333333281249997 0.08671875 0.44166666718750003 0.08515625 0.4513888890625 0.07265625 0.46944444374999994 0.0674360796875 0.46171085781250004 0.06875 0.47222222187499996 0.06328125 0.47083333281249995 0.065625 0.502777778125 0.0578125 0.5291666671875 0.06015625 0.5527777781250001 0.06328125 0.5583333328125 0.1015625 0.5458333328125 0.1078125 0.55694444375 0.10625 0.58194444375 0.109375 0.6013888890625 0.1203125 0.6180555562500001
7 0.15625 0.522222221875 0.16328125 0.5722222218749999 0.16640625 0.5763888890625 0.18984375 0.56805555625 0.21171875 0.56805555625 0.21953125 0.5555555562500001 0.23046875 0.5555555562500001 0.2375 0.5625 0.27578125 0.565277778125 0.28515625 0.5722222218749999 0.2953125 0.590277778125 0.31796875 0.5930555562500001 0.32421875 0.5888888890625 0.33046875 0.577777778125 0.33125 0.5694444437499999 0.3375 0.5555555562500001 0.34296875 0.5555555562500001 0.35546875 0.54305555625 0.3625 0.51944444375 0.3640625 0.502777778125 0.3625 0.4513888890625 0.35546875 0.43055555625 0.3421875 0.41111111093749997 0.31953125 0.39305555625 0.2921875 0.35972222187499997 0.28203125 0.3541666671875 0.27421875 0.3333333328125 0.2609375 0.32777777812500003 0.25546875 0.315277778125 0.246875 0.32777777812500003 0.23125 0.33194444375 0.225 0.34861111093749997 0.22421875 0.3625 0.2203125 0.3638888890625 0.21796875 0.34305555625 0.19765625 0.3291666671875 0.1859375 0.309722221875 0.13828125 0.290277778125 0.1375 0.325 0.14453125 0.35555555625 0.1734375 0.38333333281250004 0.16640625 0.415277778125 0.15703125 0.42222222187499997 0.15 0.42083333281249996 0.14921875 0.43055555625 0.15625 0.522222221875
7 0 0.25833333281250004 0.01640625 0.26805555625 0.0234375 0.26805555625 0.02890625 0.275 0.03125 0.28472222187499996 0.0421875 0.28611111093749997 0.05234375 0.29722222187499997 0.0625 0.2958333328125 0.075 0.30555555624999997 0.1 0.3138888890625 0.10546875 0.32777777812500003 0.11171875 0.3291666671875 0.109375 0.28055555625 0.10546875 0.26944444375 0.0875 0.2638888890625 0.05546875 0.24305555625 0.0359375 0.240277778125 0.0046875 0.2236111109375 0 0.2236111109375 0 0.25833333281250004
7 0.96484375 0.240277778125 0.96953125 0.2388888890625 0.96953125 0.22916666718749998 0.9734375 0.222222221875 0.9734375 0.20972222187499998 0.96796875 0.19583333281249998 0.925 0.16805555625 0.91796875 0.16805555625 0.91796875 0.1861111109375 0.9234375 0.197222221875 0.93125 0.23194444375 0.9421875 0.23611111093749998 0.95 0.22777777812500002 0.959375 0.23055555625 0.96484375 0.240277778125
7 0.925 0.1263888890625 0.925 0.1375 0.93046875 0.14305555625 0.9703125 0.16805555625 0.97890625 0.165277778125 0.9765625 0.147222221875 0.96015625 0.13333333281249998 0.94296875 0.125 0.925 0.1263888890625
7 0.33125 0.165277778125 0.34375 0.165277778125 0.35390625 0.1513888890625 0.36484375 0.1513888890625 0.36875 0.1458333328125 0.36875 0.10694444375 0.38125 0.0986111109375 0.37890625 0.0736111109375 0.3796875 0.0388888890625 0.375 0.0375 0.36484375 0.04444444375 0.35546875 0.055555556250000006 0.3484375 0.0513888890625 0.33359375 0.052777778124999994 0.32890625 0.04305555625 0.29296875 0.047222221875 0.2859375 0.0513888890625 0.28125 0.058333332812500006 0.28046875 0.08194444375 0.275 0.10555555624999999 0.275 0.1666666671875 0.2796875 0.1708333328125 0.28203125 0.17916666718750002 0.29765625 0.17361111093749998 0.30234375 0.1916666671875 0.30625 0.19444444375 0.32421875 0.19305555624999998 0.33125 0.165277778125
7 0.4140625 0.1833333328125 0.425 0.18055555625 0.4359375 0.16388888906250001 0.43984375 0.1541666671875 0.43984375 0.10694444375 0.44375 0.0861111109375 0.4484375 0.08194444375 0.4546875 0.084722221875 0.46015625 0.0958333328125 0.45546875 0.13333333281249998 0.4578125 0.16805555625 0.4609375 0.172222221875 0.46875 0.1666666671875 0.4765625 0.13055555624999998 0.478125 0.10138888906250001 0.475 0.0958333328125 0.4765625 0.06805555625000001 0.47421875 0.034722221875 0.46640625 0.0083333328125 0.4296875 0.00555555625 0.41640625 0.013888889062500001 0.3953125 0.019444443750000002 0.38984375 0.025 0.38828125 0.0361111109375 0.38984375 0.07083333281250001 0.3890625 0.090277778125 0.3859375 0.0958333328125 0.3890625 0.11805555625 0.39375 0.13055555624999998 0.39375 0.15555555625 0.40390625 0.17916666718750002 0.4140625 0.1833333328125
7 0.78203125 0.134722221875 0.78203125 0.1416666671875 0.78671875 0.13888888906250002 0.78671875 0.134722221875 0.78203125 0.134722221875
7 0.790625 0.11388888906250001 0.78828125 0.11805555625 0.79296875 0.11805555625 0.79296875 0.11388888906250001 0.790625 0.11388888906250001
7 0.7953125 0.097222221875 0.79296875 0.10138888906250001 0.78828125 0.0958333328125 0.790625 0.10555555624999999 0.796875 0.10555555624999999 0.7953125 0.097222221875
7 0.7671875 0.08055555625000001 0.75 0.075 0.74765625 0.090277778125 0.7453125 0.15555555625 0.7484375 0.15972222187500001 0.76171875 0.1583333328125 0.7671875 0.15277777812499999 0.7703125 0.140277778125 0.76875 0.13194444375 0.77109375 0.0861111109375 0.7671875 0.08055555625000001
7 0.73359375 0.15972222187500001 0.73671875 0.15555555625 0.740625 0.07083333281250001 0.690625 0.047222221875 0.68046875 0.0458333328125 0.6765625 0.055555556250000006 0.67734375 0.102777778125 0.68671875 0.10833333281249999 0.6953125 0.127777778125 0.7015625 0.1375 0.7109375 0.14305555625 0.71484375 0.15277777812499999 0.7265625 0.15972222187500001 0.73359375 0.15972222187500001
4 0.0953125 0.34444444375 0.1015625 0.32777777812500003 0.10078125 0.31944444375000003 0.08671875 0.3083333328125 0.075 0.30694444375 0.0734375 0.32777777812500003 0.08046875 0.34027777812500004 0.08671875 0.38055555625 0.09375 0.397222221875 0.0984375 0.3958333328125 0.1 0.3861111109375 0.0953125 0.3611111109375 0.0953125 0.34444444375
4 0.55 0.109722221875 0.5546875 0.134722221875 0.5546875 0.1541666671875 0.56171875 0.15555555625 0.5609375 0.097222221875 0.55625 0.090277778125 0.5515625 0.0916666671875 0.55 0.109722221875
4 0.546875 0.10555555624999999 0.540625 0.0861111109375 0.5375 0.0861111109375 0.5375 0.090277778125 0.53125 0.097222221875 0.53203125 0.11944444375 0.546875 0.10555555624999999