1 0.54375 0.83055555625 0.5453125 0.9111111109375001 0.5484375 0.91944444375 0.553125 0.91944444375 0.5578125 0.909722221875 0.5578125 0.8458333328125001 0.5609375 0.8375 0.5578125 0.809722221875 0.55859375 0.7875 0.5625 0.7736111109375 0.57109375 0.772222221875 0.56875 0.7638888890625 0.56171875 0.7569444437499999 0.5484375 0.75 0.53125 0.7486111109375 0.53359375 0.7583333328124999 0.5453125 0.76944444375 0.54609375 0.777777778125 0.54375 0.83055555625
1 0.60859375 0.8458333328125001 0.6109375 0.8652777781250001 0.61484375 0.872222221875 0.61640625 0.8958333328125001 0.6203125 0.8986111109375001 0.628125 0.89305555625 0.628125 0.7458333328125 0.63125 0.7402777781250001 0.640625 0.7402777781250001 0.6421875 0.734722221875 0.63046875 0.727777778125 0.625 0.7138888890625 0.6140625 0.7180555562500001 0.60546875 0.7111111109375 0.6046875 0.7166666671875 0.61328125 0.7416666671875001 0.6140625 0.7805555562500001 0.61015625 0.8055555562500001 0.61171875 0.8166666671874999 0.60859375 0.8458333328125001
6 0.2375 0.7263888890625 0.2359375 0.7569444437499999 0.23828125 0.7819444437499999 0.24921875 0.8055555562500001 0.26484375 0.8125 0.26875 0.8388888890624999 0.27265625 0.8444444437499999 0.309375 0.85 0.321875 0.83194444375 0.33203125 0.8361111109375001 0.340625 0.83055555625 0.34375 0.8263888890625 0.3453125 0.8138888890624999 0.34609375 0.7916666671875 0.3421875 0.7708333328125 0.33671875 0.7597222218749999 0.31953125 0.7638888890625 0.30234375 0.752777778125 0.29921875 0.7430555562500001 0.2984375 0.7263888890625 0.2921875 0.7166666671875 0.27734375 0.7180555562500001 0.26953125 0.73194444375 0.2671875 0.725 0.2625 0.722222221875 0.24375 0.722222221875 0.2375 0.7263888890625
6 0.43125 0.8208333328125 0.43359375 0.7861111109375 0.43046875 0.7708333328125 0.41875 0.7541666671875 0.4046875 0.7416666671875001 0.346875 0.7416666671875001 0.34296875 0.75 0.3453125 0.76944444375 0.36328125 0.777777778125 0.3671875 0.784722221875 0.371875 0.8111111109375001 0.390625 0.8222222218749999 0.4015625 0.840277778125 0.425 0.8388888890624999 0.43125 0.8208333328125
7 0.1140625 0.85 0.13359375 0.86944444375 0.15859375 0.8791666671874999 0.1609375 0.875 0.1609375 0.8638888890624999 0.15546875 0.8486111109375001 0.13359375 0.85 0.11875 0.8458333328125001 0.1140625 0.85
7 0.0265625 0.902777778125 0.0375 0.9083333328125001 0.03828125 0.8819444437499999 0.0359375 0.8819444437499999 0.0265625 0.89444444375 0.0265625 0.902777778125
7 0.0453125 0.9069444437499999 0.046875 0.9166666671874999 0.059375 0.9277777781250001 0.07734375 0.9277777781250001 0.09296875 0.9166666671874999 0.09375 0.88055555625 0.0765625 0.8708333328125001 0.06953125 0.877777778125 0.05234375 0.8791666671874999 0.0453125 0.9069444437499999
7 0.13046875 0.9291666671875 0.13671875 0.9291666671875 0.14296875 0.922222221875 0.14375 0.91944444375 0.125 0.897222221875 0.1109375 0.8861111109375001 0.10390625 0.8861111109375001 0.10390625 0.91944444375 0.13046875 0.9291666671875
7 0.06953125 0.7666666671875 0.07421875 0.7763888890625 0.084375 0.81805555625 0.090625 0.827777778125 0.11875 0.8444444437499999 0.14375 0.8444444437499999 0.14765625 0.8333333328125001 0.1515625 0.834722221875 0.153125 0.8430555562500001 0.1765625 0.8444444437499999 0.18046875 0.8416666671874999 0.184375 0.8291666671875 0.1859375 0.8111111109375001 0.1828125 0.8041666671875 0.18125 0.777777778125 0.17578125 0.772222221875 0.16953125 0.772222221875 0.1625 0.7861111109375 0.1515625 0.7833333328125 0.1484375 0.7638888890625 0.13125 0.7458333328125 0.121875 0.7416666671875001 0.11796875 0.722222221875 0.07578125 0.722222221875 0.06953125 0.734722221875 0.06953125 0.7666666671875
7 0.0390625 0.73055555625 0.0421875 0.715277778125 0.04296875 0.6944444437499999 0.0375 0.6861111109375 0.0328125 0.6944444437499999 0.031133215625 0.72927405625 0.0390625 0.73055555625
7 0.00703125 0.777777778125 0.0109375 0.76805555625 0.01953125 0.6986111109375 0.02109375 0.6638888890625 0.01484375 0.659722221875 0.01015625 0.6486111109375 0.00078125 0.6458333328125 0.00078125 0.777777778125 0.00703125 0.777777778125
7 0.85625 0.85555555625 0.8609375 0.85555555625 0.8625 0.8375 0.86953125 0.83055555625 0.8671875 0.8 0.83203125 0.809722221875 0.80859375 0.8041666671875 0.7953125 0.8263888890625 0.79453125 0.8458333328125001 0.79765625 0.85555555625 0.828125 0.8888888890625 0.85 0.890277778125 0.86171875 0.86944444375 0.85625 0.85555555625
7 0.08125 0.827777778125 0.08125 0.809722221875 0.0734375 0.7916666671875 0.06953125 0.76944444375 0.06328125 0.7611111109375 0.0578125 0.7611111109375 0.05078125 0.772222221875 0.0484375 0.76944444375 0.0484375 0.7763888890625 0.0375 0.772222221875 0.0296875 0.7958333328125 0.03828125 0.8083333328125001 0.07109375 0.83055555625 0.078125 0.83194444375 0.08125 0.827777778125
7 0.0203125 0.840277778125 0.02421875 0.85694444375 0.03984375 0.8680555562500001 0.0625 0.877777778125 0.07421875 0.8736111109375001 0.075 0.8708333328125001 0.06171875 0.85694444375 0.046875 0.8541666671874999 0.03515625 0.8444444437499999 0.0203125 0.840277778125
7 0.63125 0.8916666671875 0.61953125 0.9 0.6203125 0.9611111109375001 0.625 0.9625 0.6359375 0.95555555625 0.64453125 0.9444444437499999 0.65859375 0.9472222218749999 0.66328125 0.9416666671874999 0.66640625 0.9416666671874999 0.671875 0.95694444375 0.71328125 0.95 0.71875 0.9444444437499999 0.71953125 0.925 0.72421875 0.9041666671874999 0.725 0.8333333328125001 0.72109375 0.83055555625 0.71796875 0.8208333328125 0.7125 0.8263888890625 0.703125 0.8263888890625 0.6984375 0.8111111109375001 0.69375 0.8055555562500001 0.67734375 0.8055555562500001 0.67421875 0.8083333328125001 0.66796875 0.834722221875 0.6375 0.83194444375 0.6359375 0.8430555562500001 0.63125 0.8444444437499999 0.63125 0.8916666671875
7 0.54375 0.8236111109375001 0.5375 0.8222222218749999 0.53359375 0.827777778125 0.521875 0.859722221875 0.521875 0.9083333328125001 0.52578125 0.965277778125 0.5328125 0.9902777781250001 0.56953125 0.99444444375 0.60390625 0.98055555625 0.6109375 0.972222221875 0.6109375 0.9388888890624999 0.6078125 0.925 0.61171875 0.915277778125 0.61171875 0.8833333328125 0.60703125 0.8680555562500001 0.60625 0.8458333328125001 0.6 0.83194444375 0.6 0.8222222218749999 0.58671875 0.815277778125 0.57109375 0.8222222218749999 0.5609375 0.8458333328125001 0.55859375 0.86944444375 0.54453125 0.8666666671875 0.54375 0.8236111109375001
7 0.2140625 0.8486111109375001 0.21015625 0.847222221875 0.20703125 0.8486111109375001 0.2078125 0.8833333328125 0.203125 0.89305555625 0.20234375 0.902777778125 0.207421875 0.9041666671874999 0.209375 0.8986111109375001 0.21171875 0.9041666671874999 0.209375 0.890277778125 0.21796875 0.8611111109375 0.2140625 0.8486111109375001
7 0.23125 0.91805555625 0.24921875 0.925 0.25078125 0.922222221875 0.25234375 0.872222221875 0.2546875 0.8652777781250001 0.25390625 0.840277778125 0.2375 0.840277778125 0.2328125 0.8444444437499999 0.22734375 0.9083333328125001 0.23125 0.91805555625
7 0.3140625 0.89444444375 0.30546875 0.8736111109375001 0.2953125 0.8652777781250001 0.2921875 0.8583333328125 0.28359375 0.85555555625 0.26796875 0.8416666671874999 0.26328125 0.8444444437499999 0.2609375 0.9305555562500001 0.3078125 0.952777778125 0.31953125 0.9541666671875 0.3234375 0.9444444437499999 0.32265625 0.8986111109375001 0.3140625 0.89444444375
4 0.8609375 0.747222221875 0.865625 0.7569444437499999 0.86640625 0.7291666671875 0.8625 0.7263888890625 0.86484375 0.71875 0.8609375 0.7180555562500001 0.8609375 0.709722221875 0.86484375 0.709722221875 0.86171875 0.6805555562500001 0.85625 0.6777777781250001 0.853125 0.6833333328125 0.85703125 0.6875 0.86171875 0.73055555625 0.8515625 0.7361111109375 0.8515625 0.7416666671875001 0.8609375 0.747222221875