2 0.41944444374999995 0.975 0.4583333328125 0.975 0.46805555625000006 0.96953125 0.46805555625000006 0.9640625 0.4625 0.96171875 0.427777778125 0.9625 0.41805555625 0.96640625 0.41944444374999995 0.975
1 0.15277777812499999 0.61171875 0.10833333281249999 0.615625 0.10138888906250001 0.62421875 0.10833333281249999 0.6296875 0.2513888890625 0.62734375 0.259722221875 0.63125 0.259722221875 0.640625 0.2638888890625 0.6421875 0.2708333328125 0.6328125 0.28611111093749997 0.625 0.2833333328125 0.61328125 0.2888888890625 0.60546875 0.2708333328125 0.60859375 0.2625 0.61328125 0.215277778125 0.61484375 0.1916666671875 0.61171875 0.15555555625 0.6140625 0.15277777812499999 0.61171875
1 0.20555555625 0.54765625 0.16805555625 0.54375 0.13055555624999998 0.54609375 0.084722221875 0.5453125 0.08194444375 0.55 0.0861111109375 0.55703125 0.2166666671875 0.5578125 0.22638888906250001 0.56171875 0.22638888906250001 0.56875 0.23055555625 0.5703125 0.2388888890625 0.5671875 0.24305555625 0.56171875 0.25 0.54453125 0.2513888890625 0.5390625 0.2388888890625 0.5390625 0.240277778125 0.53359375 0.2513888890625 0.53203125 0.24305555625 0.53125 0.2166666671875 0.54609375 0.20555555625 0.54765625
6 0.19444444375 0.24765625 0.1875 0.26484375 0.1583333328125 0.26953125 0.1513888890625 0.28828125 0.15 0.30859375 0.1666666671875 0.3203125 0.16805555625 0.33046875 0.1763888890625 0.3359375 0.16944444375 0.3390625 0.177777778125 0.34375 0.2125 0.34453125 0.2375 0.33828125 0.24305555625 0.33203125 0.2388888890625 0.31875 0.24722222187499998 0.3015625 0.275 0.29765625 0.28194444375 0.29296875 0.2833333328125 0.27890625 0.2708333328125 0.2703125 0.27777777812500004 0.26328125 0.275 0.2375 0.23611111093749998 0.2359375 0.2166666671875 0.23828125 0.19444444375 0.24765625
6 0.21944444375 0.4328125 0.24305555625 0.42265625 0.24583333281250003 0.41328125 0.259722221875 0.4015625 0.25833333281250004 0.34609375 0.2513888890625 0.34296875 0.22916666718749998 0.3453125 0.2208333328125 0.36484375 0.1916666671875 0.36328125 0.17361111093749998 0.39453125 0.15972222187500001 0.4015625 0.1611111109375 0.42421875 0.18055555625 0.43125 0.21944444375 0.4328125
7 0.15 0.10703125 0.13055555624999998 0.1328125 0.1291666671875 0.1453125 0.12222222187500001 0.15078125 0.12361111093749999 0.15625 0.13055555624999998 0.15703125 0.13333333281249998 0.16015625 0.15 0.15625 0.1541666671875 0.10703125 0.15 0.10703125
7 0.097222221875 0.04375 0.084722221875 0.04609375 0.072222221875 0.06171875 0.072222221875 0.07578125 0.077777778125 0.08671875 0.0861111109375 0.09296875 0.11944444375 0.09375 0.127777778125 0.08203125 0.127777778125 0.07109375 0.12222222187500001 0.06875 0.12222222187500001 0.05390625 0.115277778125 0.04609375 0.11805555625 0.0375 0.115277778125 0.03359375 0.10555555624999999 0.03046875 0.097222221875 0.03046875 0.09305555625 0.03359375 0.090277778125 0.0375 0.097222221875 0.040625 0.097222221875 0.04375
7 0.07083333281250001 0.1296875 0.07083333281250001 0.1375 0.077777778125 0.14296875 0.08055555625000001 0.14375 0.102777778125 0.125 0.11388888906250001 0.1109375 0.11388888906250001 0.1046875 0.08055555625000001 0.10234375 0.07083333281250001 0.1296875
7 0.26805555625 0.06953125 0.23333333281250002 0.06953125 0.2236111109375 0.07421875 0.18194444375000002 0.084375 0.17361111093749998 0.08984375 0.165277778125 0.1046875 0.15972222187500001 0.1078125 0.15555555625 0.1203125 0.15555555625 0.14375 0.15972222187500001 0.14765625 0.15555555625 0.1515625 0.15555555625 0.18046875 0.1611111109375 0.1828125 0.18055555625 0.1859375 0.197222221875 0.1828125 0.215277778125 0.1828125 0.22638888906250001 0.1796875 0.22916666718749998 0.16875 0.21805555625 0.16328125 0.21805555625 0.15390625 0.23611111093749998 0.14921875 0.25833333281250004 0.121875 0.272222221875 0.11875 0.28055555625 0.11328125 0.27638888906250003 0.1046875 0.27777777812500004 0.075 0.26805555625 0.06953125
7 0.2513888890625 0.03046875 0.23055555625 0.025 0.20555555625 0.025 0.197222221875 0.03359375 0.20694444375 0.0359375 0.2388888890625 0.0375 0.2513888890625 0.03046875
7 0.2791666671875 0.00625 0.26944444375 0.00078125 0.21944444375 0.00078125 0.21944444375 0.00703125 0.240277778125 0.01171875 0.26805555625 0.0125 0.2791666671875 0.00625
7 0.2125 0.075 0.2388888890625 0.06484375 0.240277778125 0.0359375 0.24444444375000002 0.0296875 0.222222221875 0.025 0.20277777812500003 0.0265625 0.16944444375 0.07109375 0.16805555625 0.07734375 0.17361111093749998 0.08125 0.1916666671875 0.08125 0.20138888906250002 0.07578125 0.2125 0.075
7 0.1263888890625 0.07421875 0.13055555624999998 0.07421875 0.14305555625 0.0609375 0.15972222187500001 0.01953125 0.1458333328125 0.021875 0.13333333281249998 0.03984375 0.12222222187500001 0.0640625 0.1263888890625 0.07421875
7 0.14305555625 0.21484375 0.1513888890625 0.21328125 0.1513888890625 0.20703125 0.11944444375 0.20703125 0.1208333328125 0.21328125 0.140277778125 0.21875 0.14305555625 0.21484375
7 0.09444444375 0.20546875 0.09444444375 0.21171875 0.10833333281249999 0.2078125 0.1166666671875 0.2109375 0.11805555625 0.20703125 0.10555555624999999 0.203125 0.0958333328125 0.203125 0.09444444375 0.20546875
7 0.07638888906249999 0.25078125 0.1583333328125 0.2546875 0.15972222187500001 0.2375 0.15277777812499999 0.23125 0.1375 0.22890625 0.09305555625 0.22890625 0.08055555625000001 0.23359375 0.07638888906249999 0.25078125
7 0.055555556250000006 0.3234375 0.09305555625 0.325 0.1041666671875 0.31953125 0.10694444375 0.31328125 0.11805555625 0.309375 0.1291666671875 0.31171875 0.14305555625 0.2953125 0.147222221875 0.28046875 0.15555555625 0.27421875 0.15555555625 0.26328125 0.072222221875 0.26015625 0.06805555625000001 0.26171875 0.04444444375 0.3171875 0.0458333328125 0.321875 0.055555556250000006 0.3234375