0 0.9828125 0.2791666671875 0.978125 0.33888888906250003 0.98046875 0.34305555625 0.99921875 0.34027777812500004 0.99921875 0.26805555625 0.99375 0.259722221875 0.9875 0.25694444375000003 0.9828125 0.2791666671875
0 0.9125 0.25694444375000003 0.9125 0.2916666671875 0.9390625 0.309722221875 0.9421875 0.3166666671875 0.94296875 0.34027777812500004 0.95703125 0.35555555625 0.9609375 0.3458333328125 0.96328125 0.3166666671875 0.96640625 0.30555555624999997 0.9703125 0.24583333281250003 0.94140625 0.23194444375 0.9296875 0.23194444375 0.9171875 0.24722222187499998 0.9125 0.25694444375000003
2 0.0234375 0.425 0.01875 0.425 0.01328125 0.43194444374999996 0.0140625 0.47222222187499996 0.01796875 0.477777778125 0.025 0.477777778125 0.0328125 0.46805555625000006 0.0296875 0.4458333328125 0.0234375 0.425
1 0.38671875 0.19305555624999998 0.384375 0.1888888890625 0.3828125 0.10555555624999999 0.38046875 0.10138888906250001 0.371875 0.1041666671875 0.371875 0.24829027812499999 0.35625 0.25555555625 0.3671875 0.259722221875 0.36640625 0.2708333328125 0.35625 0.26527777812500003 0.36875 0.275 0.36875 0.2791666671875 0.375 0.28611111093749997 0.3875 0.28055555625 0.4 0.2888888890625 0.4015625 0.28055555625 0.38515625 0.25555555625 0.384375 0.197222221875 0.38671875 0.19305555624999998
1 0.45234375 0.2208333328125 0.45234375 0.17916666718750002 0.4546875 0.172222221875 0.45390625 0.08333333281250001 0.44296875 0.08333333281250001 0.44140625 0.2166666671875 0.43828125 0.22916666718749998 0.4265625 0.22638888906250001 0.42578125 0.23055555625 0.428125 0.23333333281250002 0.4296875 0.22777777812500002 0.43359375 0.22916666718749998 0.43203125 0.240277778125 0.4375 0.24305555625 0.45234375 0.25 0.46875 0.2513888890625 0.46875 0.24305555625 0.45625 0.23611111093749998 0.45234375 0.2208333328125
6 0.91015625 0.44305555625000004 0.9203125 0.44166666718750003 0.94375 0.40138888906250003 0.94375 0.3708333328125 0.93671875 0.3583333328125 0.9390625 0.3166666671875 0.9359375 0.309722221875 0.9109375 0.2916666671875 0.91015625 0.24722222187499998 0.89921875 0.2416666671875 0.89765625 0.20555555625 0.85546875 0.1833333328125 0.83984375 0.184722221875 0.83125 0.19305555624999998 0.82734375 0.20277777812500003 0.82890625 0.2138888890625 0.81875 0.252777778125 0.81328125 0.25833333281250004 0.80859375 0.2708333328125 0.80546875 0.302777778125 0.80546875 0.33888888906250003 0.8109375 0.36666666718749996 0.81875 0.3791666671875 0.83671875 0.384722221875 0.8515625 0.3708333328125 0.8671875 0.36805555624999997 0.8796875 0.35694444375 0.89765625 0.36805555624999997 0.8984375 0.372222221875 0.89375 0.38194444375000003 0.89140625 0.3958333328125 0.89609375 0.425 0.9015625 0.4388888890625 0.91015625 0.44305555625000004
6 0.63203125 0.19583333281249998 0.625 0.184722221875 0.60546875 0.17361111093749998 0.59765625 0.15972222187500001 0.57421875 0.1611111109375 0.5671875 0.1861111109375 0.5671875 0.21944444375 0.5765625 0.24305555625 0.58359375 0.25 0.6 0.259722221875 0.6515625 0.25833333281250004 0.65625 0.2541666671875 0.6546875 0.23055555625 0.6484375 0.2236111109375 0.6375 0.222222221875 0.6328125 0.2166666671875 0.63203125 0.2125 0.63671875 0.20555555625 0.63671875 0.197222221875 0.63203125 0.19583333281249998
7 0.8578125 0.1291666671875 0.85 0.1208333328125 0.83984375 0.12222222187500001 0.83828125 0.14444444375 0.8453125 0.1541666671875 0.884375 0.15 0.8828125 0.14444444375 0.86640625 0.13055555624999998 0.8578125 0.1291666671875
7 0.875 0.1041666671875 0.89375 0.11388888906250001 0.89609375 0.08055555625000001 0.8734375 0.07083333281250001 0.85703125 0.0736111109375 0.85703125 0.08194444375 0.875 0.1041666671875
7 0.9625 0.097222221875 0.9625 0.1263888890625 0.96640625 0.127777778125 0.96953125 0.1111111109375 0.97421875 0.10555555624999999 0.97421875 0.097222221875 0.96640625 0.090277778125 0.9625 0.097222221875
7 0.928125 0.1263888890625 0.93125 0.1208333328125 0.95 0.11944444375 0.95390625 0.1041666671875 0.95234375 0.08333333281250001 0.9390625 0.072222221875 0.92265625 0.072222221875 0.9078125 0.08055555625000001 0.90546875 0.0861111109375 0.90546875 0.11805555625 0.9203125 0.127777778125 0.928125 0.1263888890625
7 0.76484375 0.22638888906250001 0.76953125 0.1875 0.76953125 0.16805555625 0.76640625 0.15555555625 0.76171875 0.15277777812499999 0.74921875 0.1611111109375 0.7375 0.1875 0.7375 0.21944444375 0.74375 0.2236111109375 0.75546875 0.2208333328125 0.76484375 0.22638888906250001
7 0.78125 0.16944444375 0.7796875 0.24305555625 0.78125 0.2541666671875 0.78671875 0.25555555625 0.79296875 0.1916666671875 0.79296875 0.1416666671875 0.784375 0.14305555625 0.78125 0.16944444375
7 0.99296875 0.222222221875 0.98828125 0.23472222187499997 0.9875 0.252777778125 0.99921875 0.25555555625 0.99921875 0.23055555625 0.99296875 0.222222221875
7 0.97421875 0.20555555625 0.96875 0.19583333281249998 0.9296875 0.16944444375 0.9203125 0.16805555625 0.91875 0.172222221875 0.91875 0.1916666671875 0.93046875 0.22777777812500002 0.96796875 0.24305555625 0.971875 0.240277778125 0.97421875 0.20555555625
7 0.92578125 0.1291666671875 0.946875 0.14305555625 0.94921875 0.15 0.95625 0.15555555625 0.96953125 0.1611111109375 0.9796875 0.1583333328125 0.978125 0.147222221875 0.96015625 0.13333333281249998 0.94375 0.125 0.9338539062500001 0.125 0.9328125 0.13333333281249998 0.92890625 0.125 0.9265625 0.1263888890625 0.92578125 0.1291666671875
7 0.79296875 0.10833333281249999 0.7953125 0.097222221875 0.7890625 0.0958333328125 0.7890625 0.102777778125 0.79296875 0.10833333281249999
7 0.75703125 0.1513888890625 0.76640625 0.15 0.76875 0.147222221875 0.7703125 0.13055555624999998 0.76875 0.084722221875 0.75078125 0.072222221875 0.7453125 0.075 0.74453125 0.1513888890625 0.74609375 0.15555555625 0.7546875 0.15555555625 0.75703125 0.1513888890625
7 0.6765625 0.0986111109375 0.690625 0.11388888906250001 0.6921875 0.1291666671875 0.696875 0.13888888906250002 0.7125 0.1541666671875 0.73515625 0.1666666671875 0.7375 0.1041666671875 0.7421875 0.072222221875 0.72265625 0.058333332812500006 0.70078125 0.055555556250000006 0.68203125 0.04444444375 0.67734375 0.047222221875 0.6765625 0.055555556250000006 0.6765625 0.0986111109375
7 0.9109375 0.172222221875 0.8921875 0.1583333328125 0.8671875 0.15277777812499999 0.853125 0.1583333328125 0.81875 0.15694444375 0.81953125 0.18194444375000002 0.825 0.1916666671875 0.834375 0.1888888890625 0.83984375 0.18194444375000002 0.85234375 0.18055555625 0.89453125 0.20277777812500003 0.89921875 0.20833333281250002 0.9 0.2375 0.91171875 0.24444444375000002 0.9125 0.25 0.92734375 0.23055555625 0.915625 0.18055555625 0.91328125 0.18055555625 0.9109375 0.172222221875