2 0.02421875 0.42222222187499997 0.025 0.459722221875 0.0296875 0.46805555625000006 0.0375 0.46805555625000006 0.0390625 0.4625 0.03671875 0.425 0.0328125 0.41805555625 0.02578125 0.41805555625 0.02421875 0.42222222187499997
1 0.3796875 0.2888888890625 0.3859375 0.2833333328125 0.39375 0.290277778125 0.3953125 0.2833333328125 0.38671875 0.26527777812500003 0.38515625 0.23472222187499997 0.38515625 0.15694444375 0.38828125 0.15277777812499999 0.38515625 0.109722221875 0.3796875 0.102777778125 0.37421875 0.102777778125 0.36875 0.1111111109375 0.37265625 0.15694444375 0.37265625 0.2513888890625 0.36875 0.2611111109375 0.359375 0.259722221875 0.3578125 0.2638888890625 0.36875 0.272222221875 0.375 0.28611111093749997 0.3796875 0.2888888890625
1 0.46796875 0.2416666671875 0.45546875 0.23333333281250002 0.453125 0.215277778125 0.45234375 0.2 0.45625 0.16944444375 0.45390625 0.14861111093749999 0.4546875 0.084722221875 0.44296875 0.0861111109375 0.4421875 0.2166666671875 0.43828125 0.22638888906250001 0.43046875 0.22638888906250001 0.4296875 0.23055555625 0.43203125 0.2388888890625 0.43828125 0.24305555625 0.46796875 0.2513888890625 0.46796875 0.2416666671875
6 0.72109375 0.2833333328125 0.72890625 0.2708333328125 0.73671875 0.27777777812500004 0.7609375 0.27638888906250003 0.76328125 0.2708333328125 0.7640625 0.2388888890625 0.76171875 0.2166666671875 0.75703125 0.20833333281250002 0.75546875 0.197222221875 0.73671875 0.190277778125 0.7328125 0.18055555625 0.73203125 0.16388888906250001 0.72734375 0.15555555625 0.69140625 0.15 0.678125 0.16805555625 0.6703125 0.16805555625 0.6640625 0.1763888890625 0.6609375 0.1708333328125 0.65625 0.177777778125 0.65625 0.21805555625 0.66171875 0.2375 0.6640625 0.2416666671875 0.684375 0.2388888890625 0.6984375 0.24722222187499998 0.70234375 0.275 0.70859375 0.2833333328125 0.72109375 0.2833333328125
6 0.6359375 0.2236111109375 0.6328125 0.2166666671875 0.63671875 0.20555555625 0.63671875 0.1916666671875 0.60625 0.17361111093749998 0.59765625 0.15972222187500001 0.57578125 0.1611111109375 0.56875 0.18055555625 0.56640625 0.19583333281249998 0.56875 0.2236111109375 0.5765625 0.240277778125 0.5953125 0.25694444375000003 0.65078125 0.25833333281250004 0.65703125 0.2513888890625 0.65546875 0.23055555625 0.6359375 0.2236111109375
7 0.84453125 0.1513888890625 0.8869140625 0.1541666671875 0.8873909875000001 0.14851421250000002 0.8671875 0.13055555624999998 0.85625 0.1291666671875 0.84921875 0.1208333328125 0.8375 0.1208333328125 0.83671875 0.13333333281249998 0.84453125 0.1513888890625
7 0.8609375 0.072222221875 0.85703125 0.077777778125 0.8578125 0.08333333281250001 0.875 0.102777778125 0.8890625 0.11388888906250001 0.8953125 0.11388888906250001 0.89765625 0.09305555625 0.89609375 0.08055555625000001 0.875 0.072222221875 0.8609375 0.072222221875
7 0.9625 0.1 0.9625 0.11805555625 0.96640625 0.115277778125 0.96796875 0.10694444375 0.9671875 0.097222221875 0.9625 0.0861111109375 0.95703125 0.09305555625 0.95390625 0.08333333281250001 0.9390625 0.072222221875 0.9234375 0.072222221875 0.90703125 0.084722221875 0.90625 0.11944444375 0.91953125 0.127777778125 0.93046875 0.1208333328125 0.9484375 0.1208333328125 0.95234375 0.1166666671875 0.9546875 0.1 0.96015625 0.09305555625 0.9625 0.1
7 0.878125 0.25833333281250004 0.88125 0.275 0.8859375 0.28055555625 0.89296875 0.28055555625 0.89609375 0.27638888906250003 0.92265625 0.2791666671875 0.93046875 0.26805555625 0.93046875 0.23333333281250002 0.92578125 0.2236111109375 0.91640625 0.1833333328125 0.90390625 0.16805555625 0.8796875 0.15555555625 0.85625 0.15555555625 0.85234375 0.15972222187500001 0.84921875 0.15555555625 0.8203125 0.15555555625 0.81640625 0.16805555625 0.815625 0.19305555624999998 0.81875 0.222222221875 0.825 0.22916666718749998 0.834375 0.22777777812500002 0.8375 0.21805555625 0.846875 0.21805555625 0.85078125 0.23611111093749998 0.878125 0.25833333281250004
7 0.99453125 0.28055555625 0.99921875 0.27638888906250003 0.99921875 0.21944444375 0.99296875 0.21805555625 0.98828125 0.23611111093749998 0.9875 0.2708333328125 0.99453125 0.28055555625
7 0.975 0.22777777812500002 0.9734375 0.20277777812500003 0.928125 0.16944444375 0.921875 0.16805555625 0.91875 0.17361111093749998 0.91796875 0.1875 0.92421875 0.20277777812500003 0.9265625 0.21944444375 0.93515625 0.2388888890625 0.96015625 0.2388888890625 0.96875 0.24722222187499998 0.971875 0.24305555625 0.975 0.22777777812500002
7 0.9359375 0.12222222187500001 0.92578125 0.12361111093749999 0.92578125 0.13055555624999998 0.93828125 0.1416666671875 0.95546875 0.1458333328125 0.96484375 0.1541666671875 0.98046875 0.15972222187500001 0.9796875 0.147222221875 0.9765625 0.14305555625 0.9359375 0.12222222187500001
7 0.78515625 0.13194444375 0.78046875 0.1375 0.7859375 0.1513888890625 0.78984375 0.15277777812499999 0.79296875 0.14861111093749999 0.79296875 0.12222222187500001 0.7859375 0.12222222187500001 0.78515625 0.13194444375
7 0.7921875 0.109722221875 0.7890625 0.1166666671875 0.79296875 0.1166666671875 0.79765625 0.097222221875 0.7890625 0.09305555625 0.78828125 0.10138888906250001 0.7921875 0.109722221875
7 0.7453125 0.1583333328125 0.7625 0.15972222187500001 0.76875 0.1541666671875 0.7703125 0.1416666671875 0.7703125 0.090277778125 0.765625 0.08055555625000001 0.74921875 0.07638888906249999 0.7453125 0.1583333328125
7 0.73671875 0.15555555625 0.7390625 0.06944444375 0.72421875 0.059722221875 0.6828125 0.04444444375 0.678125 0.0458333328125 0.6765625 0.055555556250000006 0.675 0.09305555625 0.68046875 0.1041666671875 0.6875 0.109722221875 0.690625 0.1291666671875 0.70625 0.14305555625 0.71953125 0.147222221875 0.7265625 0.15555555625 0.73671875 0.15555555625
4 0.95390625 0.9513888890625 0.94375 0.9263888890624999 0.940625 0.8986111109375001 0.93125 0.8986111109375001 0.91640625 0.9166666671874999 0.91015625 0.91944444375 0.8953125 0.9486111109375001 0.90390625 0.972222221875 0.8953125 0.9833333328125 0.8921875 0.997222221875 0.95078125 0.997222221875 0.95234375 0.9930555562500001 0.95234375 0.98055555625 0.95 0.9763888890624999 0.95390625 0.9513888890625