2 0.04296875 0.4458333328125 0.03828125 0.440277778125 0.03671875 0.425 0.0328125 0.41805555625 0.025 0.41944444374999995 0.0234375 0.4375 0.0265625 0.46666666718750005 0.03359375 0.46944444374999994 0.04296875 0.46388888906250003 0.04296875 0.4458333328125
1 0.375 0.102777778125 0.371875 0.10555555624999999 0.3703125 0.1166666671875 0.37265625 0.1513888890625 0.37265625 0.252777778125 0.36875 0.259722221875 0.359375 0.2611111109375 0.359375 0.26527777812500003 0.3671875 0.2708333328125 0.375 0.28611111093749997 0.3859375 0.2833333328125 0.39453125 0.290277778125 0.3953125 0.2833333328125 0.38671875 0.25833333281250004 0.38515625 0.22916666718749998 0.38671875 0.109722221875 0.375 0.102777778125
1 0.45625 0.15555555625 0.45390625 0.14861111093749999 0.4546875 0.0861111109375 0.45 0.08333333281250001 0.44375 0.0861111109375 0.44296875 0.090277778125 0.4421875 0.2166666671875 0.4375 0.22777777812500002 0.43125 0.22638888906250001 0.4296875 0.23055555625 0.434375 0.240277778125 0.45546875 0.25 0.4609375 0.2513888890625 0.4609375 0.2388888890625 0.46640625 0.240277778125 0.46796875 0.2513888890625 0.46875 0.24444444375000002 0.45234375 0.20416666718749998 0.45625 0.172222221875 0.45625 0.15555555625
6 0.76015625 0.222222221875 0.7625 0.215277778125 0.75 0.1916666671875 0.73671875 0.190277778125 0.7328125 0.17916666718750002 0.73046875 0.1583333328125 0.6921875 0.15 0.68046875 0.16388888906250001 0.66953125 0.1666666671875 0.66640625 0.1763888890625 0.6609375 0.17361111093749998 0.65625 0.18055555625 0.65546875 0.2125 0.6625 0.240277778125 0.6859375 0.2416666671875 0.696875 0.24722222187499998 0.7 0.252777778125 0.70234375 0.272222221875 0.7078125 0.28194444375 0.71953125 0.28472222187499996 0.7296875 0.272222221875 0.73984375 0.2791666671875 0.75703125 0.2791666671875 0.76328125 0.275 0.7640625 0.2388888890625 0.76015625 0.222222221875
6 0.5984375 0.15972222187500001 0.575 0.1611111109375 0.56875 0.18055555625 0.56640625 0.197222221875 0.5671875 0.21805555625 0.57734375 0.24305555625 0.60546875 0.259722221875 0.65 0.25833333281250004 0.65703125 0.2513888890625 0.6546875 0.22916666718749998 0.6359375 0.222222221875 0.6328125 0.215277778125 0.6375 0.20277777812500003 0.63671875 0.190277778125 0.62109375 0.184722221875 0.60625 0.17361111093749998 0.5984375 0.15972222187500001
7 0.8671875 0.13055555624999998 0.85 0.1208333328125 0.83984375 0.12222222187500001 0.83828125 0.134722221875 0.84453125 0.1513888890625 0.8921875 0.1541666671875 0.88984375 0.147222221875 0.88046875 0.1458333328125 0.8671875 0.13055555624999998
7 0.97109375 0.0958333328125 0.9625 0.090277778125 0.96171875 0.11805555625 0.965625 0.11805555625 0.97265625 0.10138888906250001 0.97109375 0.0958333328125
7 0.90625 0.11944444375 0.9140625 0.1263888890625 0.92734375 0.1291666671875 0.93046875 0.12222222187500001 0.9390625 0.125 0.94921875 0.1208333328125 0.95390625 0.11388888906250001 0.95625 0.097222221875 0.9546875 0.0861111109375 0.946875 0.077777778125 0.9375 0.072222221875 0.9234375 0.072222221875 0.90703125 0.08333333281250001 0.90625 0.11944444375
7 0.89765625 0.09305555625 0.89609375 0.08055555625000001 0.86953125 0.07083333281250001 0.86328125 0.07083333281250001 0.8578125 0.07638888906249999 0.85703125 0.08055555625000001 0.86484375 0.0916666671875 0.88984375 0.11388888906250001 0.89453125 0.11388888906250001 0.89765625 0.09305555625
7 0.92265625 0.2791666671875 0.93046875 0.26805555625 0.93046875 0.23194444375 0.9265625 0.22638888906250001 0.915625 0.18055555625 0.909375 0.172222221875 0.88515625 0.15555555625 0.85703125 0.15555555625 0.85078125 0.1763888890625 0.84921875 0.16805555625 0.8453125 0.16805555625 0.84296875 0.15972222187500001 0.83828125 0.15555555625 0.8203125 0.15555555625 0.81640625 0.16805555625 0.8140625 0.1916666671875 0.81796875 0.20138888906250002 0.81796875 0.2166666671875 0.82421875 0.22916666718749998 0.83125 0.23055555625 0.8375 0.21805555625 0.84609375 0.21805555625 0.84921875 0.222222221875 0.85078125 0.23611111093749998 0.878125 0.25833333281250004 0.88125 0.275 0.88671875 0.28055555625 0.89609375 0.27638888906250003 0.92265625 0.2791666671875
7 0.99296875 0.2708333328125 0.99921875 0.2708333328125 0.99921875 0.2208333328125 0.99296875 0.21805555625 0.9890625 0.23194444375 0.98828125 0.26527777812500003 0.99296875 0.2708333328125
7 0.91875 0.175 0.91875 0.190277778125 0.9234375 0.197222221875 0.925 0.20972222187499998 0.93046875 0.222222221875 0.93046875 0.23055555625 0.93515625 0.2388888890625 0.959375 0.240277778125 0.96875 0.24722222187499998 0.97265625 0.24305555625 0.975 0.20416666718749998 0.9703125 0.197222221875 0.925 0.16805555625 0.9203125 0.16944444375 0.91875 0.175
7 0.9515625 0.15 0.97578125 0.1611111109375 0.98046875 0.15972222187500001 0.97890625 0.1458333328125 0.95546875 0.13055555624999998 0.93515625 0.12222222187500001 0.9265625 0.1263888890625 0.925 0.1291666671875 0.9328125 0.1375 0.9484375 0.14444444375 0.9515625 0.15
7 0.78515625 0.1291666671875 0.77890625 0.1375 0.784375 0.14305555625 0.7859375 0.1541666671875 0.79296875 0.1541666671875 0.796875 0.13055555624999998 0.7953125 0.11805555625 0.7984375 0.0958333328125 0.7875 0.09444444375 0.7890625 0.1041666671875 0.7859375 0.109722221875 0.78515625 0.1291666671875
7 0.75 0.0736111109375 0.7453125 0.15972222187500001 0.76328125 0.15972222187500001 0.76875 0.15555555625 0.77109375 0.1375 0.77109375 0.09444444375 0.7671875 0.08194444375 0.75 0.0736111109375
7 0.68046875 0.1041666671875 0.6859375 0.10694444375 0.6890625 0.1166666671875 0.6890625 0.1291666671875 0.72578125 0.15555555625 0.734375 0.1583333328125 0.73671875 0.1541666671875 0.7390625 0.06944444375 0.6828125 0.04444444375 0.67890625 0.0458333328125 0.6765625 0.055555556250000006 0.675 0.09305555625 0.68046875 0.1041666671875