2 0.5305555562500001 0.03046875 0.5319444437499999 0.03671875 0.5722222218749999 0.0375 0.58194444375 0.0328125 0.58055555625 0.025 0.5375 0.025 0.5305555562500001 0.03046875
1 0.8847222218749999 0.3703125 0.8 0.3734375 0.7458333328125 0.37265625 0.7388888890625 0.36875 0.7402777781250001 0.36015625 0.734722221875 0.359375 0.7138888890625 0.37578125 0.7180555562500001 0.3859375 0.709722221875 0.39453125 0.715277778125 0.39609375 0.7375 0.38671875 0.8861111109375001 0.3859375 0.89305555625 0.384375 0.897222221875 0.375 0.8847222218749999 0.3703125
1 0.8611111109375 0.45390625 0.915277778125 0.4546875 0.9125 0.44296875 0.7833333328125 0.4421875 0.772222221875 0.43828125 0.7736111109375 0.43125 0.76944444375 0.4296875 0.7611111109375 0.43203125 0.75 0.45546875 0.7486111109375 0.4609375 0.7611111109375 0.4609375 0.7597222218749999 0.46640625 0.7486111109375 0.46796875 0.75555555625 0.46875 0.7923611109375 0.45234375 0.8291666671875 0.45625 0.8611111109375 0.45390625
6 0.7597222218749999 0.7640625 0.7805555562500001 0.7609375 0.784722221875 0.7640625 0.7861111109375 0.7609375 0.8027777781250001 0.75546875 0.8083333328125001 0.75078125 0.809722221875 0.73671875 0.8208333328125 0.7328125 0.8416666671874999 0.73046875 0.85 0.7046875 0.85 0.69140625 0.8333333328125001 0.68046875 0.83194444375 0.66875 0.8222222218749999 0.66484375 0.83055555625 0.6609375 0.8263888890625 0.66171875 0.8208333328125 0.65625 0.7833333328125 0.65546875 0.7736111109375 0.65625 0.7625 0.6609375 0.7569444437499999 0.66640625 0.7583333328124999 0.6859375 0.752777778125 0.69765625 0.727777778125 0.70234375 0.7180555562500001 0.7078125 0.715277778125 0.7203125 0.727777778125 0.7296875 0.7208333328125 0.73828125 0.722222221875 0.759375 0.727777778125 0.76328125 0.7597222218749999 0.7640625
6 0.8236111109375001 0.609375 0.840277778125 0.5984375 0.8388888890624999 0.57578125 0.8194444437499999 0.56875 0.8027777781250001 0.56640625 0.7819444437499999 0.5671875 0.7569444437499999 0.57890625 0.7541666671875 0.58671875 0.7416666671875001 0.5984375 0.7402777781250001 0.60625 0.7416666671875001 0.64765625 0.7458333328125 0.65625 0.7708333328125 0.6546875 0.7763888890625 0.63671875 0.7805555562500001 0.634375 0.7958333328125 0.6375 0.8111111109375001 0.63515625 0.8236111109375001 0.609375
7 0.8486111109375001 0.84453125 0.847222221875 0.87578125 0.85555555625 0.88046875 0.847222221875 0.8828125 0.847222221875 0.8921875 0.852777778125 0.88984375 0.8583333328125 0.87578125 0.86944444375 0.86640625 0.872222221875 0.85625 0.8791666671874999 0.84921875 0.877777778125 0.84375 0.8652777781250001 0.8390625 0.8486111109375001 0.84453125
7 0.9 0.9734375 0.9111111109375001 0.9625 0.8819444437499999 0.96171875 0.8819444437499999 0.965625 0.89444444375 0.9734375 0.9 0.9734375
7 0.88055555625 0.9515625 0.897222221875 0.95390625 0.9041666671874999 0.9578125 0.9166666671874999 0.953125 0.9277777781250001 0.93828125 0.9277777781250001 0.9234375 0.9166666671874999 0.90703125 0.88055555625 0.90625 0.8708333328125001 0.92265625 0.875 0.94375 0.88055555625 0.9515625
7 0.9291666671875 0.8703125 0.9291666671875 0.8625 0.922222221875 0.85703125 0.91944444375 0.85625 0.897222221875 0.875 0.8861111109375001 0.8890625 0.8861111109375001 0.89453125 0.91944444375 0.89765625 0.9291666671875 0.8703125
7 0.7208333328125 0.921875 0.73194444375 0.93046875 0.7666666671875 0.93046875 0.7763888890625 0.92578125 0.81805555625 0.915625 0.827777778125 0.909375 0.8444444437499999 0.88515625 0.8444444437499999 0.85703125 0.840277778125 0.85390625 0.8444444437499999 0.84375 0.8444444437499999 0.81875 0.80694444375 0.8140625 0.797222221875 0.81796875 0.7805555562500001 0.81875 0.772222221875 0.8234375 0.76944444375 0.83125 0.7819444437499999 0.8375 0.7819444437499999 0.8453125 0.777777778125 0.8484375 0.7638888890625 0.85078125 0.7416666671875001 0.878125 0.725 0.88125 0.7194444437499999 0.88671875 0.7236111109375 0.89765625 0.7208333328125 0.921875
7 0.709722221875 0.22109375 0.7138888890625 0.22734375 0.7194444437499999 0.24453125 0.7194444437499999 0.25546875 0.7138888890625 0.2625 0.7194444437499999 0.2671875 0.73194444375 0.2703125 0.76944444375 0.26875 0.79305555625 0.25234375 0.827777778125 0.23515625 0.834722221875 0.2140625 0.8263888890625 0.1890625 0.8111111109375001 0.18125 0.809722221875 0.17421875 0.8055555562500001 0.17265625 0.8083333328125001 0.1703125 0.7986111109375 0.175 0.7486111109375 0.17265625 0.73194444375 0.1765625 0.734722221875 0.19140625 0.7291666671875 0.19921875 0.7166666671875 0.2046875 0.7 0.2078125 0.6958333328124999 0.2125 0.6972222218749999 0.2171875 0.709722221875 0.22109375
7 0.727777778125 0.99296875 0.73055555625 0.99921875 0.777777778125 0.99921875 0.7819444437499999 0.99296875 0.7638888890625 0.98828125 0.73194444375 0.9890625 0.727777778125 0.99296875
7 0.809722221875 0.91875 0.8 0.92421875 0.7888888890625 0.92578125 0.7833333328125 0.9296875 0.76944444375 0.93046875 0.7611111109375 0.93515625 0.7597222218749999 0.96015625 0.75 0.96953125 0.7736111109375 0.975 0.7986111109375 0.9734375 0.83055555625 0.92890625 0.83194444375 0.92265625 0.8263888890625 0.91875 0.809722221875 0.91875
7 0.85555555625 0.978125 0.875 0.94375 0.8736111109375001 0.92734375 0.8708333328125001 0.92578125 0.8625 0.93359375 0.8541666671874999 0.9484375 0.8486111109375001 0.9515625 0.8388888890624999 0.98046875 0.85555555625 0.978125
7 0.8847222218749999 0.79609375 0.902777778125 0.7984375 0.9055555562500001 0.78828125 0.897222221875 0.7890625 0.8847222218749999 0.79609375
7 0.9041666671874999 0.7875 0.8875 0.79296875 0.8861111109375001 0.7859375 0.8708333328125001 0.78515625 0.8625 0.7796875 0.85694444375 0.784375 0.847222221875 0.7859375 0.8458333328125001 0.78984375 0.847222221875 0.79296875 0.8583333328125 0.7953125 0.88055555625 0.79296875 0.8861111109375001 0.796875 0.902777778125 0.7984375 0.9069444437499999 0.7921875 0.9041666671874999 0.7875
7 0.9236111109375 0.74921875 0.840277778125 0.7453125 0.8416666671874999 0.76640625 0.8444444437499999 0.76875 0.8652777781250001 0.77109375 0.9069444437499999 0.77109375 0.91944444375 0.765625 0.9236111109375 0.74921875
7 0.9305555562500001 0.84296875 0.9416666671874999 0.84296875 0.95 0.8375 0.9333333328125001 0.83671875 0.9305555562500001 0.84296875
7 0.9541666671875 0.67890625 0.9444444437499999 0.6765625 0.9069444437499999 0.675 0.8986111109375001 0.67734375 0.89444444375 0.68359375 0.88055555625 0.690625 0.86944444375 0.6890625 0.85555555625 0.70703125 0.852777778125 0.71953125 0.8444444437499999 0.72578125 0.8444444437499999 0.73671875 0.9305555562500001 0.7390625 0.9416666671874999 0.7234375 0.9458333328125 0.7 0.95555555625 0.68203125 0.9541666671875 0.67890625