2 0.98671875 0.56805555625 0.9859375 0.527777778125 0.98125 0.522222221875 0.975 0.522222221875 0.9671875 0.5319444437499999 0.9703125 0.5541666671875001 0.97734375 0.575 0.98671875 0.56805555625
1 0.54453125 0.765277778125 0.54765625 0.7805555562500001 0.54765625 0.8194444437499999 0.5453125 0.827777778125 0.54609375 0.9166666671874999 0.55546875 0.91944444375 0.5578125 0.9138888890624999 0.55859375 0.7833333328125 0.56171875 0.7708333328125 0.5734375 0.7736111109375 0.57421875 0.76944444375 0.571875 0.7666666671875 0.5703125 0.772222221875 0.565625 0.7708333328125 0.56796875 0.7597222218749999 0.5625 0.7569444437499999 0.54296875 0.7486111109375 0.53125 0.7486111109375 0.53046875 0.7541666671875 0.5328125 0.7583333328124999 0.54453125 0.765277778125
1 0.6171875 0.89444444375 0.6203125 0.9 0.6296875 0.89444444375 0.628125 0.7458333328125 0.64296875 0.7458333328125 0.63828125 0.7402777781250001 0.64375 0.734722221875 0.63359375 0.7291666671875 0.63125 0.7208333328125 0.625 0.7138888890625 0.61171875 0.7194444437499999 0.59921875 0.7111111109375 0.5984375 0.7194444437499999 0.6109375 0.73194444375 0.61484375 0.7430555562500001 0.6140625 0.8083333328125001 0.6171875 0.89444444375
6 0.38046875 0.8194444437499999 0.37734375 0.8263888890625 0.3796875 0.8458333328125001 0.38515625 0.8388888890624999 0.38671875 0.8513888890624999 0.38046875 0.8583333328125 0.38125 0.8652777781250001 0.38828125 0.8625 0.384375 0.827777778125 0.39453125 0.8263888890625 0.40078125 0.840277778125 0.4234375 0.840277778125 0.4296875 0.83194444375 0.4328125 0.8138888890624999 0.43359375 0.784722221875 0.43046875 0.7736111109375 0.4234375 0.7583333328124999 0.40546875 0.7430555562500001 0.3484375 0.7416666671875001 0.34296875 0.75 0.34453125 0.76805555625 0.35234375 0.7763888890625 0.365625 0.7805555562500001 0.3671875 0.7875 0.36328125 0.79444444375 0.36328125 0.8027777781250001 0.36796875 0.8027777781250001 0.38046875 0.8194444437499999
6 0.21796875 0.7236111109375 0.2125 0.734722221875 0.21171875 0.765277778125 0.21796875 0.7763888890625 0.2203125 0.7708333328125 0.22109375 0.7263888890625 0.21796875 0.7236111109375
6 0.25703125 0.722222221875 0.25 0.734722221875 0.24921875 0.7569444437499999 0.2359375 0.7569444437499999 0.23359375 0.7666666671875 0.23125 0.8194444437499999 0.2390625 0.83194444375 0.24296875 0.8819444437499999 0.25 0.89444444375 0.27109375 0.9041666671874999 0.29375 0.902777778125 0.2984375 0.89305555625 0.3015625 0.8583333328125 0.31171875 0.8444444437499999 0.31640625 0.83055555625 0.3125 0.8222222218749999 0.31171875 0.7763888890625 0.30546875 0.7611111109375 0.29296875 0.7583333328124999 0.28828125 0.7611111109375 0.284375 0.7805555562500001 0.27734375 0.7819444437499999 0.27109375 0.76805555625 0.26875 0.7333333328125 0.2625 0.7236111109375 0.25703125 0.722222221875
7 0.109375 0.8416666671874999 0.13828125 0.8458333328125001 0.14375 0.8444444437499999 0.146875 0.8333333328125001 0.15078125 0.840277778125 0.1625 0.8430555562500001 0.1625 0.83055555625 0.16796875 0.81805555625 0.17265625 0.8263888890625 0.1796875 0.83055555625 0.1796875 0.8194444437499999 0.16484375 0.7958333328125 0.15078125 0.7833333328125 0.15 0.765277778125 0.121875 0.7416666671875001 0.11875 0.725 0.11171875 0.7194444437499999 0.09375 0.7236111109375 0.0890625 0.7333333328125 0.0859375 0.7513888890625 0.0734375 0.76944444375 0.08359375 0.8166666671874999 0.0890625 0.8263888890625 0.109375 0.8416666671874999
7 0.00078125 0.6611111109375 0.00078125 0.73194444375 0.0046875 0.7388888890625 0.01328125 0.7388888890625 0.01953125 0.6944444437499999 0.02109375 0.6611111109375 0.00078125 0.6611111109375
7 0.0578125 0.66944444375 0.05 0.6486111109375 0.0421875 0.6458333328125 0.0328125 0.6972222218749999 0.03046875 0.7541666671875 0.05703125 0.76805555625 0.06953125 0.76805555625 0.07421875 0.765277778125 0.0875 0.7388888890625 0.0921875 0.702777778125 0.07578125 0.672222221875 0.0578125 0.66944444375
7 0.00546875 0.7805555562500001 0.01015625 0.7763888890625 0.01171875 0.7458333328125 0.00078125 0.74444444375 0.00078125 0.772222221875 0.00546875 0.7805555562500001
7 0.05390625 0.76944444375 0.03203125 0.7569444437499999 0.028125 0.7597222218749999 0.02578125 0.79444444375 0.03046875 0.8027777781250001 0.07109375 0.83055555625 0.08046875 0.83055555625 0.08125 0.8125 0.07109375 0.7916666671875 0.06953125 0.772222221875 0.05390625 0.76944444375
7 0.021875 0.840277778125 0.02109375 0.85 0.0390625 0.8666666671875 0.0625 0.877777778125 0.0734375 0.875 0.075 0.8708333328125001 0.05234375 0.85694444375 0.04375 0.8444444437499999 0.0296875 0.8388888890624999 0.021875 0.840277778125
7 0.15625 0.784722221875 0.15234375 0.784722221875 0.14609375 0.8416666671874999 0.15703125 0.847222221875 0.18203125 0.8430555562500001 0.18125 0.8166666671874999 0.15625 0.784722221875
7 0.15078125 0.8444444437499999 0.140625 0.8486111109375001 0.1203125 0.847222221875 0.1171875 0.8541666671874999 0.12734375 0.8652777781250001 0.14375 0.872222221875 0.14921875 0.8791666671874999 0.16015625 0.8791666671874999 0.16171875 0.875 0.16328125 0.8666666671875 0.1609375 0.852777778125 0.15078125 0.8444444437499999
7 0.14296875 0.9263888890624999 0.14296875 0.91805555625 0.12421875 0.8958333328125001 0.1109375 0.8861111109375001 0.1046875 0.8888888890625 0.103125 0.91944444375 0.128125 0.9291666671875 0.14296875 0.9263888890624999