2 0.0234375 0.425 0.01875 0.425 0.01328125 0.43194444374999996 0.0140625 0.47222222187499996 0.01875 0.477777778125 0.025 0.477777778125 0.0328125 0.46666666718750005 0.0296875 0.4458333328125 0.0234375 0.425
1 0.3828125 0.10555555624999999 0.3796875 0.1 0.3703125 0.10555555624999999 0.371875 0.2483138890625 0.35625 0.25555555625 0.36015625 0.25555555625 0.3631990140625 0.269078946875 0.36640625 0.2708333328125 0.36875 0.2791666671875 0.375 0.28611111093749997 0.3875 0.28055555625 0.40078125 0.2888888890625 0.4015625 0.28055555625 0.3875 0.26527777812500003 0.38515625 0.25555555625 0.3828125 0.1986111109375 0.38515625 0.15 0.3828125 0.1375 0.3828125 0.10555555624999999
1 0.45234375 0.21944444375 0.4546875 0.0861111109375 0.453125 0.08055555625000001 0.44453125 0.08055555625000001 0.4421875 0.0861111109375 0.44140625 0.2166666671875 0.43828125 0.22916666718749998 0.4265625 0.22638888906250001 0.42578125 0.23055555625 0.428125 0.23333333281250002 0.43046875 0.22777777812500002 0.434375 0.22916666718749998 0.43203125 0.240277778125 0.4375 0.24305555625 0.45234375 0.25 0.46875 0.2513888890625 0.46796875 0.2416666671875 0.45546875 0.23472222187499997 0.45234375 0.21944444375
6 0.63671875 0.197222221875 0.63203125 0.197222221875 0.6265625 0.1875 0.61953125 0.184722221875 0.61015625 0.17361111093749998 0.60546875 0.17361111093749998 0.59921875 0.1611111109375 0.5765625 0.15972222187500001 0.56953125 0.1708333328125 0.56640625 0.215277778125 0.56875 0.22777777812500002 0.5734375 0.23055555625 0.57734375 0.24305555625 0.603125 0.259722221875 0.6515625 0.25833333281250004 0.65625 0.252777778125 0.6546875 0.23055555625 0.6484375 0.2236111109375 0.6375 0.222222221875 0.6328125 0.2166666671875 0.6328125 0.20972222187499998 0.63671875 0.20555555625 0.63671875 0.197222221875
6 0.77890625 0.2736111109375 0.78203125 0.27638888906250003 0.7875 0.2638888890625 0.78828125 0.23611111093749998 0.78125 0.2236111109375 0.77890625 0.22777777812500002 0.77890625 0.2736111109375
6 0.74296875 0.27777777812500004 0.75 0.2666666671875 0.75078125 0.24305555625 0.76484375 0.2388888890625 0.76875 0.18194444375000002 0.77109375 0.1763888890625 0.77421875 0.18055555625 0.7828125 0.18055555625 0.78203125 0.15555555625 0.771875 0.15555555625 0.7625 0.140277778125 0.76015625 0.11805555625 0.75 0.10555555624999999 0.72734375 0.0958333328125 0.70703125 0.097222221875 0.70234375 0.10555555624999999 0.7 0.13888888906250002 0.68828125 0.15555555625 0.68359375 0.16944444375 0.6875 0.17916666718750002 0.68828125 0.225 0.69453125 0.2388888890625 0.70703125 0.2416666671875 0.71171875 0.2388888890625 0.715625 0.21944444375 0.72265625 0.21805555625 0.72890625 0.23333333281250002 0.73125 0.2666666671875 0.7375 0.27638888906250003 0.74296875 0.27777777812500004
7 0.9109375 0.17361111093749998 0.89296875 0.15972222187500001 0.86171875 0.1541666671875 0.853125 0.15972222187500001 0.84296875 0.15555555625 0.83203125 0.15972222187500001 0.8203125 0.1583333328125 0.81953125 0.1625 0.8203125 0.1833333328125 0.8296875 0.19305555624999998 0.83359375 0.20416666718749998 0.8484375 0.215277778125 0.85 0.23472222187499997 0.85390625 0.240277778125 0.878125 0.25833333281250004 0.88125 0.275 0.8859375 0.2791666671875 0.90625 0.27638888906250003 0.9140625 0.2486111109375 0.9265625 0.23055555625 0.915625 0.18194444375000002 0.9109375 0.17361111093749998
7 0.98046875 0.30555555624999997 0.97890625 0.34027777812500004 0.99921875 0.33888888906250003 0.99921875 0.26805555625 0.9953125 0.2611111109375 0.98671875 0.2611111109375 0.9828125 0.27638888906250003 0.98046875 0.30555555624999997
7 0.9125 0.2611111109375 0.9078125 0.29722222187499997 0.915625 0.30694444375 0.9234375 0.3263888890625 0.94296875 0.33055555625 0.946875 0.334722221875 0.95078125 0.3513888890625 0.95703125 0.35555555625 0.96015625 0.34861111093749997 0.9671875 0.3013888890625 0.96953125 0.24583333281250003 0.94296875 0.23194444375 0.93046875 0.23194444375 0.9203125 0.24305555625 0.9125 0.2611111109375
7 0.99375 0.2208333328125 0.98984375 0.22638888906250001 0.98828125 0.2541666671875 0.99921875 0.25555555625 0.99921875 0.22638888906250001 0.99375 0.2208333328125
7 0.9484375 0.23194444375 0.96796875 0.24305555625 0.971875 0.240277778125 0.97421875 0.20555555625 0.96953125 0.197222221875 0.92890625 0.16944444375 0.91953125 0.16944444375 0.91875 0.1888888890625 0.92890625 0.2125 0.93046875 0.22777777812500002 0.9484375 0.23194444375
7 0.978125 0.15972222187500001 0.978125 0.147222221875 0.9609375 0.13333333281249998 0.93671875 0.12222222187500001 0.9265625 0.125 0.925 0.1291666671875 0.94765625 0.14305555625 0.95703125 0.15555555625 0.96953125 0.1611111109375 0.978125 0.15972222187500001
7 0.81796875 0.15694444375 0.81875 0.1861111109375 0.82890625 0.19305555624999998 0.84375 0.215277778125 0.8484375 0.2138888890625 0.85390625 0.15972222187500001 0.84375 0.1541666671875 0.81796875 0.15694444375
7 0.859375 0.1513888890625 0.88125 0.1513888890625 0.8796875 0.14305555625 0.8671875 0.13055555624999998 0.85625 0.127777778125 0.85078125 0.1208333328125 0.8390625 0.12222222187500001 0.83671875 0.1361111109375 0.84140625 0.1513888890625 0.84921875 0.15555555625 0.859375 0.1513888890625
7 0.896875 0.08055555625000001 0.87890625 0.072222221875 0.859375 0.072222221875 0.85625 0.08055555625000001 0.8640625 0.090277778125 0.87578125 0.1041666671875 0.89375 0.11388888906250001 0.89765625 0.09305555625 0.896875 0.08055555625000001
4 0.55390625 0.16805555625 0.55546875 0.15694444375 0.56015625 0.1583333328125 0.56328125 0.1666666671875 0.5609375 0.15972222187500001 0.5640625 0.15555555625 0.5625 0.102777778125 0.55546875 0.0916666671875 0.55 0.10555555624999999 0.5515625 0.134722221875 0.5484375 0.1666666671875 0.55390625 0.16805555625