2 0.4486111109375 0.96953125 0.4263888890625 0.97578125 0.427777778125 0.984375 0.43333333281249997 0.9875 0.46805555625000006 0.98671875 0.4763888890625 0.98359375 0.477777778125 0.975 0.46666666718750005 0.9671875 0.4486111109375 0.96953125
1 0.1916666671875 0.61328125 0.1888888890625 0.615625 0.10555555624999999 0.6171875 0.10138888906250001 0.61953125 0.10138888906250001 0.6265625 0.10555555624999999 0.6296875 0.24837916718750003 0.628125 0.2541666671875 0.64296875 0.259722221875 0.63828125 0.26805555625 0.63828125 0.26527777812500003 0.64375 0.2708333328125 0.63359375 0.2791666671875 0.63125 0.28611111093749997 0.625 0.28055555625 0.6125 0.2888888890625 0.59921875 0.28055555625 0.5984375 0.25555555625 0.61484375 0.197222221875 0.615625 0.1916666671875 0.61328125
1 0.165277778125 0.54453125 0.13888888906250002 0.54609375 0.090277778125 0.54375 0.08055555625000001 0.55 0.0861111109375 0.5578125 0.215277778125 0.55859375 0.22777777812500002 0.56171875 0.22638888906250001 0.57265625 0.23055555625 0.57265625 0.2388888890625 0.56875 0.24305555625 0.5625 0.2513888890625 0.54296875 0.2513888890625 0.53125 0.24583333281250003 0.53046875 0.2416666671875 0.5328125 0.23472222187499997 0.54453125 0.2166666671875 0.5484375 0.18194444375000002 0.54765625 0.165277778125 0.54453125
7 0.33888888906250003 0.00078125 0.26805555625 0.00078125 0.2611111109375 0.0046875 0.259722221875 0.01328125 0.2958333328125 0.01875 0.3416666671875 0.02109375 0.33888888906250003 0.00078125
7 0.29444444375 0.09296875 0.322222221875 0.0796875 0.32777777812500003 0.075 0.33055555625 0.0578125 0.3416666671875 0.05546875 0.3541666671875 0.04765625 0.3541666671875 0.040625 0.30416666718749996 0.0328125 0.24583333281250003 0.03046875 0.23194444375 0.0578125 0.23194444375 0.06953125 0.24305555625 0.0796875 0.2625 0.0875 0.29444444375 0.09296875
7 0.18194444375000002 0.084375 0.17361111093749998 0.0890625 0.15972222187500001 0.10703125 0.1541666671875 0.13125 0.15555555625 0.14453125 0.15972222187500001 0.146875 0.15555555625 0.1578125 0.15694444375 0.18125 0.1833333328125 0.18046875 0.19305555624999998 0.17109375 0.20416666718749998 0.16640625 0.215277778125 0.15234375 0.23472222187499997 0.15 0.2416666671875 0.1453125 0.25833333281250004 0.121875 0.275 0.11875 0.2791666671875 0.11484375 0.27638888906250003 0.09296875 0.24722222187499998 0.0859375 0.240277778125 0.078125 0.23055555625 0.0734375 0.18194444375000002 0.084375
7 0.127777778125 0.0796875 0.11944444375 0.05078125 0.102777778125 0.04609375 0.08333333281250001 0.04765625 0.072222221875 0.06171875 0.072222221875 0.078125 0.08194444375 0.09375 0.09444444375 0.0984375 0.10138888906250001 0.09375 0.11805555625 0.09453125 0.127777778125 0.0796875
7 0.222222221875 0.0078125 0.23055555625 0.0109375 0.2541666671875 0.01171875 0.25555555625 0.00078125 0.22777777812500002 0.00078125 0.222222221875 0.0078125
7 0.1833333328125 0.00625 0.17916666718750002 0.00546875 0.17361111093749998 0.00625 0.1833333328125 0.00625
7 0.23611111093749998 0.04140625 0.24305555625 0.03203125 0.240277778125 0.028125 0.20555555625 0.02578125 0.197222221875 0.03046875 0.16805555625 0.07421875 0.16944444375 0.08046875 0.1888888890625 0.08125 0.215277778125 0.0703125 0.22777777812500002 0.06953125 0.23611111093749998 0.04140625
7 0.16388888906250001 0.02109375 0.1458333328125 0.021875 0.1263888890625 0.05234375 0.125 0.06614609375 0.13333333281249998 0.0671875 0.125 0.07109375 0.1263888890625 0.0734375 0.1291666671875 0.075 0.14305555625 0.053125 0.15555555625 0.04296875 0.16388888906250001 0.02109375
7 0.1763888890625 0.1828125 0.19444444375 0.1875 0.25555555625 0.18984375 0.25555555625 0.184375 0.26944444375 0.18046875 0.2708333328125 0.1625 0.27638888906250003 0.15859375 0.26527777812500003 0.15234375 0.23472222187499997 0.1515625 0.2236111109375 0.1578125 0.2236111109375 0.1625 0.21805555625 0.1640625 0.215277778125 0.16875 0.1986111109375 0.1703125 0.190277778125 0.1796875 0.1763888890625 0.1828125
7 0.22916666718749998 0.23359375 0.197222221875 0.23125 0.1888888890625 0.2234375 0.1583333328125 0.23125 0.15277777812499999 0.23828125 0.16388888906250001 0.25390625 0.1833333328125 0.2625 0.2166666671875 0.26328125 0.22638888906250001 0.25625 0.222222221875 0.24296875 0.22916666718749998 0.23359375
7 0.2541666671875 0.21953125 0.25694444375000003 0.2140625 0.23611111093749998 0.209375 0.1611111109375 0.20546875 0.147222221875 0.20546875 0.140277778125 0.209375 0.13888888906250002 0.2140625 0.1458333328125 0.2171875 0.184722221875 0.2203125 0.20833333281250002 0.21875 0.24305555625 0.22109375 0.2541666671875 0.21953125
7 0.1671875 0.26015625 0.0015625 0.003125
7 0.15555555625 0.2453125 0.1513888890625 0.24296875 0.15 0.23125 0.115277778125 0.22890625 0.08333333281250001 0.23203125 0.072222221875 0.24921875 0.07638888906249999 0.2546875 0.0861111109375 0.25234375 0.102777778125 0.2546875 0.1541666671875 0.2546875 0.15555555625 0.2453125
7 0.055555556250000006 0.2984375 0.04444444375 0.3171875 0.047222221875 0.32265625 0.055555556250000006 0.3234375 0.1 0.3234375 0.1111111109375 0.309375 0.13194444375 0.30625 0.14305555625 0.3 0.15555555625 0.2859375 0.1666666671875 0.26796875 0.1625 0.26484375 0.1666666671875 0.26328125 0.15694444375 0.26484375 0.140277778125 0.2625 0.102777778125 0.2625 0.072222221875 0.25859375 0.059722221875 0.275 0.055555556250000006 0.2984375
7 0.1513888890625 0.1421875 0.15 0.11796875 0.14305555625 0.11953125 0.13055555624999998 0.13359375 0.127777778125 0.14375 0.1208333328125 0.14921875 0.12222222187500001 0.1609375 0.13333333281249998 0.16328125 0.1513888890625 0.16015625 0.15555555625 0.146875 0.1513888890625 0.1421875
7 0.1 0.12890625 0.11388888906250001 0.10625 0.08055555625000001 0.10390625 0.07083333281250001 0.12734375 0.0736111109375 0.14296875 0.08055555625000001 0.14375 0.1 0.12890625
4 0.09305555625 0.54375 0.1513888890625 0.54453125 0.15277777812499999 0.534375 0.125 0.5359375 0.1111111109375 0.5328125 0.0861111109375 0.53359375 0.084722221875 0.53828125 0.09305555625 0.54375
4 0.12361111093749999 0.94921875 0.1111111109375 0.9484375 0.10694444375 0.95078125 0.109722221875 0.95625 0.125 0.9578125 0.13333333281249998 0.96171875 0.14305555625 0.96171875 0.15 0.9578125 0.1625 0.95625 0.165277778125 0.9453125 0.15555555625 0.93359375 0.165277778125 0.93125 0.165277778125 0.928125 0.1458333328125 0.92109375 0.14305555625 0.92578125 0.127777778125 0.93125 0.134722221875 0.94375 0.12361111093749999 0.94921875
4 0.10694444375 0.47890625 0.15 0.4796875 0.1583333328125 0.47890625 0.1583333328125 0.475 0.11944444375 0.46953125 0.11388888906250001 0.47265625 0.097222221875 0.475 0.10694444375 0.47890625