2 0.015625 0.427777778125 0.0125 0.43333333281249997 0.01328125 0.46805555625000006 0.01640625 0.4763888890625 0.025 0.477777778125 0.0328125 0.46666666718750005 0.03046875 0.4486111109375 0.02421875 0.4263888890625 0.015625 0.427777778125
1 0.375 0.28611111093749997 0.3875 0.28055555625 0.40078125 0.2888888890625 0.4015625 0.28055555625 0.38515625 0.25555555625 0.384375 0.197222221875 0.38671875 0.1916666671875 0.384375 0.1888888890625 0.3828125 0.10555555624999999 0.38046875 0.10138888906250001 0.3734375 0.10138888906250001 0.3703125 0.10555555624999999 0.371875 0.24837916718750003 0.35703125 0.2541666671875 0.36171875 0.259722221875 0.36171875 0.26805555625 0.35625 0.26527777812500003 0.36640625 0.2708333328125 0.36875 0.2791666671875 0.375 0.28611111093749997
1 0.46875 0.2513888890625 0.46953125 0.24583333281250003 0.4671875 0.2416666671875 0.45546875 0.23472222187499997 0.4515625 0.2166666671875 0.45234375 0.18194444375000002 0.45546875 0.165277778125 0.45390625 0.13888888906250002 0.45625 0.090277778125 0.45 0.08055555625000001 0.4421875 0.0861111109375 0.44140625 0.215277778125 0.43828125 0.22777777812500002 0.42734375 0.22638888906250001 0.42734375 0.23055555625 0.43125 0.2388888890625 0.4375 0.24305555625 0.45703125 0.2513888890625 0.46875 0.2513888890625
7 0.99921875 0.33888888906250003 0.99921875 0.26805555625 0.9953125 0.2611111109375 0.98671875 0.259722221875 0.98125 0.2958333328125 0.97890625 0.3416666671875 0.99921875 0.33888888906250003
7 0.9671875 0.30416666718749996 0.96953125 0.24583333281250003 0.9421875 0.23194444375 0.93046875 0.23194444375 0.9203125 0.24305555625 0.9125 0.2625 0.90703125 0.29444444375 0.9203125 0.322222221875 0.925 0.32777777812500003 0.9421875 0.33055555625 0.94453125 0.3416666671875 0.95234375 0.3541666671875 0.959375 0.3541666671875 0.9671875 0.30416666718749996
7 0.88125 0.275 0.88515625 0.2791666671875 0.90703125 0.27638888906250003 0.9140625 0.24722222187499998 0.921875 0.240277778125 0.9265625 0.23055555625 0.915625 0.18194444375000002 0.9109375 0.17361111093749998 0.89296875 0.15972222187500001 0.86875 0.1541666671875 0.85546875 0.15555555625 0.853125 0.15972222187500001 0.8421875 0.15555555625 0.81875 0.15694444375 0.81953125 0.1833333328125 0.82890625 0.19305555624999998 0.83359375 0.20416666718749998 0.84765625 0.215277778125 0.85 0.23472222187499997 0.8546875 0.2416666671875 0.878125 0.25833333281250004 0.88125 0.275
7 0.93828125 0.072222221875 0.921875 0.072222221875 0.90625 0.08194444375 0.9015625 0.09444444375 0.90625 0.10138888906250001 0.90546875 0.11805555625 0.9203125 0.127777778125 0.94921875 0.11944444375 0.95390625 0.102777778125 0.95234375 0.08333333281250001 0.93828125 0.072222221875
7 0.99921875 0.22777777812500002 0.9921875 0.222222221875 0.9890625 0.23055555625 0.98828125 0.2541666671875 0.99921875 0.25555555625 0.99921875 0.22777777812500002
7 0.99375 0.1833333328125 0.99453125 0.17916666718750002 0.99375 0.17361111093749998 0.99375 0.1833333328125
7 0.96953125 0.197222221875 0.92578125 0.16805555625 0.91953125 0.16944444375 0.91875 0.1888888890625 0.9296875 0.215277778125 0.93046875 0.22777777812500002 0.95859375 0.23611111093749998 0.96796875 0.24305555625 0.971875 0.240277778125 0.97421875 0.20555555625 0.96953125 0.197222221875
7 0.9328125 0.13333333281249998 0.92890625 0.125 0.9265625 0.1263888890625 0.925 0.1291666671875 0.946875 0.14305555625 0.95703125 0.15555555625 0.97890625 0.16388888906250001 0.978125 0.1458333328125 0.94765625 0.1263888890625 0.9338539062500001 0.125 0.9328125 0.13333333281249998
7 0.8421875 0.2236111109375 0.8375 0.2236111109375 0.8359375 0.21805555625 0.83125 0.215277778125 0.8296875 0.1986111109375 0.8203125 0.190277778125 0.8171875 0.1763888890625 0.8125 0.19444444375 0.81015625 0.25555555625 0.815625 0.25555555625 0.81953125 0.26944444375 0.8375 0.2708333328125 0.84140625 0.27638888906250003 0.84765625 0.26527777812500003 0.8484375 0.23472222187499997 0.8421875 0.2236111109375
7 0.76171875 0.15277777812499999 0.74609375 0.16388888906250001 0.7375 0.1833333328125 0.73671875 0.2166666671875 0.74375 0.22638888906250001 0.75703125 0.222222221875 0.76640625 0.22916666718749998 0.76875 0.197222221875 0.7765625 0.1888888890625 0.76875 0.1583333328125 0.76171875 0.15277777812499999
7 0.790625 0.140277778125 0.7859375 0.13888888906250002 0.7828125 0.1458333328125 0.7796875 0.184722221875 0.78125 0.20833333281250002 0.77890625 0.24305555625 0.78046875 0.2541666671875 0.7859375 0.25694444375000003 0.790625 0.23611111093749998 0.79453125 0.1611111109375 0.79453125 0.147222221875 0.790625 0.140277778125
7 0.73984375 0.1671875 0.003125 0.0015625
7 0.76796875 0.08333333281250001 0.75078125 0.072222221875 0.7453125 0.07638888906249999 0.74765625 0.0861111109375 0.7453125 0.102777778125 0.7453125 0.1541666671875 0.7546875 0.15555555625 0.75703125 0.1513888890625 0.76875 0.15 0.77109375 0.115277778125 0.76796875 0.08333333281250001
7 0.73671875 0.1666666671875 0.73515625 0.15694444375 0.7375 0.140277778125 0.7375 0.102777778125 0.74140625 0.072222221875 0.725 0.059722221875 0.7015625 0.055555556250000006 0.6828125 0.04444444375 0.67734375 0.047222221875 0.6765625 0.055555556250000006 0.6765625 0.1 0.690625 0.1111111109375 0.69375 0.13194444375 0.7 0.14305555625 0.7140625 0.15555555625 0.73203125 0.1666666671875 0.73515625 0.1625 0.73671875 0.1666666671875
7 0.85625 0.127777778125 0.85078125 0.1208333328125 0.8390625 0.12222222187500001 0.83671875 0.13333333281249998 0.83984375 0.1513888890625 0.853125 0.15555555625 0.8578125 0.1513888890625 0.88203125 0.15 0.88046875 0.14305555625 0.86640625 0.13055555624999998 0.85625 0.127777778125
7 0.87109375 0.1 0.89375 0.11388888906250001 0.89609375 0.08055555625000001 0.87265625 0.07083333281250001 0.85703125 0.0736111109375 0.85625 0.08055555625000001 0.87109375 0.1
4 0.45546875 0.1513888890625 0.465625 0.15277777812499999 0.4640625 0.125 0.4671875 0.1111111109375 0.46640625 0.0861111109375 0.46171875 0.084722221875 0.45625 0.09305555625 0.45546875 0.1513888890625
4 0.06875 0.165277778125 0.071875 0.165277778125 0.07890625 0.1458333328125 0.07421875 0.14305555625 0.06875 0.127777778125 0.05625 0.134722221875 0.05078125 0.12361111093749999 0.0515625 0.1111111109375 0.04921875 0.10694444375 0.04375 0.109722221875 0.0421875 0.125 0.03828125 0.13333333281249998 0.03828125 0.14305555625 0.0421875 0.15 0.04375 0.1625 0.0546875 0.165277778125 0.06640625 0.15555555625 0.06875 0.165277778125
4 0.5203125 0.15 0.52109375 0.1583333328125 0.525 0.1583333328125 0.53046875 0.11944444375 0.52734375 0.11388888906250001 0.525 0.097222221875 0.52109375 0.10694444375 0.5203125 0.15