2 0.577777778125 0.02421875 0.5416666671875 0.025 0.5319444437499999 0.03046875 0.5319444437499999 0.03671875 0.5375 0.0390625 0.5791666671875 0.0359375 0.58194444375 0.02578125 0.577777778125 0.02421875
1 0.890277778125 0.38515625 0.897222221875 0.3796875 0.897222221875 0.375 0.89444444375 0.3703125 0.8847222218749999 0.36875 0.8430555562500001 0.37265625 0.75 0.37265625 0.7416666671875001 0.3703125 0.7402777781250001 0.359375 0.734722221875 0.359375 0.7291666671875 0.3671875 0.7111111109375 0.37734375 0.7166666671875 0.38671875 0.709722221875 0.39375 0.7166666671875 0.3953125 0.7375 0.38671875 0.8375 0.38515625 0.847222221875 0.38828125 0.890277778125 0.38515625
1 0.83055555625 0.45625 0.85694444375 0.45390625 0.915277778125 0.4546875 0.91805555625 0.4515625 0.9138888890624999 0.44296875 0.7833333328125 0.4421875 0.7736111109375 0.43671875 0.7736111109375 0.43046875 0.76944444375 0.4296875 0.7611111109375 0.4328125 0.75 0.4546875 0.7486111109375 0.46015625 0.7611111109375 0.46171875 0.7597222218749999 0.46640625 0.7486111109375 0.4671875 0.7583333328124999 0.46796875 0.7736111109375 0.45390625 0.8194444437499999 0.45390625 0.83055555625 0.45625
6 0.8125 0.73515625 0.8416666671874999 0.73046875 0.852777778125 0.6953125 0.8486111109375001 0.68828125 0.834722221875 0.6796875 0.8361111109375001 0.67421875 0.827777778125 0.65703125 0.7819444437499999 0.65625 0.7583333328124999 0.6640625 0.7611111109375 0.6828125 0.752777778125 0.6984375 0.7236111109375 0.70234375 0.715277778125 0.7109375 0.7166666671875 0.72109375 0.727777778125 0.72890625 0.722222221875 0.73671875 0.725 0.7625 0.7638888890625 0.7640625 0.784722221875 0.76171875 0.8041666671875 0.7546875 0.8125 0.73515625
6 0.8083333328125001 0.63359375 0.8263888890625 0.60546875 0.840277778125 0.5984375 0.8388888890624999 0.57578125 0.8194444437499999 0.56875 0.797222221875 0.56640625 0.7708333328125 0.56953125 0.76944444375 0.57265625 0.7583333328124999 0.5765625 0.7541666671875 0.58671875 0.7402777781250001 0.5984375 0.7402777781250001 0.64765625 0.7416666671875001 0.65390625 0.7486111109375 0.65703125 0.76944444375 0.65546875 0.777777778125 0.63671875 0.784722221875 0.6328125 0.7986111109375 0.63671875 0.8083333328125001 0.63359375
7 0.86944444375 0.83984375 0.8638888890624999 0.8390625 0.8486111109375001 0.84453125 0.8458333328125001 0.89296875 0.852777778125 0.89140625 0.877777778125 0.8515625 0.877777778125 0.84375 0.86944444375 0.83984375
7 0.8819444437499999 0.9625 0.89444444375 0.9703125 0.9055555562500001 0.96875 0.9138888890624999 0.9625 0.8819444437499999 0.9625
7 0.875 0.9125 0.872222221875 0.9234375 0.877777778125 0.92734375 0.877777778125 0.9484375 0.8833333328125 0.95234375 0.897222221875 0.9546875 0.9166666671874999 0.9546875 0.91944444375 0.95234375 0.9277777781250001 0.93828125 0.9277777781250001 0.9234375 0.915277778125 0.90703125 0.88055555625 0.90625 0.875 0.9125
7 0.9291666671875 0.86953125 0.9277777781250001 0.8609375 0.922222221875 0.85703125 0.91944444375 0.85625 0.897222221875 0.875 0.8861111109375001 0.88984375 0.8861111109375001 0.8953125 0.91944444375 0.896875 0.9291666671875 0.86953125
7 0.7333333328125 0.93046875 0.76805555625 0.93046875 0.7763888890625 0.92578125 0.8194444437499999 0.915625 0.8263888890625 0.9109375 0.8444444437499999 0.87890625 0.8444444437499999 0.85625 0.8388888890624999 0.85234375 0.8444444437499999 0.840625 0.8444444437499999 0.81953125 0.8375 0.8171875 0.80694444375 0.815625 0.7736111109375 0.8203125 0.7708333328125 0.83125 0.7736111109375 0.83515625 0.7819444437499999 0.8375 0.7819444437499999 0.846875 0.7638888890625 0.85078125 0.74444444375 0.87109375 0.7416666671875001 0.87890625 0.7236111109375 0.88203125 0.7194444437499999 0.88671875 0.7236111109375 0.89609375 0.722222221875 0.925 0.7333333328125 0.93046875
7 0.7638888890625 0.98828125 0.73194444375 0.9875 0.7236111109375 0.98984375 0.7208333328125 0.9953125 0.727777778125 0.99921875 0.7805555562500001 0.99921875 0.7819444437499999 0.9921875 0.7638888890625 0.98828125
7 0.83194444375 0.92265625 0.8263888890625 0.91875 0.8111111109375001 0.91796875 0.8 0.9234375 0.7861111109375 0.925 0.7638888890625 0.9328125 0.7597222218749999 0.93671875 0.7638888890625 0.94921875 0.7597222218749999 0.95625 0.7638888890625 0.959375 0.7541666671875 0.96875 0.7569444437499999 0.971875 0.79444444375 0.975 0.8027777781250001 0.96953125 0.83055555625 0.928125 0.83194444375 0.92265625
7 0.859722221875 0.9734375 0.877777778125 0.93203125 0.8736111109375001 0.92578125 0.86944444375 0.925 0.85694444375 0.93671875 0.85555555625 0.953125 0.8388888890624999 0.98046875 0.85555555625 0.978125 0.859722221875 0.9734375
7 0.8680555562500001 0.78515625 0.8611111109375 0.78046875 0.847222221875 0.78984375 0.8486111109375001 0.79296875 0.8583333328125 0.79375 0.8916666671875 0.7921875 0.89444444375 0.796875 0.9041666671874999 0.796875 0.9055555562500001 0.78828125 0.8833333328125 0.790625 0.8791666671874999 0.7859375 0.8680555562500001 0.78515625
7 0.9236111109375 0.74921875 0.8416666671874999 0.7453125 0.840277778125 0.76171875 0.847222221875 0.76875 0.8625 0.77109375 0.909722221875 0.77109375 0.91805555625 0.76875 0.9236111109375 0.74921875
7 0.9513888890625 0.6765625 0.9069444437499999 0.675 0.8986111109375001 0.67734375 0.89444444375 0.68515625 0.8819444437499999 0.690625 0.872222221875 0.6890625 0.859722221875 0.7015625 0.852777778125 0.71953125 0.8416666671874999 0.73203125 0.8430555562500001 0.7359375 0.9305555562500001 0.73828125 0.940277778125 0.72421875 0.952777778125 0.690625 0.95555555625 0.67890625 0.9513888890625 0.6765625
4 0.69305555625 0.15390625 0.6777777781250001 0.1546875 0.66805555625 0.15 0.6236111109375 0.15 0.6180555562500001 0.15625 0.565277778125 0.16328125 0.5708333328124999 0.17109375 0.5625 0.17421875 0.5611111109375 0.17890625 0.5944444437499999 0.1796875 0.6291666671875 0.1765625 0.6319444437499999 0.18125 0.6513888890625 0.18125 0.672222221875 0.17265625 0.6833333328125 0.16171875 0.6944444437499999 0.1609375 0.69305555625 0.15390625
4 0.8416666671874999 0.09453125 0.8513888890624999 0.09453125 0.8541666671874999 0.0921875 0.8444444437499999 0.08984375 0.8416666671874999 0.09453125
4 0.9486111109375001 0.08671875 0.9458333328125 0.08046875 0.9361111109375001 0.08046875 0.9263888890624999 0.075 0.8833333328125 0.075 0.847222221875 0.07734375 0.8458333328125001 0.0796875 0.8541666671874999 0.084375 0.8583333328125 0.09296875 0.8680555562500001 0.09375 0.8916666671875 0.0875 0.9 0.09140625 0.8986111109375001 0.09453125 0.902777778125 0.096875 0.925 0.08828125 0.9486111109375001 0.08671875