1 0.43828125 0.24305555625 0.4515625 0.25 0.46875 0.2513888890625 0.46875 0.24305555625 0.45703125 0.23472222187499997 0.45390625 0.222222221875 0.45625 0.16805555625 0.45390625 0.140277778125 0.4546875 0.09305555625 0.45 0.08055555625000001 0.44453125 0.08333333281250001 0.4421875 0.09305555625 0.4421875 0.1541666671875 0.43984375 0.1611111109375 0.4421875 0.1833333328125 0.44140625 0.215277778125 0.43828125 0.22638888906250001 0.42890625 0.22638888906250001 0.42890625 0.23055555625 0.43828125 0.24305555625
1 0.39453125 0.2888888890625 0.39375 0.27638888906250003 0.3875 0.2638888890625 0.3859375 0.2541666671875 0.38984375 0.1541666671875 0.384375 0.127777778125 0.384375 0.10555555624999999 0.3734375 0.10555555624999999 0.3703125 0.1208333328125 0.371875 0.2541666671875 0.36875 0.259722221875 0.3578125 0.259722221875 0.3578125 0.26527777812500003 0.36796875 0.272222221875 0.37578125 0.28611111093749997 0.3859375 0.2833333328125 0.39453125 0.2888888890625
6 0.7078125 0.2833333328125 0.7203125 0.2833333328125 0.7296875 0.26944444375 0.7375 0.27777777812500004 0.7625 0.275 0.7640625 0.24305555625 0.76171875 0.21805555625 0.75390625 0.197222221875 0.7359375 0.1875 0.73125 0.1611111109375 0.72734375 0.15555555625 0.69140625 0.15 0.68046875 0.16388888906250001 0.6609375 0.16805555625 0.65625 0.17361111093749998 0.65546875 0.18055555625 0.65390625 0.20833333281250002 0.6609375 0.2375 0.66796875 0.24305555625 0.684375 0.2388888890625 0.69765625 0.24722222187499998 0.70078125 0.25694444375000003 0.7015625 0.2736111109375 0.7078125 0.2833333328125
6 0.63671875 0.222222221875 0.6328125 0.215277778125 0.6328125 0.20555555625 0.628125 0.1888888890625 0.61171875 0.18055555625 0.5984375 0.1611111109375 0.575 0.1611111109375 0.56953125 0.17361111093749998 0.5671875 0.190277778125 0.56875 0.22777777812500002 0.5765625 0.24305555625 0.59453125 0.25694444375000003 0.6109375 0.259722221875 0.65546875 0.25555555625 0.65703125 0.24583333281250003 0.6546875 0.22916666718749998 0.63671875 0.222222221875
7 0.83671875 0.13055555624999998 0.84375 0.15 0.88984375 0.15277777812499999 0.8859375 0.14444444375 0.8671875 0.13055555624999998 0.85078125 0.12222222187500001 0.8375 0.1208333328125 0.83671875 0.13055555624999998
7 0.9625 0.08333333281250001 0.96171875 0.11805555625 0.9640625 0.11805555625 0.97265625 0.102777778125 0.9625 0.08333333281250001
7 0.946875 0.077777778125 0.93828125 0.072222221875 0.92421875 0.072222221875 0.909375 0.08055555625000001 0.90625 0.0861111109375 0.90703125 0.1208333328125 0.925 0.1291666671875 0.93125 0.12222222187500001 0.946875 0.12222222187500001 0.95078125 0.115277778125 0.95390625 0.0861111109375 0.946875 0.077777778125
7 0.8640625 0.090277778125 0.8890625 0.11388888906250001 0.8953125 0.11388888906250001 0.896875 0.08055555625000001 0.8625 0.07083333281250001 0.8578125 0.08055555625000001 0.8640625 0.090277778125
7 0.8859375 0.28055555625 0.8921875 0.28055555625 0.89765625 0.275 0.92265625 0.27777777812500004 0.9296875 0.26805555625 0.93046875 0.23472222187499997 0.91875 0.1986111109375 0.91640625 0.1833333328125 0.9046875 0.16805555625 0.88046875 0.15555555625 0.85078125 0.1583333328125 0.83359375 0.15277777812499999 0.81875 0.15555555625 0.815625 0.1708333328125 0.8140625 0.1875 0.8203125 0.22638888906250001 0.83125 0.22777777812500002 0.83984375 0.2125 0.8484375 0.2166666671875 0.85078125 0.23611111093749998 0.878125 0.25833333281250004 0.8859375 0.28055555625
7 0.9703125 0.25 0.97421875 0.23055555625 0.975 0.20416666718749998 0.96875 0.20138888906250002 0.9640625 0.2138888890625 0.9625 0.2388888890625 0.9703125 0.25
7 0.1921875 0.19583333281249998 0.20546875 0.1708333328125 0.20390625 0.1458333328125 0.19296875 0.1375 0.171875 0.1111111109375 0.1515625 0.10833333281249999 0.1390625 0.11944444375 0.1375 0.13333333281249998 0.13515625 0.127777778125 0.13203125 0.1291666671875 0.1359375 0.1375 0.1421875 0.13055555624999998 0.14453125 0.15 0.14296875 0.1611111109375 0.1296875 0.16805555625 0.1328125 0.2 0.16875 0.1888888890625 0.1921875 0.19583333281249998
7 0.3 0.18055555625 0.30234375 0.1916666671875 0.30625 0.19444444375 0.325 0.19305555624999998 0.33046875 0.16805555625 0.33359375 0.16388888906250001 0.35390625 0.16805555625 0.3625 0.1611111109375 0.3640625 0.15555555625 0.36875 0.15972222187500001 0.36953125 0.10694444375 0.37578125 0.10138888906250001 0.38359375 0.1 0.38671875 0.1041666671875 0.3890625 0.11944444375 0.3953125 0.13333333281249998 0.39375 0.1541666671875 0.3984375 0.1611111109375 0.4015625 0.177777778125 0.40625 0.18194444375000002 0.42109375 0.1833333328125 0.42890625 0.177777778125 0.4390625 0.1541666671875 0.44140625 0.1208333328125 0.45546875 0.1208333328125 0.4578125 0.18055555625 0.46640625 0.17361111093749998 0.4765625 0.140277778125 0.4765625 0.05 0.47265625 0.026388889062499997 0.46640625 0.0083333328125 0.43125 0.00555555625 0.39375 0.0208333328125 0.38984375 0.026388889062499997 0.3890625 0.034722221875 0.3890625 0.0791666671875 0.3828125 0.0888888890625 0.3796875 0.0791666671875 0.378125 0.0375 0.3640625 0.04444444375 0.35546875 0.055555556250000006 0.34140625 0.052777778124999994 0.33359375 0.058333332812500006 0.328125 0.04305555625 0.29296875 0.047222221875 0.28125 0.055555556250000006 0.27890625 0.072222221875 0.275 0.07638888906249999 0.275 0.165277778125 0.28046875 0.16944444375 0.28203125 0.17916666718750002 0.28828125 0.17361111093749998 0.2953125 0.17361111093749998 0.3 0.18055555625
7 0.99375 0.27638888906250003 0.99921875 0.26805555625 0.99921875 0.22777777812500002 0.99375 0.21805555625 0.9890625 0.23194444375 0.9875 0.2708333328125 0.99375 0.27638888906250003
7 0.97421875 0.2236111109375 0.9734375 0.20277777812500003 0.92890625 0.16944444375 0.91953125 0.1708333328125 0.91953125 0.1916666671875 0.92265625 0.19583333281249998 0.925 0.2125 0.9328125 0.23611111093749998 0.94296875 0.240277778125 0.95859375 0.22916666718749998 0.96953125 0.24722222187499998 0.97421875 0.2236111109375
7 0.96171875 0.13333333281249998 0.93515625 0.12222222187500001 0.92734375 0.125 0.92578125 0.13055555624999998 0.93203125 0.13333333281249998 0.93828125 0.14305555625 0.953125 0.1458333328125 0.96484375 0.15555555625 0.98046875 0.15972222187500001 0.97734375 0.14444444375 0.96171875 0.13333333281249998
7 0.784375 0.14305555625 0.7859375 0.1513888890625 0.78984375 0.15277777812499999 0.7921875 0.1513888890625 0.79375 0.1416666671875 0.7921875 0.11388888906250001 0.796875 0.10555555624999999 0.79765625 0.097222221875 0.78984375 0.09305555625 0.7875 0.0958333328125 0.7921875 0.109722221875 0.790625 0.11805555625 0.78828125 0.115277778125 0.7859375 0.11944444375 0.78515625 0.13194444375 0.78125 0.134722221875 0.78125 0.140277778125 0.784375 0.14305555625
7 0.77109375 0.090277778125 0.76640625 0.08055555625000001 0.75234375 0.075 0.74921875 0.07638888906249999 0.7484375 0.0861111109375 0.7484375 0.11388888906250001 0.74453125 0.1541666671875 0.74765625 0.15972222187500001 0.76171875 0.15972222187500001 0.76796875 0.15277777812499999 0.7703125 0.140277778125 0.76875 0.13055555624999998 0.77109375 0.090277778125
7 0.7375 0.1541666671875 0.7390625 0.06944444375 0.72265625 0.058333332812500006 0.6953125 0.0513888890625 0.6921875 0.047222221875 0.67890625 0.0458333328125 0.6765625 0.055555556250000006 0.6765625 0.0986111109375 0.6859375 0.10555555624999999 0.69375 0.1291666671875 0.7078125 0.14305555625 0.71875 0.1458333328125 0.7265625 0.15555555625 0.734375 0.1583333328125 0.7375 0.1541666671875