0 1 0.006944443749999999 0.9828125 0.0111111109375 0.96875 0.022222221875 0.95859375 0.0208333328125 0.95 0.006944443749999999 0.93984375 0.002777778125 0.90859375 0.009722221875000001 0.9015625 0.025 0.89765625 0.0513888890625 0.88046875 0.06944444375 0.875 0.0791666671875 0.86953125 0.10138888906250001 0.8703125 0.16805555625 0.875 0.1888888890625 0.8765625 0.2166666671875 0.88046875 0.225 0.8828125 0.24305555625 0.903125 0.28194444375 0.9125 0.2888888890625 0.95 0.290277778125 0.9796875 0.28472222187499996 0.98984375 0.290277778125 0.99609375 0.3013888890625 0.996875 0.29722222187499997 1 0.29996805625 1 0.006944443749999999
1 0.6109375 0.8611111109375 0.61484375 0.8708333328125001 0.61640625 0.8958333328125001 0.6234375 0.897222221875 0.6296875 0.8888888890625 0.628125 0.7458333328125 0.63203125 0.7402777781250001 0.6421875 0.7402777781250001 0.6421875 0.734722221875 0.628125 0.7236111109375 0.625 0.715277778125 0.61328125 0.7166666671875 0.60546875 0.7111111109375 0.60625 0.7236111109375 0.61328125 0.7416666671875001 0.6140625 0.7597222218749999 0.61328125 0.790277778125 0.61015625 0.8055555562500001 0.6109375 0.8611111109375
1 0.54375 0.83055555625 0.54609375 0.9138888890624999 0.55234375 0.91944444375 0.55546875 0.91805555625 0.5578125 0.909722221875 0.5578125 0.8458333328125001 0.56015625 0.840277778125 0.55859375 0.7833333328125 0.56171875 0.7763888890625 0.56953125 0.7763888890625 0.57109375 0.76944444375 0.56796875 0.7611111109375 0.5625 0.7569444437499999 0.54375 0.7486111109375 0.53125 0.7486111109375 0.53203125 0.7569444437499999 0.54609375 0.7708333328125 0.54609375 0.81805555625 0.54375 0.83055555625
6 0.23828125 0.7833333328125 0.2421875 0.7875 0.24609375 0.8027777781250001 0.26328125 0.809722221875 0.2671875 0.8208333328125 0.26875 0.8388888890624999 0.27265625 0.8444444437499999 0.309375 0.85 0.3203125 0.834722221875 0.33203125 0.8361111109375001 0.34296875 0.8291666671875 0.3453125 0.8138888890624999 0.34609375 0.7875 0.34296875 0.76944444375 0.33671875 0.7583333328124999 0.315625 0.7611111109375 0.30234375 0.752777778125 0.29921875 0.7430555562500001 0.2984375 0.7263888890625 0.2921875 0.7166666671875 0.28203125 0.715277778125 0.2703125 0.7291666671875 0.26328125 0.722222221875 0.2375 0.725 0.2359375 0.7583333328124999 0.23828125 0.7833333328125
6 0.40078125 0.8388888890624999 0.4234375 0.840277778125 0.43125 0.8208333328125 0.43359375 0.8055555562500001 0.43125 0.772222221875 0.4265625 0.76805555625 0.42421875 0.7597222218749999 0.40546875 0.7430555562500001 0.346875 0.7416666671875001 0.34296875 0.7486111109375 0.3453125 0.76944444375 0.36328125 0.777777778125 0.3671875 0.784722221875 0.3671875 0.79444444375 0.371875 0.8111111109375001 0.390625 0.8222222218749999 0.40078125 0.8388888890624999
7 0.11015625 0.8486111109375001 0.1328125 0.86944444375 0.1421875 0.8708333328125001 0.15 0.877777778125 0.1578125 0.8763888890624999 0.16015625 0.8611111109375 0.1546875 0.8486111109375001 0.11875 0.8458333328125001 0.11796875 0.85555555625 0.11015625 0.8486111109375001
7 0.028125 0.902777778125 0.0375 0.9166666671874999 0.0375 0.88055555625 0.03359375 0.8819444437499999 0.028125 0.89444444375 0.028125 0.902777778125
7 0.06875 0.877777778125 0.05234375 0.877777778125 0.04609375 0.902777778125 0.04765625 0.91805555625 0.06171875 0.9277777781250001 0.07578125 0.9277777781250001 0.09296875 0.9166666671874999 0.09375 0.88055555625 0.08046875 0.872222221875 0.075 0.8708333328125001 0.06875 0.877777778125
7 0.14296875 0.922222221875 0.14375 0.91944444375 0.125 0.897222221875 0.1109375 0.8861111109375001 0.1046875 0.8861111109375001 0.10234375 0.91944444375 0.13359375 0.9291666671875 0.14296875 0.922222221875
7 0.10625 0.7194444437499999 0.10390625 0.7236111109375 0.075 0.722222221875 0.06953125 0.7333333328125 0.06953125 0.7666666671875 0.07421875 0.7763888890625 0.084375 0.8194444437499999 0.0890625 0.8263888890625 0.10703125 0.840277778125 0.11875 0.8444444437499999 0.14375 0.8444444437499999 0.146875 0.840277778125 0.159375 0.8458333328125001 0.18125 0.8430555562500001 0.1859375 0.8111111109375001 0.1828125 0.8027777781250001 0.18203125 0.7805555562500001 0.17734375 0.7736111109375 0.16875 0.772222221875 0.1625 0.784722221875 0.1546875 0.784722221875 0.15078125 0.7805555562500001 0.14921875 0.7638888890625 0.13125 0.7458333328125 0.121875 0.7416666671875001 0.11875 0.725 0.1140625 0.7194444437499999 0.10625 0.7194444437499999
7 0.8703125 0.8430555562500001 0.86953125 0.7986111109375 0.8671875 0.79444444375 0.83046875 0.8083333328125001 0.80703125 0.8041666671875 0.79453125 0.8291666671875 0.79609375 0.8541666671874999 0.828125 0.8888888890625 0.85 0.8916666671875 0.8609375 0.8819444437499999 0.8703125 0.8638888890624999 0.87265625 0.847222221875 0.8703125 0.8430555562500001
7 0.61796875 0.9041666671874999 0.62109375 0.965277778125 0.6359375 0.95555555625 0.64453125 0.9444444437499999 0.65859375 0.9472222218749999 0.66640625 0.94305555625 0.67109375 0.95694444375 0.7078125 0.952777778125 0.71796875 0.9472222218749999 0.721875 0.9277777781250001 0.725 0.925 0.725 0.83194444375 0.71796875 0.8194444437499999 0.7125 0.8263888890625 0.7046875 0.8263888890625 0.69765625 0.8083333328125001 0.6875 0.8041666671875 0.67421875 0.8083333328125001 0.6671875 0.834722221875 0.64453125 0.8444444437499999 0.63515625 0.85555555625 0.63125 0.852777778125 0.63125 0.890277778125 0.61953125 0.8986111109375001 0.61796875 0.9041666671874999
7 0.54296875 0.9069444437499999 0.54375 0.8222222218749999 0.534375 0.8236111109375001 0.5265625 0.8458333328125001 0.521875 0.875 0.52421875 0.9125 0.521875 0.94305555625 0.53203125 0.9902777781250001 0.57421875 0.9930555562500001 0.58359375 0.9861111109375 0.60625 0.9791666671874999 0.6109375 0.9666666671874999 0.61015625 0.91805555625 0.6125 0.89305555625 0.60625 0.8680555562500001 0.60625 0.8458333328125001 0.60078125 0.8361111109375001 0.59921875 0.8208333328125 0.58125 0.815277778125 0.56953125 0.8263888890625 0.5609375 0.847222221875 0.55859375 0.8680555562500001 0.56015625 0.8916666671875 0.55546875 0.91944444375 0.54765625 0.9166666671874999 0.54296875 0.9069444437499999
7 0.01171875 0.7666666671875 0.0125 0.7291666671875 0.0078125 0.7208333328125 0.0046875 0.7208333328125 0.00078125 0.727777778125 0.00078125 0.7791666671875 0.00703125 0.7819444437499999 0.01171875 0.7666666671875
7 0.07578125 0.797222221875 0.075 0.784722221875 0.06484375 0.7611111109375 0.059375 0.7597222218749999 0.040625 0.7708333328125 0.03671875 0.7583333328124999 0.0296875 0.7541666671875 0.02578125 0.7708333328125 0.02578125 0.7958333328125 0.07109375 0.83055555625 0.08046875 0.8291666671875 0.08125 0.8111111109375001 0.07578125 0.797222221875
7 0.0234375 0.85694444375 0.06328125 0.877777778125 0.07265625 0.8736111109375001 0.0734375 0.8708333328125001 0.06171875 0.8583333328125 0.0453125 0.85555555625 0.03515625 0.8458333328125001 0.01953125 0.840277778125 0.0234375 0.85694444375
7 0.20546875 0.8611111109375 0.20703125 0.8791666671874999 0.2140625 0.8791666671874999 0.21875 0.859722221875 0.215625 0.85694444375 0.2140625 0.8486111109375001 0.209375 0.847222221875 0.20703125 0.8486111109375001 0.20546875 0.8611111109375
7 0.20234375 0.902777778125 0.2046875 0.9055555562500001 0.21171875 0.9055555562500001 0.2109375 0.8958333328125001 0.20390625 0.89305555625 0.20234375 0.902777778125
7 0.22890625 0.909722221875 0.23203125 0.91805555625 0.24375 0.9236111109375 0.25 0.9236111109375 0.2515625 0.909722221875 0.25546875 0.8444444437499999 0.2484375 0.8388888890624999 0.23828125 0.840277778125 0.23125 0.8486111109375001 0.22890625 0.909722221875
7 0.31015625 0.890277778125 0.30546875 0.872222221875 0.29296875 0.8583333328125 0.28359375 0.85555555625 0.26796875 0.8416666671874999 0.2625 0.8444444437499999 0.26015625 0.9305555562500001 0.278125 0.9416666671874999 0.31484375 0.95555555625 0.321875 0.9541666671875 0.3234375 0.9458333328125 0.32265625 0.8986111109375001 0.31015625 0.890277778125
4 0.91328125 0.609722221875 0.90859375 0.609722221875 0.90546875 0.6333333328124999 0.90546875 0.7111111109375 0.90859375 0.7194444437499999 0.9140625 0.722222221875 0.915625 0.73055555625 0.91953125 0.73194444375 0.925 0.70694444375 0.925 0.66944444375 0.9203125 0.659722221875 0.91328125 0.609722221875