2 0.575 0.0234375 0.575 0.01875 0.56805555625 0.01328125 0.5291666671875 0.0140625 0.5236111109375 0.01640625 0.522222221875 0.025 0.5319444437499999 0.0328125 0.5555555562500001 0.0296875 0.575 0.0234375
1 0.9 0.37734375 0.89444444375 0.36953125 0.7990736109375 0.371875 0.74444444375 0.3703125 0.7402777781250001 0.3578125 0.7333333328125 0.35703125 0.7291666671875 0.36640625 0.7111111109375 0.37578125 0.7111111109375 0.3796875 0.7194444437499999 0.384375 0.7111111109375 0.4 0.722222221875 0.40078125 0.725 0.39609375 0.7486111109375 0.384375 0.8986111109375001 0.3828125 0.9 0.37734375
6 0.7583333328124999 0.78828125 0.7875 0.78671875 0.8 0.78203125 0.7916666671875 0.78203125 0.7861111109375 0.7859375 0.7819444437499999 0.78125 0.772222221875 0.78046875 0.7263888890625 0.77890625 0.7236111109375 0.78203125 0.7333333328125 0.78671875 0.7583333328124999 0.78828125
6 0.81805555625 0.78203125 0.8222222218749999 0.78203125 0.8194444437499999 0.7796875 0.81805555625 0.78203125
6 0.722222221875 0.74296875 0.7333333328125 0.75 0.7569444437499999 0.75078125 0.7569444437499999 0.7640625 0.76805555625 0.76640625 0.8194444437499999 0.76875 0.8236111109375001 0.76328125 0.83194444375 0.76015625 0.8819444437499999 0.75703125 0.89444444375 0.75 0.9041666671874999 0.725 0.902777778125 0.70625 0.89444444375 0.7015625 0.859722221875 0.69921875 0.8444444437499999 0.68828125 0.83055555625 0.68359375 0.8208333328125 0.6875 0.775 0.68828125 0.7611111109375 0.69453125 0.7569444437499999 0.70390625 0.7611111109375 0.71171875 0.7819444437499999 0.7171875 0.7819444437499999 0.72265625 0.76805555625 0.72890625 0.7333333328125 0.73125 0.7236111109375 0.7375 0.722222221875 0.74296875
7 0.840277778125 0.89296875 0.8458333328125001 0.86328125 0.8444444437499999 0.85625 0.8333333328125001 0.85078125 0.840277778125 0.84921875 0.8444444437499999 0.840625 0.8444444437499999 0.81875 0.840277778125 0.8171875 0.8208333328125 0.81640625 0.8041666671875 0.83046875 0.7861111109375 0.83828125 0.7833333328125 0.84921875 0.7708333328125 0.85 0.7569444437499999 0.85546875 0.7416666671875001 0.878125 0.722222221875 0.8828125 0.722222221875 0.90625 0.7513888890625 0.91484375 0.76944444375 0.9265625 0.81805555625 0.915625 0.8263888890625 0.9109375 0.840277778125 0.89296875
7 0.6611111109375 0.99921875 0.73194444375 0.99921875 0.7402777781250001 0.99375 0.7416666671875001 0.98828125 0.7208333328125 0.98203125 0.659722221875 0.97890625 0.6611111109375 0.99921875
7 0.7138888890625 0.9078125 0.702777778125 0.9078125 0.6916666671875 0.915625 0.6777777781250001 0.9203125 0.672222221875 0.925 0.66805555625 0.94609375 0.6583333328125 0.9453125 0.64444444375 0.95390625 0.64444444375 0.95703125 0.6958333328124999 0.9671875 0.7541666671875 0.96953125 0.76805555625 0.9421875 0.76805555625 0.93046875 0.7541666671875 0.91796875 0.7138888890625 0.9078125
7 0.74444444375 0.99921875 0.7736111109375 0.99921875 0.7819444437499999 0.9953125 0.7819444437499999 0.99140625 0.7666666671875 0.98828125 0.7458333328125 0.98828125 0.74444444375 0.99921875
7 0.7597222218749999 0.971875 0.79444444375 0.97421875 0.8027777781250001 0.96953125 0.83055555625 0.92890625 0.8291666671875 0.91875 0.8111111109375001 0.91875 0.7875 0.92890625 0.772222221875 0.93046875 0.7569444437499999 0.96796875 0.7597222218749999 0.971875
7 0.847222221875 0.95234375 0.8361111109375001 0.978125 0.85 0.97890625 0.85694444375 0.9734375 0.8736111109375001 0.94765625 0.877777778125 0.9359375 0.875 0.92734375 0.8708333328125001 0.925 0.85694444375 0.9421875 0.85694444375 0.946875 0.847222221875 0.95234375
7 0.8444444437499999 0.85390625 0.8486111109375001 0.8625 0.847222221875 0.8796875 0.8513888890624999 0.88203125 0.85694444375 0.88125 0.86944444375 0.8671875 0.8708333328125001 0.8578125 0.8791666671874999 0.85078125 0.877777778125 0.83984375 0.8583333328125 0.83828125 0.8486111109375001 0.84140625 0.8444444437499999 0.85390625
7 0.9083333328125001 0.89765625 0.9208333328125 0.8953125 0.9291666671875 0.87265625 0.9291666671875 0.8609375 0.9236111109375 0.85625 0.91944444375 0.85546875 0.8958333328125001 0.875 0.8861111109375001 0.88828125 0.8875 0.89453125 0.9083333328125001 0.89765625
4 0.7638888890625 0.31015625 0.7638888890625 0.31796875 0.7666666671875 0.321875 0.83194444375 0.321875 0.85555555625 0.31796875 0.85694444375 0.3125 0.852777778125 0.3109375 0.8458333328125001 0.31171875 0.83194444375 0.30625 0.784722221875 0.31171875 0.7638888890625 0.31015625
4 0.8083333328125001 0.27890625 0.765277778125 0.278125 0.7638888890625 0.2828125 0.772222221875 0.28515625 0.7638888890625 0.28828125 0.7638888890625 0.29296875 0.83055555625 0.2921875 0.8444444437499999 0.28671875 0.8430555562500001 0.2796875 0.8361111109375001 0.2796875 0.83055555625 0.2765625 0.8083333328125001 0.27890625
4 0.834722221875 0.278125 0.852777778125 0.27578125 0.8513888890624999 0.26953125 0.8083333328125001 0.26875 0.7708333328125 0.27109375 0.76805555625 0.27734375 0.7958333328125 0.2796875 0.81805555625 0.2765625 0.834722221875 0.278125
4 0.8083333328125001 0.29140625 0.777777778125 0.29375 0.7763888890625 0.3 0.83055555625 0.3 0.8444444437499999 0.30234375 0.85555555625 0.3 0.859722221875 0.2953125 0.8680555562500001 0.29453125 0.8652777781250001 0.2875 0.840277778125 0.28671875 0.8263888890625 0.29296875 0.8083333328125001 0.29140625