0 0 0.9930555562500001 0.0171875 0.9888888890624999 0.03125 0.977777778125 0.04140625 0.9791666671874999 0.05 0.9930555562500001 0.06015625 0.997222221875 0.09140625 0.9902777781250001 0.0984375 0.975 0.10234375 0.9486111109375001 0.11953125 0.9305555562500001 0.125 0.9208333328125 0.13046875 0.8986111109375001 0.1296875 0.83194444375 0.125 0.8111111109375001 0.1234375 0.7833333328125 0.11953125 0.775 0.1171875 0.7569444437499999 0.096875 0.7180555562500001 0.0875 0.7111111109375 0.05 0.709722221875 0.0203125 0.715277778125 0.01015625 0.709722221875 0.00390625 0.6986111109375 0.003125 0.702777778125 0 0.70003194375 0 0.9930555562500001
1 0.3890625 0.13888888906250002 0.38515625 0.1291666671875 0.38359375 0.1041666671875 0.3765625 0.102777778125 0.3703125 0.1111111109375 0.371875 0.2541666671875 0.36796875 0.259722221875 0.3578125 0.259722221875 0.3578125 0.26527777812500003 0.371875 0.27638888906250003 0.375 0.28472222187499996 0.38671875 0.2833333328125 0.39453125 0.2888888890625 0.39375 0.27638888906250003 0.38671875 0.25833333281250004 0.3859375 0.240277778125 0.38671875 0.20972222187499998 0.38984375 0.19444444375 0.3890625 0.13888888906250002
1 0.45625 0.16944444375 0.45390625 0.0861111109375 0.44765625 0.08055555625000001 0.44453125 0.08194444375 0.4421875 0.090277778125 0.4421875 0.1541666671875 0.43984375 0.15972222187500001 0.44140625 0.2166666671875 0.43828125 0.2236111109375 0.43046875 0.2236111109375 0.42890625 0.23055555625 0.43203125 0.2388888890625 0.4375 0.24305555625 0.45625 0.2513888890625 0.46875 0.2513888890625 0.46796875 0.24305555625 0.45390625 0.22916666718749998 0.45390625 0.18194444375000002 0.45625 0.16944444375
6 0.76171875 0.2166666671875 0.7578125 0.2125 0.75390625 0.197222221875 0.73671875 0.190277778125 0.7328125 0.17916666718750002 0.73125 0.1611111109375 0.72734375 0.15555555625 0.690625 0.15 0.6796875 0.165277778125 0.66796875 0.16388888906250001 0.65703125 0.1708333328125 0.6546875 0.1861111109375 0.65390625 0.2125 0.65703125 0.23055555625 0.66328125 0.2416666671875 0.684375 0.2388888890625 0.69765625 0.24722222187499998 0.70078125 0.25694444375000003 0.7015625 0.2736111109375 0.7078125 0.2833333328125 0.71796875 0.28472222187499996 0.7296875 0.2708333328125 0.73671875 0.27777777812500004 0.7625 0.275 0.7640625 0.2416666671875 0.76171875 0.2166666671875
6 0.59921875 0.1611111109375 0.5765625 0.15972222187500001 0.56875 0.17916666718750002 0.56640625 0.19444444375 0.56875 0.22777777812500002 0.5734375 0.23194444375 0.57578125 0.240277778125 0.59453125 0.25694444375000003 0.653125 0.25833333281250004 0.65703125 0.2513888890625 0.6546875 0.23055555625 0.63671875 0.222222221875 0.6328125 0.215277778125 0.6328125 0.20555555625 0.628125 0.1888888890625 0.609375 0.177777778125 0.59921875 0.1611111109375
7 0.88984375 0.1513888890625 0.8671875 0.13055555624999998 0.8578125 0.1291666671875 0.85 0.12222222187500001 0.8421875 0.12361111093749999 0.83984375 0.13888888906250002 0.8453125 0.1513888890625 0.88125 0.1541666671875 0.88203125 0.14444444375 0.88984375 0.1513888890625
7 0.971875 0.097222221875 0.9625 0.08333333281250001 0.9625 0.11944444375 0.96640625 0.11805555625 0.971875 0.10555555624999999 0.971875 0.097222221875
7 0.93125 0.12222222187500001 0.94765625 0.12222222187500001 0.95390625 0.097222221875 0.95234375 0.08194444375 0.93828125 0.072222221875 0.92421875 0.072222221875 0.90703125 0.08333333281250001 0.90625 0.11944444375 0.91953125 0.127777778125 0.925 0.1291666671875 0.93125 0.12222222187500001
7 0.85703125 0.077777778125 0.85625 0.08055555625000001 0.875 0.102777778125 0.8890625 0.11388888906250001 0.8953125 0.11388888906250001 0.89765625 0.08055555625000001 0.86640625 0.07083333281250001 0.85703125 0.077777778125
7 0.89375 0.28055555625 0.89609375 0.27638888906250003 0.925 0.27777777812500004 0.93046875 0.2666666671875 0.93046875 0.23333333281250002 0.92578125 0.2236111109375 0.915625 0.18055555625 0.9109375 0.17361111093749998 0.89296875 0.15972222187500001 0.88125 0.15555555625 0.85625 0.15555555625 0.853125 0.15972222187500001 0.840625 0.1541666671875 0.81875 0.15694444375 0.8140625 0.1888888890625 0.8171875 0.197222221875 0.81796875 0.21944444375 0.82265625 0.22638888906250001 0.83125 0.22777777812500002 0.8375 0.215277778125 0.8453125 0.215277778125 0.84921875 0.21944444375 0.85078125 0.23611111093749998 0.86875 0.2541666671875 0.878125 0.25833333281250004 0.88125 0.275 0.8859375 0.28055555625 0.89375 0.28055555625
7 0.1296875 0.15694444375 0.13046875 0.20138888906250002 0.1328125 0.20555555625 0.16953125 0.1916666671875 0.19296875 0.19583333281249998 0.20546875 0.1708333328125 0.20390625 0.1458333328125 0.171875 0.1111111109375 0.15 0.10833333281249999 0.1390625 0.11805555625 0.1296875 0.1361111109375 0.12734375 0.15277777812499999 0.1296875 0.15694444375
7 0.38203125 0.0958333328125 0.37890625 0.034722221875 0.3640625 0.04444444375 0.35546875 0.055555556250000006 0.34140625 0.052777778124999994 0.33359375 0.05694444375 0.32890625 0.04305555625 0.2921875 0.047222221875 0.28203125 0.052777778124999994 0.278125 0.072222221875 0.275 0.075 0.275 0.16805555625 0.28203125 0.18055555625 0.2875 0.17361111093749998 0.2953125 0.17361111093749998 0.30234375 0.1916666671875 0.3125 0.19583333281249998 0.32578125 0.1916666671875 0.3328125 0.165277778125 0.35546875 0.15555555625 0.36484375 0.14444444375 0.36875 0.147222221875 0.36875 0.109722221875 0.38046875 0.10138888906250001 0.38203125 0.0958333328125
7 0.45703125 0.09305555625 0.45625 0.177777778125 0.465625 0.1763888890625 0.4734375 0.1541666671875 0.478125 0.125 0.47578125 0.0875 0.478125 0.05694444375 0.46796875 0.009722221875000001 0.42578125 0.006944443749999999 0.41640625 0.013888889062500001 0.39375 0.0208333328125 0.3890625 0.0333333328125 0.38984375 0.08194444375 0.3875 0.10694444375 0.39375 0.13194444375 0.39375 0.1541666671875 0.39921875 0.16388888906250001 0.40078125 0.17916666718750002 0.41875 0.184722221875 0.43046875 0.17361111093749998 0.4390625 0.15277777812499999 0.44140625 0.13194444375 0.43984375 0.10833333281249999 0.44453125 0.08055555625000001 0.45234375 0.08333333281250001 0.45703125 0.09305555625
7 0.98828125 0.23333333281250002 0.9875 0.2708333328125 0.9921875 0.2791666671875 0.9953125 0.2791666671875 0.99921875 0.272222221875 0.99921875 0.2208333328125 0.99296875 0.21805555625 0.98828125 0.23333333281250002
7 0.92421875 0.20277777812500003 0.925 0.215277778125 0.93515625 0.2388888890625 0.940625 0.240277778125 0.959375 0.22916666718749998 0.96328125 0.2416666671875 0.9703125 0.24583333281250003 0.97421875 0.22916666718749998 0.97421875 0.20416666718749998 0.92890625 0.16944444375 0.91953125 0.1708333328125 0.91875 0.1888888890625 0.92421875 0.20277777812500003
7 0.9765625 0.14305555625 0.93671875 0.12222222187500001 0.92734375 0.1263888890625 0.9265625 0.1291666671875 0.93828125 0.1416666671875 0.9546875 0.14444444375 0.96484375 0.1541666671875 0.98046875 0.15972222187500001 0.9765625 0.14305555625
7 0.79453125 0.13888888906250002 0.79296875 0.1208333328125 0.7859375 0.1208333328125 0.78125 0.140277778125 0.784375 0.14305555625 0.7859375 0.1513888890625 0.790625 0.15277777812499999 0.79296875 0.1513888890625 0.79453125 0.13888888906250002
7 0.79765625 0.097222221875 0.7953125 0.09444444375 0.78828125 0.09444444375 0.7890625 0.1041666671875 0.79609375 0.10694444375 0.79765625 0.097222221875
7 0.77109375 0.090277778125 0.76796875 0.08194444375 0.75625 0.07638888906249999 0.75 0.07638888906249999 0.7484375 0.090277778125 0.74453125 0.15555555625 0.7515625 0.1611111109375 0.76171875 0.15972222187500001 0.76875 0.1513888890625 0.77109375 0.090277778125
7 0.68984375 0.109722221875 0.69453125 0.127777778125 0.70703125 0.1416666671875 0.71640625 0.14444444375 0.73203125 0.1583333328125 0.7375 0.15555555625 0.73984375 0.06944444375 0.721875 0.058333332812500006 0.68515625 0.04444444375 0.678125 0.0458333328125 0.6765625 0.054166667187499996 0.67734375 0.10138888906250001 0.68984375 0.109722221875
4 0.08671875 0.39027777812500003 0.09140625 0.39027777812500003 0.09453125 0.36666666718749996 0.09453125 0.2888888890625 0.09140625 0.28055555625 0.0859375 0.27777777812500004 0.084375 0.26944444375 0.08046875 0.26805555625 0.075 0.29305555625 0.075 0.33055555625 0.0796875 0.34027777812500004 0.08671875 0.39027777812500003