1 0.38515625 0.15972222187500001 0.3890625 0.1541666671875 0.3859375 0.140277778125 0.38671875 0.109722221875 0.375 0.1041666671875 0.36953125 0.1166666671875 0.37265625 0.15972222187500001 0.37265625 0.25 0.3671875 0.2611111109375 0.359375 0.259722221875 0.359375 0.26527777812500003 0.36875 0.272222221875 0.3765625 0.2888888890625 0.38671875 0.2833333328125 0.39375 0.290277778125 0.39453125 0.28055555625 0.38671875 0.2638888890625 0.38515625 0.23472222187499997 0.3875 0.20138888906250002 0.38515625 0.15972222187500001
1 0.44296875 0.0861111109375 0.4421875 0.2166666671875 0.4375 0.22638888906250001 0.43125 0.22638888906250001 0.4296875 0.23055555625 0.4328125 0.2388888890625 0.4390625 0.24305555625 0.46796875 0.2513888890625 0.46875 0.24305555625 0.45546875 0.23333333281250002 0.45234375 0.215277778125 0.45625 0.16805555625 0.45390625 0.1458333328125 0.4546875 0.08333333281250001 0.44296875 0.0861111109375
6 0.7546875 0.19583333281249998 0.73515625 0.1875 0.73046875 0.1583333328125 0.69453125 0.147222221875 0.68828125 0.1513888890625 0.67890625 0.1666666671875 0.6703125 0.1666666671875 0.665625 0.172222221875 0.6609375 0.16805555625 0.65625 0.17361111093749998 0.65625 0.2166666671875 0.66328125 0.240277778125 0.6828125 0.2388888890625 0.69765625 0.24722222187499998 0.70078125 0.2541666671875 0.70234375 0.275 0.71171875 0.28472222187499996 0.72109375 0.2833333328125 0.72890625 0.2708333328125 0.7375 0.27777777812500004 0.7625 0.275 0.7640625 0.2388888890625 0.76171875 0.2166666671875 0.7546875 0.19583333281249998
6 0.609375 0.1763888890625 0.5984375 0.15972222187500001 0.57578125 0.1611111109375 0.56875 0.18055555625 0.56640625 0.19444444375 0.56875 0.2236111109375 0.575 0.23194444375 0.57734375 0.2416666671875 0.58515625 0.24444444375000002 0.5953125 0.25694444375000003 0.65 0.25833333281250004 0.65703125 0.2513888890625 0.6546875 0.22916666718749998 0.63671875 0.222222221875 0.63359375 0.2166666671875 0.6375 0.20138888906250002 0.63671875 0.190277778125 0.609375 0.1763888890625
7 0.8578125 0.1291666671875 0.85 0.12222222187500001 0.84296875 0.12361111093749999 0.83984375 0.1375 0.84453125 0.1513888890625 0.8921875 0.1541666671875 0.88984375 0.147222221875 0.871875 0.13333333281249998 0.8578125 0.1291666671875
7 0.9625 0.1166666671875 0.96875 0.102777778125 0.96640625 0.09305555625 0.9625 0.090277778125 0.9625 0.1166666671875
7 0.89765625 0.0958333328125 0.89609375 0.08055555625000001 0.875 0.072222221875 0.86015625 0.072222221875 0.85703125 0.07638888906249999 0.85625 0.08055555625000001 0.87578125 0.102777778125 0.8890625 0.11388888906250001 0.8953125 0.11388888906250001 0.89765625 0.0958333328125
7 0.92734375 0.1208333328125 0.94921875 0.12222222187500001 0.95234375 0.11805555625 0.9546875 0.08333333281250001 0.940625 0.072222221875 0.9234375 0.072222221875 0.90703125 0.0861111109375 0.90625 0.11944444375 0.9125 0.125 0.921875 0.127777778125 0.92734375 0.1208333328125
7 0.9265625 0.22638888906250001 0.91640625 0.1833333328125 0.909375 0.172222221875 0.88046875 0.15555555625 0.85625 0.15555555625 0.853125 0.15972222187500001 0.84140625 0.1541666671875 0.81953125 0.15555555625 0.8171875 0.1625 0.815625 0.19305555624999998 0.8203125 0.22638888906250001 0.83125 0.22916666718749998 0.8375 0.21805555625 0.846875 0.21805555625 0.85078125 0.23611111093749998 0.878125 0.25833333281250004 0.88125 0.275 0.8859375 0.28055555625 0.89609375 0.27638888906250003 0.92109375 0.2791666671875 0.93046875 0.2666666671875 0.93046875 0.23333333281250002 0.9265625 0.22638888906250001
7 0 0.51805555625 0.00859375 0.48472222187499997 0.025 0.45277777812500003 0.025 0.42083333281249996 0.03046875 0.41805555625 0.0359375 0.425 0.04453125 0.40972222187499996 0.06015625 0.40694444374999994 0.06171875 0.3791666671875 0.08046875 0.365277778125 0.0796875 0.34027777812500004 0.06640625 0.3166666671875 0.065625 0.29305555625 0.0625 0.2888888890625 0.0609375 0.24305555625 0.05625 0.23472222187499997 0.028125 0.275 0.0203125 0.28055555625 0.0109375 0.3 0 0.302777778125 0 0.51805555625
7 0.98828125 0.23611111093749998 0.9875 0.26805555625 0.98984375 0.275 0.99453125 0.27638888906250003 0.99921875 0.2708333328125 0.99921875 0.2208333328125 0.99375 0.21805555625 0.98828125 0.23611111093749998
7 0.91796875 0.1875 0.9234375 0.197222221875 0.925 0.2125 0.9328125 0.23611111093749998 0.93671875 0.240277778125 0.96015625 0.23611111093749998 0.96875 0.24583333281250003 0.971875 0.2416666671875 0.975 0.2138888890625 0.9734375 0.20277777812500003 0.92890625 0.16944444375 0.921875 0.16805555625 0.91875 0.172222221875 0.91796875 0.1875
7 0.9765625 0.14305555625 0.94609375 0.1263888890625 0.92578125 0.12361111093749999 0.925 0.13055555624999998 0.93515625 0.14305555625 0.95625 0.1458333328125 0.9671875 0.15555555625 0.98046875 0.15972222187500001 0.9765625 0.14305555625
7 0.7859375 0.1208333328125 0.78515625 0.13055555624999998 0.7796875 0.13888888906250002 0.78359375 0.1416666671875 0.78671875 0.1513888890625 0.79140625 0.1513888890625 0.79296875 0.1208333328125 0.7859375 0.1208333328125
7 0.78828125 0.0986111109375 0.79296875 0.109722221875 0.796875 0.10555555624999999 0.79765625 0.097222221875 0.79140625 0.09305555625 0.78828125 0.09305555625 0.78828125 0.0986111109375
7 0.74921875 0.07638888906249999 0.7453125 0.1583333328125 0.76171875 0.15972222187500001 0.76875 0.15277777812499999 0.7703125 0.1416666671875 0.77109375 0.0916666671875 0.76640625 0.08055555625000001 0.74921875 0.07638888906249999
7 0.675 0.09305555625 0.68046875 0.1041666671875 0.68671875 0.10694444375 0.690625 0.11805555625 0.6890625 0.127777778125 0.70625 0.14305555625 0.71796875 0.1458333328125 0.72578125 0.15555555625 0.73671875 0.15555555625 0.7375 0.06805555625000001 0.68203125 0.04444444375 0.67734375 0.0458333328125 0.6765625 0.0513888890625 0.675 0.09305555625