2 0.01328125 0.43194444374999996 0.0140625 0.47083333281249995 0.01640625 0.4763888890625 0.025 0.477777778125 0.0328125 0.46805555625000006 0.0296875 0.44444444375 0.0234375 0.425 0.01875 0.425 0.01328125 0.43194444374999996
1 0.36640625 0.2708333328125 0.36875 0.2791666671875 0.375 0.28611111093749997 0.38828125 0.28055555625 0.4 0.2888888890625 0.4015625 0.28055555625 0.3890625 0.26805555625 0.38515625 0.25694444375000003 0.3828125 0.10555555624999999 0.3796875 0.1 0.371875 0.10555555624999999 0.371875 0.1291666671875 0.36953125 0.13194444375 0.371875 0.2541666671875 0.35703125 0.2541666671875 0.36171875 0.259722221875 0.36171875 0.26805555625 0.35625 0.26527777812500003 0.36640625 0.2708333328125
1 0.46796875 0.2416666671875 0.45546875 0.23472222187499997 0.4515625 0.2166666671875 0.45234375 0.17916666718750002 0.4546875 0.172222221875 0.45390625 0.08333333281250001 0.44453125 0.08055555625000001 0.4421875 0.0861111109375 0.44140625 0.2138888890625 0.4375 0.22916666718749998 0.42734375 0.22638888906250001 0.42734375 0.23055555625 0.4375 0.24305555625 0.45234375 0.25 0.46875 0.2513888890625 0.46796875 0.2416666671875
7 0.97890625 0.3416666671875 0.99921875 0.33888888906250003 0.99921875 0.2666666671875 0.9921875 0.25833333281250004 0.9875 0.25833333281250004 0.9828125 0.275 0.97890625 0.325 0.97890625 0.3416666671875
7 0.95234375 0.3541666671875 0.95703125 0.35555555625 0.9640625 0.32777777812500003 0.96875 0.28472222187499996 0.96953125 0.24583333281250003 0.9421875 0.23194444375 0.92734375 0.23333333281250002 0.91328125 0.25694444375000003 0.9078125 0.28611111093749997 0.90703125 0.29444444375 0.9203125 0.322222221875 0.925 0.32777777812500003 0.934375 0.3263888890625 0.94453125 0.33194444375 0.946875 0.3375 0.9453125 0.3416666671875 0.95234375 0.3541666671875
7 0.88671875 0.28055555625 0.90546875 0.27638888906250003 0.91015625 0.26805555625 0.9140625 0.2486111109375 0.9265625 0.23055555625 0.915625 0.18194444375000002 0.9109375 0.17361111093749998 0.89296875 0.15972222187500001 0.86796875 0.1541666671875 0.85546875 0.15555555625 0.853125 0.15972222187500001 0.840625 0.15555555625 0.81875 0.1583333328125 0.81875 0.1833333328125 0.83359375 0.20416666718749998 0.8484375 0.2166666671875 0.84921875 0.23055555625 0.853125 0.240277778125 0.878125 0.25833333281250004 0.88203125 0.27638888906250003 0.88671875 0.28055555625
7 0.79296875 0.11805555625 0.796875 0.097222221875 0.7890625 0.09305555625 0.7875 0.1041666671875 0.7921875 0.10833333281249999 0.79296875 0.11805555625
7 0.83671875 0.0486111109375 0.83671875 0.06805555625000001 0.84296875 0.06944444375 0.84140625 0.052777778124999994 0.83671875 0.0486111109375
7 0.82734375 0.05 0.82734375 0.04305555625 0.82421875 0.04305555625 0.8265625 0.0513888890625 0.82421875 0.058333332812500006 0.82734375 0.05
7 0.790625 0.04444444375 0.76953125 0.0416666671875 0.79296875 0.05 0.790625 0.04444444375
7 0.9671875 0.0958333328125 0.9640625 0.1 0.96171875 0.1125 0.9625 0.11805555625 0.96640625 0.11805555625 0.9640625 0.10694444375 0.9734375 0.10555555624999999 0.9734375 0.0958333328125 0.9703125 0.10138888906250001 0.9671875 0.0958333328125
7 0.9515625 0.115277778125 0.95390625 0.090277778125 0.95078125 0.08055555625000001 0.93828125 0.072222221875 0.92734375 0.07083333281250001 0.90625 0.08333333281250001 0.9015625 0.0958333328125 0.90625 0.10138888906250001 0.90546875 0.11805555625 0.9078125 0.1208333328125 0.92734375 0.127777778125 0.93125 0.12222222187500001 0.94921875 0.11944444375 0.9515625 0.115277778125
7 0.99921875 0.22638888906250001 0.99296875 0.21805555625 0.98828125 0.23472222187499997 0.98828125 0.2541666671875 0.99921875 0.25555555625 0.99921875 0.22638888906250001
7 0.96953125 0.197222221875 0.928125 0.16944444375 0.91953125 0.16944444375 0.91875 0.1875 0.9296875 0.215277778125 0.93046875 0.22777777812500002 0.959375 0.23611111093749998 0.96796875 0.24305555625 0.971875 0.2388888890625 0.97421875 0.20555555625 0.96953125 0.197222221875
7 0.94375 0.125 0.9388023437499999 0.125 0.9328125 0.13333333281249998 0.9338539062500001 0.125 0.9265625 0.1263888890625 0.9265625 0.13055555624999998 0.94765625 0.14305555625 0.9578125 0.15555555625 0.9703125 0.1611111109375 0.97890625 0.1583333328125 0.9765625 0.1458333328125 0.96015625 0.13333333281249998 0.94375 0.125
7 0.83125 0.215277778125 0.82890625 0.197222221875 0.8203125 0.1916666671875 0.8171875 0.177777778125 0.81640625 0.1888888890625 0.8125 0.19444444375 0.81015625 0.25555555625 0.81640625 0.25555555625 0.81953125 0.26805555625 0.8375 0.26944444375 0.84140625 0.27638888906250003 0.846875 0.2666666671875 0.846875 0.23611111093749998 0.83125 0.215277778125
7 0.77578125 0.1875 0.76875 0.15694444375 0.76015625 0.15277777812499999 0.75 0.15972222187500001 0.7375 0.184722221875 0.7359375 0.20694444375 0.7390625 0.222222221875 0.7453125 0.22638888906250001 0.75703125 0.222222221875 0.7640625 0.22916666718749998 0.76796875 0.22638888906250001 0.76875 0.197222221875 0.77578125 0.1875
7 0.79453125 0.1458333328125 0.790625 0.140277778125 0.7859375 0.13888888906250002 0.7828125 0.1458333328125 0.7796875 0.1888888890625 0.78125 0.2125 0.77890625 0.24305555625 0.78125 0.25555555625 0.78671875 0.25555555625 0.790625 0.23611111093749998 0.79296875 0.1708333328125 0.7953125 0.15972222187500001 0.79453125 0.1458333328125
7 0.66796875 0.11944444375 0.66796875 0.1291666671875 0.675 0.1291666671875 0.675 0.115277778125 0.66796875 0.11944444375
7 0.79296875 0.10833333281249999 0.7953125 0.097222221875 0.79140625 0.09444444375 0.78828125 0.0958333328125 0.78828125 0.10138888906250001 0.79296875 0.10833333281249999
7 0.76796875 0.084722221875 0.7515625 0.072222221875 0.74609375 0.075 0.74765625 0.090277778125 0.7453125 0.10555555624999999 0.74453125 0.1541666671875 0.75078125 0.15694444375 0.76015625 0.15 0.7671875 0.15 0.77109375 0.115277778125 0.76796875 0.084722221875
7 0.73203125 0.1666666671875 0.73515625 0.1611111109375 0.7375 0.16805555625 0.74140625 0.16805555625 0.7359375 0.15555555625 0.73671875 0.1111111109375 0.74140625 0.072222221875 0.721875 0.058333332812500006 0.70078125 0.055555556250000006 0.6828125 0.04444444375 0.6765625 0.0486111109375 0.675 0.090277778125 0.67734375 0.102777778125 0.68515625 0.10694444375 0.690625 0.11944444375 0.68828125 0.13194444375 0.7140625 0.1541666671875 0.72734375 0.15972222187500001 0.73203125 0.1666666671875
7 0.85078125 0.1208333328125 0.83828125 0.12222222187500001 0.83671875 0.13194444375 0.8390625 0.15 0.85 0.15555555625 0.88203125 0.15 0.8796875 0.14305555625 0.86640625 0.13055555624999998 0.8578125 0.1291666671875 0.85078125 0.1208333328125
7 0.85703125 0.08194444375 0.875 0.1041666671875 0.89375 0.11388888906250001 0.89765625 0.0916666671875 0.89609375 0.08055555625000001 0.87265625 0.07083333281250001 0.85703125 0.0736111109375 0.85703125 0.08194444375
4 0.38359375 0.1291666671875 0.3828125 0.2 0.3859375 0.21111111093749999 0.38984375 0.2125 0.38984375 0.1611111109375 0.3921875 0.1458333328125 0.3890625 0.13055555624999998 0.38671875 0.1263888890625 0.38359375 0.1291666671875
4 0.0984375 0.134722221875 0.0984375 0.11388888906250001 0.09375 0.102777778125 0.09765625 0.0958333328125 0.0984375 0.0625 0.096875 0.054166667187499996 0.09140625 0.0513888890625 0.09765625 0.0388888890625 0.09453125 0.0333333328125 0.0921875 0.0361111109375 0.090625 0.052777778124999994 0.0875 0.058333332812500006 0.0875 0.0736111109375 0.0890625 0.0958333328125 0.09375 0.109722221875 0.09375 0.1361111109375 0.09609375 0.13888888906250002 0.0984375 0.134722221875
4 0.2203125 0.184722221875 0.21953125 0.1888888890625 0.2171875 0.23055555625 0.22421875 0.2666666671875 0.2234375 0.27638888906250003 0.2296875 0.27777777812500004 0.23125 0.20555555625 0.2265625 0.19583333281249998 0.22578125 0.184722221875 0.2203125 0.184722221875
4 0.06640625 0.1263888890625 0.0484375 0.1458333328125 0.0453125 0.1541666671875 0.0484375 0.16388888906250001 0.0609375 0.1708333328125 0.0609375 0.19444444375 0.06328125 0.197222221875 0.07421875 0.1916666671875 0.07421875 0.13055555624999998 0.06640625 0.1263888890625
4 0.675 0.13055555624999998 0.675 0.1763888890625 0.671875 0.1833333328125 0.68125 0.1888888890625 0.68515625 0.184722221875 0.6859375 0.1763888890625 0.68515625 0.115277778125 0.678125 0.1166666671875 0.675 0.13055555624999998
4 0.3671875 0.1208333328125 0.3625 0.10833333281249999 0.35625 0.11805555625 0.35703125 0.1708333328125 0.3671875 0.17361111093749998 0.3671875 0.1208333328125