2 0.56805555625 0.01328125 0.5291666671875 0.0140625 0.522222221875 0.01875 0.522222221875 0.025 0.5333333328125 0.0328125 0.5541666671875001 0.0296875 0.575 0.02265625 0.56805555625 0.01328125
1 0.7430555562500001 0.38515625 0.89444444375 0.3828125 0.9 0.3796875 0.9 0.3734375 0.89444444375 0.36953125 0.8888888890625 0.371875 0.8583333328125 0.371875 0.8541666671874999 0.36953125 0.8416666671874999 0.371875 0.7458333328125 0.371875 0.7458333328125 0.35703125 0.74444444375 0.36015625 0.730921053125 0.3631990140625 0.7291666671875 0.36640625 0.7208333328125 0.36875 0.7138888890625 0.375 0.7194444437499999 0.38828125 0.7111111109375 0.40078125 0.7194444437499999 0.4015625 0.734722221875 0.3875 0.7430555562500001 0.38515625
1 0.827777778125 0.4546875 0.9166666671874999 0.45390625 0.91944444375 0.44453125 0.9083333328125001 0.44140625 0.790277778125 0.44140625 0.7736111109375 0.4390625 0.7736111109375 0.42734375 0.76944444375 0.42734375 0.772222221875 0.43359375 0.7625 0.43125 0.7569444437499999 0.4375 0.75 0.45234375 0.7486111109375 0.46875 0.7569444437499999 0.46875 0.7666666671875 0.4546875 0.7819444437499999 0.4515625 0.8208333328125 0.45234375 0.827777778125 0.4546875
6 0.840277778125 0.59765625 0.840277778125 0.5765625 0.83055555625 0.5703125 0.8138888890624999 0.5671875 0.7763888890625 0.56796875 0.752777778125 0.58203125 0.7402777781250001 0.603125 0.7416666671875001 0.6515625 0.7458333328125 0.65625 0.76944444375 0.6546875 0.7763888890625 0.6484375 0.7791666671875 0.63515625 0.7875 0.6328125 0.7958333328125 0.63671875 0.7986111109375 0.6328125 0.8111111109375001 0.628125 0.8236111109375001 0.60625 0.840277778125 0.59765625
7 0.6958333328124999 0.98046875 0.659722221875 0.9796875 0.6611111109375 0.99921875 0.7333333328125 0.99921875 0.7402777781250001 0.99453125 0.7402777781250001 0.98671875 0.725 0.9828125 0.6958333328124999 0.98046875
7 0.6777777781250001 0.9203125 0.672222221875 0.925 0.66944444375 0.940625 0.6486111109375 0.94921875 0.64444444375 0.95703125 0.69305555625 0.96640625 0.7541666671875 0.96953125 0.76805555625 0.9421875 0.7666666671875 0.92734375 0.7430555562500001 0.91328125 0.7138888890625 0.9078125 0.70555555625 0.90703125 0.6777777781250001 0.9203125
7 0.8263888890625 0.9109375 0.8416666671874999 0.890625 0.8458333328125001 0.86875 0.8416666671874999 0.85390625 0.8458333328125001 0.8421875 0.8430555562500001 0.81875 0.8166666671874999 0.81953125 0.7958333328125 0.83359375 0.7833333328125 0.8484375 0.765277778125 0.85 0.7583333328124999 0.8546875 0.7416666671875001 0.878125 0.7236111109375 0.88203125 0.7194444437499999 0.88671875 0.7236111109375 0.90625 0.7333333328125 0.9109375 0.7513888890625 0.9140625 0.76944444375 0.9265625 0.81805555625 0.915625 0.8263888890625 0.9109375
7 0.8444444437499999 0.88984375 0.852777778125 0.88671875 0.8791666671874999 0.85078125 0.8791666671874999 0.8390625 0.875 0.8375 0.85 0.8390625 0.847222221875 0.84375 0.8444444437499999 0.85234375 0.8486111109375001 0.86875 0.8444444437499999 0.88984375
7 0.8819444437499999 0.96640625 0.897222221875 0.96328125 0.8819444437499999 0.9625 0.8819444437499999 0.96640625
7 0.9069444437499999 0.90234375 0.8986111109375001 0.90625 0.8819444437499999 0.90546875 0.872222221875 0.9203125 0.872222221875 0.9265625 0.8791666671874999 0.9328125 0.88055555625 0.95 0.897222221875 0.95390625 0.9111111109375001 0.95390625 0.91944444375 0.95078125 0.9291666671875 0.93515625 0.9277777781250001 0.9203125 0.91805555625 0.90625 0.9069444437499999 0.90234375
7 0.9138888890624999 0.89765625 0.922222221875 0.89375 0.9291666671875 0.87265625 0.9291666671875 0.8609375 0.9236111109375 0.85703125 0.91944444375 0.85625 0.89444444375 0.8765625 0.8861111109375001 0.88828125 0.8888888890625 0.89765625 0.9138888890624999 0.89765625
7 0.7791666671875 0.99296875 0.7666666671875 0.98828125 0.7458333328125 0.98828125 0.74444444375 0.99921875 0.772222221875 0.99921875 0.7791666671875 0.99296875
7 0.815277778125 0.99375 0.8236111109375001 0.99609375 0.827777778125 0.99140625 0.8222222218749999 0.98984375 0.815277778125 0.99375
7 0.7875 0.9265625 0.784722221875 0.9296875 0.772222221875 0.93046875 0.7638888890625 0.95859375 0.7569444437499999 0.96796875 0.7597222218749999 0.971875 0.79444444375 0.97421875 0.8027777781250001 0.96953125 0.83055555625 0.92890625 0.83194444375 0.9203125 0.827777778125 0.91875 0.8138888890624999 0.91796875 0.7875 0.9265625
7 0.85694444375 0.94765625 0.8486111109375001 0.9515625 0.8361111109375001 0.97890625 0.847222221875 0.9796875 0.8541666671874999 0.9765625 0.8611111109375 0.9640625 0.8666666671875 0.9609375 0.877777778125 0.93515625 0.875 0.92734375 0.8708333328125001 0.925 0.859722221875 0.93828125 0.85694444375 0.94765625
7 0.809722221875 0.81875 0.80694444375 0.8125 0.74444444375 0.81015625 0.74444444375 0.81640625 0.734722221875 0.8171875 0.725 0.82421875 0.7291666671875 0.8359375 0.722222221875 0.84140625 0.734722221875 0.84765625 0.765277778125 0.8484375 0.777777778125 0.84140625 0.7833333328125 0.83203125 0.8013888890624999 0.8296875 0.8083333328125001 0.81953125 0.8222222218749999 0.8171875 0.809722221875 0.81875
7 0.7736111109375 0.74375 0.777777778125 0.753125 0.7736111109375 0.76796875 0.8041666671875 0.76875 0.8125 0.775 0.8444444437499999 0.76796875 0.847222221875 0.759375 0.8388888890624999 0.7484375 0.815277778125 0.7375 0.79305555625 0.7359375 0.777777778125 0.7390625 0.7736111109375 0.74375
7 0.8444444437499999 0.78125 0.7569444437499999 0.77890625 0.7458333328125 0.78046875 0.7430555562500001 0.7859375 0.7597222218749999 0.790625 0.8541666671874999 0.79453125 0.8611111109375 0.7859375 0.8444444437499999 0.78125
7 0.890277778125 0.79296875 0.902777778125 0.7953125 0.9055555562500001 0.7890625 0.9013888890624999 0.7875 0.890277778125 0.79296875
7 0.852777778125 0.76875 0.872222221875 0.7703125 0.9166666671874999 0.76875 0.9277777781250001 0.75078125 0.925 0.7453125 0.8458333328125001 0.74453125 0.8444444437499999 0.7546875 0.8486111109375001 0.75703125 0.85 0.76640625 0.852777778125 0.76875
7 0.9444444437499999 0.70078125 0.95555555625 0.6828125 0.952777778125 0.67734375 0.9416666671874999 0.6765625 0.9 0.6765625 0.89444444375 0.6859375 0.8861111109375001 0.69140625 0.8708333328125001 0.69296875 0.8583333328125 0.69921875 0.840277778125 0.72734375 0.834722221875 0.73046875 0.83194444375 0.74140625 0.8388888890624999 0.73515625 0.85694444375 0.7375 0.8888888890625 0.73671875 0.9277777781250001 0.74140625 0.9416666671874999 0.72421875 0.9444444437499999 0.70078125
4 0.840277778125 0.6484375 0.8444444437499999 0.6546875 0.890277778125 0.6546875 0.9069444437499999 0.64921875 0.9041666671874999 0.64375 0.8736111109375001 0.6421875 0.86944444375 0.6453125 0.859722221875 0.64609375 0.8416666671874999 0.64375 0.840277778125 0.6484375
4 0.8736111109375001 0.09921875 0.9277777781250001 0.0984375 0.9513888890625 0.0953125 0.9625 0.096875 0.965277778125 0.09453125 0.93194444375 0.08984375 0.9166666671874999 0.09296875 0.8680555562500001 0.09375 0.8652777781250001 0.096875 0.8736111109375001 0.09921875
4 0.73055555625 0.23671875 0.76944444375 0.23671875 0.79444444375 0.240625 0.80694444375 0.23515625 0.8194444437499999 0.23515625 0.81805555625 0.2296875 0.80694444375 0.2296875 0.7986111109375 0.22421875 0.7916666671875 0.2234375 0.7236111109375 0.2234375 0.722222221875 0.2265625 0.73055555625 0.23671875
4 0.8055555562500001 0.06171875 0.8083333328125001 0.075 0.8708333328125001 0.0734375 0.872222221875 0.0625 0.852777778125 0.046875 0.8430555562500001 0.0453125 0.8375 0.04765625 0.827777778125 0.06015625 0.8166666671874999 0.05859375 0.8055555562500001 0.06171875
4 0.89444444375 0.3546875 0.840277778125 0.35546875 0.8361111109375001 0.3578125 0.8361111109375001 0.36328125 0.840277778125 0.36640625 0.8791666671874999 0.36875 0.9 0.3625 0.89444444375 0.3546875