2 0.0234375 0.440277778125 0.02578125 0.4625 0.0296875 0.46805555625000006 0.03671875 0.46805555625000006 0.0390625 0.45555555625000005 0.0359375 0.42083333281249996 0.025 0.41944444374999995 0.0234375 0.440277778125
1 0.3796875 0.2888888890625 0.3875 0.2833333328125 0.39375 0.2888888890625 0.39375 0.27777777812500004 0.38671875 0.26527777812500003 0.38671875 0.15277777812499999 0.384375 0.10833333281249999 0.38046875 0.102777778125 0.37265625 0.102777778125 0.36953125 0.109722221875 0.37265625 0.1541666671875 0.37265625 0.2513888890625 0.36875 0.259722221875 0.36015625 0.259722221875 0.359375 0.26527777812500003 0.36875 0.272222221875 0.375 0.28611111093749997 0.3796875 0.2888888890625
1 0.46875 0.24722222187499998 0.46796875 0.2416666671875 0.45546875 0.23333333281250002 0.45234375 0.20277777812500003 0.45625 0.16944444375 0.45390625 0.14861111093749999 0.4546875 0.084722221875 0.4515625 0.08194444375 0.44296875 0.0861111109375 0.4421875 0.2166666671875 0.43828125 0.22638888906250001 0.43125 0.22638888906250001 0.4296875 0.23055555625 0.43203125 0.2388888890625 0.4390625 0.24305555625 0.46640625 0.2513888890625 0.46875 0.24722222187499998
6 0.70625 0.28194444375 0.71875 0.28472222187499996 0.7296875 0.2708333328125 0.73671875 0.27777777812500004 0.7546875 0.27777777812500004 0.7625 0.2736111109375 0.7640625 0.23333333281250002 0.76171875 0.21805555625 0.7578125 0.2125 0.7546875 0.197222221875 0.7359375 0.1888888890625 0.73046875 0.1583333328125 0.70625 0.15 0.69140625 0.15 0.68125 0.165277778125 0.66953125 0.16805555625 0.665625 0.1763888890625 0.66328125 0.1763888890625 0.66171875 0.16944444375 0.65703125 0.17361111093749998 0.65625 0.21805555625 0.66328125 0.240277778125 0.671875 0.24305555625 0.6828125 0.2388888890625 0.69765625 0.24722222187499998 0.70078125 0.2541666671875 0.70234375 0.275 0.70625 0.28194444375
6 0.6546875 0.22916666718749998 0.634375 0.21805555625 0.6375 0.2 0.63671875 0.190277778125 0.609375 0.1763888890625 0.59765625 0.15972222187500001 0.57578125 0.1611111109375 0.56875 0.18055555625 0.5671875 0.2166666671875 0.56953125 0.22777777812500002 0.575 0.23194444375 0.57734375 0.24305555625 0.603125 0.259722221875 0.6515625 0.25833333281250004 0.65625 0.2541666671875 0.6546875 0.22916666718749998
7 0.8484375 0.1208333328125 0.84375 0.12222222187500001 0.8390625 0.13055555624999998 0.83828125 0.134722221875 0.8453125 0.1513888890625 0.88515625 0.15555555625 0.8921875 0.15277777812499999 0.88984375 0.147222221875 0.8734375 0.134722221875 0.85625 0.1291666671875 0.8484375 0.1208333328125
7 0.96953125 0.10555555624999999 0.96875 0.097222221875 0.96171875 0.0888888890625 0.9625 0.0861111109375 0.95703125 0.0916666671875 0.9515625 0.08055555625000001 0.9390625 0.072222221875 0.9234375 0.072222221875 0.90703125 0.0861111109375 0.90625 0.11944444375 0.91875 0.127777778125 0.9515625 0.11944444375 0.95859375 0.09305555625 0.9625 0.1 0.9625 0.11805555625 0.96640625 0.115277778125 0.96953125 0.10555555624999999
7 0.8578125 0.07638888906249999 0.85625 0.08055555625000001 0.875 0.102777778125 0.88984375 0.11388888906250001 0.89609375 0.11388888906250001 0.8984375 0.0916666671875 0.89609375 0.08055555625000001 0.86875 0.07083333281250001 0.8578125 0.07638888906249999
7 0.87109375 0.25555555625 0.87890625 0.25833333281250004 0.88203125 0.27638888906250003 0.8859375 0.28055555625 0.89296875 0.28055555625 0.89609375 0.27638888906250003 0.921875 0.2791666671875 0.93046875 0.26805555625 0.93046875 0.23333333281250002 0.9265625 0.22638888906250001 0.91640625 0.1833333328125 0.90390625 0.16805555625 0.87890625 0.15555555625 0.85625 0.15555555625 0.85234375 0.15972222187500001 0.8484375 0.15555555625 0.81953125 0.15555555625 0.81640625 0.16944444375 0.81796875 0.2166666671875 0.825 0.22916666718749998 0.83515625 0.22638888906250001 0.8375 0.21805555625 0.8453125 0.21805555625 0.8484375 0.222222221875 0.85078125 0.23611111093749998 0.87109375 0.25555555625
7 0.99375 0.27777777812500004 0.99921875 0.2708333328125 0.99921875 0.21944444375 0.99296875 0.21805555625 0.9890625 0.23194444375 0.9875 0.26805555625 0.99375 0.27777777812500004
7 0.971875 0.24305555625 0.975 0.22638888906250001 0.9734375 0.20277777812500003 0.928125 0.16944444375 0.92265625 0.16805555625 0.91875 0.175 0.91875 0.1916666671875 0.92421875 0.20138888906250002 0.925 0.2138888890625 0.9328125 0.23611111093749998 0.9375 0.240277778125 0.9625 0.240277778125 0.96875 0.24583333281250003 0.971875 0.24305555625
7 0.92734375 0.125 0.925 0.1291666671875 0.9390625 0.14305555625 0.95390625 0.14444444375 0.96484375 0.1541666671875 0.98046875 0.15972222187500001 0.97734375 0.14305555625 0.94296875 0.125 0.92734375 0.125
7 0.78828125 0.115277778125 0.79375 0.115277778125 0.796875 0.10694444375 0.796875 0.0958333328125 0.7875 0.0958333328125 0.7890625 0.1041666671875 0.78671875 0.1208333328125 0.78828125 0.115277778125
7 0.78046875 0.1375 0.7875 0.15277777812499999 0.78984375 0.15277777812499999 0.79296875 0.1513888890625 0.79375 0.13055555624999998 0.7859375 0.1291666671875 0.78671875 0.1208333328125 0.78515625 0.13194444375 0.78046875 0.1375
7 0.7484375 0.11944444375 0.7453125 0.134722221875 0.74609375 0.15972222187500001 0.7625 0.15972222187500001 0.76875 0.15277777812499999 0.77109375 0.134722221875 0.7703125 0.0888888890625 0.76796875 0.08194444375 0.74921875 0.07638888906249999 0.7484375 0.11944444375
7 0.72578125 0.15555555625 0.73671875 0.15555555625 0.7390625 0.06944444375 0.721875 0.058333332812500006 0.6828125 0.04444444375 0.67890625 0.04444444375 0.6765625 0.055555556250000006 0.675 0.09305555625 0.67890625 0.10138888906250001 0.68671875 0.10694444375 0.690625 0.11805555625 0.690625 0.1291666671875 0.7015625 0.140277778125 0.71953125 0.147222221875 0.72578125 0.15555555625