0 0.8265625 0.32083333281250004 0.8984375 0.32083333281250004 0.903125 0.334722221875 0.89453125 0.34027777812500004 0.8984375 0.352777778125 0.90625 0.3458333328125 0.90625 0.3361111109375 0.90859375 0.334722221875 0.9328125 0.38194444375000003 0.9359375 0.3861111109375 0.9375 0.38194444375000003 0.93955078125 0.384375 0.9390625 0.38333333281250004 0.934375 0.34305555625 0.99921875 0.3361111109375 1 0.006944443749999999 0.89765625 0.0361111109375 0.87890625 0.04444444375 0.87109375 0.058333332812500006 0.8453125 0.03194444375 0.8203125 0.03194444375 0.8125 0.0361111109375 0.80234375 0.0513888890625 0.79453125 0.0861111109375 0.7828125 0.0958333328125 0.76953125 0.1166666671875 0.765625 0.15555555625 0.7765625 0.24444444375000002 0.7859375 0.2791666671875 0.8 0.30555555624999997 0.80859375 0.315277778125 0.8265625 0.32083333281250004
2 0.975 0.58055555625 0.975 0.5375 0.97109375 0.5305555562500001 0.96328125 0.5319444437499999 0.9609375 0.5361111109375 0.96328125 0.577777778125 0.96640625 0.58194444375 0.975 0.58055555625
1 0.6140625 0.8583333328125 0.61484375 0.8916666671875 0.62578125 0.897222221875 0.63046875 0.89305555625 0.63125 0.8847222218749999 0.62734375 0.8388888890624999 0.62734375 0.75 0.63125 0.7402777781250001 0.640625 0.7402777781250001 0.6421875 0.7361111109375 0.6328125 0.7291666671875 0.62265625 0.7111111109375 0.615625 0.7166666671875 0.60546875 0.7111111109375 0.60625 0.722222221875 0.61328125 0.7361111109375 0.61484375 0.8430555562500001 0.6109375 0.847222221875 0.6140625 0.8583333328125
1 0.5578125 0.7833333328125 0.56171875 0.7736111109375 0.56953125 0.7736111109375 0.5703125 0.76944444375 0.5671875 0.7611111109375 0.53984375 0.7486111109375 0.53828125 0.7611111109375 0.5342633921875 0.759920634375 0.5453125 0.7708333328125 0.54765625 0.784722221875 0.54375 0.83055555625 0.54609375 0.8513888890624999 0.5453125 0.9138888890624999 0.546875 0.91805555625 0.55703125 0.9138888890624999 0.5578125 0.7833333328125
6 0.26484375 0.8125 0.26953125 0.8416666671874999 0.29375 0.85 0.30859375 0.85 0.31953125 0.834722221875 0.3390625 0.83194444375 0.34296875 0.827777778125 0.34375 0.7791666671875 0.33671875 0.7583333328124999 0.315625 0.7611111109375 0.3078125 0.7569444437499999 0.3 0.747222221875 0.29765625 0.725 0.28828125 0.715277778125 0.27890625 0.7166666671875 0.2734375 0.725 0.2375 0.725 0.2359375 0.7638888890625 0.23828125 0.7819444437499999 0.24453125 0.8027777781250001 0.26484375 0.8125
6 0.40234375 0.840277778125 0.42421875 0.8388888890624999 0.43125 0.8194444437499999 0.43359375 0.7888888890625 0.43046875 0.7708333328125 0.4265625 0.76944444375 0.4234375 0.7583333328124999 0.41328125 0.7541666671875 0.4046875 0.7430555562500001 0.34921875 0.7416666671875001 0.34296875 0.7486111109375 0.34453125 0.76944444375 0.3671875 0.7819444437499999 0.36328125 0.79444444375 0.36328125 0.8083333328125001 0.39375 0.8263888890625 0.40234375 0.840277778125
7 0.11328125 0.8444444437499999 0.11328125 0.8541666671874999 0.10703125 0.8458333328125001 0.10859375 0.852777778125 0.15 0.877777778125 0.15625 0.877777778125 0.1609375 0.86944444375 0.15859375 0.8513888890624999 0.153125 0.847222221875 0.13125 0.8486111109375001 0.11328125 0.8444444437499999
7 0.0296875 0.902777778125 0.0328125 0.9069444437499999 0.0375 0.909722221875 0.0375 0.8819444437499999 0.0296875 0.89444444375 0.0296875 0.902777778125
7 0.07265625 0.8791666671874999 0.0515625 0.8791666671874999 0.0453125 0.8986111109375001 0.04609375 0.91805555625 0.0609375 0.9277777781250001 0.0765625 0.9277777781250001 0.09296875 0.915277778125 0.09375 0.88055555625 0.08359375 0.8736111109375001 0.07578125 0.8736111109375001 0.07265625 0.8791666671874999
7 0.103125 0.91944444375 0.13046875 0.9291666671875 0.1421875 0.925 0.14375 0.91944444375 0.125 0.897222221875 0.1109375 0.8861111109375001 0.1046875 0.8861111109375001 0.1015625 0.9083333328125001 0.103125 0.91944444375
7 0.06953125 0.7333333328125 0.06953125 0.7666666671875 0.07421875 0.7763888890625 0.084375 0.81805555625 0.08984375 0.8263888890625 0.1203125 0.8444444437499999 0.14375 0.8444444437499999 0.14921875 0.83194444375 0.1515625 0.840277778125 0.159375 0.8444444437499999 0.18046875 0.8444444437499999 0.18203125 0.840277778125 0.1859375 0.8125 0.18203125 0.7833333328125 0.178125 0.7736111109375 0.16875 0.7708333328125 0.16484375 0.7736111109375 0.1625 0.7819444437499999 0.153125 0.7819444437499999 0.14921875 0.7638888890625 0.121875 0.7416666671875001 0.11875 0.727777778125 0.11328125 0.7194444437499999 0.1046875 0.7236111109375 0.075 0.722222221875 0.06953125 0.7333333328125
7 0.00625 0.7208333328125 0.00078125 0.727777778125 0.00078125 0.7805555562500001 0.00703125 0.7819444437499999 0.01171875 0.7638888890625 0.0125 0.73194444375 0.00625 0.7208333328125
7 0.08203125 0.8111111109375001 0.07734375 0.8041666671875 0.075 0.7861111109375 0.0671875 0.7638888890625 0.0625 0.7597222218749999 0.0375 0.7597222218749999 0.03125 0.7541666671875 0.028125 0.7569444437499999 0.025 0.7763888890625 0.02578125 0.797222221875 0.07421875 0.83194444375 0.078125 0.83194444375 0.08125 0.8263888890625 0.08203125 0.8111111109375001
7 0.03515625 0.8444444437499999 0.01953125 0.840277778125 0.0234375 0.85694444375 0.05390625 0.8736111109375001 0.07421875 0.8763888890624999 0.075 0.86944444375 0.0625 0.85694444375 0.05546875 0.852777778125 0.046875 0.8541666671874999 0.03515625 0.8444444437499999
7 0.2140625 0.8819444437499999 0.215625 0.8680555562500001 0.22109375 0.8611111109375 0.21328125 0.8486111109375001 0.209375 0.8486111109375001 0.20703125 0.85 0.20703125 0.88055555625 0.2140625 0.8819444437499999
7 0.2046875 0.8916666671875 0.20234375 0.902777778125 0.2109375 0.9069444437499999 0.2109375 0.897222221875 0.2046875 0.8916666671875
7 0.25078125 0.9236111109375 0.2546875 0.8416666671874999 0.23828125 0.840277778125 0.23203125 0.847222221875 0.2296875 0.8583333328125 0.22890625 0.9069444437499999 0.23359375 0.91944444375 0.25078125 0.9236111109375
7 0.32265625 0.8986111109375001 0.31328125 0.8916666671875 0.3109375 0.8708333328125001 0.29453125 0.85694444375 0.28125 0.8541666671874999 0.2734375 0.8444444437499999 0.2640625 0.8430555562500001 0.26171875 0.9305555562500001 0.309375 0.952777778125 0.32109375 0.95555555625 0.3234375 0.9513888890625 0.325 0.9069444437499999 0.32265625 0.8986111109375001