2 0.98671875 0.56805555625 0.9859375 0.527777778125 0.98203125 0.522222221875 0.975 0.522222221875 0.9671875 0.5319444437499999 0.9703125 0.5541666671875001 0.97734375 0.575 0.98671875 0.56805555625
1 0.60859375 0.73194444375 0.61484375 0.747222221875 0.6171875 0.8111111109375001 0.615625 0.8444444437499999 0.61796875 0.8625 0.61796875 0.8958333328125001 0.615625 0.8986111109375001 0.62265625 0.9 0.63046875 0.89444444375 0.628125 0.8458333328125001 0.6296875 0.8083333328125001 0.62734375 0.79444444375 0.6296875 0.7791666671875 0.6296875 0.7458333328125 0.6421875 0.7416666671875001 0.64296875 0.7333333328125 0.63359375 0.7291666671875 0.62421875 0.7111111109375 0.6203125 0.7111111109375 0.6171875 0.7194444437499999 0.6 0.7111111109375 0.5984375 0.7194444437499999 0.60859375 0.73194444375
6 0.21796875 0.7236111109375 0.2125 0.7361111109375 0.21328125 0.7819444437499999 0.21875 0.7819444437499999 0.21953125 0.772222221875 0.22109375 0.7263888890625 0.21796875 0.7236111109375
6 0.21640625 0.78671875 0.003125 0.0015625
6 0.2171875 0.8194444437499999 0.21875 0.8236111109375001 0.225 0.8194444437499999 0.2171875 0.8194444437499999
6 0.25703125 0.722222221875 0.25 0.734722221875 0.25 0.75555555625 0.24609375 0.7597222218749999 0.2359375 0.7569444437499999 0.23359375 0.76944444375 0.23125 0.8194444437499999 0.23984375 0.8333333328125001 0.2390625 0.8458333328125001 0.2421875 0.8583333328125 0.24296875 0.8819444437499999 0.25 0.89444444375 0.27421875 0.9041666671874999 0.29140625 0.9041666671874999 0.2984375 0.89444444375 0.30078125 0.8583333328125 0.31171875 0.8444444437499999 0.31640625 0.83055555625 0.3125 0.8222222218749999 0.31171875 0.775 0.30546875 0.7611111109375 0.29609375 0.7569444437499999 0.28828125 0.7611111109375 0.2828125 0.7819444437499999 0.27734375 0.7819444437499999 0.27109375 0.765277778125 0.26875 0.7333333328125 0.2625 0.7236111109375 0.25703125 0.722222221875
7 0.00078125 0.6611111109375 0.00078125 0.73194444375 0.00703125 0.7402777781250001 0.01328125 0.7402777781250001 0.01796875 0.722222221875 0.02109375 0.6611111109375 0.00078125 0.6611111109375
7 0.0921875 0.7138888890625 0.09296875 0.7041666671875 0.084375 0.6916666671875 0.0796875 0.6777777781250001 0.075 0.672222221875 0.05859375 0.66944444375 0.0546875 0.6569444437499999 0.04765625 0.6458333328125 0.04296875 0.64444444375 0.0328125 0.6972222218749999 0.03046875 0.7541666671875 0.05703125 0.76805555625 0.06953125 0.76805555625 0.08203125 0.7541666671875 0.0921875 0.7138888890625
7 0.084375 0.81805555625 0.09375 0.83055555625 0.109375 0.8416666671874999 0.14453125 0.8444444437499999 0.1484375 0.83194444375 0.153125 0.840277778125 0.16171875 0.8444444437499999 0.18125 0.8444444437499999 0.1828125 0.840277778125 0.1828125 0.81805555625 0.1703125 0.8041666671875 0.16171875 0.7861111109375 0.15078125 0.7833333328125 0.15 0.7708333328125 0.14453125 0.7569444437499999 0.121875 0.7416666671875001 0.11875 0.725 0.11484375 0.7208333328125 0.09375 0.7236111109375 0.0890625 0.7333333328125 0.0859375 0.752777778125 0.0734375 0.76944444375 0.084375 0.81805555625
7 0.00703125 0.7430555562500001 0.00078125 0.74444444375 0.00078125 0.772222221875 0.00703125 0.7791666671875 0.01171875 0.765277778125 0.0125 0.747222221875 0.00703125 0.7430555562500001
7 0.0703125 0.7916666671875 0.06796875 0.7708333328125 0.05546875 0.76944444375 0.03203125 0.7569444437499999 0.028125 0.7611111109375 0.02578125 0.79444444375 0.03046875 0.8027777781250001 0.07109375 0.83055555625 0.0796875 0.83194444375 0.08125 0.8111111109375001 0.0765625 0.7986111109375 0.0703125 0.7916666671875
7 0.053125 0.85694444375 0.05 0.8486111109375001 0.03125 0.8388888890624999 0.02109375 0.840277778125 0.021875 0.852777778125 0.04375 0.86944444375 0.06276015625 0.875 0.0671875 0.8666666671875 0.0703125 0.86944444375 0.06770859375 0.875 0.07265625 0.875 0.0734375 0.86944444375 0.053125 0.85694444375
7 0.146875 0.8444444437499999 0.1390625 0.8486111109375001 0.1203125 0.847222221875 0.11796875 0.8513888890624999 0.11953125 0.85694444375 0.1328125 0.86944444375 0.14375 0.872222221875 0.14921875 0.8791666671874999 0.1609375 0.877777778125 0.16328125 0.8625 0.15859375 0.8486111109375001 0.146875 0.8444444437499999
7 0.14296875 0.9263888890624999 0.14375 0.91944444375 0.125 0.8958333328125001 0.10625 0.8861111109375001 0.10234375 0.9069444437499999 0.103125 0.91944444375 0.1265625 0.9291666671875 0.14296875 0.9263888890624999
4 0.81875 0.8125 0.8140625 0.7875 0.81171875 0.7916666671875 0.8125 0.8125 0.8171875 0.83194444375 0.8125 0.83194444375 0.8109375 0.85 0.81875 0.86944444375 0.8234375 0.8680555562500001 0.8265625 0.8513888890624999 0.8171875 0.8333333328125001 0.81875 0.8125
4 0.8328125 0.8513888890624999 0.83203125 0.8430555562500001 0.83515625 0.8291666671875 0.83125 0.8166666671874999 0.8296875 0.7875 0.82578125 0.7763888890625 0.821875 0.7833333328125 0.81484375 0.7791666671875 0.8140625 0.790277778125 0.81796875 0.797222221875 0.81953125 0.81805555625 0.81875 0.827777778125 0.81484375 0.83194444375 0.828125 0.852777778125 0.8328125 0.8513888890624999
4 0.72734375 0.777777778125 0.73203125 0.7666666671875 0.72734375 0.7569444437499999 0.7203125 0.7569444437499999 0.71875 0.8194444437499999 0.72109375 0.8291666671875 0.725 0.8333333328125001 0.72578125 0.8416666671874999 0.73125 0.8416666671874999 0.73125 0.8055555562500001 0.72734375 0.79305555625 0.72734375 0.777777778125