2 0.025 0.4625 0.02890625 0.46805555625000006 0.03671875 0.46805555625000006 0.040625 0.4625 0.0375 0.427777778125 0.0328125 0.41805555625 0.025 0.41944444374999995 0.025 0.4625
1 0.3859375 0.2833333328125 0.39453125 0.290277778125 0.39375 0.27777777812500004 0.38671875 0.26527777812500003 0.3859375 0.115277778125 0.38203125 0.1041666671875 0.3765625 0.10138888906250001 0.36875 0.109722221875 0.371875 0.140277778125 0.37265625 0.24722222187499998 0.36875 0.259722221875 0.359375 0.259722221875 0.3578125 0.26527777812500003 0.36875 0.272222221875 0.375 0.28611111093749997 0.3859375 0.2833333328125
1 0.45625 0.23194444375 0.453125 0.2166666671875 0.45234375 0.20277777812500003 0.45625 0.16944444375 0.45390625 0.1458333328125 0.4546875 0.084722221875 0.44296875 0.0861111109375 0.4421875 0.215277778125 0.4375 0.22638888906250001 0.43046875 0.22638888906250001 0.4296875 0.23055555625 0.4328125 0.2388888890625 0.43828125 0.24305555625 0.46015625 0.2513888890625 0.4578125 0.23611111093749998 0.4609375 0.23611111093749998 0.45625 0.23194444375
6 0.7171875 0.27638888906250003 0.721875 0.2513888890625 0.72265625 0.2208333328125 0.7203125 0.21111111093749999 0.72421875 0.20138888906250002 0.72890625 0.2 0.7359375 0.23055555625 0.73515625 0.275 0.75 0.2791666671875 0.7625 0.275 0.7640625 0.23472222187499997 0.76171875 0.21805555625 0.7578125 0.21111111093749999 0.75546875 0.197222221875 0.734375 0.1875 0.73046875 0.1583333328125 0.70703125 0.15 0.69140625 0.15 0.68046875 0.165277778125 0.6703125 0.1666666671875 0.66484375 0.172222221875 0.6609375 0.16805555625 0.65625 0.1763888890625 0.65546875 0.21111111093749999 0.66328125 0.2416666671875 0.684375 0.240277778125 0.69765625 0.24722222187499998 0.70234375 0.272222221875 0.70625 0.28055555625 0.7125 0.2833333328125 0.7171875 0.27638888906250003
6 0.65703125 0.2513888890625 0.65703125 0.23472222187499997 0.6546875 0.22916666718749998 0.63515625 0.21944444375 0.63671875 0.1916666671875 0.60625 0.17361111093749998 0.5984375 0.15972222187500001 0.575 0.1611111109375 0.5703125 0.17361111093749998 0.5671875 0.19444444375 0.5671875 0.21805555625 0.56953125 0.22638888906250001 0.57578125 0.23333333281250002 0.57734375 0.2416666671875 0.5859375 0.24583333281250003 0.5953125 0.25694444375000003 0.65078125 0.25833333281250004 0.65703125 0.2513888890625
7 0.8484375 0.1208333328125 0.83671875 0.12222222187500001 0.8359375 0.13055555624999998 0.84453125 0.1513888890625 0.8921875 0.1541666671875 0.88984375 0.147222221875 0.8828125 0.1458333328125 0.865625 0.13055555624999998 0.85703125 0.13055555624999998 0.8484375 0.1208333328125
7 0.96171875 0.102777778125 0.96171875 0.11805555625 0.9671875 0.1166666671875 0.97421875 0.1041666671875 0.9734375 0.097222221875 0.96875 0.0958333328125 0.9625 0.08333333281250001 0.95625 0.084722221875 0.93828125 0.072222221875 0.92421875 0.072222221875 0.91328125 0.077777778125 0.90703125 0.0861111109375 0.90625 0.1208333328125 0.9203125 0.1291666671875 0.93046875 0.1208333328125 0.94921875 0.1208333328125 0.95390625 0.115277778125 0.95390625 0.10833333281249999 0.95859375 0.097222221875 0.96171875 0.102777778125
7 0.8625 0.07083333281250001 0.85703125 0.077777778125 0.85703125 0.08194444375 0.875 0.102777778125 0.8890625 0.11388888906250001 0.8953125 0.11388888906250001 0.8984375 0.0916666671875 0.896875 0.08055555625000001 0.86953125 0.07083333281250001 0.8625 0.07083333281250001
7 0.878125 0.25833333281250004 0.8859375 0.28055555625 0.8984375 0.27638888906250003 0.9234375 0.27777777812500004 0.93046875 0.2666666671875 0.93046875 0.23333333281250002 0.91953125 0.2 0.91640625 0.18194444375000002 0.9109375 0.17361111093749998 0.88125 0.15555555625 0.81796875 0.15694444375 0.815625 0.19444444375 0.8171875 0.215277778125 0.821875 0.22638888906250001 0.83203125 0.22916666718749998 0.8375 0.21805555625 0.84609375 0.21805555625 0.853125 0.240277778125 0.878125 0.25833333281250004
7 0.99921875 0.21944444375 0.99296875 0.21944444375 0.9875 0.240277778125 0.98828125 0.27777777812500004 0.99921875 0.2791666671875 0.99921875 0.21944444375
7 0.9703125 0.23333333281250002 0.975 0.22916666718749998 0.978125 0.2166666671875 0.975 0.20277777812500003 0.9671875 0.197222221875 0.96484375 0.2 0.959375 0.190277778125 0.92890625 0.16944444375 0.921875 0.16805555625 0.91875 0.175 0.91796875 0.1888888890625 0.92421875 0.20138888906250002 0.925 0.2125 0.93359375 0.2388888890625 0.95390625 0.240277778125 0.9546875 0.23611111093749998 0.96953125 0.240277778125 0.9703125 0.23333333281250002
7 0.925 0.125 0.925 0.13194444375 0.93515625 0.14305555625 0.95390625 0.14444444375 0.98046875 0.1611111109375 0.9796875 0.15 0.97578125 0.14305555625 0.93515625 0.12222222187500001 0.925 0.125
7 0.79296875 0.115277778125 0.796875 0.10833333281249999 0.79765625 0.097222221875 0.79296875 0.09305555625 0.7875 0.09444444375 0.79140625 0.1111111109375 0.7859375 0.11805555625 0.7859375 0.1291666671875 0.78046875 0.1375 0.7859375 0.1513888890625 0.78984375 0.1541666671875 0.79375 0.147222221875 0.79296875 0.115277778125
7 0.74921875 0.07638888906249999 0.7484375 0.1166666671875 0.74453125 0.15555555625 0.7484375 0.1611111109375 0.7625 0.15972222187500001 0.76875 0.1541666671875 0.7703125 0.090277778125 0.7671875 0.08055555625000001 0.74921875 0.07638888906249999
7 0.72578125 0.15555555625 0.73515625 0.1583333328125 0.7375 0.15277777812499999 0.7390625 0.06944444375 0.7234375 0.058333332812500006 0.7015625 0.054166667187499996 0.6828125 0.04444444375 0.67734375 0.0458333328125 0.6765625 0.0513888890625 0.675 0.0916666671875 0.68046875 0.1041666671875 0.6875 0.10833333281249999 0.69140625 0.11944444375 0.69140625 0.1291666671875 0.70625 0.14305555625 0.7171875 0.1458333328125 0.72578125 0.15555555625
4 0.84375 0.3513888890625 0.8484375 0.3513888890625 0.8484375 0.309722221875 0.853125 0.2916666671875 0.8546875 0.26805555625 0.85 0.25833333281250004 0.84921875 0.24444444375000002 0.8453125 0.24444444375000002 0.83671875 0.25555555625 0.8390625 0.275 0.83828125 0.309722221875 0.8359375 0.3291666671875 0.82890625 0.34722222187499996 0.83359375 0.3513888890625 0.8421875 0.3333333328125 0.84453125 0.3416666671875 0.84375 0.3513888890625
4 0.3125 0.7208333328125 0.30546875 0.75555555625 0.31015625 0.765277778125 0.31796875 0.7513888890625 0.32734375 0.70694444375 0.33046875 0.7083333328125 0.33125 0.7291666671875 0.33671875 0.7333333328125 0.34921875 0.715277778125 0.33359375 0.6666666671875 0.33671875 0.6458333328125 0.34296875 0.63055555625 0.340625 0.60555555625 0.3359375 0.5861111109375 0.32421875 0.5736111109375 0.32265625 0.5583333328125 0.3171875 0.5458333328125 0.31328125 0.5458333328125 0.30703125 0.5555555562500001 0.30625 0.5791666671875 0.29375 0.60694444375 0.2890625 0.6291666671875 0.2875 0.6541666671875 0.29140625 0.652777778125 0.30625 0.6180555562500001 0.309375 0.625 0.31015625 0.64444444375 0.31640625 0.6625 0.3171875 0.6791666671875001 0.3125 0.7208333328125
4 0.73984375 0.30416666718749996 0.73515625 0.2888888890625 0.734375 0.222222221875 0.72890625 0.2 0.725 0.2 0.721875 0.20833333281250002 0.72265625 0.2513888890625 0.71875 0.2611111109375 0.7125 0.30555555624999997 0.72109375 0.30694444375 0.72265625 0.29305555625 0.7265625 0.290277778125 0.7375 0.3138888890625 0.73984375 0.30416666718749996
4 0.9546875 0.21805555625 0.95625 0.26805555625 0.9640625 0.26805555625 0.96796875 0.25833333281250004 0.96953125 0.215277778125 0.9625 0.197222221875 0.95703125 0.20833333281250002 0.9546875 0.21805555625
4 0.51875 0.30555555624999997 0.51875 0.322222221875 0.525 0.3263888890625 0.5265625 0.322222221875 0.5234375 0.272222221875 0.53125 0.25555555625 0.53125 0.23472222187499997 0.5203125 0.20277777812500003 0.51484375 0.20416666718749998 0.5140625 0.21805555625 0.5078125 0.23194444375 0.50703125 0.24305555625 0.51171875 0.252777778125 0.5125 0.28472222187499996 0.50703125 0.302777778125 0.50703125 0.3111111109375 0.51171875 0.3138888890625 0.51484375 0.3013888890625 0.51875 0.30555555624999997
4 0.565625 0.2125 0.55703125 0.19583333281249998 0.55234375 0.20277777812500003 0.5546875 0.20972222187499998 0.55 0.2208333328125 0.54921875 0.23055555625 0.5484375 0.2791666671875 0.55234375 0.29444444375 0.55078125 0.30555555624999997 0.55625 0.3083333328125 0.56015625 0.30416666718749996 0.56015625 0.27638888906250003 0.5671875 0.22777777812500002 0.565625 0.2125