2 0.0234375 0.4388888890625 0.0265625 0.46666666718750005 0.04296875 0.46666666718750005 0.046875 0.447222221875 0.0375 0.4375 0.03515625 0.41944444374999995 0.025 0.41944444374999995 0.0234375 0.4388888890625
1 0.3875 0.28472222187499996 0.39453125 0.290277778125 0.3953125 0.2833333328125 0.3875 0.2638888890625 0.3859375 0.24444444375000002 0.3859375 0.1166666671875 0.384375 0.10694444375 0.3796875 0.102777778125 0.37265625 0.1041666671875 0.3703125 0.1111111109375 0.37265625 0.1541666671875 0.37265625 0.2513888890625 0.36875 0.259722221875 0.3609375 0.259722221875 0.359375 0.26527777812500003 0.37109375 0.27638888906250003 0.37578125 0.2888888890625 0.3875 0.28472222187499996
1 0.46796875 0.2416666671875 0.45546875 0.23333333281250002 0.45234375 0.215277778125 0.45625 0.172222221875 0.45390625 0.1458333328125 0.4546875 0.0861111109375 0.45078125 0.08333333281250001 0.44296875 0.090277778125 0.4421875 0.2166666671875 0.43828125 0.22777777812500002 0.43125 0.22638888906250001 0.4296875 0.23055555625 0.4328125 0.2388888890625 0.43828125 0.24305555625 0.46796875 0.2513888890625 0.46796875 0.2416666671875
6 0.72109375 0.28472222187499996 0.7296875 0.272222221875 0.73828125 0.2791666671875 0.759375 0.27777777812500004 0.76328125 0.272222221875 0.7640625 0.2388888890625 0.76015625 0.222222221875 0.76328125 0.2166666671875 0.75546875 0.1986111109375 0.74921875 0.1916666671875 0.73671875 0.190277778125 0.7328125 0.18055555625 0.73046875 0.1583333328125 0.6921875 0.15 0.68046875 0.16388888906250001 0.66875 0.16805555625 0.66640625 0.1763888890625 0.6609375 0.1708333328125 0.65625 0.17916666718750002 0.65546875 0.2125 0.66171875 0.2388888890625 0.6671875 0.24305555625 0.6859375 0.2416666671875 0.69765625 0.24722222187499998 0.70234375 0.272222221875 0.7078125 0.28194444375 0.72109375 0.28472222187499996
6 0.64921875 0.25833333281250004 0.65390625 0.25694444375000003 0.65703125 0.25 0.6546875 0.22916666718749998 0.634375 0.21805555625 0.6375 0.20277777812500003 0.63671875 0.190277778125 0.6078125 0.1763888890625 0.5984375 0.15972222187500001 0.57578125 0.1611111109375 0.56875 0.18055555625 0.56640625 0.197222221875 0.56875 0.2236111109375 0.575 0.23333333281250002 0.5765625 0.2416666671875 0.5859375 0.24583333281250003 0.59375 0.25555555625 0.60625 0.259722221875 0.64921875 0.25833333281250004
7 0.83828125 0.134722221875 0.84375 0.1513888890625 0.876171875 0.1513888890625 0.8796575796875 0.1445035453125 0.8765625 0.14305555625 0.8671875 0.13055555624999998 0.85625 0.127777778125 0.85 0.1208333328125 0.83984375 0.12222222187500001 0.83828125 0.134722221875
7 0.9703125 0.10694444375 0.9703125 0.097222221875 0.9640625 0.09305555625 0.9625 0.11805555625 0.96640625 0.1166666671875 0.9703125 0.10694444375
7 0.95390625 0.084722221875 0.93828125 0.072222221875 0.9234375 0.072222221875 0.90703125 0.08333333281250001 0.90625 0.11805555625 0.91953125 0.127777778125 0.92890625 0.1291666671875 0.93046875 0.125 0.94609375 0.12222222187500001 0.95078125 0.1166666671875 0.95390625 0.102777778125 0.95390625 0.084722221875
7 0.8578125 0.07638888906249999 0.8578125 0.08194444375 0.875 0.102777778125 0.8890625 0.11388888906250001 0.89453125 0.11388888906250001 0.89765625 0.09305555625 0.89609375 0.08055555625000001 0.86953125 0.07083333281250001 0.8578125 0.07638888906249999
7 0.84609375 0.21805555625 0.84921875 0.222222221875 0.85078125 0.23611111093749998 0.878125 0.25833333281250004 0.88125 0.275 0.8859375 0.28055555625 0.89296875 0.28055555625 0.89765625 0.275 0.92109375 0.2791666671875 0.93046875 0.26805555625 0.93046875 0.23194444375 0.91953125 0.20138888906250002 0.915625 0.18194444375000002 0.9109375 0.17361111093749998 0.8796875 0.1541666671875 0.85703125 0.15555555625 0.8546875 0.15972222187500001 0.84609375 0.15555555625 0.81875 0.15555555625 0.8140625 0.19305555624999998 0.81796875 0.20416666718749998 0.81875 0.2208333328125 0.821875 0.22638888906250001 0.83125 0.23055555625 0.83515625 0.22638888906250001 0.83671875 0.21805555625 0.84609375 0.21805555625
7 0.99765625 0.2791666671875 0.99921875 0.222222221875 0.9890625 0.21805555625 0.9875 0.26944444375 0.98984375 0.27777777812500004 0.99765625 0.2791666671875
7 0.971875 0.24583333281250003 0.9765625 0.21805555625 0.9734375 0.20138888906250002 0.928125 0.16944444375 0.9234375 0.16805555625 0.91875 0.17361111093749998 0.91796875 0.1875 0.9234375 0.197222221875 0.925 0.2125 0.9359375 0.240277778125 0.953125 0.2388888890625 0.96328125 0.24305555625 0.96875 0.25 0.971875 0.24583333281250003
7 0.92734375 0.1263888890625 0.92578125 0.1291666671875 0.9390625 0.1416666671875 0.96953125 0.1583333328125 0.98046875 0.15972222187500001 0.978125 0.1458333328125 0.95546875 0.13055555624999998 0.94296875 0.125 0.92734375 0.1263888890625
7 0.79296875 0.15277777812499999 0.79453125 0.14305555625 0.79375 0.11944444375 0.796875 0.11388888906250001 0.7984375 0.097222221875 0.79609375 0.09305555625 0.7875 0.09305555625 0.7890625 0.10694444375 0.7859375 0.115277778125 0.78515625 0.13055555624999998 0.77890625 0.13888888906250002 0.78515625 0.14444444375 0.7859375 0.15277777812499999 0.78984375 0.1541666671875 0.79296875 0.15277777812499999
7 0.74921875 0.077777778125 0.7453125 0.15972222187500001 0.765625 0.1583333328125 0.76875 0.15555555625 0.77109375 0.13888888906250002 0.77109375 0.09444444375 0.76640625 0.08055555625000001 0.75078125 0.072222221875 0.74921875 0.077777778125
7 0.72578125 0.15555555625 0.73671875 0.15555555625 0.7390625 0.0888888890625 0.7375 0.06805555625000001 0.68203125 0.04444444375 0.67890625 0.047222221875 0.6765625 0.058333332812500006 0.675 0.0916666671875 0.68046875 0.1041666671875 0.68828125 0.109722221875 0.6921875 0.11944444375 0.6921875 0.1291666671875 0.70546875 0.14305555625 0.71796875 0.147222221875 0.72578125 0.15555555625