2 0.96328125 0.575 0.9671875 0.58194444375 0.975 0.58055555625 0.9765625 0.5611111109375 0.9734375 0.534722221875 0.96875 0.5305555562500001 0.959375 0.534722221875 0.9578125 0.54444444375 0.96328125 0.575
1 0.61328125 0.8916666671875 0.6265625 0.8958333328125001 0.6296875 0.8847222218749999 0.62734375 0.8486111109375001 0.62734375 0.747222221875 0.63125 0.7402777781250001 0.640625 0.7388888890625 0.640625 0.734722221875 0.6328125 0.7291666671875 0.625 0.7138888890625 0.6203125 0.7111111109375 0.6140625 0.7166666671875 0.60625 0.709722221875 0.6046875 0.7166666671875 0.61328125 0.7402777781250001 0.6140625 0.7569444437499999 0.61328125 0.8916666671875
1 0.55703125 0.9125 0.5578125 0.7833333328125 0.56171875 0.772222221875 0.56875 0.7736111109375 0.5703125 0.76944444375 0.56171875 0.7569444437499999 0.53203125 0.7486111109375 0.53125 0.7569444437499999 0.54296875 0.7638888890625 0.54609375 0.777777778125 0.54375 0.827777778125 0.54375 0.8444444437499999 0.54609375 0.8513888890624999 0.5453125 0.915277778125 0.55703125 0.9125
6 0.23671875 0.7833333328125 0.24921875 0.8083333328125001 0.26328125 0.809722221875 0.2671875 0.8194444437499999 0.26953125 0.8416666671874999 0.29453125 0.85 0.30859375 0.85 0.31875 0.834722221875 0.3296875 0.8333333328125001 0.33359375 0.8236111109375001 0.3390625 0.83055555625 0.33828125 0.825 0.34375 0.8208333328125 0.3453125 0.7875 0.33671875 0.7583333328124999 0.309375 0.7569444437499999 0.30234375 0.752777778125 0.29765625 0.727777778125 0.28828125 0.715277778125 0.27890625 0.715277778125 0.2703125 0.727777778125 0.2625 0.7208333328125 0.23828125 0.722222221875 0.2359375 0.73194444375 0.2359375 0.7638888890625 0.2390625 0.7805555562500001 0.23671875 0.7833333328125
6 0.3921875 0.8236111109375001 0.40234375 0.840277778125 0.42421875 0.8388888890624999 0.43125 0.8194444437499999 0.43359375 0.8041666671875 0.4328125 0.7819444437499999 0.42265625 0.7569444437499999 0.415625 0.75555555625 0.4015625 0.7416666671875001 0.39375 0.7402777781250001 0.35 0.7416666671875001 0.34296875 0.7486111109375 0.3453125 0.7708333328125 0.36484375 0.7791666671875 0.365625 0.7875 0.3625 0.7958333328125 0.3640625 0.8111111109375001 0.3921875 0.8236111109375001
7 0.12421875 0.85694444375 0.12734375 0.8652777781250001 0.13359375 0.86944444375 0.15 0.8791666671874999 0.15703125 0.877777778125 0.16015625 0.8625 0.15625 0.8486111109375001 0.10703125 0.8458333328125001 0.10859375 0.852777778125 0.12421875 0.85694444375
7 0.03828125 0.8819444437499999 0.03125 0.8861111109375001 0.028125 0.8958333328125001 0.03046875 0.9041666671874999 0.03515625 0.9055555562500001 0.03828125 0.89444444375 0.03828125 0.8819444437499999
7 0.05703125 0.875 0.05 0.8819444437499999 0.0453125 0.8986111109375001 0.04609375 0.915277778125 0.06171875 0.9277777781250001 0.0765625 0.9277777781250001 0.09296875 0.915277778125 0.09375 0.88055555625 0.078125 0.8708333328125001 0.06953125 0.86944444375 0.05703125 0.875
7 0.1296875 0.9291666671875 0.13671875 0.9291666671875 0.14296875 0.922222221875 0.14375 0.91944444375 0.125 0.897222221875 0.1109375 0.8861111109375001 0.1046875 0.8861111109375001 0.103125 0.91944444375 0.1296875 0.9291666671875
7 0.06953125 0.73194444375 0.06953125 0.7666666671875 0.0734375 0.7736111109375 0.08359375 0.8166666671874999 0.090625 0.827777778125 0.11484375 0.8444444437499999 0.14296875 0.8444444437499999 0.1484375 0.83055555625 0.1515625 0.840277778125 0.15546875 0.8388888890624999 0.1609375 0.8444444437499999 0.18125 0.8444444437499999 0.18359375 0.83194444375 0.1828125 0.7916666671875 0.18046875 0.777777778125 0.175 0.7708333328125 0.165625 0.772222221875 0.16328125 0.7819444437499999 0.153125 0.7805555562500001 0.14921875 0.7638888890625 0.13203125 0.747222221875 0.12109375 0.7416666671875001 0.11796875 0.7236111109375 0.11328125 0.7194444437499999 0.10390625 0.7236111109375 0.078125 0.7208333328125 0.06953125 0.73194444375
7 0.00625 0.722222221875 0.00078125 0.725 0.00078125 0.7791666671875 0.0078125 0.7819444437499999 0.01171875 0.7638888890625 0.01171875 0.73194444375 0.00625 0.722222221875
7 0.0703125 0.7875 0.06953125 0.76944444375 0.06484375 0.7611111109375 0.04609375 0.7611111109375 0.03125 0.752777778125 0.02734375 0.7569444437499999 0.025 0.79444444375 0.03046875 0.8027777781250001 0.071875 0.83055555625 0.0765625 0.83194444375 0.08125 0.8263888890625 0.08046875 0.80694444375 0.0703125 0.7875
7 0.021875 0.8541666671874999 0.03671875 0.8611111109375 0.03828125 0.8652777781250001 0.05859375 0.875 0.0734375 0.8736111109375001 0.07421875 0.8708333328125001 0.0609375 0.8583333328125 0.03671875 0.8444444437499999 0.0203125 0.840277778125 0.021875 0.8541666671874999
7 0.20859375 0.8916666671875 0.21328125 0.8888888890625 0.2140625 0.8736111109375001 0.2203125 0.8625 0.21484375 0.85694444375 0.2140625 0.8486111109375001 0.209375 0.847222221875 0.20546875 0.85694444375 0.20625 0.8819444437499999 0.203125 0.8861111109375001 0.2015625 0.902777778125 0.20390625 0.9069444437499999 0.2125 0.9055555562500001 0.20859375 0.8916666671875
7 0.25 0.9263888890624999 0.2546875 0.8416666671874999 0.23359375 0.8416666671874999 0.23125 0.8444444437499999 0.22890625 0.8625 0.22890625 0.9069444437499999 0.23359375 0.91944444375 0.25 0.9263888890624999
7 0.3234375 0.940277778125 0.32421875 0.9055555562500001 0.31171875 0.890277778125 0.30859375 0.88055555625 0.309375 0.8708333328125001 0.2953125 0.85694444375 0.28125 0.852777778125 0.27421875 0.8444444437499999 0.2640625 0.8444444437499999 0.2609375 0.9305555562500001 0.2828125 0.94305555625 0.3 0.9458333328125 0.31796875 0.95555555625 0.32109375 0.952777778125 0.3234375 0.940277778125
7 0.1625 0.9486111109375001 0.16328125 0.9458333328125 0.15822265625 0.9432638890625 0.15859375 0.9472222218749999 0.1625 0.9486111109375001
7 0.15703125 0.9305555562500001 0.1581473203125 0.94246031875 0.16328125 0.9333333328125001 0.15703125 0.9305555562500001