2 0.43194444374999996 0.98671875 0.47222222187499996 0.9859375 0.477777778125 0.9828125 0.477777778125 0.975 0.46805555625000006 0.9671875 0.4458333328125 0.9703125 0.425 0.97734375 0.43194444374999996 0.98671875
1 0.172222221875 0.5453125 0.0861111109375 0.5453125 0.08055555625000001 0.546875 0.08333333281250001 0.5578125 0.215277778125 0.55859375 0.22916666718749998 0.5625 0.22638888906250001 0.5734375 0.23055555625 0.57421875 0.23333333281250002 0.571875 0.22777777812500002 0.56875 0.240277778125 0.56796875 0.25 0.5484375 0.2513888890625 0.53125 0.2416666671875 0.53203125 0.23472222187499997 0.54453125 0.2166666671875 0.5484375 0.17916666718750002 0.54765625 0.172222221875 0.5453125
1 0.10555555624999999 0.6171875 0.1 0.6203125 0.1 0.62421875 0.10833333281249999 0.6296875 0.24850416718749999 0.628125 0.2541666671875 0.64296875 0.259722221875 0.63828125 0.26527777812500003 0.64375 0.2708333328125 0.63359375 0.28611111093749997 0.625 0.28055555625 0.6125 0.2888888890625 0.59921875 0.28055555625 0.5984375 0.25555555625 0.61484375 0.1916666671875 0.61484375 0.1888888890625 0.6171875 0.1458333328125 0.61484375 0.10555555624999999 0.6171875
7 0.17361111093749998 0.0890625 0.1583333328125 0.109375 0.1541666671875 0.1328125 0.15972222187500001 0.14765625 0.15555555625 0.15625 0.15694444375 0.18125 0.1833333328125 0.18046875 0.20416666718749998 0.16640625 0.2166666671875 0.1515625 0.23472222187499997 0.15 0.2416666671875 0.1453125 0.25833333281250004 0.121875 0.27638888906250003 0.11796875 0.28055555625 0.11328125 0.27638888906250003 0.09296875 0.26805555625 0.0890625 0.2486111109375 0.0859375 0.23055555625 0.0734375 0.1833333328125 0.08359375 0.17361111093749998 0.0890625
7 0.325 0.02109375 0.34305555625 0.0203125 0.34027777812500004 0.00078125 0.2666666671875 0.00078125 0.25833333281250004 0.0078125 0.259722221875 0.01328125 0.27638888906250003 0.0171875 0.325 0.02109375
7 0.33055555625 0.05703125 0.35555555625 0.04609375 0.35555555625 0.040625 0.28472222187499996 0.03125 0.24583333281250003 0.03046875 0.23194444375 0.05703125 0.23194444375 0.06953125 0.23472222187499997 0.07421875 0.25694444375000003 0.08671875 0.2958333328125 0.0921875 0.322222221875 0.0796875 0.33055555625 0.05703125
7 0.10555555624999999 0.0265625 0.0958333328125 0.0265625 0.10138888906250001 0.0375 0.11805555625 0.03828125 0.11944444375 0.034375 0.125 0.03359375 0.11805555625 0.03125 0.10833333281249999 0.0328125 0.10555555624999999 0.0265625
7 0.09305555625 0.0984375 0.097222221875 0.0984375 0.10138888906250001 0.09375 0.11805555625 0.09453125 0.127777778125 0.0796875 0.1291666671875 0.07265625 0.1208333328125 0.06875 0.11944444375 0.05 0.102777778125 0.04609375 0.08333333281250001 0.04765625 0.072222221875 0.06171875 0.07083333281250001 0.07265625 0.08194444375 0.09375 0.09305555625 0.0984375
7 0.19583333281249998 0.1875 0.25555555625 0.1890625 0.25 0.18125 0.23194444375 0.1765625 0.23472222187499997 0.17109375 0.22916666718749998 0.16796875 0.197222221875 0.17109375 0.19583333281249998 0.1875
7 0.22638888906250001 0.25625 0.222222221875 0.24375 0.22916666718749998 0.23359375 0.19583333281249998 0.23125 0.1833333328125 0.22578125 0.15555555625 0.23125 0.15277777812499999 0.23828125 0.165277778125 0.25390625 0.1888888890625 0.26328125 0.20555555625 0.2640625 0.222222221875 0.2609375 0.22638888906250001 0.25625
7 0.23611111093749998 0.209375 0.197222221875 0.20703125 0.147222221875 0.20546875 0.1416666671875 0.2078125 0.13888888906250002 0.2140625 0.147222221875 0.2171875 0.177777778125 0.21953125 0.25 0.2203125 0.25555555625 0.21875 0.25694444375000003 0.2140625 0.23611111093749998 0.209375
7 0.222222221875 0.0078125 0.23472222187499997 0.01171875 0.252777778125 0.0125 0.25555555625 0.00078125 0.22777777812500002 0.00078125 0.222222221875 0.0078125
7 0.20555555625 0.075 0.20833333281250002 0.07109375 0.22777777812500002 0.06953125 0.23611111093749998 0.04140625 0.24305555625 0.0328125 0.240277778125 0.028125 0.20555555625 0.02578125 0.197222221875 0.03046875 0.16944444375 0.07109375 0.16805555625 0.0796875 0.172222221875 0.08125 0.1888888890625 0.08125 0.20555555625 0.075
7 0.14305555625 0.053125 0.15 0.05 0.16388888906250001 0.02421875 0.1583333328125 0.0203125 0.147222221875 0.021875 0.13333333281249998 0.0390625 0.12222222187500001 0.0640625 0.13333333281249998 0.06875 0.12222222187500001 0.07109375 0.1263888890625 0.075 0.13055555624999998 0.07421875 0.14305555625 0.053125
7 0.1375 0.20703125 0.1208333328125 0.20703125 0.1208333328125 0.21171875 0.13194444375 0.2125 0.1375 0.20703125
7 0.1111111109375 0.20703125 0.097222221875 0.2046875 0.09444444375 0.21171875 0.0986111109375 0.2125 0.1111111109375 0.20703125
7 0.13055555624999998 0.2296875 0.0958333328125 0.2296875 0.08194444375 0.23203125 0.072222221875 0.24921875 0.0736111109375 0.2546875 0.15555555625 0.25546875 0.15694444375 0.24609375 0.1513888890625 0.240625 0.1513888890625 0.23203125 0.13055555624999998 0.2296875
7 0.14444444375 0.2625 0.1041666671875 0.2625 0.072222221875 0.2578125 0.058333332812500006 0.2765625 0.055555556250000006 0.2984375 0.04444444375 0.31796875 0.05 0.32265625 0.08333333281250001 0.325 0.0986111109375 0.3234375 0.1111111109375 0.30859375 0.1291666671875 0.30703125 0.13888888906250002 0.303125 0.15555555625 0.2859375 0.1611111109375 0.271875 0.1666666671875 0.26953125 0.16805555625 0.2671875 0.1625 0.2640625 0.16805555625 0.262890625 0.16805555625 0.25859375 0.15972222187500001 0.26484375 0.14444444375 0.2625
7 0.15555555625 0.1453125 0.1513888890625 0.13984375 0.1541666671875 0.12421875 0.15 0.11796875 0.14305555625 0.1203125 0.13055555624999998 0.13359375 0.127777778125 0.14375 0.11944444375 0.1515625 0.1208333328125 0.1625 0.1375 0.16328125 0.1513888890625 0.1609375 0.15555555625 0.1453125
7 0.1041666671875 0.125 0.11388888906250001 0.10625 0.08055555625000001 0.10390625 0.07083333281250001 0.128125 0.0736111109375 0.14296875 0.08055555625000001 0.14375 0.1041666671875 0.125
4 0.5097222218749999 0.1453125 0.502777778125 0.14453125 0.47361111093749997 0.1515625 0.46666666718750005 0.1625 0.45555555625000005 0.16484375 0.45694444375 0.17578125 0.48055555625 0.17578125 0.48333333281249996 0.1796875 0.490277778125 0.18125 0.5333333328125 0.18046875 0.5625 0.1828125 0.5708333328124999 0.1859375 0.5944444437499999 0.18359375 0.6083333328125 0.18671875 0.6125 0.184375 0.6125 0.18125 0.5916666671875 0.175 0.5944444437499999 0.17109375 0.60555555625 0.16796875 0.609722221875 0.16328125 0.60694444375 0.16015625 0.5916666671875 0.1625 0.56805555625 0.15703125 0.5333333328125 0.1578125 0.5208333328125 0.15546875 0.5097222218749999 0.1453125