1 0.91944444375 0.4515625 0.91805555625 0.4453125 0.9069444437499999 0.4421875 0.7861111109375 0.44140625 0.777777778125 0.4375 0.777777778125 0.43125 0.76944444375 0.4296875 0.7611111109375 0.4328125 0.7569444437499999 0.43828125 0.7486111109375 0.45703125 0.7486111109375 0.46796875 0.7569444437499999 0.46875 0.7666666671875 0.45625 0.7791666671875 0.45390625 0.83194444375 0.45625 0.9069444437499999 0.45546875 0.91944444375 0.4515625
6 0.840277778125 0.5765625 0.827777778125 0.5703125 0.809722221875 0.5671875 0.772222221875 0.56875 0.76944444375 0.57265625 0.7597222218749999 0.57578125 0.7430555562500001 0.59453125 0.7402777781250001 0.6109375 0.74444444375 0.65625 0.76944444375 0.6546875 0.7736111109375 0.6421875 0.7819444437499999 0.634375 0.8027777781250001 0.6359375 0.815277778125 0.625 0.8194444437499999 0.6078125 0.8361111109375001 0.59921875 0.840277778125 0.5765625
6 0.7597222218749999 0.7640625 0.7819444437499999 0.76171875 0.8027777781250001 0.7515625 0.8125 0.73515625 0.8388888890624999 0.73125 0.8444444437499999 0.72734375 0.85 0.69140625 0.8361111109375001 0.67890625 0.8361111109375001 0.66796875 0.83055555625 0.659375 0.815277778125 0.6546875 0.79305555625 0.65390625 0.765277778125 0.6609375 0.7597222218749999 0.6640625 0.7611111109375 0.684375 0.752777778125 0.696875 0.7430555562500001 0.70078125 0.7263888890625 0.7015625 0.7180555562500001 0.70625 0.715277778125 0.7171875 0.73194444375 0.73046875 0.722222221875 0.73828125 0.7236111109375 0.76171875 0.7291666671875 0.76328125 0.7597222218749999 0.7640625
7 0.8458333328125001 0.8734375 0.85 0.88515625 0.859722221875 0.8796875 0.86944444375 0.8671875 0.8736111109375001 0.84453125 0.8541666671874999 0.84453125 0.8458333328125001 0.8734375
7 0.9069444437499999 0.96484375 0.915277778125 0.9625 0.8819444437499999 0.96171875 0.89444444375 0.96953125 0.9069444437499999 0.9671875 0.9069444437499999 0.96484375
7 0.8708333328125001 0.92578125 0.877777778125 0.93125 0.877777778125 0.94609375 0.8819444437499999 0.95 0.8986111109375001 0.95390625 0.9166666671874999 0.95390625 0.9277777781250001 0.9390625 0.9277777781250001 0.9234375 0.91805555625 0.9078125 0.88055555625 0.90625 0.872222221875 0.91875 0.8708333328125001 0.92578125
7 0.9277777781250001 0.875 0.9277777781250001 0.86171875 0.922222221875 0.8578125 0.91944444375 0.85703125 0.897222221875 0.875 0.8861111109375001 0.8890625 0.8861111109375001 0.89609375 0.91944444375 0.89609375 0.9277777781250001 0.875
7 0.7666666671875 0.93046875 0.81805555625 0.915625 0.83055555625 0.90625 0.8444444437499999 0.88125 0.8444444437499999 0.85625 0.8208333328125 0.85 0.8236111109375001 0.84140625 0.8361111109375001 0.83046875 0.834722221875 0.81953125 0.83055555625 0.81640625 0.7888888890625 0.81640625 0.7763888890625 0.8203125 0.772222221875 0.828125 0.784722221875 0.8375 0.7861111109375 0.8453125 0.7819444437499999 0.84921875 0.76944444375 0.84921875 0.7611111109375 0.853125 0.7430555562500001 0.8765625 0.7194444437499999 0.88671875 0.7236111109375 0.8953125 0.722222221875 0.92265625 0.7361111109375 0.93046875 0.7666666671875 0.93046875
7 0.7388888890625 0.96015625 0.73055555625 0.9546875 0.7013888890625 0.94921875 0.7 0.94453125 0.6958333328124999 0.94375 0.6833333328125 0.94765625 0.6763888890625 0.9578125 0.6666666671875 0.95625 0.665277778125 0.9609375 0.6708333328125 0.96171875 0.6805555562500001 0.95703125 0.690277778125 0.96015625 0.7041666671875 0.95703125 0.7138888890625 0.96015625 0.7361111109375 0.96171875 0.7388888890625 0.96015625
7 0.722222221875 0.99609375 0.73194444375 0.99609375 0.7416666671875001 0.9921875 0.7402777781250001 0.9859375 0.7208333328125 0.9828125 0.66944444375 0.9765625 0.6486111109375 0.98984375 0.647222221875 0.99921875 0.7194444437499999 0.99921875 0.722222221875 0.99609375
7 0.8888888890625 0.19921875 0.8916666671875 0.1921875 0.8888888890625 0.1796875 0.8819444437499999 0.17109375 0.8833333328125 0.15 0.85555555625 0.13125 0.8194444437499999 0.13046875 0.8083333328125001 0.1328125 0.8 0.13828125 0.8083333328125001 0.16171875 0.8125 0.16328125 0.80694444375 0.16953125 0.80694444375 0.1859375 0.7916666671875 0.19375 0.797222221875 0.21484375 0.83194444375 0.23046875 0.8416666671874999 0.2296875 0.85694444375 0.2234375 0.8611111109375 0.2171875 0.8888888890625 0.19921875
7 0.83055555625 0.92890625 0.83055555625 0.91875 0.8111111109375001 0.91875 0.79305555625 0.92734375 0.7805555562500001 0.92734375 0.7638888890625 0.93515625 0.765277778125 0.94296875 0.7736111109375 0.94296875 0.7791666671875 0.946875 0.777777778125 0.95390625 0.76944444375 0.9625 0.7791666671875 0.96484375 0.7861111109375 0.9703125 0.797222221875 0.9703125 0.8055555562500001 0.96640625 0.83055555625 0.92890625
7 0.8416666671874999 0.9796875 0.85555555625 0.9765625 0.8680555562500001 0.96015625 0.877777778125 0.9390625 0.8763888890624999 0.92578125 0.86944444375 0.925 0.85694444375 0.9390625 0.8541666671874999 0.95546875 0.8458333328125001 0.96484375 0.8416666671874999 0.9796875
7 0.8736111109375001 0.36875 0.890277778125 0.36953125 0.9 0.38125 0.9611111109375001 0.3796875 0.9625 0.375 0.95555555625 0.36484375 0.9444444437499999 0.35546875 0.9472222218749999 0.3421875 0.9416666671874999 0.33515625 0.95694444375 0.32890625 0.95 0.28671875 0.9444444437499999 0.28125 0.9208333328125 0.28046875 0.9013888890624999 0.27578125 0.8388888890624999 0.275 0.83194444375 0.28046875 0.8208333328125 0.28203125 0.8263888890625 0.2953125 0.8194444437499999 0.3 0.8083333328125001 0.30234375 0.8055555562500001 0.30625 0.80694444375 0.32421875 0.834722221875 0.3328125 0.8361111109375001 0.3375 0.8486111109375001 0.34609375 0.8541666671874999 0.36171875 0.8666666671875 0.3625 0.8736111109375001 0.36875
7 0.8222222218749999 0.45859375 0.8222222218749999 0.4625 0.8291666671875 0.46796875 0.8541666671874999 0.4734375 0.8708333328125001 0.4734375 0.8791666671874999 0.4765625 0.9375 0.4765625 0.9666666671874999 0.47421875 0.9902777781250001 0.4671875 0.9930555562500001 0.4265625 0.9791666671874999 0.39375 0.9736111109375001 0.3890625 0.9611111109375001 0.38828125 0.8847222218749999 0.38828125 0.8652777781250001 0.3953125 0.847222221875 0.39375 0.834722221875 0.39921875 0.8208333328125 0.4 0.815277778125 0.41875 0.8194444437499999 0.428125 0.83194444375 0.43828125 0.8875 0.4390625 0.91944444375 0.4453125 0.9166666671874999 0.45390625 0.9069444437499999 0.45703125 0.827777778125 0.45625 0.8222222218749999 0.45859375
7 0.8736111109375001 0.79296875 0.8736111109375001 0.78828125 0.8625 0.784375 0.85694444375 0.7859375 0.859722221875 0.79296875 0.8736111109375001 0.79296875
7 0.8986111109375001 0.7953125 0.902777778125 0.7953125 0.9013888890624999 0.79296875 0.8986111109375001 0.7953125
7 0.925 0.75234375 0.9236111109375 0.74921875 0.915277778125 0.7484375 0.8416666671874999 0.7453125 0.8416666671874999 0.76640625 0.85694444375 0.76953125 0.9111111109375001 0.77109375 0.91805555625 0.76875 0.925 0.75234375
7 0.89444444375 0.68515625 0.88055555625 0.69375 0.872222221875 0.6953125 0.8583333328125 0.7078125 0.8541666671874999 0.71796875 0.8444444437499999 0.72578125 0.8444444437499999 0.73671875 0.9305555562500001 0.7390625 0.952777778125 0.6875 0.952777778125 0.6796875 0.9444444437499999 0.6765625 0.8986111109375001 0.67734375 0.89444444375 0.68515625
7 0.8833333328125 0.79296875 0.8861111109375001 0.7921875 0.8847222218749999 0.7890625 0.8833333328125 0.79296875
7 0.9013888890624999 0.7875 0.89444444375 0.78828125 0.890277778125 0.7953125 0.902777778125 0.79765625 0.9055555562500001 0.79375 0.9055555562500001 0.7875 0.9013888890624999 0.7875
7 0.952777778125 0.8375 0.95 0.83671875 0.9361111109375001 0.83515625 0.9305555562500001 0.8421875 0.9444444437499999 0.8421875 0.952777778125 0.8375
7 0.9416666671874999 0.82890625 0.95555555625 0.82734375 0.9541666671875 0.825 0.9416666671874999 0.82265625 0.9416666671874999 0.82890625
7 0.7402777781250001 0.99296875 0.7416666671875001 0.99921875 0.7791666671875 0.99921875 0.7805555562500001 0.99296875 0.765277778125 0.98828125 0.74444444375 0.9875 0.7402777781250001 0.99296875
7 0.8 0.96484375 0.7666666671875 0.9625 0.7569444437499999 0.9640625 0.7541666671875 0.96953125 0.76944444375 0.97421875 0.79444444375 0.975 0.8027777781250001 0.96796875 0.8 0.96484375
4 0.6944444437499999 0.96640625 0.7458333328125 0.96875 0.75 0.96640625 0.747222221875 0.9640625 0.7194444437499999 0.9515625 0.684722221875 0.9484375 0.6777777781250001 0.95546875 0.6666666671875 0.95625 0.665277778125 0.9609375 0.6944444437499999 0.96640625
4 0.734722221875 0.0828125 0.715277778125 0.075 0.70694444375 0.08046875 0.6833333328125 0.08671875 0.64305555625 0.0875 0.6416666671875 0.09296875 0.6569444437499999 0.1 0.6763888890625 0.0953125 0.715277778125 0.09921875 0.7333333328125 0.09140625 0.747222221875 0.08984375 0.7486111109375 0.08671875 0.7430555562500001 0.0828125 0.734722221875 0.0828125