2 0.01328125 0.43194444374999996 0.0125 0.45694444375 0.01484375 0.4763888890625 0.025 0.477777778125 0.0328125 0.46805555625000006 0.03046875 0.4486111109375 0.025 0.427777778125 0.02109375 0.42222222187499997 0.01328125 0.43194444374999996
1 0.3890625 0.26805555625 0.38515625 0.25694444375000003 0.38515625 0.19305555624999998 0.3828125 0.1875 0.38515625 0.15 0.3828125 0.13888888906250002 0.3828125 0.10555555624999999 0.3796875 0.1 0.3703125 0.10555555624999999 0.371875 0.22553472187499998 0.35625 0.25555555625 0.36015625 0.25555555625 0.3631990140625 0.269078946875 0.36640625 0.2708333328125 0.37578125 0.2888888890625 0.3828125 0.28055555625 0.40078125 0.2888888890625 0.4015625 0.28055555625 0.3890625 0.26805555625
1 0.43203125 0.240277778125 0.45234375 0.25 0.46875 0.2513888890625 0.46796875 0.2416666671875 0.45546875 0.23472222187499997 0.4515625 0.2166666671875 0.45234375 0.17916666718750002 0.4546875 0.1708333328125 0.45390625 0.08194444375 0.44453125 0.08055555625000001 0.44140625 0.0916666671875 0.44140625 0.215277778125 0.43828125 0.22638888906250001 0.42578125 0.22638888906250001 0.42578125 0.23055555625 0.428125 0.23333333281250002 0.43046875 0.22777777812500002 0.4375 0.22916666718749998 0.43203125 0.240277778125
7 0.90625 0.27638888906250003 0.9109375 0.2666666671875 0.9140625 0.2486111109375 0.9265625 0.23055555625 0.91640625 0.1833333328125 0.9109375 0.17361111093749998 0.89296875 0.15972222187500001 0.86875 0.1541666671875 0.85234375 0.1583333328125 0.84296875 0.1541666671875 0.81875 0.15694444375 0.81953125 0.184722221875 0.83359375 0.20416666718749998 0.84921875 0.2166666671875 0.85078125 0.23611111093749998 0.878125 0.25833333281250004 0.88203125 0.27638888906250003 0.88671875 0.28055555625 0.90625 0.27638888906250003
7 0.9796875 0.3416666671875 0.99921875 0.34027777812500004 0.99921875 0.2666666671875 0.99296875 0.25833333281250004 0.98671875 0.259722221875 0.9828125 0.275 0.98046875 0.30694444375 0.9796875 0.3416666671875
7 0.94296875 0.23194444375 0.92734375 0.23333333281250002 0.91328125 0.25694444375000003 0.9078125 0.28611111093749997 0.90703125 0.29444444375 0.9203125 0.322222221875 0.94375 0.33055555625 0.95 0.3513888890625 0.95703125 0.35555555625 0.9671875 0.30416666718749996 0.96953125 0.24583333281250003 0.94296875 0.23194444375
7 0.8484375 0.23333333281250002 0.84296875 0.222222221875 0.83359375 0.21805555625 0.8328125 0.20694444375 0.82734375 0.19583333281249998 0.81640625 0.190277778125 0.8171875 0.18194444375000002 0.8125 0.19583333281249998 0.81015625 0.25555555625 0.8171875 0.25555555625 0.8171875 0.26527777812500003 0.82421875 0.272222221875 0.8375 0.2708333328125 0.84140625 0.27638888906250003 0.84765625 0.2638888890625 0.8484375 0.23333333281250002
7 0.76875 0.1583333328125 0.76171875 0.15277777812499999 0.74609375 0.165277778125 0.73671875 0.190277778125 0.7375 0.2208333328125 0.74375 0.22638888906250001 0.7546875 0.2208333328125 0.76640625 0.22916666718749998 0.76875 0.21944444375 0.76875 0.19583333281249998 0.775 0.184722221875 0.76875 0.1583333328125
7 0.78984375 0.140277778125 0.7859375 0.13888888906250002 0.7828125 0.147222221875 0.7796875 0.1861111109375 0.78125 0.2125 0.77890625 0.24444444375000002 0.78125 0.25555555625 0.78671875 0.25694444375000003 0.790625 0.2416666671875 0.7953125 0.1541666671875 0.79375 0.14444444375 0.78984375 0.140277778125
7 0.99921875 0.22777777812500002 0.9921875 0.222222221875 0.98828125 0.23333333281250002 0.9875 0.2541666671875 0.99921875 0.25555555625 0.99921875 0.22777777812500002
7 0.97421875 0.20555555625 0.96953125 0.197222221875 0.92890625 0.16944444375 0.91875 0.1708333328125 0.91875 0.190277778125 0.92421875 0.20416666718749998 0.92890625 0.20833333281250002 0.93046875 0.22777777812500002 0.959375 0.23611111093749998 0.96796875 0.24305555625 0.971875 0.240277778125 0.97421875 0.20555555625
7 0.9765625 0.1458333328125 0.96015625 0.13333333281249998 0.93671875 0.12222222187500001 0.934375 0.134722221875 0.9296875 0.13055555624999998 0.9296875 0.12222222187500001 0.925 0.1291666671875 0.9421875 0.14305555625 0.946875 0.14305555625 0.9578125 0.15555555625 0.971875 0.1611111109375 0.978125 0.1611111109375 0.9796875 0.15694444375 0.9765625 0.1458333328125
7 0.73984375 0.16640625 0.003125 0.003125
7 0.78828125 0.09444444375 0.7875 0.1 0.79296875 0.1111111109375 0.7953125 0.0958333328125 0.78828125 0.09444444375
7 0.75078125 0.072222221875 0.74609375 0.075 0.74765625 0.0888888890625 0.74453125 0.11805555625 0.74453125 0.1541666671875 0.76796875 0.1513888890625 0.7703125 0.13194444375 0.7703125 0.0958333328125 0.76796875 0.08194444375 0.75078125 0.072222221875
7 0.7359375 0.1666666671875 0.7375 0.102777778125 0.74140625 0.072222221875 0.7234375 0.058333332812500006 0.7015625 0.055555556250000006 0.6828125 0.04444444375 0.678125 0.0458333328125 0.6765625 0.055555556250000006 0.6765625 0.1 0.69140625 0.1111111109375 0.69296875 0.1291666671875 0.696875 0.13888888906250002 0.71484375 0.15555555625 0.728125 0.1611111109375 0.73046875 0.1666666671875 0.7359375 0.1666666671875
7 0.83984375 0.1208333328125 0.8375 0.1291666671875 0.8390625 0.15 0.8453125 0.1541666671875 0.87734375 0.1541666671875 0.8828125 0.15 0.87265625 0.134722221875 0.8578125 0.1291666671875 0.85078125 0.1208333328125 0.83984375 0.1208333328125
7 0.85625 0.08194444375 0.875 0.1041666671875 0.89375 0.11388888906250001 0.89609375 0.08055555625000001 0.8734375 0.07083333281250001 0.8609375 0.07083333281250001 0.85625 0.077777778125 0.85625 0.08194444375
4 0.8265625 0.5625 0.8421875 0.540277778125 0.846875 0.522222221875 0.84921875 0.49444444374999996 0.85390625 0.477777778125 0.853125 0.46805555625000006 0.83984375 0.45694444375 0.83203125 0.47222222187499996 0.8203125 0.48194444374999995 0.8140625 0.5013888890625 0.815625 0.5166666671875 0.81015625 0.5944444437499999 0.8125 0.6013888890625 0.8125 0.6166666671875001 0.81796875 0.6208333328125 0.81953125 0.609722221875 0.82265625 0.60555555625 0.8265625 0.5625
4 0.5828125 0.15972222187500001 0.58515625 0.1583333328125 0.5859375 0.13333333281249998 0.58125 0.10833333281249999 0.57734375 0.115277778125 0.575 0.15555555625 0.5828125 0.15972222187500001