7 0.878125 0.25833333281250004 0.8828125 0.27638888906250003 0.92421875 0.27638888906250003 0.9296875 0.2666666671875 0.9296875 0.23055555625 0.915625 0.18055555625 0.91015625 0.172222221875 0.88671875 0.15694444375 0.865625 0.1541666671875 0.85625 0.15555555625 0.85234375 0.1611111109375 0.84921875 0.15555555625 0.82578125 0.1583333328125 0.81953125 0.1611111109375 0.81640625 0.16805555625 0.815625 0.1986111109375 0.81953125 0.2208333328125 0.828125 0.2236111109375 0.8375 0.2166666671875 0.84453125 0.2166666671875 0.8484375 0.2208333328125 0.85078125 0.23611111093749998 0.878125 0.25833333281250004
7 0.94921875 0.31805555625 0.96171875 0.33055555625 0.96875 0.28055555625 0.96875 0.259722221875 0.96484375 0.259722221875 0.9578125 0.26944444375 0.95 0.2986111109375 0.94921875 0.31805555625
7 0.9859375 0.259722221875 0.9828125 0.27638888906250003 0.9765625 0.33194444375 0.99140625 0.3513888890625 0.99921875 0.352777778125 0.99921875 0.28055555625 0.99609375 0.27777777812500004 0.9953125 0.26805555625 0.990625 0.25833333281250004 0.9859375 0.259722221875
7 0.87265625 0.134722221875 0.85 0.1263888890625 0.84765625 0.13055555624999998 0.8453125 0.1263888890625 0.84453125 0.1291666671875 0.8484375 0.13194444375 0.846875 0.14305555625 0.8546875 0.15 0.875 0.1541666671875 0.884375 0.1513888890625 0.88359375 0.1458333328125 0.87265625 0.134722221875
7 0.95859375 0.1111111109375 0.96171875 0.11944444375 0.9671875 0.11805555625 0.97421875 0.10555555624999999 0.97421875 0.1 0.9625 0.084722221875 0.96171875 0.0875 0.95859375 0.1111111109375
7 0.85703125 0.077777778125 0.85625 0.08055555625000001 0.875 0.1041666671875 0.88828125 0.11388888906250001 0.89765625 0.115277778125 0.89765625 0.08055555625000001 0.878125 0.072222221875 0.86171875 0.072222221875 0.85703125 0.077777778125
7 0.921875 0.072222221875 0.91015625 0.08055555625000001 0.90703125 0.0958333328125 0.90625 0.1208333328125 0.925 0.13194444375 0.93125 0.1263888890625 0.9453125 0.1263888890625 0.9515625 0.10833333281249999 0.95390625 0.08333333281250001 0.940625 0.072222221875 0.921875 0.072222221875
7 0.06875 0.5888888890625 0.06640625 0.584722221875 0.0640625 0.590277778125 0.065625 0.5986111109375 0.06328125 0.6083333328125 0.06484375 0.6166666671875001 0.0625 0.6208333328125 0.06328125 0.64444444375 0.0671875 0.6152777781250001 0.065625 0.6041666671875 0.06875 0.5888888890625
7 0.0625 0.577777778125 0.06796875 0.575 0.06796875 0.5583333328125 0.09921875 0.5513888890625 0.10625 0.559722221875 0.10625 0.5916666671875 0.11015625 0.6041666671875 0.11875 0.6166666671875001 0.12578125 0.6208333328125 0.1421875 0.6166666671875001 0.1421875 0.597222221875 0.13828125 0.58194444375 0.13515625 0.5458333328125 0.13203125 0.5375 0.13046875 0.51805555625 0.1265625 0.5111111109375 0.12265625 0.477777778125 0.1171875 0.46666666718750005 0.11640625 0.43333333281249997 0.09453125 0.43333333281249997 0.0921875 0.4388888890625 0.0875 0.440277778125 0.07578125 0.4625 0.06875 0.46388888906250003 0.06328125 0.4513888890625 0.0625 0.45694444375 0.0671875 0.4625 0.06328125 0.46759305624999997 0.065625 0.5 0.0578125 0.5236111109375 0.05859375 0.5458333328125 0.0625 0.5555555562500001 0.06015625 0.5722222218749999 0.0625 0.577777778125
7 0.15390625 0.41944444374999995 0.14921875 0.427777778125 0.15625 0.527777778125 0.16484375 0.5763888890625 0.19296875 0.56805555625 0.2125 0.56805555625 0.21953125 0.55694444375 0.23046875 0.55694444375 0.24375 0.5638888890625 0.27421875 0.565277778125 0.28515625 0.5722222218749999 0.2953125 0.590277778125 0.31796875 0.5930555562500001 0.33046875 0.5791666671875 0.33828125 0.5583333328125 0.34765625 0.5541666671875001 0.359375 0.534722221875 0.3625 0.522222221875 0.3640625 0.46805555625000006 0.36171875 0.447222221875 0.35625 0.43194444374999996 0.3421875 0.41111111093749997 0.31953125 0.39305555625 0.3 0.36805555624999997 0.29375 0.365277778125 0.2921875 0.35972222187499997 0.2828125 0.3541666671875 0.27421875 0.3333333328125 0.26171875 0.3291666671875 0.25390625 0.315277778125 0.246875 0.32777777812500003 0.23203125 0.33055555625 0.22265625 0.3583333328125 0.21953125 0.3541666671875 0.21875 0.34305555625 0.1984375 0.33055555625 0.18515625 0.3083333328125 0.1390625 0.290277778125 0.13828125 0.33055555625 0.14296875 0.3416666671875 0.14296875 0.3513888890625 0.1734375 0.38333333281250004 0.16796875 0.4138888890625 0.16484375 0.41805555625 0.15 0.41805555625 0.15390625 0.41944444374999995
7 0 0.25833333281250004 0.01328125 0.26805555625 0.025 0.2708333328125 0.03125 0.28472222187499996 0.03984375 0.28611111093749997 0.0515625 0.2958333328125 0.06015625 0.29444444375 0.0953125 0.309722221875 0.10234375 0.315277778125 0.10625 0.32777777812500003 0.1125 0.32777777812500003 0.11015625 0.28472222187499996 0.10546875 0.26944444375 0.08828125 0.2638888890625 0.05546875 0.24305555625 0.03515625 0.240277778125 0.0046875 0.2236111109375 0 0.2236111109375 0 0.25833333281250004
7 0.34453125 0.1708333328125 0.365625 0.16805555625 0.36953125 0.1541666671875 0.3703125 0.11388888906250001 0.3734375 0.10555555624999999 0.38046875 0.1 0.3796875 0.0388888890625 0.375 0.0375 0.3546875 0.055555556250000006 0.3484375 0.05 0.33359375 0.052777778124999994 0.3296875 0.04305555625 0.2875 0.05 0.28125 0.058333332812500006 0.275 0.10555555624999999 0.275 0.165277778125 0.28203125 0.17916666718750002 0.296875 0.172222221875 0.3015625 0.190277778125 0.3109375 0.19583333281249998 0.32421875 0.19305555624999998 0.3328125 0.1666666671875 0.34453125 0.1708333328125
7 0.41796875 0.184722221875 0.42734375 0.17916666718750002 0.4390625 0.15555555625 0.44140625 0.1416666671875 0.45625 0.14305555625 0.4578125 0.17361111093749998 0.46953125 0.16388888906250001 0.4765625 0.14444444375 0.478125 0.10138888906250001 0.47421875 0.0958333328125 0.4765625 0.08055555625000001 0.47578125 0.04305555625 0.4671875 0.009722221875000001 0.42890625 0.00555555625 0.3953125 0.019444443750000002 0.38984375 0.025 0.38828125 0.0361111109375 0.39140625 0.06527777812499999 0.3875 0.09305555625 0.38828125 0.1125 0.39375 0.13194444375 0.39375 0.15694444375 0.4 0.16944444375 0.4 0.18055555625 0.41796875 0.184722221875
7 0.78671875 0.134722221875 0.79140625 0.13194444375 0.7890625 0.1291666671875 0.78203125 0.140277778125 0.78671875 0.1416666671875 0.78671875 0.134722221875
7 0.7890625 0.10555555624999999 0.796875 0.1041666671875 0.79296875 0.0958333328125 0.790625 0.1 0.7875 0.0958333328125 0.7890625 0.10555555624999999
7 0.75 0.075 0.74609375 0.125 0.74609375 0.1583333328125 0.7625 0.15972222187500001 0.7671875 0.15555555625 0.7703125 0.13888888906250002 0.76875 0.13194444375 0.77265625 0.0861111109375 0.76796875 0.08055555625000001 0.75 0.075
7 0.73984375 0.097222221875 0.73984375 0.072222221875 0.7375 0.06805555625000001 0.6859375 0.047222221875 0.68125 0.047222221875 0.6765625 0.058333332812500006 0.67734375 0.10138888906250001 0.68515625 0.10555555624999999 0.6953125 0.13055555624999998 0.7109375 0.14305555625 0.7171875 0.1541666671875 0.72578125 0.15972222187500001 0.7359375 0.1583333328125 0.73984375 0.097222221875
7 0.9875 0.252777778125 0.99296875 0.25694444375000003 0.9953125 0.24444444375000002 0.99921875 0.240277778125 0.99921875 0.22638888906250001 0.99375 0.2208333328125 0.98828125 0.23472222187499997 0.9875 0.252777778125
7 0.975 0.20555555625 0.96953125 0.197222221875 0.93515625 0.17361111093749998 0.925 0.16805555625 0.91953125 0.16944444375 0.91875 0.1875 0.93125 0.23194444375 0.93515625 0.23611111093749998 0.94921875 0.23055555625 0.96015625 0.23194444375 0.96640625 0.24444444375000002 0.971875 0.2388888890625 0.975 0.20555555625
7 0.94765625 0.1263888890625 0.93046875 0.12222222187500001 0.925 0.125 0.925 0.1375 0.93046875 0.14305555625 0.9609375 0.15972222187500001 0.96875 0.16805555625 0.97890625 0.16805555625 0.9796875 0.1583333328125 0.975 0.14305555625 0.94765625 0.1263888890625
4 0.04765625 0.502777778125 0.05 0.5013888890625 0.04765625 0.43194444374999996 0.05 0.40555555625000006 0.0328125 0.38333333281250004 0.03125 0.3708333328125 0.025 0.375 0.025 0.3958333328125 0.02109375 0.40555555625000006 0.01875 0.4291666671875 0.02578125 0.434722221875 0.0265625 0.45555555625000005 0.03125 0.48194444374999995 0.03046875 0.5041666671875 0.04765625 0.502777778125
4 0.546875 0.15 0.5484375 0.15972222187500001 0.55234375 0.1611111109375 0.55546875 0.15555555625 0.55859375 0.11805555625 0.5546875 0.10555555624999999 0.55 0.10694444375 0.546875 0.15