2 0.9765625 0.575 0.98125 0.575 0.98671875 0.56805555625 0.9859375 0.5291666671875 0.98359375 0.5236111109375 0.975 0.522222221875 0.9671875 0.5333333328125 0.9703125 0.5541666671875001 0.9765625 0.575
1 0.64375 0.7458333328125 0.63984375 0.74444444375 0.6368009859375 0.730921053125 0.63359375 0.7291666671875 0.625 0.715277778125 0.61640625 0.7208333328125 0.59921875 0.7111111109375 0.5984375 0.7194444437499999 0.6109375 0.73194444375 0.61484375 0.747222221875 0.6171875 0.89444444375 0.61953125 0.8986111109375001 0.6296875 0.8958333328125001 0.628125 0.7458333328125 0.64375 0.7458333328125
1 0.5546875 0.91944444375 0.55859375 0.909722221875 0.55859375 0.784722221875 0.56015625 0.7736111109375 0.56875 0.7708333328125 0.56875 0.7638888890625 0.54765625 0.75 0.53125 0.7486111109375 0.53125 0.7569444437499999 0.54296875 0.7638888890625 0.54765625 0.7791666671875 0.54765625 0.8208333328125 0.5453125 0.827777778125 0.54609375 0.9138888890624999 0.54921875 0.91944444375 0.5546875 0.91944444375
7 0.00078125 0.6611111109375 0.00078125 0.7333333328125 0.00625 0.7402777781250001 0.0125 0.7416666671875001 0.0171875 0.7236111109375 0.021875 0.6583333328125 0.00078125 0.6611111109375
7 0.0921875 0.7138888890625 0.0921875 0.702777778125 0.084375 0.6916666671875 0.0796875 0.6777777781250001 0.075 0.672222221875 0.05546875 0.66805555625 0.0546875 0.6583333328125 0.04765625 0.6458333328125 0.04296875 0.64444444375 0.0328125 0.6972222218749999 0.03046875 0.7541666671875 0.05703125 0.76805555625 0.07265625 0.7666666671875 0.0859375 0.74444444375 0.0921875 0.7138888890625
7 0.11484375 0.8444444437499999 0.1390625 0.8458333328125001 0.14765625 0.840277778125 0.15546875 0.8444444437499999 0.1796875 0.8444444437499999 0.18046875 0.81805555625 0.16640625 0.7958333328125 0.15234375 0.784722221875 0.15 0.765277778125 0.146875 0.7597222218749999 0.121875 0.7416666671875001 0.1171875 0.722222221875 0.1078125 0.7194444437499999 0.09375 0.7236111109375 0.08515625 0.7513888890625 0.0734375 0.76944444375 0.084375 0.81805555625 0.0953125 0.83194444375 0.11484375 0.8444444437499999
7 0.0078125 0.7791666671875 0.01171875 0.7666666671875 0.0125 0.747222221875 0.00078125 0.74444444375 0.00078125 0.7736111109375 0.0078125 0.7791666671875
7 0.0515625 0.76805555625 0.03203125 0.7569444437499999 0.028125 0.7597222218749999 0.02578125 0.79444444375 0.03046875 0.8027777781250001 0.071875 0.83055555625 0.08046875 0.83055555625 0.08125 0.8111111109375001 0.0703125 0.7833333328125 0.06953125 0.772222221875 0.0515625 0.76805555625
7 0.07421875 0.8736111109375001 0.075 0.8708333328125001 0.0625 0.859722221875 0.053125 0.85694444375 0.05078125 0.85 0.04375 0.8444444437499999 0.02421875 0.8361111109375001 0.02109375 0.8388888890624999 0.021875 0.852777778125 0.03984375 0.8666666671875 0.05703125 0.875 0.0625 0.875 0.0671875 0.8666666671875 0.06875 0.877777778125 0.07421875 0.8736111109375001
7 0.1703125 0.8013888890624999 0.1796875 0.809722221875 0.18125 0.81805555625 0.1875 0.8055555562500001 0.18984375 0.7458333328125 0.18125 0.7458333328125 0.1796875 0.73194444375 0.1625 0.73194444375 0.15859375 0.725 0.153125 0.7402777781250001 0.1578125 0.7513888890625 0.15546875 0.7569444437499999 0.15625 0.7638888890625 0.15859375 0.7638888890625 0.16875 0.784722221875 0.16796875 0.79444444375 0.1703125 0.8013888890624999
7 0.26328125 0.8111111109375001 0.2640625 0.7888888890625 0.2609375 0.777777778125 0.2546875 0.7736111109375 0.24296875 0.777777778125 0.234375 0.7708333328125 0.23125 0.7819444437499999 0.23125 0.8027777781250001 0.22421875 0.8111111109375001 0.2234375 0.8166666671874999 0.22890625 0.827777778125 0.23125 0.8430555562500001 0.240625 0.847222221875 0.25390625 0.8361111109375001 0.26328125 0.8111111109375001
7 0.2140625 0.7430555562500001 0.209375 0.765277778125 0.2046875 0.8458333328125001 0.209375 0.859722221875 0.2140625 0.8611111109375 0.2171875 0.852777778125 0.2203125 0.815277778125 0.21875 0.790277778125 0.22109375 0.7569444437499999 0.21953125 0.7458333328125 0.2140625 0.7430555562500001
7 0.20703125 0.8708333328125001 0.2109375 0.8736111109375001 0.2109375 0.8680555562500001 0.20703125 0.8708333328125001
7 0.2046875 0.902777778125 0.2109375 0.9055555562500001 0.21171875 0.897222221875 0.20703125 0.8916666671875 0.20703125 0.8861111109375001 0.2046875 0.902777778125
7 0.23125 0.9166666671874999 0.25234375 0.9277777781250001 0.2546875 0.8986111109375001 0.2546875 0.8458333328125001 0.24453125 0.8444444437499999 0.2390625 0.852777778125 0.23125 0.852777778125 0.22890625 0.8833333328125 0.23125 0.9166666671874999
7 0.3234375 0.9 0.3140625 0.89444444375 0.30859375 0.8861111109375001 0.30703125 0.86944444375 0.3 0.85694444375 0.2640625 0.8333333328125001 0.2625 0.8958333328125001 0.25859375 0.925 0.2765625 0.9416666671874999 0.29921875 0.9444444437499999 0.3171875 0.95555555625 0.32265625 0.952777778125 0.3234375 0.9444444437499999 0.3234375 0.9
7 0.146875 0.8444444437499999 0.140625 0.8486111109375001 0.121875 0.847222221875 0.11875 0.8513888890624999 0.1203125 0.85694444375 0.1328125 0.86944444375 0.14375 0.872222221875 0.15 0.8791666671874999 0.16171875 0.877777778125 0.16328125 0.8638888890624999 0.1609375 0.85 0.146875 0.8444444437499999
7 0.12890625 0.9 0.10625 0.8861111109375001 0.10390625 0.91944444375 0.12734375 0.9291666671875 0.14296875 0.9263888890624999 0.14375 0.91944444375 0.12890625 0.9
4 0.59453125 0.8222222218749999 0.5890625 0.8291666671875 0.584375 0.827777778125 0.5828125 0.8819444437499999 0.5890625 0.897222221875 0.59296875 0.89444444375 0.596875 0.88055555625 0.596875 0.8314819437500001 0.59375 0.827777778125 0.596875 0.8236111109375001 0.59453125 0.8222222218749999
4 0.56875 0.68194444375 0.5625 0.68194444375 0.56171875 0.6875 0.56171875 0.69305555625 0.57109375 0.715277778125 0.56875 0.7388888890625 0.5703125 0.76944444375 0.57421875 0.775 0.57578125 0.784722221875 0.58203125 0.7833333328125 0.58125 0.7611111109375 0.5890625 0.7513888890625 0.58359375 0.7402777781250001 0.58203125 0.727777778125 0.5828125 0.6958333328124999 0.5890625 0.6805555562500001 0.58828125 0.6763888890625 0.58828125 0.68194444375 0.5859375 0.6833333328125 0.58203125 0.6763888890625 0.57890625 0.6791666671875001 0.575 0.6972222218749999 0.56953125 0.69305555625 0.56875 0.68194444375