2 0.025 0.4625 0.03125 0.46944444374999994 0.0421875 0.46666666718750005 0.0453125 0.447222221875 0.03828125 0.4375 0.0359375 0.42083333281249996 0.025 0.41944444374999995 0.025 0.4625
1 0.3859375 0.2833333328125 0.39375 0.290277778125 0.3953125 0.28194444375 0.38671875 0.25833333281250004 0.38515625 0.2416666671875 0.38671875 0.109722221875 0.375 0.102777778125 0.371875 0.10555555624999999 0.3703125 0.11388888906250001 0.37265625 0.1513888890625 0.37265625 0.252777778125 0.36875 0.259722221875 0.36015625 0.259722221875 0.359375 0.26527777812500003 0.36796875 0.272222221875 0.375 0.28611111093749997 0.3859375 0.2833333328125
1 0.46875 0.24305555625 0.45703125 0.23611111093749998 0.45390625 0.225 0.45390625 0.18194444375000002 0.45625 0.16944444375 0.45390625 0.1458333328125 0.4546875 0.084722221875 0.44296875 0.0875 0.4421875 0.2166666671875 0.43828125 0.22777777812500002 0.43125 0.22638888906250001 0.4296875 0.23055555625 0.4328125 0.2388888890625 0.4390625 0.24305555625 0.4671875 0.2513888890625 0.46875 0.24305555625
6 0.7078125 0.28194444375 0.72109375 0.28472222187499996 0.72890625 0.275 0.7390625 0.2791666671875 0.7609375 0.27777777812500004 0.76328125 0.272222221875 0.7640625 0.2388888890625 0.7609375 0.2236111109375 0.76328125 0.215277778125 0.75546875 0.197222221875 0.75 0.1916666671875 0.73671875 0.190277778125 0.7328125 0.17916666718750002 0.73046875 0.1583333328125 0.71171875 0.1513888890625 0.69140625 0.15 0.6796875 0.1666666671875 0.66953125 0.16805555625 0.665625 0.1763888890625 0.6625 0.1763888890625 0.6609375 0.1708333328125 0.65625 0.17916666718750002 0.65546875 0.21111111093749999 0.66171875 0.2388888890625 0.66640625 0.24305555625 0.68203125 0.2416666671875 0.696875 0.24722222187499998 0.7 0.252777778125 0.70234375 0.272222221875 0.7078125 0.28194444375
6 0.65078125 0.25833333281250004 0.65703125 0.2513888890625 0.65703125 0.2388888890625 0.65390625 0.22777777812500002 0.6359375 0.222222221875 0.63359375 0.2166666671875 0.6375 0.2 0.63671875 0.190277778125 0.609375 0.1763888890625 0.5984375 0.15972222187500001 0.57578125 0.1611111109375 0.56875 0.18055555625 0.56640625 0.197222221875 0.56875 0.22638888906250001 0.575 0.23333333281250002 0.57578125 0.240277778125 0.5859375 0.24583333281250003 0.59375 0.25555555625 0.60546875 0.259722221875 0.65078125 0.25833333281250004
7 0.878125 0.25833333281250004 0.88203125 0.27638888906250003 0.88671875 0.28055555625 0.89765625 0.27638888906250003 0.921875 0.2791666671875 0.93125 0.2638888890625 0.93046875 0.23333333281250002 0.9265625 0.22638888906250001 0.915625 0.18055555625 0.90625 0.16944444375 0.88515625 0.15555555625 0.86953125 0.1541666671875 0.8546875 0.1583333328125 0.84375 0.1541666671875 0.81953125 0.15555555625 0.81640625 0.16805555625 0.815625 0.19444444375 0.81875 0.2208333328125 0.825 0.22916666718749998 0.83125 0.23055555625 0.8375 0.21805555625 0.846875 0.21944444375 0.85078125 0.23611111093749998 0.878125 0.25833333281250004
7 0.99296875 0.2791666671875 0.99921875 0.27777777812500004 0.99921875 0.222222221875 0.99296875 0.21944444375 0.9890625 0.23194444375 0.9875 0.26805555625 0.99296875 0.2791666671875
7 0.96875 0.25 0.97265625 0.24305555625 0.975 0.22638888906250001 0.975 0.20555555625 0.97265625 0.20138888906250002 0.928125 0.16944444375 0.9234375 0.16805555625 0.91875 0.17361111093749998 0.91875 0.1888888890625 0.9234375 0.19583333281249998 0.925 0.20972222187499998 0.9296875 0.21805555625 0.93046875 0.23055555625 0.93515625 0.2388888890625 0.95234375 0.23611111093749998 0.96875 0.25
7 0.95234375 0.15 0.978125 0.15972222187500001 0.978125 0.1513888890625 0.97421875 0.14444444375 0.95546875 0.13055555624999998 0.9421875 0.125 0.9265625 0.127777778125 0.95234375 0.15
7 0.796875 0.13055555624999998 0.79453125 0.11944444375 0.796875 0.115277778125 0.7984375 0.0958333328125 0.7875 0.09305555625 0.79296875 0.1125 0.7875 0.1111111109375 0.784375 0.13194444375 0.77890625 0.1375 0.78515625 0.14305555625 0.7859375 0.1513888890625 0.79140625 0.15277777812499999 0.796875 0.13055555624999998
7 0.7671875 0.08194444375 0.75 0.072222221875 0.7453125 0.1583333328125 0.7640625 0.15972222187500001 0.76875 0.15555555625 0.76875 0.1458333328125 0.77265625 0.1375 0.7703125 0.13333333281249998 0.77109375 0.09305555625 0.7671875 0.08194444375
7 0.8375 0.059375 0.00078125 0.0015625
7 0.7390625 0.06944444375 0.7171875 0.05694444375 0.7 0.054166667187499996 0.68046875 0.04444444375 0.67578125 0.07083333281250001 0.675 0.0916666671875 0.68046875 0.1041666671875 0.6859375 0.10555555624999999 0.690625 0.11388888906250001 0.69140625 0.1291666671875 0.72578125 0.15555555625 0.73671875 0.15555555625 0.7390625 0.06944444375