2 0.0140625 0.47083333281249995 0.01875 0.477777778125 0.025 0.477777778125 0.0328125 0.46666666718750005 0.0296875 0.4458333328125 0.02265625 0.425 0.01328125 0.43194444374999996 0.0140625 0.47083333281249995
1 0.4375 0.24305555625 0.45234375 0.25 0.46875 0.2513888890625 0.46875 0.24305555625 0.45625 0.23611111093749998 0.45234375 0.2208333328125 0.45234375 0.18055555625 0.4546875 0.172222221875 0.45390625 0.08333333281250001 0.44453125 0.08055555625000001 0.4421875 0.0861111109375 0.44140625 0.2166666671875 0.43828125 0.22916666718749998 0.4265625 0.22638888906250001 0.42578125 0.23055555625 0.428125 0.23333333281250002 0.43125 0.22777777812500002 0.43203125 0.240277778125 0.4375 0.24305555625
1 0.4015625 0.28055555625 0.3890625 0.26805555625 0.38515625 0.25555555625 0.3859375 0.19305555624999998 0.3828125 0.1888888890625 0.38515625 0.1541666671875 0.3828125 0.140277778125 0.3828125 0.10555555624999999 0.38046875 0.10138888906250001 0.3734375 0.10138888906250001 0.3703125 0.10555555624999999 0.371875 0.2541666671875 0.35703125 0.2541666671875 0.36015625 0.25555555625 0.3631990140625 0.269078946875 0.36640625 0.2708333328125 0.36875 0.2791666671875 0.375 0.28611111093749997 0.38828125 0.28055555625 0.4 0.2888888890625 0.4015625 0.28055555625
6 0.78203125 0.27638888906250003 0.7875 0.26527777812500003 0.78828125 0.23472222187499997 0.7828125 0.2236111109375 0.7796875 0.22777777812500002 0.77890625 0.272222221875 0.78203125 0.27638888906250003
6 0.77890625 0.1796875 0.0046875 0.0015625
6 0.775 0.1703125 0.0015625 0.0015625
6 0.71171875 0.2388888890625 0.7171875 0.21805555625 0.72265625 0.21805555625 0.72890625 0.23194444375 0.73125 0.2666666671875 0.7375 0.27638888906250003 0.74375 0.27777777812500004 0.75 0.2666666671875 0.75078125 0.24305555625 0.7640625 0.2416666671875 0.76640625 0.23472222187499997 0.76875 0.18055555625 0.7609375 0.16805555625 0.75703125 0.11805555625 0.75 0.10555555624999999 0.72578125 0.0958333328125 0.7125 0.09444444375 0.70625 0.097222221875 0.70234375 0.10555555624999999 0.69921875 0.140277778125 0.68828125 0.15555555625 0.68359375 0.16944444375 0.6875 0.17916666718750002 0.68828125 0.225 0.69453125 0.2388888890625 0.70703125 0.2416666671875 0.71171875 0.2388888890625
7 0.85390625 0.240277778125 0.878125 0.25833333281250004 0.88125 0.275 0.8859375 0.2791666671875 0.90625 0.27638888906250003 0.9109375 0.2666666671875 0.9140625 0.2486111109375 0.9265625 0.23055555625 0.915625 0.18194444375000002 0.9109375 0.17361111093749998 0.890625 0.1583333328125 0.85625 0.15555555625 0.8484375 0.18194444375000002 0.84453125 0.18055555625 0.846875 0.15972222187500001 0.8453125 0.1625 0.84375 0.1583333328125 0.8375 0.15694444375 0.834375 0.165277778125 0.82578125 0.16388888906250001 0.82578125 0.16805555625 0.8203125 0.15972222187500001 0.821875 0.16388888906250001 0.81953125 0.16805555625 0.81953125 0.18055555625 0.8296875 0.19305555624999998 0.83359375 0.20416666718749998 0.84765625 0.215277778125 0.85 0.23472222187499997 0.85390625 0.240277778125
7 0.99921875 0.34027777812500004 0.99921875 0.2666666671875 0.9921875 0.25833333281250004 0.9875 0.25833333281250004 0.9828125 0.27638888906250003 0.97890625 0.3416666671875 0.99921875 0.34027777812500004
7 0.9671875 0.302777778125 0.96953125 0.24583333281250003 0.94296875 0.23194444375 0.93046875 0.23194444375 0.9203125 0.24305555625 0.9125 0.259722221875 0.90703125 0.2958333328125 0.9234375 0.3263888890625 0.94140625 0.33055555625 0.94609375 0.34444444375 0.95234375 0.3541666671875 0.95703125 0.35555555625 0.9609375 0.34722222187499996 0.9671875 0.302777778125
7 0.9875 0.252777778125 0.99296875 0.25694444375000003 0.99921875 0.25555555625 0.99921875 0.22638888906250001 0.99453125 0.21805555625 0.99140625 0.21944444375 0.98828125 0.23472222187499997 0.9875 0.252777778125
7 0.96953125 0.197222221875 0.92890625 0.16944444375 0.9203125 0.16805555625 0.91875 0.172222221875 0.91875 0.1888888890625 0.92890625 0.20972222187499998 0.93046875 0.22777777812500002 0.9484375 0.23194444375 0.96796875 0.24305555625 0.971875 0.2388888890625 0.97421875 0.20555555625 0.96953125 0.197222221875
7 0.96015625 0.13333333281249998 0.93515625 0.12222222187500001 0.92578125 0.1263888890625 0.925 0.1291666671875 0.934375 0.13333333281249998 0.9390625 0.140277778125 0.94921875 0.14444444375 0.95625 0.15555555625 0.97890625 0.15972222187500001 0.978125 0.147222221875 0.96015625 0.13333333281249998
7 0.85625 0.127777778125 0.85 0.1208333328125 0.83828125 0.12222222187500001 0.83671875 0.1361111109375 0.84140625 0.1513888890625 0.853125 0.15555555625 0.859375 0.1513888890625 0.88203125 0.15 0.88046875 0.14305555625 0.8671875 0.13055555624999998 0.85625 0.127777778125
7 0.859375 0.07083333281250001 0.85625 0.08055555625000001 0.875 0.1041666671875 0.88828125 0.11388888906250001 0.89453125 0.1125 0.89765625 0.0861111109375 0.8953125 0.0791666671875 0.8796875 0.072222221875 0.859375 0.07083333281250001
4 0.14375 0.3083333328125 0.146875 0.30555555624999997 0.14296875 0.302777778125 0.1453125 0.290277778125 0.15390625 0.3 0.15546875 0.29722222187499997 0.15078125 0.29305555625 0.15546875 0.2875 0.15078125 0.28055555625 0.15546875 0.27777777812500004 0.153125 0.259722221875 0.1546875 0.23194444375 0.15078125 0.21805555625 0.1453125 0.2138888890625 0.14296875 0.20555555625 0.13828125 0.20694444375 0.13671875 0.25555555625 0.13984375 0.26805555625 0.14921875 0.2791666671875 0.14140625 0.28055555625 0.1453125 0.28472222187499996 0.1421875 0.29305555625 0.14140625 0.30555555624999997 0.14375 0.3083333328125