2 0.575 0.0234375 0.575 0.01875 0.56805555625 0.01328125 0.5291666671875 0.0140625 0.522222221875 0.01875 0.522222221875 0.025 0.5333333328125 0.0328125 0.5513888890625 0.03046875 0.575 0.0234375
1 0.7486111109375 0.384375 0.8444444437499999 0.384375 0.8611111109375 0.38203125 0.8958333328125001 0.38203125 0.8986111109375001 0.384375 0.9 0.3765625 0.89444444375 0.36953125 0.8791666671874999 0.371875 0.8083333328125001 0.3703125 0.7986111109375 0.37265625 0.74444444375 0.3703125 0.7402777781250001 0.3578125 0.734722221875 0.35703125 0.7291666671875 0.36640625 0.7111111109375 0.37578125 0.7111111109375 0.3796875 0.7194444437499999 0.38359375 0.7111111109375 0.4 0.7194444437499999 0.4015625 0.7361111109375 0.38828125 0.7486111109375 0.384375
6 0.7708333328125 0.78046875 0.7263888890625 0.77890625 0.7236111109375 0.78203125 0.7333333328125 0.78671875 0.7638888890625 0.78828125 0.7763888890625 0.784375 0.777777778125 0.78203125 0.7708333328125 0.78046875
6 0.8194444437499999 0.7796875 0.8222222218749999 0.77578125 0.8208333328125 0.77421875 0.8194444437499999 0.7796875
6 0.722222221875 0.74296875 0.734722221875 0.75 0.7569444437499999 0.75078125 0.7569444437499999 0.7640625 0.76805555625 0.76640625 0.8194444437499999 0.76875 0.8236111109375001 0.76328125 0.83194444375 0.76015625 0.8819444437499999 0.75703125 0.89444444375 0.75 0.9041666671874999 0.72578125 0.902777778125 0.70625 0.89444444375 0.7015625 0.85694444375 0.6984375 0.8444444437499999 0.68828125 0.83055555625 0.68359375 0.8222222218749999 0.6875 0.7736111109375 0.6890625 0.7611111109375 0.69453125 0.7569444437499999 0.7046875 0.7611111109375 0.71171875 0.7819444437499999 0.71796875 0.7819444437499999 0.72265625 0.76805555625 0.728125 0.7333333328125 0.73125 0.7236111109375 0.7375 0.722222221875 0.74296875
7 0.7236111109375 0.98125 0.709722221875 0.9828125 0.6611111109375 0.978125 0.6569444437499999 0.98046875 0.659722221875 0.99921875 0.73194444375 0.99921875 0.7416666671875001 0.98984375 0.7236111109375 0.98125
7 0.702777778125 0.9078125 0.6916666671875 0.915625 0.6777777781250001 0.9203125 0.672222221875 0.925 0.66944444375 0.94140625 0.6486111109375 0.95 0.64444444375 0.9578125 0.722222221875 0.9703125 0.7541666671875 0.96953125 0.76805555625 0.9421875 0.76805555625 0.93046875 0.7541666671875 0.91796875 0.7138888890625 0.9078125 0.702777778125 0.9078125
7 0.909722221875 0.96171875 0.86944444375 0.96015625 0.8680555562500001 0.9671875 0.89305555625 0.975 0.902777778125 0.975 0.9138888890624999 0.96640625 0.9138888890624999 0.9625 0.909722221875 0.96171875
7 0.8986111109375001 0.90546875 0.8819444437499999 0.9046875 0.8708333328125001 0.925 0.8708333328125001 0.92890625 0.877777778125 0.93125 0.8791666671874999 0.95 0.8958333328125001 0.95390625 0.91944444375 0.9515625 0.9291666671875 0.9328125 0.91944444375 0.90703125 0.9069444437499999 0.9015625 0.902777778125 0.90078125 0.8986111109375001 0.90546875
7 0.8263888890625 0.9109375 0.8416666671874999 0.890625 0.8458333328125001 0.8625 0.8444444437499999 0.85703125 0.8361111109375001 0.8515625 0.8416666671874999 0.8484375 0.8444444437499999 0.840625 0.8416666671874999 0.8171875 0.8194444437499999 0.81640625 0.8027777781250001 0.83046875 0.7861111109375 0.8375 0.7833333328125 0.84921875 0.7638888890625 0.8515625 0.7569444437499999 0.85546875 0.7416666671875001 0.878125 0.725 0.88125 0.7208333328125 0.88515625 0.722222221875 0.90625 0.7513888890625 0.9140625 0.76944444375 0.9265625 0.81805555625 0.915625 0.8263888890625 0.9109375
7 0.722222221875 0.50859375 0.7333333328125 0.5171875 0.75 0.51796875 0.790277778125 0.5109375 0.79444444375 0.5046875 0.73194444375 0.5046875 0.722222221875 0.50859375
7 0.725 0.4359375 0.7083333328125 0.4390625 0.6944444437499999 0.44921875 0.6958333328124999 0.46015625 0.70694444375 0.4640625 0.7083333328125 0.47578125 0.7138888890625 0.478125 0.8486111109375001 0.4796875 0.8666666671875 0.47421875 0.8888888890625 0.46015625 0.89444444375 0.45390625 0.8986111109375001 0.42890625 0.902777778125 0.425 0.9138888890624999 0.36015625 0.9041666671874999 0.3375 0.897222221875 0.33359375 0.8819444437499999 0.33125 0.7819444437499999 0.33125 0.7736111109375 0.3375 0.7666666671875 0.353125 0.747222221875 0.35625 0.7416666671875001 0.3625 0.74444444375 0.36953125 0.7541666671875 0.371875 0.8013888890624999 0.371875 0.7986111109375 0.3828125 0.75 0.38515625 0.74444444375 0.3875 0.7430555562500001 0.39921875 0.7333333328125 0.4125 0.725 0.4359375
7 0.777777778125 0.99453125 0.7736111109375 0.98984375 0.7458333328125 0.98828125 0.74444444375 0.99921875 0.772222221875 0.99921875 0.777777778125 0.99453125
7 0.76805555625 0.94765625 0.7569444437499999 0.96796875 0.7597222218749999 0.971875 0.79444444375 0.97421875 0.8027777781250001 0.96953125 0.83055555625 0.92890625 0.83055555625 0.91953125 0.8111111109375001 0.91875 0.790277778125 0.92890625 0.7708333328125 0.93125 0.76805555625 0.94765625
7 0.85555555625 0.94765625 0.847222221875 0.9515625 0.8361111109375001 0.975 0.840277778125 0.97890625 0.852777778125 0.978125 0.86944444375 0.95546875 0.875 0.93125 0.8680555562500001 0.93046875 0.8736111109375001 0.92578125 0.8708333328125001 0.925 0.859722221875 0.93828125 0.85555555625 0.94765625
7 0.847222221875 0.88046875 0.852777778125 0.8828125 0.8652777781250001 0.8734375 0.872222221875 0.85625 0.8791666671874999 0.85078125 0.8791666671874999 0.83984375 0.872222221875 0.83828125 0.852777778125 0.8390625 0.8444444437499999 0.85 0.8486111109375001 0.86171875 0.847222221875 0.88046875
7 0.9263888890624999 0.85703125 0.91944444375 0.85625 0.9 0.87109375 0.8861111109375001 0.89375 0.9083333328125001 0.89765625 0.91944444375 0.89609375 0.9291666671875 0.8734375 0.9263888890624999 0.85703125
4 0.790277778125 0.3109375 0.7638888890625 0.31015625 0.7638888890625 0.31796875 0.7666666671875 0.321875 0.8444444437499999 0.31953125 0.85555555625 0.31328125 0.85 0.3078125 0.8416666671874999 0.3109375 0.827777778125 0.30546875 0.8208333328125 0.30546875 0.790277778125 0.3109375
4 0.83055555625 0.275 0.8125 0.275 0.8027777781250001 0.278125 0.765277778125 0.2796875 0.7611111109375 0.28125 0.7611111109375 0.28671875 0.7666666671875 0.29140625 0.8291666671875 0.29140625 0.8361111109375001 0.2875 0.8444444437499999 0.28828125 0.8444444437499999 0.28125 0.8361111109375001 0.2796875 0.83055555625 0.275
4 0.7833333328125 0.275 0.8333333328125001 0.275 0.85 0.27265625 0.8541666671874999 0.26953125 0.85 0.2671875 0.8125 0.26640625 0.76944444375 0.26953125 0.765277778125 0.27421875 0.76805555625 0.278125 0.7833333328125 0.275
4 0.8583333328125 0.28671875 0.8458333328125001 0.28203125 0.8444444437499999 0.2859375 0.8333333328125001 0.28828125 0.83055555625 0.29140625 0.809722221875 0.2921875 0.797222221875 0.296875 0.7763888890625 0.3 0.7736111109375 0.30390625 0.8208333328125 0.2984375 0.8444444437499999 0.3015625 0.86944444375 0.29140625 0.8680555562500001 0.28671875 0.8583333328125 0.28671875