2 0.0140625 0.47222222187499996 0.01875 0.477777778125 0.025 0.477777778125 0.0328125 0.46805555625000006 0.03046875 0.4486111109375 0.02265625 0.425 0.01328125 0.43194444374999996 0.0140625 0.47222222187499996
1 0.43203125 0.240277778125 0.4375 0.24305555625 0.45234375 0.25 0.46875 0.2513888890625 0.46953125 0.24583333281250003 0.4671875 0.2416666671875 0.45546875 0.23472222187499997 0.45234375 0.21944444375 0.45234375 0.17916666718750002 0.4546875 0.172222221875 0.45390625 0.08333333281250001 0.44453125 0.08055555625000001 0.4421875 0.0861111109375 0.44140625 0.215277778125 0.43828125 0.22916666718749998 0.4265625 0.22638888906250001 0.42578125 0.23055555625 0.428125 0.23333333281250002 0.43046875 0.22777777812500002 0.434375 0.22916666718749998 0.43203125 0.240277778125
1 0.4015625 0.28055555625 0.38515625 0.25555555625 0.3828125 0.1986111109375 0.38515625 0.15 0.3828125 0.10555555624999999 0.3796875 0.1 0.3703125 0.1041666671875 0.371875 0.24845694375 0.35625 0.25555555625 0.36015625 0.25555555625 0.3631990140625 0.269078946875 0.36640625 0.2708333328125 0.36875 0.2791666671875 0.375 0.28611111093749997 0.3875 0.28055555625 0.4 0.2888888890625 0.4015625 0.28055555625
6 0.6484375 0.2236111109375 0.63515625 0.21944444375 0.62734375 0.1888888890625 0.60546875 0.17361111093749998 0.59765625 0.15972222187500001 0.5765625 0.15972222187500001 0.5703125 0.16944444375 0.5671875 0.1861111109375 0.5671875 0.21944444375 0.57734375 0.24305555625 0.58515625 0.25 0.6046875 0.259722221875 0.65078125 0.25833333281250004 0.65625 0.252777778125 0.6546875 0.23055555625 0.6484375 0.2236111109375
6 0.7796875 0.22777777812500002 0.78125 0.2416666671875 0.77890625 0.2736111109375 0.78203125 0.27638888906250003 0.78671875 0.26805555625 0.78828125 0.2388888890625 0.7859375 0.22777777812500002 0.78203125 0.2236111109375 0.7796875 0.22777777812500002
6 0.71171875 0.2388888890625 0.715625 0.21944444375 0.72265625 0.21805555625 0.72890625 0.23194444375 0.73125 0.2666666671875 0.7375 0.27638888906250003 0.74296875 0.27777777812500004 0.75 0.2666666671875 0.75078125 0.24305555625 0.7640625 0.2416666671875 0.76640625 0.23333333281250002 0.76875 0.18055555625 0.76015625 0.16805555625 0.75703125 0.11805555625 0.75 0.10555555624999999 0.72578125 0.0958333328125 0.7078125 0.097222221875 0.70234375 0.10555555624999999 0.6984375 0.14305555625 0.68828125 0.15555555625 0.68359375 0.16944444375 0.6875 0.177777778125 0.68828125 0.225 0.69453125 0.2388888890625 0.70703125 0.2416666671875 0.71171875 0.2388888890625
7 0.8828125 0.27777777812500004 0.890625 0.28055555625 0.8953125 0.27638888906250003 0.90703125 0.27638888906250003 0.9109375 0.26805555625 0.9140625 0.24722222187499998 0.9265625 0.23055555625 0.915625 0.18194444375000002 0.9109375 0.17361111093749998 0.89296875 0.15972222187500001 0.86875 0.1541666671875 0.85546875 0.15555555625 0.853125 0.15972222187500001 0.84375 0.15555555625 0.821875 0.15694444375 0.8203125 0.15972222187500001 0.825 0.16805555625 0.8328125 0.20138888906250002 0.84921875 0.21805555625 0.85 0.23472222187499997 0.85390625 0.240277778125 0.878125 0.25833333281250004 0.8828125 0.27777777812500004
7 0.99921875 0.33888888906250003 0.99921875 0.26805555625 0.99453125 0.2611111109375 0.98671875 0.2611111109375 0.98046875 0.30555555624999997 0.97890625 0.3416666671875 0.99921875 0.33888888906250003
7 0.9671875 0.3013888890625 0.96953125 0.24583333281250003 0.9421875 0.23194444375 0.93046875 0.23194444375 0.9203125 0.24305555625 0.9125 0.2611111109375 0.90703125 0.29722222187499997 0.9140625 0.30555555624999997 0.92421875 0.32777777812500003 0.94296875 0.33055555625 0.946875 0.334722221875 0.9515625 0.35 0.95703125 0.35555555625 0.9671875 0.3013888890625
7 0.99296875 0.25694444375000003 0.99921875 0.25555555625 0.99921875 0.22638888906250001 0.99296875 0.2208333328125 0.98828125 0.23472222187499997 0.9875 0.252777778125 0.99296875 0.25694444375000003
7 0.96953125 0.197222221875 0.92890625 0.16944444375 0.91953125 0.16944444375 0.91875 0.1875 0.9296875 0.2125 0.93125 0.22916666718749998 0.94765625 0.23194444375 0.96796875 0.24305555625 0.971875 0.240277778125 0.97421875 0.20555555625 0.96953125 0.197222221875
7 0.9359375 0.12222222187500001 0.92734375 0.125 0.925 0.1291666671875 0.94609375 0.14305555625 0.95625 0.15555555625 0.9734375 0.16388888906250001 0.97890625 0.15972222187500001 0.978125 0.147222221875 0.96015625 0.13333333281249998 0.9359375 0.12222222187500001
7 0.8578125 0.1291666671875 0.8484375 0.11944444375 0.83828125 0.12222222187500001 0.83671875 0.13888888906250002 0.83984375 0.1513888890625 0.853125 0.15555555625 0.86015625 0.1513888890625 0.8828125 0.15 0.88046875 0.14305555625 0.8671875 0.13055555624999998 0.8578125 0.1291666671875
7 0.8578125 0.072222221875 0.85625 0.08055555625000001 0.8625 0.0888888890625 0.87578125 0.1041666671875 0.89375 0.11388888906250001 0.89765625 0.084722221875 0.8953125 0.0791666671875 0.8734375 0.07083333281250001 0.8578125 0.072222221875