7 0.84140625 0.12361111093749999 0.84453125 0.14444444375 0.853125 0.15 0.878125 0.1541666671875 0.884375 0.15 0.87265625 0.134722221875 0.84375 0.1208333328125 0.84140625 0.12361111093749999
7 0.96953125 0.10555555624999999 0.96796875 0.09444444375 0.9625 0.09305555625 0.96171875 0.11805555625 0.96640625 0.115277778125 0.96953125 0.10555555624999999
7 0.90625 0.0861111109375 0.90625 0.11944444375 0.9234375 0.1291666671875 0.94921875 0.11805555625 0.9546875 0.0916666671875 0.95234375 0.08194444375 0.93125 0.07083333281250001 0.9125 0.077777778125 0.90625 0.0861111109375
7 0.8578125 0.08194444375 0.87109375 0.1 0.89765625 0.115277778125 0.896875 0.08055555625000001 0.86953125 0.07083333281250001 0.86328125 0.07083333281250001 0.8578125 0.077777778125 0.8578125 0.08194444375
7 0.878125 0.25833333281250004 0.88203125 0.27638888906250003 0.88671875 0.28055555625 0.8953125 0.27638888906250003 0.91953125 0.2791666671875 0.925 0.27638888906250003 0.9296875 0.2666666671875 0.93046875 0.23333333281250002 0.915625 0.18194444375000002 0.9046875 0.16805555625 0.88203125 0.15555555625 0.85546875 0.15555555625 0.8484375 0.177777778125 0.83984375 0.16944444375 0.83515625 0.1583333328125 0.8203125 0.15972222187500001 0.815625 0.16944444375 0.815625 0.20833333281250002 0.81953125 0.222222221875 0.83125 0.22638888906250001 0.8375 0.215277778125 0.8453125 0.215277778125 0.84921875 0.21944444375 0.85078125 0.23611111093749998 0.878125 0.25833333281250004
7 0.9640625 0.30416666718749996 0.96640625 0.29305555625 0.9625 0.2916666671875 0.9625 0.28611111093749997 0.96640625 0.2833333328125 0.96640625 0.2708333328125 0.96953125 0.2638888890625 0.96796875 0.25 0.9578125 0.2625 0.95 0.29305555625 0.94453125 0.3 0.94375 0.30416666718749996 0.9484375 0.31805555625 0.9546875 0.32083333281250004 0.95625 0.33055555625 0.959375 0.32777777812500003 0.9609375 0.33194444375 0.95625 0.3166666671875 0.9640625 0.30416666718749996
7 0.99609375 0.25 0.99921875 0.24444444375000002 0.99921875 0.22638888906250001 0.98984375 0.23055555625 0.98046875 0.29722222187499997 0.97890625 0.3375 0.98984375 0.3513888890625 0.99921875 0.352777778125 0.99921875 0.2791666671875 0.99609375 0.26944444375 0.99921875 0.2638888890625 0.99921875 0.252777778125 0.99609375 0.25
7 0.01171875 0.41111111093749997 0.01875 0.4 0.00703125 0.397222221875 0.00390625 0.40416666718750005 0.00078125 0.4 0.0046875 0.40972222187499996 0.01171875 0.41111111093749997
7 0 0.5583333328125 0.03203125 0.559722221875 0.03828125 0.5416666671875 0.0578125 0.5416666671875 0.06015625 0.55694444375 0.05703125 0.58055555625 0.06171875 0.6111111109375 0.06640625 0.6180555562500001 0.0625 0.6208333328125 0.065755209375 0.6254629625 0.07578125 0.5541666671875001 0.09375 0.55 0.10546875 0.5541666671875001 0.10625 0.5958333328125 0.10859375 0.602777778125 0.11640625 0.609722221875 0.11875 0.6166666671875001 0.1265625 0.6208333328125 0.1375 0.6208333328125 0.1421875 0.6166666671875001 0.14140625 0.584722221875 0.13203125 0.5388888890625 0.13046875 0.5166666671875 0.1265625 0.5083333328124999 0.12421875 0.4763888890625 0.12265625 0.46805555625000006 0.115625 0.4583333328125 0.12265625 0.44166666718750003 0.11640625 0.3916666671875 0.1078125 0.39305555625 0.059375 0.427777778125 0.04453125 0.43333333281249997 0.03125 0.447222221875 0.02890625 0.45555555625000005 0.02421875 0.45555555625000005 0.01875 0.4458333328125 0.01796875 0.43055555625 0.0140625 0.427777778125 0.01015625 0.440277778125 0 0.44166666718750003 0 0.45416666718750004 0.00390625 0.45694444375 0.00625 0.46805555625000006 0.0046875 0.4888888890625 0 0.49444444374999996 0 0.5583333328125
7 0.16640625 0.5763888890625 0.19296875 0.56805555625 0.2125 0.56805555625 0.21953125 0.5555555562500001 0.22890625 0.5555555562500001 0.23671875 0.5625 0.27890625 0.5666666671875 0.2984375 0.5930555562500001 0.31796875 0.5930555562500001 0.3296875 0.5791666671875 0.33125 0.56805555625 0.33671875 0.55694444375 0.3484375 0.55 0.359375 0.5305555562500001 0.3640625 0.5138888890625 0.3640625 0.46805555625000006 0.3609375 0.44444444375 0.35703125 0.434722221875 0.34140625 0.41111111093749997 0.31953125 0.39305555625 0.29140625 0.35694444375 0.2828125 0.352777778125 0.2734375 0.3333333328125 0.2609375 0.3291666671875 0.2546875 0.3138888890625 0.2484375 0.32777777812500003 0.23125 0.33194444375 0.22421875 0.35555555625 0.21953125 0.35555555625 0.2171875 0.34305555625 0.20625 0.3416666671875 0.19375 0.3513888890625 0.18125 0.34722222187499996 0.14765625 0.36805555624999997 0.14453125 0.3708333328125 0.1453125 0.40555555625000006 0.15 0.42222222187499997 0.15 0.45694444375 0.15390625 0.47222222187499996 0.15859375 0.5416666671875 0.16328125 0.5722222218749999 0.16640625 0.5763888890625
7 0.96484375 0.240277778125 0.96875 0.240277778125 0.96875 0.23194444375 0.9734375 0.222222221875 0.9734375 0.20972222187499998 0.9671875 0.19444444375 0.9515625 0.1875 0.928125 0.16944444375 0.91875 0.16805555625 0.91796875 0.1875 0.925 0.20277777812500003 0.93125 0.23055555625 0.9359375 0.23611111093749998 0.94296875 0.23611111093749998 0.953125 0.2236111109375 0.9609375 0.23055555625 0.96484375 0.240277778125
7 0.9375 0.12222222187500001 0.925 0.125 0.92421875 0.1291666671875 0.9375 0.14305555625 0.95625 0.1458333328125 0.975 0.1583333328125 0.97890625 0.15555555625 0.9765625 0.14305555625 0.96015625 0.13194444375 0.9375 0.12222222187500001
7 0.3625 0.1625 0.36875 0.15555555625 0.3703125 0.10694444375 0.38203125 0.097222221875 0.3875 0.0986111109375 0.38828125 0.11388888906250001 0.39375 0.13194444375 0.39375 0.15555555625 0.39921875 0.16944444375 0.4 0.17916666718750002 0.41171875 0.1875 0.41796875 0.1875 0.42890625 0.17916666718750002 0.43984375 0.1541666671875 0.43984375 0.11388888906250001 0.4421875 0.0875 0.4453125 0.08055555625000001 0.45390625 0.08333333281250001 0.45625 0.0916666671875 0.45546875 0.1416666671875 0.45859375 0.1763888890625 0.46796875 0.16805555625 0.46953125 0.1583333328125 0.47421875 0.15277777812499999 0.478125 0.13194444375 0.478125 0.0791666671875 0.47421875 0.0375 0.46875 0.015277778124999999 0.4625 0.006944443749999999 0.43046875 0.00555555625 0.3921875 0.022222221875 0.38828125 0.034722221875 0.3890625 0.0625 0.3921875 0.072222221875 0.38828125 0.08333333281250001 0.3828125 0.0888888890625 0.3796875 0.0791666671875 0.3796875 0.0388888890625 0.375 0.0375 0.3546875 0.055555556250000006 0.3484375 0.0513888890625 0.33359375 0.055555556250000006 0.32890625 0.04305555625 0.28671875 0.05 0.28125 0.05694444375 0.28046875 0.0791666671875 0.27578125 0.097222221875 0.275 0.16388888906250001 0.28203125 0.1763888890625 0.2953125 0.1708333328125 0.30546875 0.19305555624999998 0.32421875 0.19305555624999998 0.33359375 0.165277778125 0.3625 0.16944444375 0.3625 0.1625
7 0.78125 0.1375 0.78671875 0.1458333328125 0.79296875 0.14305555625 0.79296875 0.12222222187500001 0.78828125 0.12361111093749999 0.7859375 0.13333333281249998 0.78125 0.1375
7 0.79296875 0.115277778125 0.790625 0.115277778125 0.7890625 0.1166666671875 0.79296875 0.115277778125
7 0.79453125 0.1 0.796875 0.1041666671875 0.79375 0.097222221875 0.78828125 0.097222221875 0.790625 0.10555555624999999 0.79453125 0.1
7 0.75234375 0.075 0.7484375 0.077777778125 0.74765625 0.0861111109375 0.74765625 0.1263888890625 0.74453125 0.1541666671875 0.74765625 0.15972222187500001 0.76171875 0.15972222187500001 0.76875 0.1513888890625 0.7703125 0.09444444375 0.77265625 0.0861111109375 0.75234375 0.075
7 0.7375 0.1541666671875 0.7390625 0.06944444375 0.72265625 0.059722221875 0.6859375 0.047222221875 0.68125 0.047222221875 0.6765625 0.061111110937500004 0.6765625 0.1 0.68828125 0.109722221875 0.6953125 0.1291666671875 0.70078125 0.1375 0.7109375 0.14305555625 0.71796875 0.15555555625 0.734375 0.15972222187500001 0.7375 0.1541666671875
4 0.96171875 0.3333333328125 0.96875 0.28194444375 0.96796875 0.25 0.96171875 0.25694444375000003 0.95625 0.2833333328125 0.9546875 0.33055555625 0.96171875 0.3333333328125