2 0.4388888890625 0.9625 0.42083333281249996 0.9640625 0.41944444374999995 0.975 0.4625 0.975 0.46944444374999994 0.96953125 0.46805555625000006 0.96328125 0.4625 0.9578125 0.45555555625000005 0.9578125 0.4388888890625 0.9625
1 0.1041666671875 0.6265625 0.115277778125 0.6296875 0.1583333328125 0.62734375 0.252777778125 0.62734375 0.259722221875 0.63125 0.259722221875 0.63984375 0.26527777812500003 0.640625 0.272222221875 0.63203125 0.28611111093749997 0.625 0.2833333328125 0.6140625 0.290277778125 0.60546875 0.2833333328125 0.6046875 0.259722221875 0.61328125 0.1111111109375 0.6140625 0.1041666671875 0.61953125 0.1041666671875 0.6265625
1 0.2166666671875 0.5578125 0.22777777812500002 0.5625 0.22638888906250001 0.56875 0.23055555625 0.5703125 0.2388888890625 0.5671875 0.24305555625 0.56171875 0.2513888890625 0.53984375 0.2388888890625 0.5390625 0.24011752031250003 0.534224759375 0.22916666718749998 0.5453125 0.215277778125 0.54765625 0.1708333328125 0.54375 0.1416666671875 0.54609375 0.084722221875 0.5453125 0.0875 0.55703125 0.2166666671875 0.5578125
6 0.2236111109375 0.2390625 0.2166666671875 0.2375 0.1916666671875 0.25 0.1875 0.26484375 0.1583333328125 0.26953125 0.15 0.30859375 0.16388888906250001 0.31875 0.1666666671875 0.33046875 0.1763888890625 0.3359375 0.16805555625 0.3390625 0.177777778125 0.34375 0.215277778125 0.34453125 0.240277778125 0.3375 0.2416666671875 0.31484375 0.24722222187499998 0.303125 0.252777778125 0.3 0.272222221875 0.29765625 0.2833333328125 0.29140625 0.28472222187499996 0.28046875 0.275 0.271875 0.2791666671875 0.24375 0.27777777812500004 0.2390625 0.26944444375 0.2359375 0.23611111093749998 0.2359375 0.2236111109375 0.2390625
6 0.175 0.43046875 0.19583333281249998 0.43359375 0.21805555625 0.4328125 0.24305555625 0.42265625 0.259722221875 0.3953125 0.25833333281250004 0.34921875 0.2541666671875 0.34375 0.2388888890625 0.34296875 0.22916666718749998 0.3453125 0.21944444375 0.365625 0.1916666671875 0.3640625 0.17361111093749998 0.39375 0.15972222187500001 0.4015625 0.1611111109375 0.425 0.175 0.43046875
7 0.1291666671875 0.16328125 0.1361111109375 0.1625 0.1513888890625 0.15625 0.1541666671875 0.1453125 0.15 0.1328125 0.15555555625 0.1109375 0.1513888890625 0.10703125 0.147222221875 0.10859375 0.1458333328125 0.1171875 0.134722221875 0.12734375 0.127777778125 0.14375 0.1208333328125 0.15 0.12361111093749999 0.1609375 0.1291666671875 0.16328125
7 0.1166666671875 0.03359375 0.1041666671875 0.028125 0.097222221875 0.028125 0.09305555625 0.03515625 0.102777778125 0.0375 0.11805555625 0.0375 0.1166666671875 0.03359375
7 0.097222221875 0.0453125 0.08194444375 0.0484375 0.072222221875 0.06171875 0.072222221875 0.0765625 0.084722221875 0.09296875 0.11944444375 0.09375 0.1291666671875 0.078125 0.1263888890625 0.06171875 0.11944444375 0.05 0.097222221875 0.0453125
7 0.07083333281250001 0.128125 0.07083333281250001 0.1375 0.077777778125 0.1421875 0.0888888890625 0.1375 0.102777778125 0.125 0.11388888906250001 0.11171875 0.11388888906250001 0.10546875 0.08055555625000001 0.10234375 0.07083333281250001 0.128125
7 0.2666666671875 0.06953125 0.23333333281250002 0.06953125 0.2236111109375 0.07421875 0.18055555625 0.084375 0.172222221875 0.090625 0.15555555625 0.11484375 0.15555555625 0.14375 0.15972222187500001 0.14609375 0.15555555625 0.15703125 0.15555555625 0.18125 0.1611111109375 0.1828125 0.19305555624999998 0.1859375 0.20555555625 0.18203125 0.2208333328125 0.18125 0.22916666718749998 0.17578125 0.23055555625 0.16875 0.21805555625 0.1625 0.21944444375 0.153125 0.23611111093749998 0.14921875 0.25833333281250004 0.121875 0.27638888906250003 0.11796875 0.28055555625 0.11328125 0.27638888906250003 0.10234375 0.2791666671875 0.07734375 0.2666666671875 0.06953125
7 0.28055555625 0.00703125 0.2791666671875 0.00078125 0.21805555625 0.00078125 0.21805555625 0.0078125 0.23194444375 0.0109375 0.275 0.01171875 0.28055555625 0.00703125
7 0.1916666671875 0.08125 0.20972222187499998 0.0703125 0.23055555625 0.06953125 0.2388888890625 0.06484375 0.2416666671875 0.0390625 0.25 0.03125 0.24305555625 0.02734375 0.22638888906250001 0.025 0.20555555625 0.025 0.2 0.02734375 0.16944444375 0.07109375 0.16805555625 0.078125 0.17361111093749998 0.08125 0.1916666671875 0.08125
7 0.1611111109375 0.02421875 0.15972222187500001 0.01953125 0.1458333328125 0.021875 0.134722221875 0.03828125 0.125 0.05859375 0.125 0.06796875 0.13194444375 0.0703125 0.125 0.07265625 0.1263888890625 0.07421875 0.1291666671875 0.075 0.14305555625 0.05859375 0.1611111109375 0.02421875
7 0.09305555625 0.2125 0.1125 0.2125 0.11388888906250001 0.2078125 0.12361111093749999 0.20859375 0.1291666671875 0.2140625 0.1513888890625 0.2140625 0.1541666671875 0.21015625 0.15277777812499999 0.20703125 0.1458333328125 0.20546875 0.13055555624999998 0.2046875 0.125 0.2078125 0.115277778125 0.203125 0.097222221875 0.2015625 0.09305555625 0.20390625 0.09305555625 0.2125
7 0.07638888906249999 0.23984375 0.072222221875 0.25 0.077777778125 0.25078125 0.15972222187500001 0.2546875 0.1583333328125 0.23359375 0.15555555625 0.23125 0.0916666671875 0.22890625 0.08194444375 0.2328125 0.07638888906249999 0.23984375
7 0.055555556250000006 0.3234375 0.09305555625 0.325 0.10138888906250001 0.32265625 0.10555555624999999 0.31484375 0.1125 0.31171875 0.11944444375 0.309375 0.1291666671875 0.3109375 0.15555555625 0.27421875 0.15555555625 0.26328125 0.06944444375 0.2609375 0.059722221875 0.27578125 0.054166667187499996 0.3 0.04444444375 0.3171875 0.0458333328125 0.32109375 0.055555556250000006 0.3234375
4 0.39027777812500003 0.15625 0.33055555625 0.15625 0.31805555625 0.15078125 0.309722221875 0.1515625 0.3083333328125 0.1609375 0.3166666671875 0.1625 0.31805555625 0.16796875 0.32777777812500003 0.17265625 0.34027777812500004 0.17265625 0.3708333328125 0.18046875 0.38194444375000003 0.175 0.3888888890625 0.175 0.40694444374999994 0.18984375 0.41805555625 0.19375 0.4263888890625 0.19140625 0.427777778125 0.1875 0.41111111093749997 0.18203125 0.40416666718750005 0.16953125 0.44166666718750003 0.16875 0.447222221875 0.1578125 0.43194444374999996 0.16171875 0.39027777812500003 0.15625