2 0.5625 0.03828125 0.5791666671875 0.0359375 0.58055555625 0.025 0.5375 0.025 0.5305555562500001 0.02890625 0.5333333328125 0.0421875 0.54444444375 0.046875 0.5527777781250001 0.046875 0.5625 0.03828125
1 0.8861111109375001 0.38671875 0.89305555625 0.38515625 0.8958333328125001 0.38046875 0.8958333328125001 0.37265625 0.890277778125 0.3703125 0.859722221875 0.3703125 0.8458333328125001 0.37265625 0.75 0.37265625 0.7402777781250001 0.36875 0.7402777781250001 0.3609375 0.734722221875 0.359375 0.7236111109375 0.37109375 0.7111111109375 0.37578125 0.7166666671875 0.3859375 0.709722221875 0.39375 0.7166666671875 0.3953125 0.7388888890625 0.38671875 0.772222221875 0.38515625 0.8861111109375001 0.38671875
1 0.7833333328125 0.4421875 0.772222221875 0.4375 0.7736111109375 0.43125 0.76944444375 0.4296875 0.7569444437499999 0.43828125 0.7486111109375 0.4671875 0.75555555625 0.46875 0.7638888890625 0.45703125 0.784722221875 0.45234375 0.8291666671875 0.45625 0.8541666671874999 0.45390625 0.915277778125 0.4546875 0.9125 0.44296875 0.7833333328125 0.4421875
6 0.7805555562500001 0.7609375 0.784722221875 0.76484375 0.7833333328125 0.7625 0.8083333328125001 0.75 0.809722221875 0.73671875 0.8430555562500001 0.72890625 0.85 0.69140625 0.8333333328125001 0.68046875 0.83194444375 0.66953125 0.8222222218749999 0.6671875 0.8208333328125 0.65625 0.7888888890625 0.65546875 0.7611111109375 0.66171875 0.7569444437499999 0.6671875 0.7597222218749999 0.68125 0.752777778125 0.69765625 0.727777778125 0.70234375 0.7166666671875 0.70859375 0.715277778125 0.72109375 0.727777778125 0.72890625 0.7208333328125 0.73984375 0.722222221875 0.76015625 0.727777778125 0.76328125 0.7611111109375 0.7640625 0.7805555562500001 0.7609375
6 0.840277778125 0.5984375 0.8388888890624999 0.575 0.8194444437499999 0.56875 0.8041666671875 0.56640625 0.7736111109375 0.56875 0.75555555625 0.58125 0.7416666671875001 0.5984375 0.7402777781250001 0.60546875 0.7416666671875001 0.64375 0.7458333328125 0.65625 0.7597222218749999 0.65703125 0.7708333328125 0.6546875 0.7805555562500001 0.634375 0.7986111109375 0.6375 0.8111111109375001 0.63515625 0.8236111109375001 0.609375 0.840277778125 0.5984375
7 0.8458333328125001 0.84921875 0.85 0.86171875 0.847222221875 0.8921875 0.852777778125 0.8890625 0.852777778125 0.88203125 0.8652777781250001 0.87265625 0.872222221875 0.85625 0.8791666671874999 0.85078125 0.8791666671874999 0.8375 0.8652777781250001 0.8375 0.8486111109375001 0.84453125 0.8458333328125001 0.84921875
7 0.89444444375 0.9703125 0.9041666671874999 0.96953125 0.902777778125 0.96484375 0.8819444437499999 0.9625 0.89444444375 0.9703125
7 0.875 0.93203125 0.88055555625 0.94921875 0.8986111109375001 0.9546875 0.9166666671874999 0.953125 0.9277777781250001 0.9375 0.9277777781250001 0.9234375 0.9166666671874999 0.90703125 0.88055555625 0.90625 0.872222221875 0.91875 0.8708333328125001 0.9296875 0.875 0.93203125
7 0.9069444437499999 0.89765625 0.91944444375 0.896875 0.9291666671875 0.8703125 0.9291666671875 0.8625 0.922222221875 0.85703125 0.91944444375 0.85625 0.897222221875 0.875 0.8861111109375001 0.8890625 0.8861111109375001 0.89453125 0.9069444437499999 0.89765625
7 0.7236111109375 0.8953125 0.7208333328125 0.921875 0.73194444375 0.93046875 0.7666666671875 0.93046875 0.7763888890625 0.92578125 0.8194444437499999 0.915625 0.83194444375 0.90390625 0.834722221875 0.8953125 0.8444444437499999 0.8859375 0.8444444437499999 0.85625 0.8388888890624999 0.85234375 0.8444444437499999 0.84140625 0.8444444437499999 0.81953125 0.83194444375 0.81640625 0.80694444375 0.8140625 0.7958333328125 0.81796875 0.777777778125 0.81953125 0.7708333328125 0.825 0.772222221875 0.834375 0.7819444437499999 0.83671875 0.7819444437499999 0.84609375 0.777777778125 0.84921875 0.7638888890625 0.85078125 0.7416666671875001 0.878125 0.725 0.88125 0.7194444437499999 0.88671875 0.7194444437499999 0.89296875 0.7236111109375 0.8953125
7 0.79444444375 0.99921875 0.7819444437499999 0.98984375 0.7291666671875 0.9875 0.7194444437499999 0.99296875 0.7208333328125 0.99921875 0.79444444375 0.99921875
7 0.76944444375 0.93046875 0.7611111109375 0.93515625 0.7611111109375 0.959375 0.75 0.9703125 0.7833333328125 0.9765625 0.7986111109375 0.9734375 0.83055555625 0.928125 0.83194444375 0.9234375 0.8263888890625 0.91875 0.8138888890624999 0.91796875 0.7875 0.9296875 0.76944444375 0.93046875
7 0.85555555625 0.978125 0.875 0.94296875 0.8736111109375001 0.92734375 0.8708333328125001 0.92578125 0.8625 0.93359375 0.85 0.95078125 0.8388888890624999 0.97578125 0.840277778125 0.98046875 0.85555555625 0.978125
7 0.8847222218749999 0.7875 0.8486111109375001 0.7859375 0.847222221875 0.790625 0.8486111109375001 0.79296875 0.8708333328125001 0.79453125 0.877777778125 0.78984375 0.8833333328125 0.7921875 0.8847222218749999 0.7875
7 0.8847222218749999 0.79609375 0.890277778125 0.79375 0.89444444375 0.79765625 0.9055555562500001 0.79765625 0.9069444437499999 0.78828125 0.897222221875 0.7890625 0.8847222218749999 0.79609375
7 0.925 0.74921875 0.840277778125 0.7453125 0.840277778125 0.765625 0.8444444437499999 0.76875 0.9069444437499999 0.77109375 0.91944444375 0.765625 0.9277777781250001 0.7515625 0.925 0.74921875
7 0.95 0.67734375 0.940277778125 0.6765625 0.9083333328125001 0.675 0.8986111109375001 0.67734375 0.89305555625 0.68671875 0.88055555625 0.69140625 0.8708333328125001 0.69140625 0.859722221875 0.7015625 0.852777778125 0.71796875 0.8444444437499999 0.7265625 0.8444444437499999 0.73671875 0.9305555562500001 0.7390625 0.940277778125 0.7234375 0.9458333328125 0.7 0.95555555625 0.68203125 0.95 0.67734375