7 0.8859375 0.1513888890625 0.88125 0.14305555625 0.86640625 0.13055555624999998 0.85546875 0.1291666671875 0.84921875 0.12222222187500001 0.8421875 0.125 0.83984375 0.134722221875 0.84375 0.15 0.86640625 0.15 0.87421875 0.1541666671875 0.87578125 0.140277778125 0.88046875 0.14305555625 0.88125 0.1541666671875 0.8859375 0.1513888890625
7 0.9640625 0.08194444375 0.93828125 0.072222221875 0.92890625 0.07083333281250001 0.9140625 0.07638888906249999 0.9078125 0.08333333281250001 0.9046875 0.0986111109375 0.89453125 0.08055555625000001 0.8625 0.07638888906249999 0.8578125 0.08055555625000001 0.8734375 0.1041666671875 0.91875 0.1291666671875 0.94296875 0.125 0.95859375 0.13055555624999998 0.97421875 0.10694444375 0.9734375 0.097222221875 0.9640625 0.08194444375
7 0.8515625 0.23611111093749998 0.87109375 0.25555555625 0.87890625 0.25833333281250004 0.88125 0.2708333328125 0.88671875 0.2791666671875 0.89609375 0.275 0.92265625 0.27638888906250003 0.93046875 0.26527777812500003 0.93046875 0.23194444375 0.9265625 0.225 0.91640625 0.184722221875 0.9046875 0.16805555625 0.88125 0.15555555625 0.85078125 0.15694444375 0.83125 0.15277777812499999 0.81875 0.1611111109375 0.815625 0.16944444375 0.8140625 0.1875 0.8171875 0.2166666671875 0.8203125 0.222222221875 0.83125 0.222222221875 0.8375 0.215277778125 0.84453125 0.2138888890625 0.8484375 0.21805555625 0.8515625 0.23611111093749998
7 0.0640625 0.60555555625 0.0671875 0.6152777781250001 0.0671875 0.58055555625 0.0703125 0.5763888890625 0.06953125 0.5666666671875 0.07421875 0.5638888890625 0.0734375 0.5583333328125 0.07578125 0.5555555562500001 0.090625 0.5527777781250001 0.1 0.55694444375 0.10625 0.58194444375 0.1078125 0.6013888890625 0.11875 0.6166666671875001 0.125 0.6208333328125 0.13671875 0.6208333328125 0.14140625 0.6166666671875001 0.14140625 0.5861111109375 0.1375 0.575 0.13046875 0.51805555625 0.1265625 0.5125 0.1265625 0.48333333281249996 0.12265625 0.45555555625000005 0.11640625 0.44444444375 0.1171875 0.43333333281249997 0.09375 0.43333333281249997 0.08046875 0.45555555625000005 0.07421875 0.459722221875 0.06953125 0.45694444375 0.0671875 0.440277778125 0.0625 0.440277778125 0.0640625 0.5013888890625 0.05703125 0.5319444437499999 0.0609375 0.5541666671875001 0.06015625 0.5763888890625 0.065625 0.58194444375 0.0640625 0.5930555562500001 0.06640625 0.602777778125 0.0640625 0.60555555625
7 0.15 0.4625 0.1640625 0.5763888890625 0.19140625 0.56805555625 0.2125 0.56805555625 0.21953125 0.5555555562500001 0.23046875 0.5555555562500001 0.23671875 0.5625 0.278125 0.565277778125 0.2984375 0.5930555562500001 0.31796875 0.5930555562500001 0.3296875 0.58055555625 0.33125 0.5708333328124999 0.3375 0.5583333328125 0.3484375 0.5513888890625 0.36015625 0.527777778125 0.36484375 0.5013888890625 0.3609375 0.44305555625000004 0.34140625 0.41111111093749997 0.32578125 0.4 0.2890625 0.35694444375 0.2828125 0.3541666671875 0.27421875 0.3333333328125 0.2609375 0.3291666671875 0.25546875 0.3166666671875 0.24765625 0.32777777812500003 0.2328125 0.33055555625 0.22734375 0.34305555625 0.22421875 0.36805555624999997 0.2171875 0.3791666671875 0.21015625 0.3625 0.19140625 0.3416666671875 0.184375 0.322222221875 0.14765625 0.2916666671875 0.1375 0.2875 0.13828125 0.33055555625 0.14375 0.3513888890625 0.15859375 0.3763888890625 0.17265625 0.39305555625 0.175 0.40138888906250003 0.16015625 0.4263888890625 0.15 0.43333333281249997 0.15 0.4625
7 0.07734375 0.27777777812500004 0.08515625 0.28055555625 0.0953125 0.2916666671875 0.1015625 0.31805555625 0.11171875 0.3166666671875 0.109375 0.272222221875 0.10546875 0.2541666671875 0.06796875 0.21805555625 0.0453125 0.20555555625 0.03671875 0.19583333281249998 0.01953125 0.19305555624999998 0.00078125 0.18055555625 0 0.21805555625 0.02890625 0.2208333328125 0.040625 0.23611111093749998 0.04453125 0.25 0.0546875 0.25555555625 0.06328125 0.2666666671875 0.07421875 0.2708333328125 0.07734375 0.27777777812500004
7 0.3625 0.15555555625 0.36875 0.147222221875 0.36875 0.11388888906250001 0.38046875 0.0986111109375 0.37890625 0.0388888890625 0.3640625 0.04444444375 0.3546875 0.054166667187499996 0.3359375 0.054166667187499996 0.328125 0.04305555625 0.28828125 0.05 0.28125 0.058333332812500006 0.28125 0.08055555625000001 0.27578125 0.0986111109375 0.275 0.15555555625 0.278125 0.16805555625 0.28203125 0.17361111093749998 0.2953125 0.16944444375 0.3046875 0.19305555624999998 0.3234375 0.19305555624999998 0.33359375 0.165277778125 0.3625 0.15555555625
7 0.41875 0.1875 0.42890625 0.18055555625 0.434375 0.1666666671875 0.4390625 0.16388888906250001 0.4421875 0.134722221875 0.44296875 0.084722221875 0.4453125 0.08055555625000001 0.45234375 0.084722221875 0.4578125 0.097222221875 0.45546875 0.13888888906250002 0.4578125 0.16805555625 0.46015625 0.1708333328125 0.4703125 0.16388888906250001 0.478125 0.127777778125 0.478125 0.10138888906250001 0.475 0.0875 0.47421875 0.04305555625 0.47109375 0.03194444375 0.47265625 0.027777778125000003 0.46640625 0.009722221875000001 0.42890625 0.00555555625 0.39453125 0.019444443750000002 0.3890625 0.034722221875 0.38984375 0.06944444375 0.38671875 0.10694444375 0.39296875 0.13194444375 0.39375 0.15694444375 0.4 0.16944444375 0.4015625 0.17916666718750002 0.4109375 0.1875 0.41875 0.1875
7 0.99921875 0.2236111109375 0.99296875 0.21805555625 0.98828125 0.23333333281250002 0.9875 0.25555555625 0.99921875 0.25555555625 0.99921875 0.2236111109375
7 0.959375 0.22638888906250001 0.96484375 0.24305555625 0.96953125 0.24722222187499998 0.971875 0.24305555625 0.975 0.20555555625 0.96953125 0.197222221875 0.92890625 0.1708333328125 0.9203125 0.1708333328125 0.91953125 0.1888888890625 0.9234375 0.19583333281249998 0.925 0.2125 0.93125 0.22916666718749998 0.9375 0.23055555625 0.9390625 0.222222221875 0.95078125 0.2208333328125 0.959375 0.22638888906250001
7 0.925 0.13194444375 0.94296875 0.15 0.9765625 0.1583333328125 0.971875 0.14305555625 0.9609375 0.13333333281249998 0.9375 0.12222222187500001 0.92578125 0.1263888890625 0.925 0.13194444375
7 0.86015625 0.08194444375 0.8640625 0.0916666671875 0.875 0.10555555624999999 0.88984375 0.115277778125 0.9015625 0.115277778125 0.896875 0.08333333281250001 0.86328125 0.077777778125 0.86015625 0.08194444375
7 0.79609375 0.0958333328125 0.7890625 0.09444444375 0.7875 0.1 0.78515625 0.09444444375 0.7828125 0.0958333328125 0.79140625 0.1111111109375 0.7859375 0.140277778125 0.7890625 0.1458333328125 0.79296875 0.1458333328125 0.79140625 0.11944444375 0.79765625 0.10138888906250001 0.79609375 0.0958333328125
7 0.759375 0.07638888906249999 0.7484375 0.077777778125 0.7453125 0.15555555625 0.74765625 0.15972222187500001 0.76171875 0.15972222187500001 0.76875 0.1513888890625 0.7703125 0.1041666671875 0.7734375 0.0888888890625 0.76796875 0.08055555625000001 0.759375 0.07638888906249999
7 0.7375 0.1166666671875 0.74140625 0.097222221875 0.74140625 0.075 0.7375 0.06805555625000001 0.68671875 0.047222221875 0.67734375 0.047222221875 0.6765625 0.0513888890625 0.6765625 0.10138888906250001 0.68515625 0.10555555624999999 0.6953125 0.13055555624999998 0.71015625 0.14444444375 0.7140625 0.15277777812499999 0.7265625 0.15972222187500001 0.73515625 0.1583333328125 0.7375 0.1166666671875
4 0.8984375 0.447222221875 0.89296875 0.447222221875 0.8875 0.45555555625000005 0.8765625 0.4875 0.8734375 0.5625 0.86875 0.58194444375 0.86796875 0.6152777781250001 0.87578125 0.6180555562500001 0.89375 0.58055555625 0.8953125 0.55694444375 0.89921875 0.5458333328125 0.89765625 0.475 0.90390625 0.45555555625000005 0.8984375 0.447222221875
4 0.9828125 0.31944444375000003 0.98046875 0.31805555625 0.9765625 0.3333333328125 0.975 0.36666666718749996 0.96875 0.39444444375 0.96796875 0.40972222187499996 0.971875 0.41111111093749997 0.96875 0.42083333281249996 0.971875 0.415277778125 0.98046875 0.3736111109375 0.98515625 0.36944444375 0.984375 0.33055555625 0.9828125 0.31944444375000003