7 0.85078125 0.23611111093749998 0.878125 0.25833333281250004 0.88125 0.272222221875 0.8859375 0.2791666671875 0.8953125 0.275 0.92265625 0.275 0.9296875 0.26527777812500003 0.9296875 0.23055555625 0.92578125 0.2236111109375 0.91640625 0.1833333328125 0.91015625 0.172222221875 0.8921875 0.15972222187500001 0.86640625 0.1541666671875 0.85546875 0.15555555625 0.853125 0.15972222187500001 0.846875 0.15555555625 0.8265625 0.15694444375 0.81953125 0.15972222187500001 0.81640625 0.16805555625 0.81640625 0.20833333281250002 0.81953125 0.222222221875 0.82421875 0.22638888906250001 0.8328125 0.22638888906250001 0.8375 0.2166666671875 0.84140625 0.2208333328125 0.84375 0.21805555625 0.85078125 0.23611111093749998
7 0.8515625 0.13333333281249998 0.8546875 0.15 0.87421875 0.1541666671875 0.8859375 0.15 0.8625 0.1291666671875 0.84765625 0.1291666671875 0.8515625 0.13333333281249998
7 0.96328125 0.11944444375 0.9671875 0.11805555625 0.97421875 0.10555555624999999 0.97421875 0.1 0.96171875 0.08333333281250001 0.96015625 0.1125 0.96328125 0.11944444375
7 0.93828125 0.072222221875 0.9203125 0.072222221875 0.9125 0.07638888906249999 0.90703125 0.0875 0.90546875 0.1208333328125 0.91953125 0.13055555624999998 0.92578125 0.13055555624999998 0.93125 0.1263888890625 0.94453125 0.1263888890625 0.95 0.115277778125 0.95390625 0.08194444375 0.93828125 0.072222221875
7 0.86328125 0.090277778125 0.88671875 0.11388888906250001 0.89921875 0.115277778125 0.89609375 0.077777778125 0.86484375 0.072222221875 0.8578125 0.0791666671875 0.86328125 0.090277778125
7 0.9515625 0.322222221875 0.95703125 0.33055555625 0.96171875 0.33055555625 0.96875 0.27638888906250003 0.96953125 0.2513888890625 0.9625 0.2611111109375 0.95234375 0.30555555624999997 0.9515625 0.322222221875
7 0.99765625 0.259722221875 0.9953125 0.24722222187499998 0.99921875 0.240277778125 0.99921875 0.23055555625 0.98984375 0.23055555625 0.98046875 0.3 0.97578125 0.3138888890625 0.975 0.33055555625 0.98046875 0.3416666671875 0.99296875 0.352777778125 0.99921875 0.3513888890625 0.99921875 0.28055555625 0.99609375 0.27777777812500004 0.9953125 0.26944444375 0.99765625 0.259722221875
7 0.1296875 0.5319444437499999 0.11875 0.5333333328125 0.1171875 0.5416666671875 0.1125 0.54444444375 0.1078125 0.5638888890625 0.10703125 0.5930555562500001 0.11328125 0.6083333328125 0.12578125 0.6208333328125 0.14140625 0.6166666671875001 0.14140625 0.5930555562500001 0.1375 0.58194444375 0.13671875 0.559722221875 0.1296875 0.5319444437499999
7 0.0671875 0.5935185187500001 0.065625 0.5944444437499999 0.0640625 0.590277778125 0.06640625 0.602777778125 0.06328125 0.60694444375 0.06328125 0.6458333328125 0.0671875 0.6166666671875001 0.0671875 0.5935185187500001
7 0.0671875 0.5722222218749999 0.0609375 0.5722222218749999 0.06328125 0.5763888890625 0.0671875 0.5763888890625 0.0671875 0.5722222218749999
7 0.10625 0.5736111109375 0.109375 0.6013888890625 0.12109375 0.6180555562500001 0.1328125 0.6208333328125 0.14140625 0.6166666671875001 0.14140625 0.590277778125 0.13828125 0.5833333328125 0.13671875 0.5583333328125 0.13046875 0.5388888890625 0.1296875 0.5208333328125 0.125 0.51805555625 0.125 0.5236111109375 0.11875 0.5291666671875 0.10546875 0.5291666671875 0.10390625 0.5097222218749999 0.10703125 0.5041666671875 0.10703125 0.49583333281249997 0.1125 0.490277778125 0.1109375 0.48194444374999995 0.11640625 0.47083333281249995 0.11640625 0.4625 0.11328125 0.45555555625000005 0.11796875 0.447222221875 0.1125 0.4361111109375 0.11328125 0.43055555625 0.1 0.43055555625 0.0953125 0.4375 0.0921875 0.43333333281249997 0.09375 0.44166666718750003 0.0875 0.44305555625000004 0.075 0.46805555625000006 0.0671875 0.46805555625000006 0.06640625 0.4583333328125 0.0625 0.4583333328125 0.0640625 0.5013888890625 0.0578125 0.527777778125 0.05859375 0.54444444375 0.0625 0.559722221875 0.09375 0.55 0.1015625 0.5375 0.11015625 0.547222221875 0.10625 0.5736111109375
7 0.209375 0.447222221875 0.2 0.44305555625000004 0.19609375 0.43055555625 0.1859375 0.43333333281249997 0.18203125 0.440277778125 0.1734375 0.4388888890625 0.16953125 0.44305555625000004 0.17421875 0.490277778125 0.18203125 0.5 0.1765625 0.5041666671875 0.1765625 0.5208333328125 0.1734375 0.525 0.17421875 0.534722221875 0.18515625 0.5527777781250001 0.18125 0.55694444375 0.18125 0.5638888890625 0.2109375 0.5666666671875 0.215625 0.5541666671875001 0.21953125 0.5527777781250001 0.23046875 0.5555555562500001 0.23671875 0.5625 0.27734375 0.565277778125 0.29921875 0.5930555562500001 0.31796875 0.5930555562500001 0.32421875 0.5888888890625 0.34140625 0.5527777781250001 0.34296875 0.540277778125 0.3625 0.497222221875 0.3640625 0.46805555625000006 0.3609375 0.44305555625000004 0.34921875 0.41944444374999995 0.31796875 0.3916666671875 0.2890625 0.35694444375 0.2828125 0.35555555625 0.275 0.334722221875 0.2609375 0.3291666671875 0.25546875 0.315277778125 0.24765625 0.32777777812500003 0.23046875 0.3333333328125 0.225 0.34861111093749997 0.22421875 0.35972222187499997 0.2203125 0.365277778125 0.22109375 0.3791666671875 0.21796875 0.40138888906250003 0.21953125 0.45277777812500003 0.21328125 0.45416666718750004 0.209375 0.447222221875
7 0.175 0.4166666671875 0.18671875 0.41111111093749997 0.1875 0.425 0.18828125 0.41944444374999995 0.1921875 0.41805555625 0.19375 0.4263888890625 0.1984375 0.4263888890625 0.20234375 0.4166666671875 0.2140625 0.40416666718750005 0.2125 0.3986111109375 0.215625 0.39305555625 0.21875 0.36944444375 0.21796875 0.34305555625 0.19609375 0.3291666671875 0.18515625 0.3083333328125 0.1734375 0.30555555624999997 0.146875 0.2888888890625 0.1375 0.2888888890625 0.13828125 0.3333333328125 0.14296875 0.352777778125 0.15078125 0.36666666718749996 0.1578125 0.36944444375 0.16875 0.39444444375 0.16796875 0.40416666718750005 0.16328125 0.4138888890625 0.175 0.4166666671875
7 0 0.25833333281250004 0.01328125 0.26805555625 0.0234375 0.26944444375 0.03125 0.28472222187499996 0.0390625 0.28611111093749997 0.05234375 0.29722222187499997 0.06328125 0.2958333328125 0.09921875 0.3125 0.1078125 0.33055555625 0.11171875 0.3291666671875 0.11015625 0.28472222187499996 0.10546875 0.26944444375 0.08828125 0.2638888890625 0.06328125 0.25 0.06171875 0.24583333281250003 0.03671875 0.240277778125 0.0046875 0.222222221875 0 0.222222221875 0 0.25833333281250004
7 0.31796875 0.1916666671875 0.31640625 0.190277778125 0.31484375 0.1916666671875 0.31796875 0.1916666671875
7 0.3234375 0.18194444375000002 0.32421875 0.1888888890625 0.3265625 0.16805555625 0.3328125 0.16388888906250001 0.34921875 0.16805555625 0.34921875 0.1625 0.35625 0.15555555625 0.3671875 0.1541666671875 0.3703125 0.10833333281249999 0.38046875 0.1 0.3796875 0.0388888890625 0.375 0.0375 0.3640625 0.04444444375 0.3546875 0.055555556250000006 0.3484375 0.0513888890625 0.33671875 0.054166667187499996 0.3296875 0.04305555625 0.29296875 0.047222221875 0.28359375 0.052777778124999994 0.28046875 0.06805555625000001 0.28125 0.08055555625000001 0.275 0.10555555624999999 0.275 0.16805555625 0.2796875 0.1708333328125 0.28203125 0.17916666718750002 0.296875 0.172222221875 0.30390625 0.1875 0.3171875 0.1875 0.31953125 0.18194444375000002 0.3234375 0.18194444375000002
7 0.43203125 0.1625 0.4390625 0.15555555625 0.44140625 0.14305555625 0.4390625 0.1111111109375 0.4421875 0.10555555624999999 0.4453125 0.08333333281250001 0.45234375 0.084722221875 0.46015625 0.1 0.45625 0.11805555625 0.45625 0.1541666671875 0.45859375 0.16805555625 0.4703125 0.1583333328125 0.4765625 0.13055555624999998 0.478125 0.10555555624999999 0.4734375 0.097222221875 0.47578125 0.08194444375 0.47421875 0.034722221875 0.465625 0.0083333328125 0.42890625 0.00555555625 0.409375 0.0166666671875 0.3953125 0.019444443750000002 0.3890625 0.029166667187500002 0.38828125 0.1166666671875 0.39296875 0.13194444375 0.39375 0.15555555625 0.4015625 0.17916666718750002 0.4109375 0.1875 0.41796875 0.1875 0.428125 0.17916666718750002 0.43203125 0.1625
7 0.78203125 0.134722221875 0.78125 0.140277778125 0.7875 0.13888888906250002 0.7875 0.134722221875 0.78203125 0.134722221875
7 0.74609375 0.11944444375 0.74609375 0.1583333328125 0.759375 0.15972222187500001 0.76640625 0.1541666671875 0.7703125 0.13888888906250002 0.76875 0.13055555624999998 0.77265625 0.0861111109375 0.75 0.075 0.74609375 0.11944444375
7 0.7375 0.115277778125 0.74140625 0.072222221875 0.69375 0.047222221875 0.68046875 0.04444444375 0.6765625 0.05 0.6765625 0.10138888906250001 0.68203125 0.10555555624999999 0.69375 0.1291666671875 0.7109375 0.14305555625 0.71796875 0.1541666671875 0.734375 0.15972222187500001 0.7375 0.1541666671875 0.7375 0.115277778125
7 0.96484375 0.240277778125 0.96953125 0.240277778125 0.96484375 0.23611111093749998 0.9734375 0.222222221875 0.9734375 0.2125 0.9671875 0.19444444375 0.9515625 0.1875 0.92890625 0.16944444375 0.91953125 0.16805555625 0.91796875 0.1861111109375 0.92265625 0.19583333281249998 0.93125 0.23194444375 0.940625 0.23611111093749998 0.94921875 0.22638888906250001 0.95546875 0.22638888906250001 0.96328125 0.23333333281250002 0.96484375 0.240277778125
7 0.9296875 0.12222222187500001 0.925 0.125 0.925 0.1375 0.93046875 0.14305555625 0.96953125 0.16805555625 0.97890625 0.1666666671875 0.97890625 0.15555555625 0.975 0.14305555625 0.94609375 0.1263888890625 0.9296875 0.12222222187500001
4 0.06171875 0.125 0.0578125 0.09305555625 0.05 0.06805555625000001 0.04296875 0.072222221875 0.04296875 0.0916666671875 0.0390625 0.10555555624999999 0.04296875 0.140277778125 0.0484375 0.15 0.05 0.16944444375 0.06015625 0.16805555625 0.0625 0.16388888906250001 0.06171875 0.125
4 0.178125 0.5541666671875001 0.17265625 0.5291666671875 0.17421875 0.49305555625 0.16875 0.4763888890625 0.16875 0.44166666718750003 0.18125 0.43055555625 0.1828125 0.41944444374999995 0.18125 0.4138888890625 0.17578125 0.41805555625 0.1578125 0.4166666671875 0.1546875 0.40833333281249995 0.15546875 0.39444444375 0.15 0.3888888890625 0.1453125 0.39027777812500003 0.14375 0.40138888906250003 0.146875 0.4138888890625 0.15703125 0.5263888890625 0.1609375 0.54305555625 0.16875 0.547222221875 0.16953125 0.565277778125 0.178125 0.56805555625 0.178125 0.5541666671875001
4 0.55390625 0.1291666671875 0.5515625 0.1263888890625 0.5546875 0.1111111109375 0.553125 0.10694444375 0.53203125 0.102777778125 0.5265625 0.13333333281249998 0.52578125 0.14305555625 0.53125 0.1513888890625 0.5359375 0.15 0.53828125 0.14305555625 0.54609375 0.14305555625 0.55078125 0.15 0.5546875 0.15 0.55390625 0.1291666671875