1 0.3796875 0.2888888890625 0.3875 0.2833333328125 0.39375 0.2888888890625 0.39375 0.27777777812500004 0.38671875 0.26527777812500003 0.38515625 0.2388888890625 0.38515625 0.1625 0.3890625 0.1541666671875 0.38515625 0.1263888890625 0.38671875 0.10833333281249999 0.3734375 0.1041666671875 0.36953125 0.1125 0.37265625 0.1583333328125 0.371875 0.2541666671875 0.36875 0.259722221875 0.359375 0.259722221875 0.359375 0.26527777812500003 0.36875 0.272222221875 0.375 0.28611111093749997 0.3796875 0.2888888890625
1 0.45234375 0.215277778125 0.45625 0.16944444375 0.45390625 0.14444444375 0.4546875 0.084722221875 0.45 0.08194444375 0.44296875 0.0861111109375 0.4421875 0.2166666671875 0.4359375 0.22777777812500002 0.43125 0.22638888906250001 0.43046875 0.23333333281250002 0.4390625 0.24305555625 0.46015625 0.2513888890625 0.4609375 0.2388888890625 0.46577524062500003 0.24011752031250003 0.4546875 0.22916666718749998 0.45234375 0.215277778125
6 0.72890625 0.2708333328125 0.7375 0.27777777812500004 0.7625 0.275 0.7640625 0.2388888890625 0.76171875 0.2166666671875 0.7515625 0.19444444375 0.73515625 0.1875 0.73046875 0.1583333328125 0.6953125 0.147222221875 0.6875 0.15277777812499999 0.68046875 0.165277778125 0.6609375 0.16805555625 0.65703125 0.172222221875 0.65625 0.21805555625 0.66328125 0.240277778125 0.68203125 0.2388888890625 0.6984375 0.24722222187499998 0.70234375 0.275 0.71171875 0.28472222187499996 0.72109375 0.2833333328125 0.72890625 0.2708333328125
6 0.65546875 0.23055555625 0.6359375 0.222222221875 0.6328125 0.2166666671875 0.634375 0.20555555625 0.63125 0.20277777812500003 0.63125 0.1916666671875 0.62890625 0.1875 0.6046875 0.172222221875 0.5984375 0.15972222187500001 0.57578125 0.1611111109375 0.56875 0.18055555625 0.56640625 0.197222221875 0.56875 0.22638888906250001 0.57734375 0.2416666671875 0.58515625 0.24444444375000002 0.5984375 0.259722221875 0.65078125 0.25833333281250004 0.65703125 0.2513888890625 0.65546875 0.23055555625
7 0.8484375 0.1208333328125 0.84375 0.1208333328125 0.8375 0.127777778125 0.8453125 0.1513888890625 0.865625 0.15 0.8828125 0.15555555625 0.89296875 0.15277777812499999 0.89140625 0.147222221875 0.88125 0.14305555625 0.87421875 0.134722221875 0.8484375 0.1208333328125
7 0.96953125 0.097222221875 0.9640625 0.09305555625 0.9625 0.10138888906250001 0.9625 0.11805555625 0.96875 0.10833333281249999 0.96953125 0.097222221875
7 0.9390625 0.072222221875 0.92265625 0.072222221875 0.90703125 0.084722221875 0.90625 0.11944444375 0.9125 0.125 0.92265625 0.127777778125 0.9265625 0.12222222187500001 0.94921875 0.12222222187500001 0.9546875 0.1041666671875 0.95390625 0.08333333281250001 0.9390625 0.072222221875
7 0.8578125 0.075 0.85625 0.08055555625000001 0.86484375 0.0916666671875 0.88984375 0.11388888906250001 0.89609375 0.11388888906250001 0.8984375 0.0916666671875 0.896875 0.08055555625000001 0.86953125 0.07083333281250001 0.8578125 0.075
7 0.878125 0.25833333281250004 0.88125 0.275 0.8859375 0.28055555625 0.8953125 0.27638888906250003 0.92421875 0.27777777812500004 0.93046875 0.2666666671875 0.93046875 0.23194444375 0.92578125 0.2236111109375 0.915625 0.18194444375000002 0.909375 0.172222221875 0.8796875 0.15555555625 0.81953125 0.15555555625 0.8171875 0.1625 0.815625 0.19305555624999998 0.81796875 0.2166666671875 0.82421875 0.22916666718749998 0.83125 0.22916666718749998 0.8375 0.21805555625 0.846875 0.21805555625 0.85078125 0.23611111093749998 0.878125 0.25833333281250004
7 0.99296875 0.272222221875 0.99921875 0.2708333328125 0.99921875 0.21944444375 0.99296875 0.21805555625 0.98828125 0.23611111093749998 0.9875 0.2666666671875 0.99296875 0.272222221875
7 0.971875 0.24305555625 0.975 0.2236111109375 0.9734375 0.20277777812500003 0.928125 0.16944444375 0.921875 0.16805555625 0.91875 0.17361111093749998 0.91796875 0.1888888890625 0.92265625 0.19583333281249998 0.925 0.2125 0.9328125 0.23611111093749998 0.9375 0.240277778125 0.96171875 0.2388888890625 0.96875 0.24583333281250003 0.971875 0.24305555625
7 0.94609375 0.1263888890625 0.93203125 0.12222222187500001 0.92578125 0.1263888890625 0.925 0.13055555624999998 0.93046875 0.13333333281249998 0.93515625 0.14305555625 0.95625 0.1458333328125 0.96484375 0.1541666671875 0.98046875 0.15972222187500001 0.9765625 0.14305555625 0.94609375 0.1263888890625
7 0.78515625 0.13194444375 0.78046875 0.13888888906250002 0.7859375 0.15 0.79140625 0.1513888890625 0.79375 0.1416666671875 0.79296875 0.11944444375 0.7859375 0.12222222187500001 0.78515625 0.13194444375
7 0.7890625 0.09305555625 0.78828125 0.0986111109375 0.7921875 0.10694444375 0.7890625 0.1166666671875 0.79296875 0.1166666671875 0.79296875 0.1111111109375 0.796875 0.10555555624999999 0.796875 0.0958333328125 0.7890625 0.09305555625
7 0.74921875 0.07638888906249999 0.7484375 0.0875 0.7453125 0.1583333328125 0.7609375 0.15972222187500001 0.76796875 0.15277777812499999 0.7703125 0.1416666671875 0.77109375 0.090277778125 0.76796875 0.08194444375 0.75390625 0.075 0.74921875 0.07638888906249999
7 0.73671875 0.15555555625 0.7375 0.06805555625000001 0.68203125 0.04444444375 0.67734375 0.0458333328125 0.6765625 0.0513888890625 0.675 0.09305555625 0.68046875 0.1041666671875 0.6875 0.109722221875 0.6890625 0.1291666671875 0.70546875 0.14305555625 0.71796875 0.1458333328125 0.7265625 0.15555555625 0.73671875 0.15555555625