1 0.8194444437499999 0.3859375 0.8458333328125001 0.3890625 0.872222221875 0.38515625 0.89305555625 0.38515625 0.897222221875 0.38359375 0.897222221875 0.3765625 0.8888888890625 0.3703125 0.7458333328125 0.371875 0.7402777781250001 0.36875 0.7402777781250001 0.3578125 0.7333333328125 0.3578125 0.7236111109375 0.37109375 0.7138888890625 0.37578125 0.7180555562500001 0.3859375 0.7111111109375 0.3953125 0.7180555562500001 0.3953125 0.7361111109375 0.3875 0.75555555625 0.38515625 0.8027777781250001 0.3875 0.80694444375 0.38984375 0.8194444437499999 0.3859375
1 0.9083333328125001 0.4421875 0.7833333328125 0.44140625 0.777777778125 0.43828125 0.777777778125 0.43125 0.772222221875 0.42890625 0.765277778125 0.43046875 0.7569444437499999 0.4375 0.7486111109375 0.45625 0.7486111109375 0.46875 0.7583333328124999 0.46796875 0.76944444375 0.4546875 0.9111111109375001 0.4546875 0.91805555625 0.45234375 0.91944444375 0.4453125 0.9083333328125001 0.4421875
6 0.8388888890624999 0.575 0.809722221875 0.5671875 0.7736111109375 0.56875 0.7541666671875 0.58125 0.7416666671875001 0.5953125 0.7388888890625 0.60546875 0.74444444375 0.65546875 0.76805555625 0.6546875 0.7763888890625 0.63671875 0.7833333328125 0.6328125 0.8 0.63515625 0.815277778125 0.62421875 0.8194444437499999 0.60625 0.8361111109375001 0.59921875 0.840277778125 0.5890625 0.8388888890624999 0.575
6 0.8027777781250001 0.75 0.8083333328125001 0.7375 0.8388888890624999 0.73125 0.8444444437499999 0.72734375 0.85 0.690625 0.83194444375 0.67734375 0.8361111109375001 0.66796875 0.83055555625 0.659375 0.815277778125 0.6546875 0.7916666671875 0.65390625 0.7666666671875 0.6578125 0.7569444437499999 0.6640625 0.7611111109375 0.6828125 0.752777778125 0.69765625 0.7236111109375 0.70234375 0.7166666671875 0.70859375 0.7180555562500001 0.721875 0.73194444375 0.7296875 0.722222221875 0.73828125 0.7263888890625 0.7625 0.7569444437499999 0.7640625 0.7833333328125 0.76171875 0.8027777781250001 0.75
7 0.8458333328125001 0.87421875 0.85 0.88515625 0.859722221875 0.87890625 0.86944444375 0.86640625 0.8708333328125001 0.85625 0.8791666671874999 0.8484375 0.877777778125 0.83828125 0.86944444375 0.8375 0.85 0.84375 0.85 0.865625 0.8458333328125001 0.87421875
7 0.9166666671874999 0.9625 0.909722221875 0.9640625 0.9069444437499999 0.96171875 0.8819444437499999 0.96171875 0.8819444437499999 0.9640625 0.89444444375 0.97265625 0.9 0.97265625 0.9166666671874999 0.9625
7 0.8708333328125001 0.925 0.877777778125 0.93046875 0.877777778125 0.946875 0.8819444437499999 0.95 0.9 0.95390625 0.9166666671874999 0.95390625 0.9277777781250001 0.940625 0.9277777781250001 0.92265625 0.915277778125 0.90703125 0.8791666671874999 0.90625 0.872222221875 0.91875 0.8708333328125001 0.925
7 0.9277777781250001 0.8625 0.91944444375 0.8578125 0.909722221875 0.8640625 0.8861111109375001 0.88828125 0.8861111109375001 0.89609375 0.91944444375 0.89609375 0.9277777781250001 0.87578125 0.9277777781250001 0.8625
7 0.8361111109375001 0.146875 0.809722221875 0.1578125 0.809722221875 0.17578125 0.8027777781250001 0.18515625 0.8041666671875 0.1921875 0.8291666671875 0.20546875 0.85555555625 0.203125 0.890277778125 0.16875 0.890277778125 0.15 0.877777778125 0.13828125 0.859722221875 0.13125 0.83055555625 0.13203125 0.8361111109375001 0.146875
7 0.76944444375 0.9296875 0.7763888890625 0.92578125 0.81805555625 0.915625 0.83194444375 0.9046875 0.8444444437499999 0.88125 0.8458333328125001 0.82578125 0.8444444437499999 0.81953125 0.8291666671875 0.815625 0.8166666671874999 0.8140625 0.7763888890625 0.8203125 0.772222221875 0.82890625 0.7861111109375 0.8375 0.7833333328125 0.8484375 0.76944444375 0.84921875 0.7611111109375 0.853125 0.7416666671875001 0.878125 0.725 0.88125 0.7194444437499999 0.8859375 0.7236111109375 0.8953125 0.7236111109375 0.925 0.734722221875 0.9296875 0.76944444375 0.9296875
7 0.66944444375 0.96171875 0.672222221875 0.95625 0.6666666671875 0.95703125 0.66944444375 0.96171875
7 0.7402777781250001 0.9578125 0.7041666671875 0.94921875 0.68194444375 0.94921875 0.6791666671875001 0.9546875 0.74444444375 0.96328125 0.7402777781250001 0.9578125
7 0.75 0.96875 0.752777778125 0.9671875 0.7486111109375 0.96640625 0.75 0.96875
7 0.7763888890625 0.99296875 0.7666666671875 0.9890625 0.702777778125 0.98046875 0.6833333328125 0.978125 0.6625 0.9796875 0.6583333328125 0.9859375 0.6486111109375 0.9890625 0.6458333328125 0.99921875 0.7194444437499999 0.99921875 0.7291666671875 0.996875 0.73194444375 0.99921875 0.7430555562500001 0.99921875 0.75 0.99609375 0.7569444437499999 0.99921875 0.7736111109375 0.99921875 0.7763888890625 0.99609375 0.7763888890625 0.99296875
7 0.83194444375 0.91875 0.8125 0.91796875 0.8041666671875 0.92265625 0.76944444375 0.93046875 0.7611111109375 0.9375 0.7666666671875 0.94609375 0.7763888890625 0.95 0.76944444375 0.96328125 0.7736111109375 0.96796875 0.777777778125 0.9671875 0.7861111109375 0.97265625 0.7958333328125 0.971875 0.8055555562500001 0.96640625 0.83055555625 0.92890625 0.83194444375 0.91875
7 0.8541666671874999 0.9546875 0.8430555562500001 0.9703125 0.8430555562500001 0.97890625 0.85694444375 0.97578125 0.8680555562500001 0.959375 0.877777778125 0.9375 0.875 0.92578125 0.86944444375 0.925 0.8666666671875 0.93203125 0.8583333328125 0.9375 0.8541666671874999 0.9546875
7 0.8486111109375001 0.3546875 0.85 0.359375 0.8625 0.36484375 0.8541666671874999 0.36875 0.8611111109375 0.36640625 0.8652777781250001 0.36875 0.86944444375 0.36640625 0.8888888890625 0.36875 0.8986111109375001 0.38046875 0.9055555562500001 0.38203125 0.9208333328125 0.3796875 0.9625 0.3796875 0.965277778125 0.3765625 0.9444444437499999 0.35546875 0.9472222218749999 0.34296875 0.9416666671874999 0.33515625 0.95694444375 0.328125 0.952777778125 0.29375 0.9458333328125 0.28203125 0.9333333328125001 0.27890625 0.9208333328125 0.28046875 0.897222221875 0.275 0.834722221875 0.275 0.8222222218749999 0.28203125 0.827777778125 0.28828125 0.827777778125 0.29609375 0.809722221875 0.30234375 0.8055555562500001 0.31015625 0.8083333328125001 0.32578125 0.834722221875 0.33203125 0.8361111109375001 0.3390625 0.8444444437499999 0.34765625 0.8430555562500001 0.35234375 0.8486111109375001 0.3546875
7 0.9055555562500001 0.45703125 0.8222222218749999 0.45703125 0.8222222218749999 0.4625 0.8291666671875 0.46796875 0.85 0.47421875 0.8736111109375001 0.4765625 0.9333333328125001 0.4765625 0.965277778125 0.47421875 0.9916666671875 0.46640625 0.99444444375 0.43125 0.9902777781250001 0.41875 0.9861111109375 0.41640625 0.9791666671874999 0.39375 0.975 0.38984375 0.9638888890624999 0.38828125 0.9111111109375001 0.3890625 0.9055555562500001 0.38515625 0.8833333328125 0.38828125 0.8666666671875 0.39375 0.847222221875 0.39375 0.83055555625 0.4 0.8194444437499999 0.4 0.815277778125 0.41875 0.8291666671875 0.4375 0.875 0.44140625 0.8888888890625 0.4390625 0.91944444375 0.44453125 0.9166666671874999 0.45390625 0.9055555562500001 0.45703125
7 0.8791666671874999 0.78828125 0.8680555562500001 0.7859375 0.8611111109375 0.78125 0.85 0.7875 0.85 0.790625 0.85555555625 0.79296875 0.877777778125 0.79296875 0.8791666671874999 0.78828125
7 0.89444444375 0.7953125 0.902777778125 0.7953125 0.902777778125 0.79296875 0.8916666671875 0.79296875 0.89444444375 0.7953125
7 0.9236111109375 0.74921875 0.875 0.74765625 0.8652777781250001 0.7453125 0.840277778125 0.74609375 0.8388888890624999 0.75859375 0.8458333328125001 0.76796875 0.9083333328125001 0.77109375 0.91805555625 0.76796875 0.9236111109375 0.74921875
7 0.89444444375 0.68515625 0.872222221875 0.69453125 0.859722221875 0.70625 0.8416666671874999 0.73203125 0.8458333328125001 0.7375 0.9305555562500001 0.7390625 0.952777778125 0.6890625 0.9541666671875 0.68046875 0.9444444437499999 0.6765625 0.9125 0.675 0.8986111109375001 0.67734375 0.89444444375 0.68515625
4 0.709722221875 0.95625 0.66944444375 0.9546875 0.665277778125 0.9609375 0.7166666671875 0.96875 0.7569444437499999 0.96953125 0.7569444437499999 0.96640625 0.7430555562500001 0.9609375 0.709722221875 0.95625
4 0.7638888890625 0.15 0.7833333328125 0.15 0.797222221875 0.15390625 0.8083333328125001 0.15390625 0.8333333328125001 0.1484375 0.834722221875 0.14296875 0.827777778125 0.13828125 0.765277778125 0.13984375 0.7597222218749999 0.14296875 0.7597222218749999 0.146875 0.7638888890625 0.15
4 0.0861111109375 0.3125 0.0875 0.315625 0.077777778125 0.32890625 0.0625 0.33359375 0.0625 0.33671875 0.084722221875 0.34375 0.09444444375 0.34296875 0.0875 0.33359375 0.0958333328125 0.32578125 0.1208333328125 0.3140625 0.127777778125 0.31875 0.125 0.33125 0.13055555624999998 0.33671875 0.1375 0.33828125 0.1416666671875 0.3359375 0.147222221875 0.31796875 0.18055555625 0.31640625 0.1875 0.3109375 0.20694444375 0.30625 0.22638888906250001 0.3078125 0.24583333281250003 0.3046875 0.25 0.29453125 0.24305555625 0.2890625 0.2236111109375 0.2875 0.2166666671875 0.2796875 0.20416666718749998 0.27578125 0.1708333328125 0.275 0.127777778125 0.29453125 0.102777778125 0.2953125 0.09305555625 0.29921875 0.072222221875 0.296875 0.059722221875 0.2984375 0.04444444375 0.29375 0.0125 0.2921875 0.0111111109375 0.30546875 0.0208333328125 0.31015625 0.03194444375 0.30078125 0.0416666671875 0.3015625 0.06527777812499999 0.309375 0.0861111109375 0.3125