7 0.1208333328125 0.15625 0.12361111093749999 0.15859375 0.14444444375 0.15546875 0.15 0.146875 0.1541666671875 0.121875 0.15 0.115625 0.134722221875 0.12734375 0.1208333328125 0.15625
7 0.09444444375 0.03203125 0.09305555625 0.0375 0.11805555625 0.03828125 0.115277778125 0.03359375 0.10555555624999999 0.03046875 0.09444444375 0.03203125
7 0.07083333281250001 0.06875 0.077777778125 0.0875 0.0861111109375 0.09375 0.11944444375 0.09375 0.1291666671875 0.0765625 0.11805555625 0.05078125 0.0916666671875 0.0453125 0.08194444375 0.04765625 0.07083333281250001 0.06875
7 0.077777778125 0.1421875 0.08194444375 0.1421875 0.1 0.12890625 0.115277778125 0.10234375 0.08055555625000001 0.103125 0.07083333281250001 0.13046875 0.07083333281250001 0.13671875 0.077777778125 0.1421875
7 0.2666666671875 0.0703125 0.23333333281250002 0.06953125 0.18194444375000002 0.084375 0.16805555625 0.0953125 0.15555555625 0.11796875 0.15555555625 0.14453125 0.177777778125 0.1515625 0.16944444375 0.16015625 0.1583333328125 0.16484375 0.15972222187500001 0.1796875 0.16944444375 0.184375 0.20833333281250002 0.184375 0.222222221875 0.18046875 0.22638888906250001 0.16875 0.215277778125 0.1625 0.215277778125 0.1546875 0.21944444375 0.15078125 0.23611111093749998 0.14921875 0.25833333281250004 0.121875 0.27638888906250003 0.11796875 0.28055555625 0.11328125 0.27638888906250003 0.1046875 0.2791666671875 0.08046875 0.27638888906250003 0.075 0.2666666671875 0.0703125
7 0.2638888890625 0.03046875 0.25 0.03203125 0.2625 0.0421875 0.29305555625 0.05 0.3 0.05546875 0.30416666718749996 0.05625 0.31805555625 0.0515625 0.32083333281250004 0.0453125 0.33055555625 0.04375 0.32777777812500003 0.040625 0.33194444375 0.0390625 0.3166666671875 0.04375 0.30416666718749996 0.0359375 0.29305555625 0.03359375 0.2916666671875 0.0375 0.28611111093749997 0.0375 0.2833333328125 0.03359375 0.2708333328125 0.03359375 0.2638888890625 0.03046875
7 0.3513888890625 0.01015625 0.352777778125 0.00078125 0.2791666671875 0.00078125 0.26944444375 0.00390625 0.2638888890625 0.00078125 0.252777778125 0.00078125 0.25 0.00390625 0.24444444375000002 0.00078125 0.22638888906250001 0.00078125 0.23055555625 0.01015625 0.29722222187499997 0.01953125 0.3375 0.02109375 0.3513888890625 0.01015625
7 0.41111111093749997 0.98828125 0.4 0.98125 0.397222221875 0.99296875 0.40416666718750005 0.99609375 0.4 0.99921875 0.40972222187499996 0.9953125 0.41111111093749997 0.98828125
7 0.5583333328125 1 0.559722221875 0.96796875 0.5416666671875 0.96171875 0.5416666671875 0.9421875 0.55694444375 0.93984375 0.58055555625 0.94296875 0.6111111109375 0.93828125 0.6180555562500001 0.93359375 0.6208333328125 0.9375 0.6254629625 0.934244790625 0.5541666671875001 0.92421875 0.55 0.90625 0.5541666671875001 0.89453125 0.5958333328125 0.89375 0.602777778125 0.89140625 0.609722221875 0.88359375 0.6166666671875001 0.88125 0.6208333328125 0.8734375 0.6208333328125 0.8625 0.6166666671875001 0.8578125 0.584722221875 0.85859375 0.5388888890625 0.86796875 0.5166666671875 0.86953125 0.5083333328124999 0.8734375 0.4763888890625 0.87578125 0.46805555625000006 0.87734375 0.4583333328125 0.884375 0.44166666718750003 0.87734375 0.3916666671875 0.88359375 0.39305555625 0.8921875 0.427777778125 0.940625 0.43333333281249997 0.95546875 0.447222221875 0.96875 0.45555555625000005 0.97109375 0.45555555625000005 0.97578125 0.4458333328125 0.98125 0.43055555625 0.98203125 0.427777778125 0.9859375 0.440277778125 0.98984375 0.44166666718750003 1 0.45416666718750004 1 0.45694444375 0.99609375 0.46805555625000006 0.99375 0.4888888890625 0.9953125 0.49444444374999996 1 0.5583333328125 1
7 0.5666666671875 0.72109375 0.5930555562500001 0.7015625 0.5930555562500001 0.68203125 0.5791666671875 0.6703125 0.56805555625 0.66875 0.55694444375 0.66328125 0.55 0.6515625 0.5305555562500001 0.640625 0.5138888890625 0.6359375 0.46805555625000006 0.6359375 0.44444444375 0.6390625 0.434722221875 0.64296875 0.41111111093749997 0.65859375 0.39305555625 0.68046875 0.35694444375 0.70859375 0.352777778125 0.7171875 0.3333333328125 0.7265625 0.3291666671875 0.7390625 0.3138888890625 0.7453125 0.32777777812500003 0.7515625 0.33194444375 0.76875 0.35555555625 0.77578125 0.35555555625 0.78046875 0.34305555625 0.7828125 0.3416666671875 0.79375 0.3513888890625 0.80625 0.34722222187499996 0.81875 0.36805555624999997 0.85234375 0.3708333328125 0.85546875 0.40555555625000006 0.8546875 0.42222222187499997 0.85 0.45694444375 0.85 0.47222222187499996 0.84609375 0.5416666671875 0.84140625 0.5722222218749999 0.83671875 0.5763888890625 0.83359375 0.56805555625 0.80703125 0.56805555625 0.7875 0.5555555562500001 0.78046875 0.5555555562500001 0.77109375 0.5625 0.76328125 0.5666666671875 0.72109375
7 0.1875 0.0484375 0.16944444375 0.071875 0.16805555625 0.08125 0.1875 0.08203125 0.20277777812500003 0.075 0.23055555625 0.06875 0.23611111093749998 0.0640625 0.23611111093749998 0.05703125 0.2236111109375 0.046875 0.23055555625 0.0390625 0.240277778125 0.03515625 0.240277778125 0.03125 0.23194444375 0.03125 0.222222221875 0.0265625 0.20972222187499998 0.0265625 0.19444444375 0.0328125 0.1875 0.0484375
7 0.15555555625 0.02109375 0.14305555625 0.0234375 0.13194444375 0.03984375 0.12222222187500001 0.0625 0.125 0.075 0.1291666671875 0.07578125 0.14305555625 0.0625 0.1458333328125 0.04375 0.1583333328125 0.025 0.15555555625 0.02109375
7 0.13194444375 0.60625 0.15555555625 0.60625 0.16944444375 0.60078125 0.17916666718750002 0.6 0.1875 0.58828125 0.1875 0.58203125 0.17916666718750002 0.57109375 0.1541666671875 0.56015625 0.11388888906250001 0.56015625 0.0875 0.5578125 0.08055555625000001 0.5546875 0.08333333281250001 0.54609375 0.0916666671875 0.54375 0.1416666671875 0.54453125 0.1763888890625 0.54140625 0.16805555625 0.53203125 0.1583333328125 0.53046875 0.15277777812499999 0.52578125 0.13194444375 0.521875 0.0791666671875 0.521875 0.0375 0.52578125 0.015277778124999999 0.53125 0.006944443749999999 0.5375 0.00555555625 0.56953125 0.022222221875 0.6078125 0.034722221875 0.61171875 0.0625 0.6109375 0.072222221875 0.6078125 0.08333333281250001 0.61171875 0.0888888890625 0.6171875 0.0791666671875 0.6203125 0.0388888890625 0.6203125 0.0375 0.625 0.055555556250000006 0.6453125 0.0513888890625 0.6515625 0.055555556250000006 0.66640625 0.04305555625 0.67109375 0.05 0.71328125 0.05694444375 0.71875 0.0791666671875 0.71953125 0.097222221875 0.72421875 0.16388888906250001 0.725 0.1763888890625 0.71796875 0.1708333328125 0.7046875 0.19305555624999998 0.69453125 0.19305555624999998 0.67578125 0.165277778125 0.66640625 0.16944444375 0.6375 0.1625 0.6375 0.15555555625 0.63125 0.10694444375 0.6296875 0.097222221875 0.61796875 0.0986111109375 0.6125 0.11388888906250001 0.61171875 0.13194444375 0.60625
7 0.1375 0.21875 0.1458333328125 0.21328125 0.14305555625 0.20703125 0.12222222187500001 0.20703125 0.12361111093749999 0.21171875 0.13333333281249998 0.2140625 0.1375 0.21875
7 0.115277778125 0.20703125 0.115277778125 0.209375 0.1166666671875 0.2109375 0.115277778125 0.20703125
7 0.1041666671875 0.203125 0.097222221875 0.20625 0.097222221875 0.21171875 0.10555555624999999 0.209375 0.1 0.20546875 0.1041666671875 0.203125
7 0.15972222187500001 0.23828125 0.1513888890625 0.23125 0.09444444375 0.2296875 0.0861111109375 0.22734375 0.075 0.24765625 0.077777778125 0.2515625 0.0861111109375 0.25234375 0.1263888890625 0.25234375 0.1541666671875 0.25546875 0.15972222187500001 0.25234375 0.15972222187500001 0.23828125
7 0.1 0.3234375 0.109722221875 0.31171875 0.1291666671875 0.3046875 0.1375 0.29921875 0.14305555625 0.2890625 0.15555555625 0.28203125 0.15972222187500001 0.265625 0.1541666671875 0.2625 0.06944444375 0.2609375 0.059722221875 0.27734375 0.047222221875 0.3140625 0.047222221875 0.31875 0.061111110937500004 0.3234375 0.1 0.3234375
4 0.3333333328125 0.03828125 0.28194444375 0.03125 0.25 0.03203125 0.25694444375000003 0.03828125 0.2833333328125 0.04375 0.33055555625 0.0453125 0.3333333328125 0.03828125