2 0.425 0.9765625 0.425 0.98125 0.43194444374999996 0.98671875 0.47083333281249995 0.9859375 0.477777778125 0.98125 0.477777778125 0.975 0.46666666718750005 0.9671875 0.44444444375 0.9703125 0.425 0.9765625
1 0.1361111109375 0.61796875 0.11215277812499999 0.61796875 0.10138888906250001 0.615625 0.1041666671875 0.61796875 0.1 0.62109375 0.10555555624999999 0.63046875 0.23611111093749998 0.628125 0.25555555625 0.6296875 0.259722221875 0.6421875 0.2666666671875 0.64296875 0.2708333328125 0.63359375 0.28611111093749997 0.625 0.28611111093749997 0.61953125 0.2791666671875 0.61328125 0.2888888890625 0.6 0.27777777812500004 0.59921875 0.275 0.60390625 0.2513888890625 0.615625 0.15555555625 0.615625 0.1361111109375 0.61796875
6 0.225 0.21953125 0.2736111109375 0.22109375 0.27638888906250003 0.21796875 0.26805555625 0.21328125 0.24444444375000002 0.21171875 0.21944444375 0.21328125 0.20972222187499998 0.21796875 0.225 0.21953125
6 0.18194444375000002 0.21796875 0.177777778125 0.21875 0.18055555625 0.2203125 0.18194444375000002 0.21796875
6 0.27777777812500004 0.25703125 0.26527777812500003 0.25 0.24444444375000002 0.25 0.240277778125 0.2453125 0.24305555625 0.2359375 0.23194444375 0.23359375 0.18055555625 0.23125 0.1708333328125 0.2390625 0.11805555625 0.24296875 0.10555555624999999 0.25 0.0958333328125 0.27265625 0.097222221875 0.29375 0.10694444375 0.2984375 0.1416666671875 0.30078125 0.1458333328125 0.30625 0.16944444375 0.31640625 0.177777778125 0.3125 0.22638888906250001 0.3109375 0.2388888890625 0.30546875 0.24305555625 0.296875 0.2388888890625 0.28828125 0.21805555625 0.2828125 0.21805555625 0.27734375 0.23333333281250002 0.27109375 0.2666666671875 0.26875 0.27638888906250003 0.2625 0.27777777812500004 0.25703125
7 0.27777777812500004 0.01796875 0.290277778125 0.0171875 0.3236111109375 0.02109375 0.34305555625 0.0203125 0.33888888906250003 0.00078125 0.26805555625 0.00078125 0.259722221875 0.00703125 0.259722221875 0.01328125 0.27777777812500004 0.01796875
7 0.24305555625 0.08046875 0.25555555625 0.0859375 0.28611111093749997 0.0921875 0.29722222187499997 0.0921875 0.3083333328125 0.084375 0.322222221875 0.0796875 0.32777777812500003 0.075 0.33194444375 0.05859375 0.352777778125 0.04921875 0.35555555625 0.0421875 0.3458333328125 0.03828125 0.315277778125 0.0359375 0.30416666718749996 0.0328125 0.24583333281250003 0.03046875 0.23194444375 0.0578125 0.23194444375 0.06953125 0.24305555625 0.08046875
7 0.18194444375000002 0.084375 0.172222221875 0.090625 0.15972222187500001 0.10703125 0.1541666671875 0.1375 0.15972222187500001 0.146875 0.15555555625 0.18046875 0.1611111109375 0.1828125 0.18055555625 0.1828125 0.197222221875 0.16875 0.2125 0.16171875 0.215277778125 0.1515625 0.22916666718749998 0.15 0.24305555625 0.14453125 0.24305555625 0.13984375 0.25833333281250004 0.121875 0.275 0.11875 0.2791666671875 0.11484375 0.27638888906250003 0.09296875 0.2486111109375 0.0859375 0.23055555625 0.0734375 0.18194444375000002 0.084375
7 0.20555555625 0.4953125 0.26805555625 0.4953125 0.27777777812500004 0.49375 0.27777777812500004 0.4890625 0.26527777812500003 0.4828125 0.25 0.48203125 0.21944444375 0.48671875 0.20555555625 0.4953125
7 0.30555555624999997 0.5421875 0.3013888890625 0.53828125 0.29305555625 0.53671875 0.29305555625 0.52421875 0.2888888890625 0.521875 0.1513888890625 0.5203125 0.14305555625 0.521875 0.1111111109375 0.53984375 0.10555555624999999 0.54609375 0.10138888906250001 0.57109375 0.097222221875 0.575 0.0861111109375 0.6390625 0.0958333328125 0.6625 0.1166666671875 0.66875 0.2166666671875 0.66953125 0.22638888906250001 0.6625 0.23333333281250002 0.646875 0.2541666671875 0.64296875 0.25694444375000003 0.63359375 0.25 0.628125 0.15694444375 0.6296875 0.147222221875 0.628125 0.14444444375 0.6171875 0.2541666671875 0.61328125 0.275 0.56484375 0.2916666671875 0.5609375 0.30555555624999997 0.55078125 0.30555555624999997 0.5421875
7 0.222222221875 0.00703125 0.23333333281250002 0.01171875 0.2541666671875 0.0125 0.25555555625 0.00078125 0.22777777812500002 0.00078125 0.222222221875 0.00703125
7 0.22777777812500002 0.06953125 0.23611111093749998 0.04140625 0.24305555625 0.03203125 0.240277778125 0.028125 0.20555555625 0.02578125 0.197222221875 0.03046875 0.16944444375 0.07109375 0.16805555625 0.0796875 0.172222221875 0.08125 0.1888888890625 0.08125 0.2138888890625 0.0703125 0.22777777812500002 0.06953125
7 0.15555555625 0.04375 0.16388888906250001 0.02578125 0.1611111109375 0.02109375 0.147222221875 0.021875 0.13055555624999998 0.04453125 0.12222222187500001 0.0671875 0.1263888890625 0.07421875 0.1291666671875 0.075 0.1416666671875 0.0609375 0.14305555625 0.05390625 0.15555555625 0.04375
7 0.15277777812499999 0.15703125 0.15555555625 0.146875 0.1513888890625 0.140625 0.15 0.11875 0.14305555625 0.11953125 0.13055555624999998 0.1328125 0.127777778125 0.14375 0.11944444375 0.1515625 0.12222222187500001 0.16171875 0.1416666671875 0.1625 0.15 0.1609375 0.15277777812499999 0.15703125
7 0.0736111109375 0.14296875 0.08055555625000001 0.14375 0.1041666671875 0.12421875 0.11388888906250001 0.1109375 0.1125 0.10546875 0.08055555625000001 0.10234375 0.07083333281250001 0.1265625 0.0736111109375 0.14296875
4 0.16805555625 0.81953125 0.1916666671875 0.8203125 0.20185542656250002 0.813148528125 0.14305555625 0.8125 0.13055555624999998 0.81875 0.134722221875 0.8234375 0.1513888890625 0.825 0.16805555625 0.81953125
4 0.222222221875 0.82109375 0.20555555625 0.81953125 0.165277778125 0.8203125 0.1513888890625 0.8265625 0.15555555625 0.83203125 0.175 0.8359375 0.18194444375000002 0.83203125 0.2138888890625 0.8296875 0.22638888906250001 0.82421875 0.222222221875 0.82109375
4 0.20277777812500003 0.34609375 0.1833333328125 0.34609375 0.1708333328125 0.340625 0.14305555625 0.34921875 0.14444444375 0.353125 0.15277777812499999 0.3546875 0.1611111109375 0.36015625 0.20138888906250002 0.3609375 0.21805555625 0.35625 0.21805555625 0.35078125 0.20277777812500003 0.34609375
4 0.1833333328125 0.71875 0.15694444375 0.72578125 0.1583333328125 0.73125 0.1986111109375 0.73125 0.21805555625 0.72734375 0.23472222187499997 0.73203125 0.2416666671875 0.7296875 0.24305555625 0.7203125 0.1833333328125 0.71875