7 0.18194444375000002 0.08359375 0.16805555625 0.0953125 0.15555555625 0.11640625 0.15555555625 0.14296875 0.16944444375 0.1484375 0.1611111109375 0.15234375 0.1583333328125 0.1796875 0.16805555625 0.18359375 0.1875 0.184375 0.2208333328125 0.1796875 0.2236111109375 0.16796875 0.21805555625 0.1625 0.21805555625 0.153125 0.23611111093749998 0.1484375 0.25555555625 0.12890625 0.25833333281250004 0.12109375 0.27638888906250003 0.1171875 0.27777777812500004 0.0765625 0.26527777812500003 0.06953125 0.23194444375 0.06953125 0.21944444375 0.075 0.18194444375000002 0.08359375
7 0.6041666671875 0.93671875 0.6333333328124999 0.93671875 0.6138888890625 0.9328125 0.5722222218749999 0.93125 0.5611111109375 0.93359375 0.5555555562500001 0.928125 0.547222221875 0.90234375 0.5541666671875001 0.89375 0.6013888890625 0.89140625 0.6180555562500001 0.878125 0.6180555562500001 0.85859375 0.5888888890625 0.85859375 0.58194444375 0.86171875 0.51805555625 0.86953125 0.5097222218749999 0.87421875 0.48194444374999995 0.8765625 0.46666666718750005 0.8828125 0.447222221875 0.88125 0.43055555625 0.884375 0.43333333281249997 0.90546875 0.46805555625000006 0.92578125 0.46666666718750005 0.93125 0.44305555625000004 0.93203125 0.4486111109375 0.9375 0.45 0.9328125 0.45555555625000005 0.93203125 0.4583333328125 0.9375 0.48333333281249996 0.93671875 0.49583333281249997 0.93359375 0.5166666671875 0.9375 0.525 0.9421875 0.54444444375 0.94140625 0.5555555562500001 0.93828125 0.5736111109375 0.9390625 0.5861111109375 0.934375 0.5958333328125 0.93671875 0.5990736109375 0.9328125 0.6041666671875 0.93671875
7 0.5763888890625 0.83515625 0.56805555625 0.8109375 0.56805555625 0.7875 0.5555555562500001 0.78125 0.5555555562500001 0.76953125 0.5625 0.76328125 0.565277778125 0.72265625 0.5722222218749999 0.71484375 0.590277778125 0.7046875 0.5930555562500001 0.68203125 0.5888888890625 0.67578125 0.577777778125 0.66953125 0.5694444437499999 0.66875 0.5555555562500001 0.66171875 0.5555555562500001 0.65703125 0.54305555625 0.646875 0.5208333328125 0.6375 0.502777778125 0.63515625 0.46805555625000006 0.6359375 0.44305555625000004 0.6390625 0.43194444374999996 0.64375 0.41111111093749997 0.6578125 0.3916666671875 0.68125 0.3861111109375 0.6828125 0.3791666671875 0.6921875 0.35694444375 0.709375 0.352777778125 0.71796875 0.33194444375 0.72734375 0.3291666671875 0.73828125 0.315277778125 0.7453125 0.32777777812500003 0.75234375 0.33055555625 0.76796875 0.3625 0.77734375 0.34722222187499996 0.78359375 0.34027777812500004 0.8 0.3166666671875 0.8125 0.3125 0.8234375 0.29444444375 0.84609375 0.290277778125 0.86171875 0.33055555625 0.8625 0.33888888906250003 0.8546875 0.33888888906250003 0.85 0.3513888890625 0.85 0.35555555625 0.8453125 0.3958333328125 0.825 0.40972222187499996 0.8265625 0.42222222187499997 0.83515625 0.4486111109375 0.8390625 0.48055555625 0.8375 0.5 0.83359375 0.5361111109375 0.8390625 0.5611111109375 0.83828125 0.5763888890625 0.83515625
7 0.2513888890625 0.91875 0.23194444375 0.940625 0.22638888906250001 0.96171875 0.21805555625 0.96953125 0.215277778125 0.9859375 0.21944444375 0.99453125 0.22916666718749998 0.996875 0.2416666671875 0.9953125 0.24722222187499998 0.98203125 0.26805555625 0.965625 0.272222221875 0.9546875 0.2833333328125 0.94453125 0.28472222187499996 0.93515625 0.30416666718749996 0.90390625 0.322222221875 0.8984375 0.3263888890625 0.88828125 0.2791666671875 0.890625 0.26805555625 0.89375 0.259722221875 0.90078125 0.2513888890625 0.91875
7 0.09444444375 0.61796875 0.0388888890625 0.6203125 0.0375 0.625 0.04444444375 0.63515625 0.055555556250000006 0.64453125 0.0513888890625 0.6515625 0.052777778124999994 0.66640625 0.04305555625 0.67109375 0.05 0.71171875 0.055555556250000006 0.71796875 0.0791666671875 0.71875 0.09305555625 0.7234375 0.1541666671875 0.725 0.16388888906250001 0.71953125 0.17361111093749998 0.71796875 0.16944444375 0.703125 0.190277778125 0.696875 0.19305555624999998 0.67734375 0.165277778125 0.66796875 0.15694444375 0.65625 0.15555555625 0.6390625 0.15 0.63125 0.109722221875 0.63046875 0.10138888906250001 0.625 0.1 0.61953125 0.09444444375 0.61796875
7 0.10138888906250001 0.55859375 0.08333333281250001 0.5546875 0.084722221875 0.54609375 0.09305555625 0.54375 0.140277778125 0.54453125 0.16805555625 0.5421875 0.16944444375 0.5390625 0.1611111109375 0.53671875 0.15972222187500001 0.53125 0.15277777812499999 0.5265625 0.13194444375 0.521875 0.09305555625 0.521875 0.0388888890625 0.52578125 0.0083333328125 0.53359375 0.006944443749999999 0.5734375 0.013888889062500001 0.58359375 0.019444443750000002 0.6046875 0.025 0.61015625 0.03194444375 0.61171875 0.07083333281250001 0.61015625 0.1 0.61328125 0.11805555625 0.6109375 0.13055555624999998 0.60625 0.15 0.60703125 0.15555555625 0.6046875 0.15694444375 0.59609375 0.16805555625 0.5953125 0.18055555625 0.5890625 0.18055555625 0.575 0.16388888906250001 0.56328125 0.1583333328125 0.56328125 0.15 0.55859375 0.10138888906250001 0.55859375
7 0.222222221875 0.01015625 0.25555555625 0.0125 0.26527777812500003 0.00625 0.2611111109375 0.00625 0.25555555625 0.00078125 0.2208333328125 0.00078125 0.21805555625 0.0078125 0.222222221875 0.01015625
7 0.1708333328125 0.07734375 0.21111111093749999 0.07421875 0.22916666718749998 0.06875 0.23472222187499997 0.06015625 0.2236111109375 0.053125 0.222222221875 0.0484375 0.23055555625 0.0390625 0.2416666671875 0.03671875 0.24583333281250003 0.03203125 0.24305555625 0.028125 0.20555555625 0.02421875 0.19444444375 0.0328125 0.1916666671875 0.04296875 0.1708333328125 0.07109375 0.1708333328125 0.07734375
7 0.13194444375 0.03984375 0.125 0.05546875 0.1263888890625 0.0734375 0.1291666671875 0.07421875 0.14305555625 0.0609375 0.1458333328125 0.04453125 0.15972222187500001 0.01953125 0.14305555625 0.025 0.13194444375 0.03984375
7 0.140277778125 0.20703125 0.1291666671875 0.20703125 0.1291666671875 0.21171875 0.140277778125 0.2125 0.140277778125 0.20703125
7 0.0958333328125 0.20703125 0.10138888906250001 0.209375 0.0958333328125 0.2109375 0.0958333328125 0.21484375 0.10555555624999999 0.20703125 0.10555555624999999 0.203125 0.1 0.203125 0.0958333328125 0.20703125
7 0.077777778125 0.2515625 0.15555555625 0.2546875 0.15972222187500001 0.25234375 0.15972222187500001 0.23828125 0.15 0.23125 0.0861111109375 0.22890625 0.077777778125 0.2390625 0.077777778125 0.2515625
7 0.10138888906250001 0.3234375 0.10555555624999999 0.3140625 0.1291666671875 0.3046875 0.15555555625 0.28359375 0.15972222187500001 0.271875 0.15972222187500001 0.265625 0.15555555625 0.26328125 0.1125 0.2625 0.08333333281250001 0.25859375 0.06805555625000001 0.2625 0.047222221875 0.3140625 0.047222221875 0.31875 0.05694444375 0.3234375 0.10138888906250001 0.3234375
4 0.20416666718749998 0.60390625 0.21805555625 0.60625 0.222222221875 0.6 0.22916666718749998 0.5984375 0.23055555625 0.59375 0.2 0.58984375 0.18055555625 0.58984375 0.17361111093749998 0.59296875 0.15694444375 0.59375 0.15555555625 0.60078125 0.16944444375 0.60546875 0.1888888890625 0.60625 0.20416666718749998 0.60390625
4 0.34027777812500004 0.8609375 0.34722222187499996 0.85859375 0.48055555625 0.8484375 0.527777778125 0.84296875 0.5319444437499999 0.83828125 0.4916666671875 0.83671875 0.41944444374999995 0.8390625 0.3791666671875 0.83515625 0.36805555624999997 0.83828125 0.3513888890625 0.85 0.32777777812500003 0.85078125 0.322222221875 0.85703125 0.32777777812500003 0.86015625 0.34027777812500004 0.8609375
4 0.15972222187500001 0.34609375 0.16805555625 0.34765625 0.165277778125 0.3421875 0.17361111093749998 0.3375 0.17361111093749998 0.33359375 0.1708333328125 0.3328125 0.16388888906250001 0.33828125 0.15694444375 0.33203125 0.10555555624999999 0.33203125 0.102777778125 0.33671875 0.12222222187500001 0.3421875 0.1513888890625 0.33984375 0.15972222187500001 0.34609375