1 0.39375 0.2888888890625 0.39375 0.27777777812500004 0.38515625 0.2541666671875 0.39140625 0.15972222187500001 0.38984375 0.13888888906250002 0.3859375 0.127777778125 0.3859375 0.1111111109375 0.38359375 0.1041666671875 0.37734375 0.102777778125 0.3703125 0.10833333281249999 0.371875 0.24444444375000002 0.36875 0.25833333281250004 0.359375 0.259722221875 0.3578125 0.2666666671875 0.3671875 0.272222221875 0.37578125 0.28611111093749997 0.38828125 0.28472222187499996 0.39375 0.2888888890625
1 0.4375 0.24305555625 0.45625 0.2513888890625 0.46796875 0.2513888890625 0.46875 0.24305555625 0.45625 0.23194444375 0.45390625 0.2166666671875 0.45625 0.0958333328125 0.45078125 0.08055555625000001 0.446875 0.08055555625000001 0.4421875 0.0916666671875 0.4421875 0.1541666671875 0.43984375 0.1583333328125 0.44140625 0.2138888890625 0.4375 0.2236111109375 0.43125 0.2236111109375 0.4296875 0.23055555625 0.43203125 0.2388888890625 0.4375 0.24305555625
6 0.9 0.3625 0.9 0.36805555624999997 0.9046875 0.372222221875 0.9109375 0.36805555624999997 0.9125 0.35972222187499997 0.91171875 0.34722222187499996 0.90703125 0.34722222187499996 0.9 0.3625
6 0.84375 0.51805555625 0.8484375 0.5111111109375 0.8546875 0.5111111109375 0.85703125 0.5513888890625 0.8859375 0.559722221875 0.9109375 0.577777778125 0.915625 0.577777778125 0.921875 0.56805555625 0.93046875 0.51805555625 0.93046875 0.43194444374999996 0.9140625 0.39305555625 0.90703125 0.3861111109375 0.89296875 0.38194444375000003 0.88984375 0.34305555625 0.8859375 0.3375 0.88125 0.31944444375000003 0.8703125 0.3166666671875 0.86640625 0.32777777812500003 0.8375 0.31944444375000003 0.83515625 0.33888888906250003 0.8265625 0.34861111093749997 0.82421875 0.3763888890625 0.81875 0.3958333328125 0.81796875 0.4375 0.8234375 0.45555555625000005 0.82421875 0.46805555625000006 0.82421875 0.4875 0.81875 0.51805555625 0.8203125 0.54305555625 0.83671875 0.5458333328125 0.84375 0.51805555625
6 0.6546875 0.23055555625 0.64765625 0.2236111109375 0.6375 0.222222221875 0.63125 0.2138888890625 0.628125 0.1916666671875 0.62421875 0.1833333328125 0.60703125 0.177777778125 0.6015625 0.165277778125 0.58984375 0.1611111109375 0.57421875 0.16388888906250001 0.5703125 0.1708333328125 0.5671875 0.1888888890625 0.56640625 0.21111111093749999 0.56875 0.22916666718749998 0.58359375 0.25 0.59140625 0.252777778125 0.59453125 0.25833333281250004 0.653125 0.25833333281250004 0.65703125 0.25 0.6546875 0.23055555625
7 0.8484375 0.1208333328125 0.83984375 0.12222222187500001 0.83984375 0.1375 0.846875 0.15 0.86640625 0.15 0.87265625 0.1541666671875 0.8859375 0.15 0.86640625 0.13055555624999998 0.8546875 0.1291666671875 0.8484375 0.1208333328125
7 0.9671875 0.115277778125 0.96953125 0.1 0.9625 0.08333333281250001 0.96171875 0.11805555625 0.9640625 0.11805555625 0.9671875 0.115277778125
7 0.9390625 0.072222221875 0.92265625 0.072222221875 0.909375 0.08055555625000001 0.90625 0.0875 0.90546875 0.11805555625 0.921875 0.1291666671875 0.93046875 0.12222222187500001 0.94609375 0.12222222187500001 0.95078125 0.11805555625 0.95390625 0.1041666671875 0.9546875 0.08333333281250001 0.9390625 0.072222221875
7 0.8578125 0.075 0.85625 0.08055555625000001 0.87578125 0.1041666671875 0.89296875 0.115277778125 0.89765625 0.1111111109375 0.89765625 0.08055555625000001 0.871875 0.07083333281250001 0.86171875 0.07083333281250001 0.8578125 0.075
7 0.9859375 0.2625 0.9796875 0.3111111109375 0.9796875 0.3375 0.984375 0.34027777812500004 0.98984375 0.3513888890625 0.99921875 0.352777778125 0.99921875 0.27638888906250003 0.99296875 0.259722221875 0.9875 0.25833333281250004 0.9859375 0.2625
7 0.00625 0.397222221875 0.003125 0.40555555625000006 0 0.4 0.0046875 0.40972222187499996 0.01328125 0.40972222187499996 0.015625 0.40277777812500004 0.02109375 0.40694444374999994 0.02109375 0.4 0.00625 0.397222221875
7 0 0.55694444375 0.01953125 0.55694444375 0.0296875 0.5625 0.0375 0.5416666671875 0.0375 0.49444444374999996 0.05625 0.4791666671875 0.06328125 0.48194444374999995 0.0625 0.5097222218749999 0.05703125 0.527777778125 0.05859375 0.5513888890625 0.06171875 0.5555555562500001 0.06015625 0.5736111109375 0.0625 0.58055555625 0.06875 0.584722221875 0.06796875 0.5930555562500001 0.06328125 0.5930555562500001 0.065625 0.597222221875 0.06328125 0.6041666671875 0.06796875 0.6004625 0.06796875 0.6152777781250001 0.0625 0.6152777781250001 0.065625 0.6208333328125 0.065625 0.6263888890625 0.0625 0.627777778125 0.06328125 0.64444444375 0.065625 0.64305555625 0.0671875 0.6180555562500001 0.0875 0.5513888890625 0.1 0.55 0.10625 0.5555555562500001 0.10703125 0.5986111109375 0.11796875 0.6166666671875001 0.12734375 0.622222221875 0.1421875 0.6180555562500001 0.14140625 0.5833333328125 0.1375 0.5694444437499999 0.13515625 0.54305555625 0.13125 0.5319444437499999 0.13046875 0.515277778125 0.1265625 0.5041666671875 0.12421875 0.46805555625000006 0.1171875 0.4583333328125 0.12265625 0.44305555625000004 0.1171875 0.3916666671875 0.10234375 0.3958333328125 0.0609375 0.4263888890625 0.04375 0.43333333281249997 0.03125 0.447222221875 0.028125 0.45555555625000005 0.01953125 0.45277777812500003 0.01875 0.43333333281249997 0.01484375 0.43333333281249997 0.01171875 0.44305555625000004 0.00625 0.44166666718750003 0.0046875 0.45 0.00703125 0.46388888906250003 0.0109375 0.4625 0.01875 0.47222222187499996 0.01328125 0.47361111093749997 0.00625 0.48472222187499997 0.0046875 0.49305555625 0 0.49583333281249997 0.00625 0.5138888890625 0.0046875 0.527777778125 0 0.5305555562500001 0 0.55694444375
7 0.21328125 0.56805555625 0.21953125 0.5555555562500001 0.2265625 0.5555555562500001 0.23671875 0.5638888890625 0.27421875 0.565277778125 0.28515625 0.5736111109375 0.2953125 0.5916666671875 0.31796875 0.5930555562500001 0.32421875 0.5888888890625 0.3375 0.559722221875 0.353125 0.54444444375 0.36328125 0.51805555625 0.3640625 0.46805555625000006 0.3609375 0.44444444375 0.35703125 0.434722221875 0.34140625 0.41111111093749997 0.31953125 0.39305555625 0.29140625 0.35694444375 0.28203125 0.3513888890625 0.27421875 0.3333333328125 0.2609375 0.3291666671875 0.25546875 0.3138888890625 0.24765625 0.32777777812500003 0.23203125 0.33055555625 0.22421875 0.34861111093749997 0.21328125 0.34027777812500004 0.20625 0.34027777812500004 0.1921875 0.3513888890625 0.18125 0.34722222187499996 0.14453125 0.3708333328125 0.14375 0.3888888890625 0.15 0.427777778125 0.15 0.4583333328125 0.153125 0.46805555625000006 0.15625 0.5263888890625 0.1640625 0.5763888890625 0.1953125 0.56805555625 0.21328125 0.56805555625
7 0.878125 0.25833333281250004 0.88203125 0.27638888906250003 0.8859375 0.28055555625 0.8953125 0.27638888906250003 0.921875 0.27777777812500004 0.93046875 0.2638888890625 0.93046875 0.23333333281250002 0.91640625 0.1833333328125 0.9046875 0.16805555625 0.88046875 0.15555555625 0.85546875 0.15555555625 0.85234375 0.1611111109375 0.85 0.15555555625 0.8234375 0.15555555625 0.81640625 0.16805555625 0.815625 0.20833333281250002 0.81953125 0.2236111109375 0.83125 0.22777777812500002 0.8375 0.21805555625 0.846875 0.2166666671875 0.84921875 0.21944444375 0.85078125 0.23611111093749998 0.878125 0.25833333281250004
7 0.34765625 0.15694444375 0.35546875 0.1611111109375 0.359375 0.15555555625 0.36875 0.1541666671875 0.36875 0.109722221875 0.38203125 0.0986111109375 0.38671875 0.097222221875 0.38828125 0.115277778125 0.39375 0.134722221875 0.39375 0.15694444375 0.4 0.1708333328125 0.4 0.18055555625 0.40625 0.1833333328125 0.4171875 0.184722221875 0.42578125 0.18055555625 0.4390625 0.15555555625 0.4421875 0.13194444375 0.44140625 0.09305555625 0.44453125 0.08055555625000001 0.4515625 0.08194444375 0.4578125 0.09444444375 0.45546875 0.127777778125 0.45625 0.177777778125 0.4671875 0.1763888890625 0.47109375 0.15694444375 0.47578125 0.15277777812499999 0.478125 0.127777778125 0.47578125 0.04444444375 0.4703125 0.01805555625 0.4625 0.006944443749999999 0.43046875 0.00555555625 0.3921875 0.022222221875 0.3890625 0.026388889062499997 0.38828125 0.0388888890625 0.39140625 0.06944444375 0.3890625 0.090277778125 0.38515625 0.097222221875 0.38046875 0.0916666671875 0.3796875 0.0375 0.37578125 0.034722221875 0.3546875 0.055555556250000006 0.34453125 0.0513888890625 0.33515625 0.055555556250000006 0.32890625 0.04305555625 0.28359375 0.0513888890625 0.27890625 0.0666666671875 0.2796875 0.08055555625000001 0.275 0.0986111109375 0.275 0.16944444375 0.28203125 0.18055555625 0.29609375 0.1763888890625 0.30234375 0.1916666671875 0.30703125 0.19444444375 0.32421875 0.19305555624999998 0.33359375 0.165277778125 0.34765625 0.15694444375
7 0.796875 0.109722221875 0.79765625 0.097222221875 0.7859375 0.09444444375 0.78828125 0.1 0.7875 0.12222222187500001 0.7859375 0.13194444375 0.78125 0.1375 0.78984375 0.1513888890625 0.79296875 0.15 0.79296875 0.11805555625 0.796875 0.109722221875
7 0.75 0.075 0.7453125 0.13333333281249998 0.74609375 0.1583333328125 0.76171875 0.15972222187500001 0.76796875 0.1541666671875 0.7703125 0.140277778125 0.7703125 0.09444444375 0.77265625 0.0861111109375 0.76796875 0.08055555625000001 0.75 0.075
7 0.7375 0.15555555625 0.7390625 0.06944444375 0.6859375 0.047222221875 0.68046875 0.047222221875 0.6765625 0.055555556250000006 0.6765625 0.1 0.68046875 0.10555555624999999 0.68515625 0.10555555624999999 0.6953125 0.13194444375 0.7109375 0.14305555625 0.7203125 0.15694444375 0.734375 0.15972222187500001 0.7375 0.15555555625
7 0.98828125 0.2541666671875 0.99453125 0.25555555625 0.9953125 0.24444444375000002 0.99921875 0.240277778125 0.99921875 0.22638888906250001 0.99296875 0.2236111109375 0.9890625 0.23333333281250002 0.98828125 0.2541666671875
7 0.971875 0.240277778125 0.975 0.20555555625 0.96953125 0.197222221875 0.92890625 0.16944444375 0.91953125 0.16805555625 0.91875 0.1888888890625 0.93359375 0.23472222187499997 0.9421875 0.23611111093749998 0.9484375 0.22777777812500002 0.95546875 0.22777777812500002 0.9609375 0.23055555625 0.9640625 0.24305555625 0.971875 0.240277778125
7 0.9390625 0.12222222187500001 0.925 0.125 0.925 0.13055555624999998 0.93828125 0.14305555625 0.9546875 0.1458333328125 0.96875 0.15694444375 0.98046875 0.15972222187500001 0.978125 0.14305555625 0.9671875 0.134722221875 0.9390625 0.12222222187500001
4 0.96171875 0.2541666671875 0.95859375 0.259722221875 0.95078125 0.28194444375 0.94921875 0.2958333328125 0.9484375 0.3166666671875 0.95546875 0.3236111109375 0.95625 0.3416666671875 0.9609375 0.3416666671875 0.96875 0.2833333328125 0.96875 0.25833333281250004 0.96640625 0.2541666671875 0.96171875 0.2541666671875
4 0.04375 0.7763888890625 0.05 0.784722221875 0.0609375 0.7791666671875 0.0640625 0.7888888890625 0.07421875 0.7888888890625 0.07734375 0.7833333328125 0.0703125 0.772222221875 0.0625 0.722222221875 0.05625 0.7013888890625 0.05625 0.69305555625 0.0609375 0.6875 0.06328125 0.69305555625 0.0671875 0.69305555625 0.0625 0.6875 0.0625 0.6791666671875001 0.05546875 0.665277778125 0.0546875 0.6555555562500001 0.04296875 0.63055555625 0.0375 0.6263888890625 0.03046875 0.597222221875 0.025 0.5930555562500001 0.01953125 0.6013888890625 0.0203125 0.6263888890625 0.0140625 0.6333333328124999 0.0125 0.65 0.0171875 0.6583333328125 0.0265625 0.702777778125 0.0375 0.734722221875 0.04296875 0.7583333328124999 0.04375 0.7763888890625
4 0.1890625 0.222222221875 0.1984375 0.20555555625 0.19453125 0.2 0.18828125 0.20694444375 0.18203125 0.19583333281249998 0.1765625 0.20138888906250002 0.17578125 0.240277778125 0.17890625 0.24583333281250003 0.18125 0.26805555625 0.1859375 0.2833333328125 0.184375 0.29305555625 0.19140625 0.2958333328125 0.1921875 0.2541666671875 0.1890625 0.222222221875