1 0.6140625 0.872222221875 0.61328125 0.8847222218749999 0.61796875 0.897222221875 0.62421875 0.8958333328125001 0.6296875 0.8819444437499999 0.628125 0.752777778125 0.63203125 0.7402777781250001 0.640625 0.7402777781250001 0.6421875 0.734722221875 0.6328125 0.727777778125 0.62421875 0.7138888890625 0.6140625 0.7180555562500001 0.60546875 0.7111111109375 0.60546875 0.7194444437499999 0.6125 0.7361111109375 0.6140625 0.7569444437499999 0.60859375 0.840277778125 0.61015625 0.8652777781250001 0.6140625 0.872222221875
1 0.54375 0.902777778125 0.5484375 0.91944444375 0.5546875 0.91944444375 0.5578125 0.9125 0.5578125 0.852777778125 0.56015625 0.8430555562500001 0.55859375 0.784722221875 0.5625 0.7763888890625 0.56953125 0.7763888890625 0.5703125 0.76944444375 0.5671875 0.7611111109375 0.56171875 0.7569444437499999 0.54375 0.7486111109375 0.53203125 0.7486111109375 0.53125 0.7541666671875 0.5421875 0.765277778125 0.54609375 0.777777778125 0.54375 0.902777778125
6 0.2390625 0.784722221875 0.246875 0.8027777781250001 0.2640625 0.8125 0.2703125 0.8430555562500001 0.290625 0.85 0.3109375 0.85 0.32109375 0.8333333328125001 0.33203125 0.8361111109375001 0.340625 0.83194444375 0.3453125 0.81805555625 0.34609375 0.7916666671875 0.33984375 0.7638888890625 0.3359375 0.7583333328124999 0.3140625 0.7597222218749999 0.30234375 0.752777778125 0.29765625 0.725 0.29140625 0.7166666671875 0.2828125 0.715277778125 0.2703125 0.7291666671875 0.26328125 0.722222221875 0.24296875 0.7236111109375 0.2375 0.727777778125 0.2359375 0.76805555625 0.2390625 0.784722221875
6 0.42578125 0.8388888890624999 0.4328125 0.8111111109375001 0.43359375 0.7888888890625 0.43046875 0.76944444375 0.41953125 0.7541666671875 0.40859375 0.7486111109375 0.40546875 0.7430555562500001 0.375 0.7402777781250001 0.35 0.7416666671875001 0.34375 0.7458333328125 0.3453125 0.76944444375 0.36484375 0.7805555562500001 0.375 0.815277778125 0.39296875 0.8208333328125 0.40078125 0.8388888890624999 0.42578125 0.8388888890624999
7 0.1640625 0.877777778125 0.16484375 0.86944444375 0.15625 0.8486111109375001 0.1109375 0.8486111109375001 0.12734375 0.8652777781250001 0.14375 0.8708333328125001 0.15078125 0.8791666671874999 0.1640625 0.877777778125
7 0.03359375 0.8819444437499999 0.0265625 0.89444444375 0.0375 0.91805555625 0.03828125 0.88055555625 0.03359375 0.8819444437499999
7 0.08359375 0.8736111109375001 0.075 0.8736111109375001 0.0734375 0.8791666671874999 0.053125 0.877777778125 0.04921875 0.8833333328125 0.04609375 0.9 0.04609375 0.91805555625 0.059375 0.9277777781250001 0.07734375 0.9277777781250001 0.090625 0.91944444375 0.09375 0.9069444437499999 0.09375 0.8791666671874999 0.08359375 0.8736111109375001
7 0.13984375 0.9277777781250001 0.14296875 0.91944444375 0.1234375 0.89444444375 0.11171875 0.8861111109375001 0.10234375 0.8861111109375001 0.10234375 0.91944444375 0.12109375 0.9277777781250001 0.13984375 0.9277777781250001
7 0.0703125 0.76944444375 0.07421875 0.7763888890625 0.084375 0.81805555625 0.0953125 0.83194444375 0.11875 0.8444444437499999 0.14453125 0.8444444437499999 0.146875 0.8333333328125001 0.1515625 0.8263888890625 0.15390625 0.83055555625 0.15546875 0.827777778125 0.1625 0.83194444375 0.16640625 0.840277778125 0.1734375 0.840277778125 0.184375 0.83055555625 0.1859375 0.8125 0.1796875 0.7763888890625 0.16875 0.772222221875 0.16484375 0.7736111109375 0.1625 0.7805555562500001 0.15390625 0.7819444437499999 0.15 0.765277778125 0.14609375 0.7597222218749999 0.121875 0.7416666671875001 0.1171875 0.722222221875 0.08046875 0.722222221875 0.075 0.7236111109375 0.0703125 0.7333333328125 0.0703125 0.76944444375
7 0.05546875 0.6861111109375 0.046875 0.6791666671875001 0.04375 0.684722221875 0.0453125 0.7041666671875 0.0390625 0.7541666671875 0.04375 0.75555555625 0.04765625 0.7416666671875001 0.05078125 0.70694444375 0.05546875 0.7041666671875 0.0578125 0.6944444437499999 0.05546875 0.6861111109375
7 0.00078125 0.7763888890625 0.00625 0.7763888890625 0.01171875 0.7666666671875 0.015625 0.7194444437499999 0.01953125 0.7013888890625 0.02109375 0.6625 0.015625 0.6611111109375 0.01015625 0.647222221875 0.00078125 0.6458333328125 0.00078125 0.7763888890625
7 0.89453125 0.41944444374999995 0.89296875 0.4138888890625 0.88828125 0.415277778125 0.8875 0.40694444374999994 0.89296875 0.40138888906250003 0.8921875 0.3958333328125 0.88671875 0.39444444375 0.8859375 0.4 0.88125 0.39027777812500003 0.88203125 0.397222221875 0.88671875 0.40138888906250003 0.88828125 0.4291666671875 0.8921875 0.43333333281249997 0.89453125 0.41944444374999995
7 1 0.49583333281249997 0.97734375 0.49444444374999996 0.95234375 0.50555555625 0.9421875 0.48333333281249996 0.94140625 0.44444444375 0.9453125 0.41805555625 0.93828125 0.3986111109375 0.93984375 0.3541666671875 0.93671875 0.3458333328125 0.93203125 0.35694444375 0.93125 0.40555555625000006 0.92890625 0.415277778125 0.92734375 0.4138888890625 0.928125 0.42083333281249996 0.92265625 0.42222222187499997 0.9234375 0.4361111109375 0.92109375 0.44305555625000004 0.9078125 0.447222221875 0.9015625 0.45555555625000005 0.890625 0.45277777812500003 0.88671875 0.46527777812500004 0.890625 0.4791666671875 0.87421875 0.4986111109375 0.875 0.527777778125 0.88046875 0.5416666671875 0.8796875 0.5861111109375 0.88203125 0.6180555562500001 0.88515625 0.6236111109375 0.90625 0.61944444375 0.92109375 0.609722221875 0.9625 0.5944444437499999 0.96796875 0.5875 0.97421875 0.6041666671875 0.97109375 0.6166666671875001 0.9703125 0.6416666671875 0.99609375 0.6458333328125 1 0.64444444375 1 0.640277778125 0.99296875 0.6319444437499999 0.98828125 0.6347222218749999 0.98515625 0.6236111109375 0.98671875 0.60694444375 0.9890625 0.6041666671875 0.98828125 0.5930555562500001 0.99140625 0.5944444437499999 0.9875 0.5916666671875 0.98515625 0.5833333328125 0.9875 0.559722221875 1 0.5486111109375 1 0.49583333281249997
7 0.79453125 0.5791666671875 0.790625 0.5708333328124999 0.790625 0.5611111109375 0.7875 0.5555555562500001 0.7796875 0.5527777781250001 0.7796875 0.5333333328125 0.77265625 0.49305555625 0.775 0.4513888890625 0.75859375 0.4375 0.72265625 0.44166666718750003 0.71875 0.43194444374999996 0.71328125 0.427777778125 0.7125 0.41944444374999995 0.70546875 0.40833333281249995 0.68203125 0.40694444374999994 0.675 0.4125 0.66328125 0.44166666718750003 0.65546875 0.44444444375 0.6453125 0.45694444375 0.6359375 0.48472222187499997 0.63359375 0.4986111109375 0.63515625 0.527777778125 0.63828125 0.5527777781250001 0.64375 0.56805555625 0.6578125 0.5888888890625 0.68046875 0.60694444375 0.70625 0.6375 0.7078125 0.64305555625 0.7171875 0.6486111109375 0.7265625 0.6666666671875 0.7390625 0.6708333328125 0.74453125 0.6861111109375 0.7484375 0.6833333328125 0.753125 0.6708333328125 0.76875 0.66805555625 0.7765625 0.6486111109375 0.7875 0.6541666671875 0.796875 0.64444444375 0.8125 0.64444444375 0.81875 0.6486111109375 0.85625 0.6347222218749999 0.85703125 0.6083333328125 0.8546875 0.584722221875 0.85234375 0.58055555625 0.84375 0.475 0.8359375 0.4236111109375 0.80703125 0.43194444374999996 0.8078125 0.4763888890625 0.8171875 0.5 0.8171875 0.5069444437499999 0.81328125 0.5319444437499999 0.8078125 0.54305555625 0.81015625 0.56805555625 0.80390625 0.58055555625 0.79453125 0.5791666671875
7 0.03203125 0.8041666671875 0.0609375 0.8208333328125 0.0703125 0.83055555625 0.08125 0.83055555625 0.08203125 0.8138888890624999 0.07578125 0.8 0.0734375 0.7833333328125 0.06640625 0.7638888890625 0.06171875 0.7597222218749999 0.04921875 0.7597222218749999 0.04296875 0.7666666671875 0.0359375 0.765277778125 0.03359375 0.76944444375 0.03046875 0.7638888890625 0.03203125 0.76805555625 0.0265625 0.7763888890625 0.0265625 0.790277778125 0.03203125 0.8041666671875
7 0.04453125 0.8541666671874999 0.03046875 0.8430555562500001 0.01953125 0.840277778125 0.021875 0.85694444375 0.0671875 0.8791666671874999 0.0703125 0.8680555562500001 0.0734375 0.86944444375 0.07421875 0.8791666671874999 0.07578125 0.8763888890624999 0.0765625 0.8708333328125001 0.05625 0.8541666671874999 0.04453125 0.8541666671874999
7 0.63125 0.85 0.63046875 0.8847222218749999 0.6265625 0.89305555625 0.6140625 0.902777778125 0.61171875 0.8833333328125 0.60546875 0.8652777781250001 0.60625 0.8444444437499999 0.5984375 0.8194444437499999 0.58359375 0.8125 0.5703125 0.8222222218749999 0.56015625 0.8458333328125001 0.56015625 0.8666666671875 0.5578125 0.8736111109375001 0.54453125 0.8736111109375001 0.54375 0.8222222218749999 0.53828125 0.8208333328125 0.53359375 0.8236111109375001 0.52734375 0.8388888890624999 0.5265625 0.8611111109375 0.521875 0.8736111109375001 0.5234375 0.95555555625 0.52734375 0.98055555625 0.534375 0.9916666671875 0.5703125 0.99444444375 0.58359375 0.9861111109375 0.60546875 0.98055555625 0.61015625 0.975 0.61171875 0.9611111109375001 0.625 0.9625 0.6453125 0.9444444437499999 0.6546875 0.9486111109375001 0.66640625 0.9444444437499999 0.67109375 0.95694444375 0.709375 0.952777778125 0.71640625 0.9486111109375001 0.721875 0.93194444375 0.725 0.9013888890624999 0.725 0.83194444375 0.71796875 0.8194444437499999 0.7125 0.8263888890625 0.703125 0.827777778125 0.69765625 0.8083333328125001 0.69375 0.8055555562500001 0.675 0.80694444375 0.6671875 0.834722221875 0.6609375 0.8361111109375001 0.6546875 0.8444444437499999 0.6484375 0.8444444437499999 0.6421875 0.852777778125 0.6375 0.8486111109375001 0.63125 0.85
7 0.2140625 0.85 0.21015625 0.847222221875 0.20703125 0.8486111109375001 0.20703125 0.8819444437499999 0.20234375 0.89444444375 0.20234375 0.902777778125 0.2125 0.9055555562500001 0.2125 0.877777778125 0.21484375 0.8666666671875 0.21875 0.8625 0.2140625 0.85
7 0.22734375 0.9111111109375001 0.23125 0.91805555625 0.24765625 0.925 0.25078125 0.9236111109375 0.2515625 0.9166666671874999 0.2546875 0.840277778125 0.234375 0.840277778125 0.2296875 0.8611111109375 0.23125 0.8680555562500001 0.22734375 0.9111111109375001
7 0.3234375 0.9458333328125 0.32265625 0.8986111109375001 0.31484375 0.89444444375 0.3046875 0.872222221875 0.2953125 0.8652777781250001 0.2921875 0.8583333328125 0.28203125 0.8541666671874999 0.2796875 0.8486111109375001 0.26875 0.8416666671874999 0.26328125 0.8444444437499999 0.26015625 0.9138888890624999 0.26171875 0.93194444375 0.3078125 0.952777778125 0.32109375 0.9541666671875 0.3234375 0.9458333328125
4 0.0453125 0.7083333328125 0.04453125 0.68194444375 0.04765625 0.6541666671875 0.03984375 0.6513888890625 0.03125 0.7166666671875 0.0328125 0.752777778125 0.03828125 0.7541666671875 0.0453125 0.7083333328125
4 0.77421875 0.490277778125 0.77578125 0.5111111109375 0.78046875 0.54444444375 0.79375 0.55 0.79296875 0.56805555625 0.79609375 0.577777778125 0.80625 0.577777778125 0.80859375 0.5694444437499999 0.80703125 0.54444444375 0.8125 0.534722221875 0.81484375 0.49444444374999996 0.80703125 0.477777778125 0.80234375 0.40277777812500004 0.80234375 0.38333333281250004 0.80546875 0.3708333328125 0.79453125 0.3638888890625 0.7921875 0.4 0.78671875 0.40277777812500004 0.78125 0.3736111109375 0.7765625 0.377777778125 0.775 0.384722221875 0.7796875 0.434722221875 0.7796875 0.45555555625000005 0.77421875 0.490277778125
4 0.8609375 0.40833333281249995 0.8625 0.440277778125 0.8671875 0.4583333328125 0.86953125 0.48194444374999995 0.875 0.4861111109375 0.88203125 0.4791666671875 0.88203125 0.4625 0.8875 0.45416666718750004 0.88671875 0.41944444374999995 0.88125 0.397222221875 0.86953125 0.3708333328125 0.86953125 0.3291666671875 0.87265625 0.3125 0.8703125 0.30694444375 0.86328125 0.3111111109375 0.86015625 0.302777778125 0.85625 0.302777778125 0.84921875 0.3083333328125 0.85 0.3416666671875 0.8609375 0.40833333281249995
4 0.99296875 0.7638888890625 0.9875 0.752777778125 0.97421875 0.7611111109375 0.975 0.7833333328125 0.98125 0.8541666671874999 0.9875 0.8791666671874999 0.9875 0.89444444375 0.9921875 0.902777778125 0.9984375 0.8986111109375001 1 0.8138888890624999 0.99609375 0.8027777781250001 0.99296875 0.7638888890625