2 0.0234375 0.425 0.01875 0.425 0.01328125 0.43194444374999996 0.0140625 0.47083333281249995 0.01640625 0.4763888890625 0.025 0.477777778125 0.0328125 0.46666666718750005 0.0296875 0.4458333328125 0.0234375 0.425
1 0.3828125 0.1888888890625 0.3828125 0.10555555624999999 0.38046875 0.10138888906250001 0.3734375 0.10138888906250001 0.3703125 0.10555555624999999 0.371875 0.2541666671875 0.35703125 0.2541666671875 0.36171875 0.259722221875 0.36171875 0.26805555625 0.35625 0.26527777812500003 0.36640625 0.2708333328125 0.36875 0.2791666671875 0.375 0.28611111093749997 0.3875 0.28055555625 0.40078125 0.2888888890625 0.4015625 0.28055555625 0.38515625 0.25694444375000003 0.3859375 0.1916666671875 0.3828125 0.1888888890625
1 0.4515625 0.2166666671875 0.45234375 0.17916666718750002 0.4546875 0.1708333328125 0.45390625 0.08333333281250001 0.44453125 0.08055555625000001 0.4421875 0.0861111109375 0.44140625 0.215277778125 0.43828125 0.22916666718749998 0.4265625 0.22638888906250001 0.42578125 0.23055555625 0.428125 0.23333333281250002 0.43046875 0.22777777812500002 0.434375 0.22916666718749998 0.43203125 0.240277778125 0.4375 0.24305555625 0.45234375 0.25 0.46875 0.2513888890625 0.46875 0.24305555625 0.45546875 0.23472222187499997 0.4515625 0.2166666671875
6 0.61796875 0.1833333328125 0.61015625 0.17361111093749998 0.60546875 0.17361111093749998 0.59765625 0.15972222187500001 0.5765625 0.15972222187500001 0.5703125 0.16944444375 0.5671875 0.1861111109375 0.56640625 0.2138888890625 0.56953125 0.22638888906250001 0.5765625 0.2416666671875 0.59453125 0.25694444375000003 0.640625 0.259722221875 0.65390625 0.25694444375000003 0.65703125 0.25 0.6546875 0.23055555625 0.64765625 0.2236111109375 0.6375 0.222222221875 0.6328125 0.215277778125 0.63671875 0.20555555625 0.63671875 0.19444444375 0.61796875 0.1833333328125
6 0.7796875 0.22916666718749998 0.77890625 0.2736111109375 0.78203125 0.27638888906250003 0.78671875 0.2666666671875 0.78828125 0.23472222187499997 0.7859375 0.2208333328125 0.7828125 0.21805555625 0.7796875 0.22916666718749998
6 0.7859375 0.2166666671875 0.78828125 0.2138888890625 0.7875 0.20972222187499998 0.78203125 0.2138888890625 0.7859375 0.2166666671875
6 0.7375 0.27638888906250003 0.74296875 0.27777777812500004 0.75 0.2666666671875 0.75078125 0.24305555625 0.76484375 0.2388888890625 0.76953125 0.177777778125 0.7859375 0.1916666671875 0.78203125 0.1981486109375 0.784375 0.20555555625 0.7890625 0.20416666718749998 0.7890625 0.184722221875 0.784375 0.1833333328125 0.78515625 0.17916666718750002 0.78203125 0.1833333328125 0.78046875 0.18055555625 0.7828125 0.16944444375 0.77578125 0.17361111093749998 0.775 0.16388888906250001 0.77265625 0.165277778125 0.77421875 0.17361111093749998 0.7703125 0.175 0.7609375 0.15694444375 0.75703125 0.11805555625 0.75 0.10555555624999999 0.72734375 0.0958333328125 0.71015625 0.0958333328125 0.70234375 0.1041666671875 0.69921875 0.1416666671875 0.68828125 0.15555555625 0.68359375 0.16944444375 0.6875 0.177777778125 0.68828125 0.225 0.69921875 0.2416666671875 0.71015625 0.240277778125 0.71796875 0.2138888890625 0.71875 0.2 0.72578125 0.1875 0.734375 0.1916666671875 0.7375 0.2236111109375 0.7328125 0.2638888890625 0.7375 0.27638888906250003
7 0.86875 0.1541666671875 0.85546875 0.15555555625 0.853125 0.15972222187500001 0.840625 0.15555555625 0.81953125 0.15694444375 0.8203125 0.184722221875 0.83359375 0.20416666718749998 0.84765625 0.215277778125 0.8515625 0.2388888890625 0.878125 0.25833333281250004 0.88125 0.275 0.88515625 0.2791666671875 0.90703125 0.27638888906250003 0.9140625 0.2486111109375 0.9265625 0.23055555625 0.915625 0.18194444375000002 0.9109375 0.17361111093749998 0.890625 0.1583333328125 0.86875 0.1541666671875
7 0.9890625 0.25833333281250004 0.98203125 0.27777777812500004 0.97890625 0.33888888906250003 0.99921875 0.33888888906250003 0.99921875 0.26805555625 0.9890625 0.25833333281250004
7 0.90703125 0.29444444375 0.909375 0.3 0.9234375 0.3263888890625 0.94296875 0.33055555625 0.946875 0.334722221875 0.95078125 0.3513888890625 0.95703125 0.35555555625 0.96640625 0.30694444375 0.96953125 0.24583333281250003 0.9421875 0.23194444375 0.93046875 0.23194444375 0.9203125 0.24305555625 0.9125 0.2611111109375 0.90703125 0.29444444375
7 0.9921875 0.21944444375 0.98828125 0.23472222187499997 0.98828125 0.25555555625 0.99921875 0.25555555625 0.99921875 0.22638888906250001 0.9921875 0.21944444375
7 0.93125 0.22916666718749998 0.94453125 0.23055555625 0.96796875 0.24305555625 0.971875 0.2388888890625 0.97421875 0.20555555625 0.96953125 0.197222221875 0.92890625 0.16944444375 0.9203125 0.16805555625 0.91875 0.172222221875 0.91796875 0.1861111109375 0.92890625 0.2138888890625 0.93125 0.22916666718749998
7 0.9671875 0.1583333328125 0.971875 0.16388888906250001 0.978125 0.15972222187500001 0.9765625 0.147222221875 0.95625 0.13055555624999998 0.93671875 0.12222222187500001 0.92734375 0.125 0.9265625 0.13055555624999998 0.946875 0.14305555625 0.95625 0.15555555625 0.9671875 0.1583333328125
7 0.86015625 0.1513888890625 0.8828125 0.15 0.88125 0.14305555625 0.87265625 0.134722221875 0.85625 0.127777778125 0.8484375 0.11944444375 0.8359375 0.12361111093749999 0.83359375 0.134722221875 0.83984375 0.1513888890625 0.85390625 0.15555555625 0.86015625 0.1513888890625
7 0.87109375 0.1 0.89375 0.11388888906250001 0.89609375 0.08055555625000001 0.87265625 0.07083333281250001 0.85703125 0.0736111109375 0.85625 0.08055555625000001 0.87109375 0.1
4 0.725 0.25555555625 0.72265625 0.2638888890625 0.71796875 0.26805555625 0.71875 0.28055555625 0.73125 0.28472222187499996 0.73046875 0.26944444375 0.73671875 0.2236111109375 0.73515625 0.197222221875 0.73046875 0.190277778125 0.72578125 0.190277778125 0.7203125 0.2125 0.7234375 0.2208333328125 0.725 0.25555555625
4 0.6078125 0.13055555624999998 0.61640625 0.13333333281249998 0.62265625 0.0861111109375 0.615625 0.07083333281250001 0.61015625 0.08333333281250001 0.61015625 0.1208333328125 0.6078125 0.13055555624999998