0 1 0.006944443749999999 0.98125 0.0125 0.9765625 0.0166666671875 0.97109375 0.030555556249999997 0.959375 0.022222221875 0.94921875 0.006944443749999999 0.93984375 0.002777778125 0.909375 0.009722221875000001 0.9015625 0.025 0.8984375 0.052777778124999994 0.890625 0.058333332812500006 0.87578125 0.0791666671875 0.86953125 0.10694444375 0.87109375 0.16944444375 0.875 0.1833333328125 0.8765625 0.215277778125 0.88046875 0.225 0.88203125 0.240277778125 0.90234375 0.28194444375 0.91171875 0.2888888890625 0.95703125 0.290277778125 0.98515625 0.28611111093749997 0.99609375 0.29444444375 1 0.29444444375 1 0.006944443749999999
2 0.9609375 0.575 0.9609375 0.5375 0.95703125 0.5291666671875 0.95 0.5291666671875 0.9453125 0.5361111109375 0.95 0.5736111109375 0.9546875 0.58194444375 0.9609375 0.575
1 0.61015625 0.852777778125 0.615625 0.8736111109375001 0.615625 0.89444444375 0.628125 0.89444444375 0.6296875 0.8819444437499999 0.628125 0.7458333328125 0.63125 0.7402777781250001 0.640625 0.7416666671875001 0.6421875 0.734722221875 0.62890625 0.725 0.62421875 0.7138888890625 0.61328125 0.7166666671875 0.60625 0.709722221875 0.6046875 0.7166666671875 0.6125 0.7361111109375 0.61484375 0.7541666671875 0.61484375 0.777777778125 0.6109375 0.797222221875 0.61015625 0.852777778125
1 0.54609375 0.777777778125 0.54375 0.83194444375 0.54609375 0.9138888890624999 0.553125 0.91944444375 0.5578125 0.909722221875 0.5578125 0.852777778125 0.5609375 0.840277778125 0.5578125 0.8125 0.55859375 0.7833333328125 0.5625 0.7736111109375 0.56875 0.7763888890625 0.57109375 0.7708333328125 0.56796875 0.7611111109375 0.56171875 0.7569444437499999 0.54296875 0.7486111109375 0.53125 0.7486111109375 0.53125 0.7569444437499999 0.54296875 0.765277778125 0.54609375 0.777777778125
6 0.23828125 0.7833333328125 0.2421875 0.7875 0.24765625 0.8055555562500001 0.2640625 0.8125 0.26953125 0.8416666671874999 0.2875 0.8486111109375001 0.30859375 0.85 0.31953125 0.8361111109375001 0.33203125 0.8388888890624999 0.34375 0.827777778125 0.34609375 0.7888888890625 0.3421875 0.76944444375 0.3375 0.7597222218749999 0.3171875 0.7611111109375 0.30234375 0.752777778125 0.29921875 0.74444444375 0.29765625 0.725 0.2921875 0.7166666671875 0.27734375 0.7180555562500001 0.27109375 0.7291666671875 0.2625 0.722222221875 0.23828125 0.722222221875 0.2359375 0.7388888890625 0.23828125 0.7833333328125
6 0.38984375 0.8208333328125 0.40078125 0.8388888890624999 0.4234375 0.840277778125 0.43125 0.8208333328125 0.43359375 0.7875 0.43046875 0.7708333328125 0.42421875 0.7597222218749999 0.4046875 0.7416666671875001 0.35625 0.7402777781250001 0.34609375 0.7416666671875001 0.34296875 0.747222221875 0.3453125 0.76944444375 0.3640625 0.777777778125 0.3671875 0.784722221875 0.365625 0.79444444375 0.36875 0.797222221875 0.371875 0.8111111109375001 0.38984375 0.8208333328125
7 0.1328125 0.86944444375 0.1515625 0.877777778125 0.15625 0.8736111109375001 0.15859375 0.85694444375 0.1546875 0.8486111109375001 0.140625 0.85 0.11484375 0.8444444437499999 0.11112575312499999 0.8523761703125 0.1140625 0.85694444375 0.1328125 0.86944444375
7 0.028125 0.902777778125 0.0375 0.9166666671874999 0.03828125 0.8819444437499999 0.034375 0.8819444437499999 0.028125 0.89444444375 0.028125 0.902777778125
7 0.075 0.8708333328125001 0.0703125 0.877777778125 0.053125 0.877777778125 0.05 0.8819444437499999 0.04609375 0.9 0.04609375 0.9138888890624999 0.0609375 0.9277777781250001 0.07734375 0.9277777781250001 0.0921875 0.91805555625 0.09375 0.88055555625 0.08046875 0.872222221875 0.075 0.8708333328125001
7 0.128125 0.9291666671875 0.1375 0.9291666671875 0.1421875 0.9236111109375 0.1421875 0.91805555625 0.125 0.897222221875 0.1109375 0.8861111109375001 0.10390625 0.8861111109375001 0.10390625 0.91944444375 0.128125 0.9291666671875
7 0.06953125 0.734722221875 0.06953125 0.7666666671875 0.07421875 0.7763888890625 0.084375 0.81805555625 0.0953125 0.83194444375 0.11953125 0.8444444437499999 0.14375 0.8444444437499999 0.14921875 0.840277778125 0.1578125 0.8458333328125001 0.18046875 0.8444444437499999 0.18359375 0.83194444375 0.1859375 0.8125 0.18203125 0.7986111109375 0.18125 0.777777778125 0.17578125 0.772222221875 0.16875 0.772222221875 0.1625 0.784722221875 0.1546875 0.784722221875 0.15078125 0.7805555562500001 0.14921875 0.7638888890625 0.121875 0.7416666671875001 0.1140625 0.7194444437499999 0.1046875 0.7236111109375 0.075 0.722222221875 0.06953125 0.734722221875
7 0.86328125 0.8680555562500001 0.86015625 0.859722221875 0.8640625 0.847222221875 0.86796875 0.8444444437499999 0.86875 0.8138888890624999 0.86328125 0.8055555562500001 0.82421875 0.8111111109375001 0.8140625 0.8027777781250001 0.8078125 0.8041666671875 0.79453125 0.8291666671875 0.79453125 0.847222221875 0.796875 0.85555555625 0.80546875 0.8611111109375 0.8203125 0.8819444437499999 0.8359375 0.8916666671875 0.8484375 0.890277778125 0.85703125 0.8791666671874999 0.86328125 0.8680555562500001
7 0.63359375 0.847222221875 0.63046875 0.852777778125 0.63046875 0.8916666671875 0.61953125 0.8986111109375001 0.6203125 0.9611111109375001 0.625 0.9625 0.6359375 0.95555555625 0.64453125 0.9444444437499999 0.65859375 0.9472222218749999 0.6640625 0.9416666671874999 0.66796875 0.9444444437499999 0.66875 0.952777778125 0.671875 0.95694444375 0.71328125 0.95 0.71875 0.9444444437499999 0.725 0.89444444375 0.725 0.834722221875 0.71953125 0.83194444375 0.71796875 0.8208333328125 0.7125 0.8263888890625 0.703125 0.8263888890625 0.6984375 0.8111111109375001 0.69375 0.8055555562500001 0.675 0.80694444375 0.6671875 0.834722221875 0.646875 0.83194444375 0.63828125 0.840277778125 0.63515625 0.8486111109375001 0.63125 0.8444444437499999 0.63359375 0.847222221875
7 0.54375 0.8194444437499999 0.534375 0.8222222218749999 0.525 0.85 0.521875 0.8708333328125001 0.521875 0.940277778125 0.52734375 0.98055555625 0.53046875 0.9888888890624999 0.53671875 0.9930555562500001 0.56953125 0.99444444375 0.60625 0.9791666671874999 0.6109375 0.965277778125 0.61171875 0.8833333328125 0.6046875 0.8652777781250001 0.60625 0.847222221875 0.60078125 0.8361111109375001 0.5984375 0.8194444437499999 0.59375 0.815277778125 0.57890625 0.815277778125 0.5640625 0.8388888890624999 0.55859375 0.8680555562500001 0.5609375 0.8875 0.55546875 0.91944444375 0.5484375 0.91805555625 0.54296875 0.9069444437499999 0.54375 0.8194444437499999
7 0.00546875 0.7208333328125 0.00078125 0.7291666671875 0.00078125 0.777777778125 0.00703125 0.7805555562500001 0.0109375 0.76944444375 0.0125 0.7291666671875 0.00546875 0.7208333328125
7 0.07734375 0.83194444375 0.08046875 0.827777778125 0.08125 0.8083333328125001 0.07578125 0.797222221875 0.075 0.784722221875 0.0671875 0.7638888890625 0.05625 0.7597222218749999 0.03984375 0.76944444375 0.0375 0.7597222218749999 0.0296875 0.75555555625 0.02578125 0.772222221875 0.02734375 0.797222221875 0.03359375 0.8055555562500001 0.04921875 0.8125 0.071875 0.83055555625 0.07734375 0.83194444375
7 0.01953125 0.840277778125 0.02265625 0.85555555625 0.0359375 0.8652777781250001 0.0625 0.877777778125 0.07265625 0.877777778125 0.075 0.8708333328125001 0.06171875 0.8583333328125 0.0421875 0.8541666671874999 0.03515625 0.8458333328125001 0.01953125 0.840277778125
7 0.20625 0.8736111109375001 0.20859375 0.8847222218749999 0.2140625 0.88055555625 0.21484375 0.8680555562500001 0.21875 0.8611111109375 0.21328125 0.847222221875 0.20859375 0.847222221875 0.20625 0.8513888890624999 0.20625 0.8736111109375001
7 0.20234375 0.902777778125 0.21171875 0.9069444437499999 0.21171875 0.8958333328125001 0.20703125 0.8888888890625 0.203125 0.89444444375 0.20234375 0.902777778125
7 0.23828125 0.840277778125 0.23125 0.8486111109375001 0.22890625 0.909722221875 0.23125 0.91805555625 0.24609375 0.925 0.25078125 0.9236111109375 0.2515625 0.9125 0.25234375 0.872222221875 0.25546875 0.8458333328125001 0.25078125 0.8388888890624999 0.23828125 0.840277778125
7 0.1578125 0.9305555562500001 0.1578125 0.9444444437499999 0.1625 0.95 0.16328125 0.9333333328125001 0.1578125 0.9305555562500001
7 0.3234375 0.9458333328125 0.3234375 0.9013888890624999 0.31328125 0.89305555625 0.30625 0.8708333328125001 0.2921875 0.85694444375 0.28125 0.8541666671874999 0.2734375 0.8444444437499999 0.265625 0.8416666671874999 0.2625 0.8458333328125001 0.26015625 0.9138888890624999 0.26171875 0.93194444375 0.309375 0.9541666671875 0.31953125 0.95555555625 0.32265625 0.952777778125 0.3234375 0.9458333328125