1 0.83194444375 0.45625 0.9055555562500001 0.45546875 0.9138888890624999 0.45390625 0.91944444375 0.44921875 0.91805555625 0.4453125 0.9083333328125001 0.4421875 0.85 0.4421875 0.840277778125 0.4390625 0.8027777781250001 0.4421875 0.7833333328125 0.44140625 0.7763888890625 0.43828125 0.7763888890625 0.43125 0.772222221875 0.42890625 0.7625 0.43125 0.7569444437499999 0.4375 0.7486111109375 0.45703125 0.7486111109375 0.46875 0.7569444437499999 0.46875 0.76944444375 0.45390625 0.83194444375 0.45625
1 0.8652777781250001 0.38828125 0.875 0.384375 0.89444444375 0.384375 0.89444444375 0.37265625 0.88055555625 0.3703125 0.74444444375 0.371875 0.7402777781250001 0.359375 0.734722221875 0.3578125 0.727777778125 0.36875 0.7138888890625 0.37578125 0.7166666671875 0.38671875 0.7111111109375 0.39453125 0.7180555562500001 0.3953125 0.7333333328125 0.3890625 0.75 0.3859375 0.7805555562500001 0.38515625 0.8055555562500001 0.38984375 0.8486111109375001 0.38984375 0.8652777781250001 0.38828125
6 0.809722221875 0.7375 0.8416666671874999 0.73046875 0.8444444437499999 0.72734375 0.85 0.69140625 0.8361111109375001 0.68046875 0.8388888890624999 0.66796875 0.8291666671875 0.65703125 0.809722221875 0.6546875 0.79305555625 0.65390625 0.7597222218749999 0.6625 0.7611111109375 0.684375 0.752777778125 0.69765625 0.725 0.70234375 0.7180555562500001 0.70625 0.715277778125 0.71796875 0.7291666671875 0.72890625 0.722222221875 0.7375 0.725 0.7625 0.7597222218749999 0.7640625 0.7833333328125 0.76171875 0.8027777781250001 0.7546875 0.809722221875 0.7375
6 0.825 0.56953125 0.809722221875 0.5671875 0.7888888890625 0.56640625 0.7708333328125 0.56953125 0.7597222218749999 0.57578125 0.7430555562500001 0.59453125 0.7388888890625 0.60546875 0.74444444375 0.65625 0.76805555625 0.65546875 0.777777778125 0.63671875 0.797222221875 0.62890625 0.809722221875 0.62734375 0.8236111109375001 0.60703125 0.8388888890624999 0.5984375 0.8388888890624999 0.575 0.825 0.56953125
7 0.8708333328125001 0.8578125 0.877777778125 0.85 0.8791666671874999 0.83671875 0.8736111109375001 0.8359375 0.8486111109375001 0.84453125 0.847222221875 0.89140625 0.85694444375 0.8859375 0.86944444375 0.8671875 0.8708333328125001 0.8578125
7 0.8819444437499999 0.96484375 0.8986111109375001 0.971875 0.9166666671874999 0.9625 0.8819444437499999 0.96171875 0.8819444437499999 0.96484375
7 0.877777778125 0.946875 0.8819444437499999 0.95 0.902777778125 0.95390625 0.91805555625 0.95234375 0.9277777781250001 0.9390625 0.9277777781250001 0.9234375 0.9166666671874999 0.90703125 0.88055555625 0.90625 0.8708333328125001 0.921875 0.877777778125 0.93046875 0.877777778125 0.946875
7 0.9291666671875 0.871875 0.9291666671875 0.86171875 0.922222221875 0.8578125 0.91944444375 0.85703125 0.897222221875 0.875 0.8861111109375001 0.8890625 0.8861111109375001 0.8953125 0.91944444375 0.89765625 0.9291666671875 0.871875
7 0.83194444375 0.1546875 0.8125 0.1609375 0.8125 0.17421875 0.8041666671875 0.18203125 0.8041666671875 0.1921875 0.8291666671875 0.20546875 0.8541666671874999 0.20390625 0.8888888890625 0.171875 0.8916666671875 0.15625 0.8888888890625 0.15078125 0.877777778125 0.1453125 0.8361111109375001 0.14765625 0.83194444375 0.1546875
7 0.722222221875 0.92421875 0.734722221875 0.93046875 0.7666666671875 0.93046875 0.7791666671875 0.925 0.8166666671874999 0.91640625 0.83055555625 0.90625 0.8444444437499999 0.88125 0.8444444437499999 0.85625 0.8388888890624999 0.85234375 0.8444444437499999 0.84609375 0.8444444437499999 0.81875 0.8291666671875 0.815625 0.815277778125 0.8140625 0.8027777781250001 0.81796875 0.7888888890625 0.81640625 0.7736111109375 0.8203125 0.7708333328125 0.82890625 0.7861111109375 0.8375 0.784722221875 0.8453125 0.7805555562500001 0.84921875 0.7638888890625 0.85078125 0.7416666671875001 0.878125 0.725 0.88125 0.7194444437499999 0.8859375 0.7236111109375 0.8953125 0.722222221875 0.92421875
7 0.8513888890624999 0.3671875 0.85555555625 0.36953125 0.89305555625 0.36953125 0.8986111109375001 0.38125 0.9611111109375001 0.3796875 0.9625 0.375 0.95555555625 0.3640625 0.9444444437499999 0.35546875 0.9472222218749999 0.34296875 0.9416666671874999 0.3375 0.9416666671874999 0.33359375 0.95694444375 0.328125 0.952777778125 0.2921875 0.9444444437499999 0.28125 0.9166666671874999 0.27890625 0.9138888890624999 0.2765625 0.8361111109375001 0.275 0.8333333328125001 0.2796875 0.8208333328125 0.28203125 0.8263888890625 0.2875 0.8263888890625 0.296875 0.8111111109375001 0.3015625 0.8055555562500001 0.30625 0.80694444375 0.325 0.834722221875 0.33203125 0.840277778125 0.35546875 0.8458333328125001 0.3625 0.852777778125 0.36484375 0.847222221875 0.36875 0.8513888890624999 0.3671875
7 0.915277778125 0.4546875 0.9055555562500001 0.45859375 0.8708333328125001 0.45546875 0.8208333328125 0.45625 0.8194444437499999 0.4609375 0.825 0.4671875 0.8583333328125 0.4765625 0.940277778125 0.4765625 0.975 0.47265625 0.9916666671875 0.46640625 0.99444444375 0.43125 0.98055555625 0.39609375 0.972222221875 0.38984375 0.95555555625 0.38828125 0.9291666671875 0.39140625 0.897222221875 0.3859375 0.8819444437499999 0.38828125 0.8652777781250001 0.3953125 0.8458333328125001 0.39453125 0.8333333328125001 0.4 0.8194444437499999 0.4015625 0.8166666671874999 0.421875 0.8444444437499999 0.43828125 0.8680555562500001 0.44140625 0.8847222218749999 0.4390625 0.9069444437499999 0.44140625 0.91944444375 0.4453125 0.915277778125 0.4546875
7 0.725 0.99375 0.73194444375 0.99921875 0.7763888890625 0.99921875 0.7805555562500001 0.99296875 0.7638888890625 0.98828125 0.73055555625 0.9875 0.725 0.99375
7 0.7638888890625 0.9328125 0.7597222218749999 0.94375 0.76944444375 0.96015625 0.7597222218749999 0.9625 0.7541666671875 0.96953125 0.7736111109375 0.97421875 0.797222221875 0.97265625 0.8055555562500001 0.96640625 0.83055555625 0.928125 0.83194444375 0.9234375 0.827777778125 0.91953125 0.8111111109375001 0.91875 0.7638888890625 0.9328125
7 0.840277778125 0.98046875 0.8541666671874999 0.97890625 0.8652777781250001 0.9640625 0.877777778125 0.9359375 0.8736111109375001 0.92578125 0.86944444375 0.92578125 0.85694444375 0.93828125 0.8541666671874999 0.95625 0.8458333328125001 0.96484375 0.840277778125 0.98046875
7 0.85694444375 0.784375 0.8486111109375001 0.7859375 0.847222221875 0.78984375 0.8486111109375001 0.79296875 0.85694444375 0.79375 0.8819444437499999 0.79140625 0.8916666671875 0.796875 0.902777778125 0.79765625 0.9055555562500001 0.7875 0.8888888890625 0.790625 0.859722221875 0.78125 0.85694444375 0.784375
7 0.8388888890624999 0.75078125 0.840277778125 0.7625 0.8458333328125001 0.76796875 0.859722221875 0.7703125 0.86944444375 0.76875 0.9111111109375001 0.77109375 0.91944444375 0.7671875 0.925 0.75078125 0.9138888890624999 0.7484375 0.8847222218749999 0.7484375 0.8444444437499999 0.74453125 0.8388888890624999 0.75078125
7 0.8444444437499999 0.7375 0.9305555562500001 0.7390625 0.952777778125 0.69375 0.9541666671875 0.67890625 0.9444444437499999 0.6765625 0.9 0.67734375 0.89444444375 0.6859375 0.86944444375 0.69453125 0.8444444437499999 0.7265625 0.8444444437499999 0.7375
7 0.75 0.96953125 0.76805555625 0.97421875 0.79444444375 0.975 0.797222221875 0.96953125 0.7791666671875 0.96328125 0.7597222218749999 0.9625 0.75 0.96953125