2 0.58055555625 0.025 0.540277778125 0.025 0.5319444437499999 0.03046875 0.5361111109375 0.04296875 0.5541666671875001 0.04375 0.5611111109375 0.0390625 0.5791666671875 0.0359375 0.58055555625 0.025
1 0.8166666671874999 0.38515625 0.8444444437499999 0.3859375 0.847222221875 0.38828125 0.8583333328125 0.3859375 0.8916666671875 0.38671875 0.897222221875 0.375 0.8847222218749999 0.3703125 0.85 0.37265625 0.747222221875 0.37265625 0.7402777781250001 0.36875 0.7388888890625 0.359375 0.734722221875 0.359375 0.7291666671875 0.3671875 0.7138888890625 0.375 0.7111111109375 0.3796875 0.715277778125 0.3875 0.709722221875 0.39453125 0.7180555562500001 0.3953125 0.7416666671875001 0.38671875 0.75555555625 0.3859375 0.8166666671874999 0.38515625
1 0.7833333328125 0.4421875 0.772222221875 0.43828125 0.7736111109375 0.43125 0.76944444375 0.4296875 0.7583333328124999 0.43671875 0.7486111109375 0.4609375 0.7611111109375 0.46171875 0.759920634375 0.46573660781250004 0.7708333328125 0.4546875 0.777777778125 0.45390625 0.81805555625 0.45390625 0.83055555625 0.45625 0.8541666671874999 0.45390625 0.915277778125 0.4546875 0.9125 0.44296875 0.7833333328125 0.4421875
6 0.784722221875 0.76328125 0.8083333328125001 0.75 0.809722221875 0.73671875 0.8430555562500001 0.72890625 0.85 0.69140625 0.8333333328125001 0.6796875 0.83194444375 0.66875 0.8222222218749999 0.66484375 0.8222222218749999 0.65703125 0.8083333328125001 0.65546875 0.7916666671875 0.6546875 0.7583333328124999 0.66328125 0.7583333328124999 0.68125 0.752777778125 0.69765625 0.727777778125 0.70234375 0.7180555562500001 0.7078125 0.715277778125 0.71953125 0.727777778125 0.7296875 0.7208333328125 0.7390625 0.722222221875 0.759375 0.73055555625 0.7640625 0.7611111109375 0.7640625 0.7763888890625 0.7609375 0.784722221875 0.76328125
6 0.8263888890625 0.60546875 0.840277778125 0.5984375 0.8388888890624999 0.575 0.8194444437499999 0.56875 0.8027777781250001 0.56640625 0.7819444437499999 0.5671875 0.7583333328124999 0.5765625 0.7541666671875 0.5859375 0.74444444375 0.59375 0.7402777781250001 0.60546875 0.7416666671875001 0.65 0.7458333328125 0.65625 0.7611111109375 0.65703125 0.7708333328125 0.6546875 0.7819444437499999 0.634375 0.7986111109375 0.6375 0.809722221875 0.63671875 0.8263888890625 0.60546875
7 0.7666666671875 0.93046875 0.7763888890625 0.92578125 0.8166666671874999 0.91640625 0.827777778125 0.909375 0.8444444437499999 0.88515625 0.8458333328125001 0.87265625 0.8416666671874999 0.8546875 0.8444444437499999 0.81953125 0.83055555625 0.81640625 0.8055555562500001 0.815625 0.7791666671875 0.81875 0.7708333328125 0.825 0.76944444375 0.83125 0.7819444437499999 0.8375 0.7805555562500001 0.846875 0.7638888890625 0.85078125 0.7416666671875001 0.87890625 0.7236111109375 0.88203125 0.7194444437499999 0.88671875 0.7236111109375 0.89765625 0.7208333328125 0.92265625 0.73194444375 0.93046875 0.7666666671875 0.93046875
7 0.7736111109375 0.98984375 0.7569444437499999 0.9875 0.73194444375 0.98828125 0.722222221875 0.99375 0.725 0.99921875 0.7791666671875 0.99921875 0.7819444437499999 0.99140625 0.7736111109375 0.98984375
7 0.8083333328125001 0.91953125 0.8041666671875 0.9234375 0.7833333328125 0.9296875 0.76944444375 0.93046875 0.7611111109375 0.93515625 0.7638888890625 0.953125 0.752777778125 0.96796875 0.7569444437499999 0.97265625 0.7833333328125 0.97578125 0.797222221875 0.97421875 0.83055555625 0.928125 0.83194444375 0.9234375 0.827777778125 0.91953125 0.8083333328125001 0.91953125
7 0.85555555625 0.975 0.8611111109375 0.96328125 0.86944444375 0.95625 0.875 0.9421875 0.8736111109375001 0.9265625 0.8708333328125001 0.92578125 0.85 0.95234375 0.840277778125 0.97890625 0.847222221875 0.97890625 0.85555555625 0.975
7 0.8861111109375001 0.7859375 0.872222221875 0.78515625 0.8625 0.77734375 0.8583333328125 0.78359375 0.8458333328125001 0.78671875 0.8458333328125001 0.79140625 0.86944444375 0.796875 0.8833333328125 0.7953125 0.902777778125 0.7984375 0.9069444437499999 0.79609375 0.9069444437499999 0.7875 0.89305555625 0.7890625 0.8861111109375001 0.7859375
7 0.9263888890624999 0.75 0.840277778125 0.7453125 0.840277778125 0.765625 0.8611111109375 0.77265625 0.8666666671875 0.7703125 0.9069444437499999 0.77109375 0.91805555625 0.7671875 0.9263888890624999 0.75
7 0.95555555625 0.6828125 0.952777778125 0.67890625 0.940277778125 0.6765625 0.9055555562500001 0.67578125 0.8958333328125001 0.68046875 0.890277778125 0.68828125 0.8819444437499999 0.69140625 0.8736111109375001 0.6890625 0.8708333328125001 0.690625 0.85555555625 0.7078125 0.852777778125 0.71953125 0.8444444437499999 0.7265625 0.8444444437499999 0.73671875 0.9305555562500001 0.7390625 0.94305555625 0.71796875 0.9458333328125 0.70078125 0.95555555625 0.6828125