2 0.025 0.41944444374999995 0.025 0.4625 0.03125 0.46944444374999994 0.0421875 0.46527777812500004 0.04296875 0.44444444375 0.0390625 0.440277778125 0.03671875 0.425 0.0328125 0.41805555625 0.025 0.41944444374999995
1 0.38671875 0.2833333328125 0.39375 0.290277778125 0.3953125 0.2833333328125 0.38671875 0.25833333281250004 0.38515625 0.22638888906250001 0.3875 0.1111111109375 0.3796875 0.102777778125 0.3734375 0.102777778125 0.3703125 0.11388888906250001 0.37265625 0.15 0.37265625 0.252777778125 0.36875 0.259722221875 0.36015625 0.259722221875 0.359375 0.26527777812500003 0.36875 0.272222221875 0.375 0.28611111093749997 0.38671875 0.2833333328125
1 0.46875 0.24305555625 0.45703125 0.23611111093749998 0.45234375 0.215277778125 0.45625 0.172222221875 0.45625 0.15555555625 0.45390625 0.14861111093749999 0.4546875 0.0861111109375 0.45078125 0.08333333281250001 0.44296875 0.090277778125 0.4421875 0.2166666671875 0.43828125 0.22777777812500002 0.43125 0.22638888906250001 0.4296875 0.23055555625 0.4328125 0.2388888890625 0.43828125 0.24305555625 0.4671875 0.2513888890625 0.46875 0.24305555625
6 0.7296875 0.272222221875 0.7390625 0.2791666671875 0.759375 0.27777777812500004 0.76328125 0.272222221875 0.7640625 0.2388888890625 0.76171875 0.2166666671875 0.75390625 0.19583333281249998 0.73515625 0.1875 0.73046875 0.1583333328125 0.70546875 0.15 0.69140625 0.15 0.68125 0.165277778125 0.6703125 0.1666666671875 0.66640625 0.1763888890625 0.6625 0.1763888890625 0.6609375 0.1708333328125 0.65625 0.17916666718750002 0.6546875 0.20833333281250002 0.6625 0.240277778125 0.68203125 0.240277778125 0.69765625 0.24722222187499998 0.70234375 0.272222221875 0.7078125 0.28194444375 0.71953125 0.28472222187499996 0.7296875 0.272222221875
6 0.6546875 0.22916666718749998 0.63671875 0.2236111109375 0.634375 0.21944444375 0.63671875 0.190277778125 0.609375 0.1763888890625 0.5984375 0.15972222187500001 0.57578125 0.1611111109375 0.56875 0.18055555625 0.56640625 0.19583333281249998 0.5671875 0.21805555625 0.57734375 0.24305555625 0.60546875 0.259722221875 0.65 0.25833333281250004 0.65703125 0.2513888890625 0.65703125 0.23611111093749998 0.6546875 0.22916666718749998
7 0.846875 0.21944444375 0.85078125 0.23611111093749998 0.878125 0.25833333281250004 0.88125 0.275 0.88671875 0.28055555625 0.89375 0.28055555625 0.89609375 0.27638888906250003 0.92265625 0.2791666671875 0.93046875 0.2666666671875 0.93046875 0.23333333281250002 0.92578125 0.2236111109375 0.91640625 0.1833333328125 0.909375 0.172222221875 0.88515625 0.15555555625 0.875 0.1541666671875 0.85703125 0.15555555625 0.85234375 0.1611111109375 0.84140625 0.15555555625 0.81953125 0.15555555625 0.81640625 0.16805555625 0.8140625 0.19305555624999998 0.8171875 0.20138888906250002 0.81875 0.2208333328125 0.82421875 0.22916666718749998 0.83125 0.23055555625 0.83515625 0.22638888906250001 0.83671875 0.21805555625 0.846875 0.21944444375
7 0.9875 0.26805555625 0.98984375 0.27638888906250003 0.9953125 0.2791666671875 0.99921875 0.27638888906250003 0.99921875 0.22638888906250001 0.99453125 0.215277778125 0.98984375 0.21805555625 0.9875 0.26805555625
7 0.97578125 0.20555555625 0.97265625 0.2 0.928125 0.16944444375 0.91953125 0.172222221875 0.91953125 0.1916666671875 0.9296875 0.2138888890625 0.93046875 0.23055555625 0.93515625 0.2388888890625 0.96015625 0.240277778125 0.96953125 0.25 0.9765625 0.21805555625 0.97578125 0.20555555625
7 0.93359375 0.134722221875 0.9296875 0.13055555624999998 0.93046875 0.125 0.92734375 0.127777778125 0.9375 0.140277778125 0.9484375 0.14444444375 0.95234375 0.15 0.978125 0.15972222187500001 0.9765625 0.147222221875 0.9546875 0.13055555624999998 0.9359375 0.125 0.93359375 0.134722221875
7 0.796875 0.11388888906250001 0.7984375 0.097222221875 0.7953125 0.09305555625 0.796875 0.10833333281249999 0.79140625 0.11388888906250001 0.7875 0.09444444375 0.78515625 0.1291666671875 0.77890625 0.1375 0.78515625 0.14305555625 0.78671875 0.15277777812499999 0.79140625 0.15277777812499999 0.7953125 0.13055555624999998 0.79296875 0.11388888906250001 0.796875 0.11388888906250001
7 0.76640625 0.08055555625000001 0.75 0.0736111109375 0.7453125 0.1583333328125 0.7640625 0.15972222187500001 0.76875 0.15555555625 0.76953125 0.14305555625 0.77265625 0.1375 0.7703125 0.13333333281249998 0.77109375 0.09305555625 0.76640625 0.08055555625000001
7 0.72578125 0.15555555625 0.734375 0.1583333328125 0.73671875 0.1541666671875 0.7390625 0.06944444375 0.721875 0.058333332812500006 0.7 0.054166667187499996 0.6828125 0.04444444375 0.67890625 0.0458333328125 0.6765625 0.05694444375 0.675 0.0916666671875 0.68046875 0.1041666671875 0.68671875 0.10694444375 0.690625 0.1166666671875 0.690625 0.1291666671875 0.7046875 0.14305555625 0.71640625 0.1458333328125 0.72578125 0.15555555625
7 0.8375 0.05 0.83671875 0.06805555625000001 0.84375 0.06944444375 0.8421875 0.054166667187499996 0.8375 0.05