2 0.98671875 0.5694444437499999 0.9859375 0.5319444437499999 0.98203125 0.5236111109375 0.97421875 0.5236111109375 0.96953125 0.5319444437499999 0.971875 0.565277778125 0.97890625 0.577777778125 0.98671875 0.5694444437499999
7 0.07734375 0.725 0.0703125 0.7361111109375 0.0703125 0.76944444375 0.084375 0.81805555625 0.0953125 0.83194444375 0.11875 0.8444444437499999 0.13203125 0.8458333328125001 0.14453125 0.8444444437499999 0.14765625 0.840277778125 0.1578125 0.8458333328125001 0.17109375 0.8444444437499999 0.18046875 0.840277778125 0.184375 0.83194444375 0.1859375 0.815277778125 0.1828125 0.784722221875 0.1796875 0.7763888890625 0.17109375 0.7736111109375 0.16484375 0.784722221875 0.15390625 0.7861111109375 0.15078125 0.7805555562500001 0.15 0.765277778125 0.12890625 0.74444444375 0.121875 0.7416666671875001 0.1171875 0.722222221875 0.109375 0.7194444437499999 0.1046875 0.725 0.07734375 0.725
7 0.0421875 0.675 0.03984375 0.66805555625 0.03515625 0.672222221875 0.0296875 0.6972222218749999 0.025 0.6944444437499999 0.03125 0.7 0.03125 0.725 0.034375 0.73194444375 0.03125 0.7361111109375 0.03671875 0.7291666671875 0.03828125 0.7194444437499999 0.03828125 0.6916666671875 0.0421875 0.675
7 0.00625 0.647222221875 0.00078125 0.647222221875 0.00078125 0.7194444437499999 0.00390625 0.722222221875 0.00625 0.747222221875 0.0125 0.74444444375 0.01484375 0.7388888890625 0.01953125 0.702777778125 0.025 0.6888888890625 0.025 0.66944444375 0.00625 0.647222221875
7 0.68515625 0.95694444375 0.71640625 0.9472222218749999 0.71875 0.934722221875 0.7234375 0.9277777781250001 0.725 0.89444444375 0.725 0.8416666671874999 0.71953125 0.83194444375 0.71875 0.8194444437499999 0.703125 0.8236111109375001 0.69453125 0.80694444375 0.6765625 0.80694444375 0.6703125 0.83055555625 0.66328125 0.8361111109375001 0.65078125 0.8736111109375001 0.64921875 0.8986111109375001 0.6515625 0.9111111109375001 0.6671875 0.940277778125 0.6703125 0.95694444375 0.68515625 0.95694444375
7 0.9328125 0.4236111109375 0.9328125 0.427777778125 0.93671875 0.4263888890625 0.9328125 0.4236111109375
7 0.865625 0.3791666671875 0.85859375 0.38333333281250004 0.85859375 0.40972222187499996 0.86171875 0.4166666671875 0.86328125 0.44166666718750003 0.86875 0.4625 0.86953125 0.48194444374999995 0.87265625 0.48333333281249996 0.875 0.4916666671875 0.87734375 0.48194444374999995 0.88828125 0.48333333281249996 0.88828125 0.502777778125 0.8859375 0.5069444437499999 0.8875 0.5513888890625 0.90546875 0.5541666671875001 0.91875 0.54305555625 0.92578125 0.5319444437499999 0.93203125 0.5319444437499999 0.9328125 0.54444444375 0.9359375 0.5486111109375 0.9375 0.5416666671875 0.93359375 0.5361111109375 0.93671875 0.5333333328125 0.934375 0.4986111109375 0.9421875 0.475 0.94140625 0.45416666718750004 0.93671875 0.44305555625000004 0.9375 0.4388888890625 0.93359375 0.44444444375 0.909375 0.4486111109375 0.9015625 0.45416666718750004 0.89453125 0.45 0.8921875 0.4 0.8796875 0.38194444375000003 0.865625 0.3791666671875
7 0.76328125 0.4375 0.7203125 0.434722221875 0.70625 0.40972222187499996 0.68203125 0.40694444374999994 0.67109375 0.41944444374999995 0.6625 0.44305555625000004 0.65703125 0.4458333328125 0.64453125 0.46944444374999994 0.6359375 0.5236111109375 0.63984375 0.5583333328125 0.659375 0.590277778125 0.68046875 0.60694444375 0.7109375 0.6416666671875 0.71796875 0.64444444375 0.72734375 0.66805555625 0.73828125 0.6708333328125 0.74453125 0.684722221875 0.74765625 0.6833333328125 0.75234375 0.672222221875 0.76875 0.66805555625 0.77734375 0.6333333328124999 0.7875 0.652777778125 0.79921875 0.6583333328125 0.80546875 0.6666666671875 0.8078125 0.6777777781250001 0.8125 0.6833333328125 0.8234375 0.6875 0.84609375 0.70555555625 0.86171875 0.709722221875 0.86171875 0.66944444375 0.85546875 0.6458333328125 0.828125 0.6152777781250001 0.825 0.6041666671875 0.82578125 0.590277778125 0.83359375 0.5722222218749999 0.85 0.56805555625 0.8484375 0.522222221875 0.8359375 0.4263888890625 0.78828125 0.43194444374999996 0.78359375 0.44305555625000004 0.778125 0.447222221875 0.76640625 0.44305555625000004 0.76328125 0.4375
7 0.89375 0.7333333328125 0.90078125 0.7416666671875001 0.9171875 0.7486111109375 0.93984375 0.76805555625 0.959375 0.7736111109375 0.96875 0.7819444437499999 0.978125 0.7861111109375 0.99375 0.784722221875 0.9984375 0.7833333328125 0.9984375 0.765277778125 0.9953125 0.7597222218749999 0.971875 0.7458333328125 0.9671875 0.734722221875 0.953125 0.727777778125 0.94375 0.7166666671875 0.93984375 0.7180555562500001 0.90703125 0.6986111109375 0.903125 0.6944444437499999 0.89921875 0.6777777781250001 0.88828125 0.6736111109375 0.890625 0.7208333328125 0.89375 0.7333333328125
7 0.5453125 0.8652777781250001 0.54375 0.8222222218749999 0.53828125 0.8194444437499999 0.5265625 0.83194444375 0.52578125 0.85694444375 0.5296875 0.859722221875 0.53125 0.8680555562500001 0.52421875 0.8736111109375001 0.5234375 0.8847222218749999 0.52421875 0.8916666671875 0.5296875 0.8986111109375001 0.53984375 0.897222221875 0.54296875 0.890277778125 0.5453125 0.8652777781250001
7 0.55625 0.91805555625 0.5515625 0.91944444375 0.5421875 0.909722221875 0.53203125 0.9083333328125001 0.525 0.91944444375 0.52578125 0.9611111109375001 0.52890625 0.9791666671874999 0.53359375 0.9902777781250001 0.53984375 0.99444444375 0.57109375 0.99444444375 0.58359375 0.9861111109375 0.6046875 0.98055555625 0.61015625 0.9708333328125001 0.60859375 0.9375 0.6109375 0.9333333328125001 0.61171875 0.88055555625 0.6078125 0.8680555562500001 0.60625 0.8444444437499999 0.6 0.83055555625 0.6 0.8194444437499999 0.5921875 0.8125 0.58046875 0.8125 0.56953125 0.8194444437499999 0.56171875 0.8291666671875 0.5609375 0.8416666671874999 0.55859375 0.8444444437499999 0.55625 0.91805555625
7 0.00625 0.777777778125 0.0078125 0.775 0.00859375 0.765277778125 0.00078125 0.765277778125 0.00078125 0.7736111109375 0.00625 0.777777778125
7 0.06796875 0.7875 0.06484375 0.76944444375 0.05625 0.765277778125 0.03984375 0.76944444375 0.0359375 0.7597222218749999 0.0296875 0.7597222218749999 0.025 0.7791666671875 0.02578125 0.797222221875 0.05078125 0.8166666671874999 0.075 0.83055555625 0.0796875 0.8291666671875 0.0796875 0.8083333328125001 0.06796875 0.7875
7 0.02578125 0.8611111109375 0.05703125 0.875 0.075 0.8763888890624999 0.075 0.8625 0.05859375 0.85 0.03046875 0.834722221875 0.0203125 0.8361111109375001 0.021875 0.85694444375 0.02578125 0.8611111109375
7 0.21328125 0.8583333328125 0.209375 0.86944444375 0.2125 0.86944444375 0.209375 0.875 0.21171875 0.8763888890624999 0.21796875 0.859722221875 0.21328125 0.8583333328125
7 0.25390625 0.86944444375 0.25390625 0.8430555562500001 0.24296875 0.840277778125 0.23203125 0.847222221875 0.2296875 0.9166666671874999 0.24140625 0.9236111109375 0.25078125 0.9236111109375 0.25390625 0.86944444375
7 0.3234375 0.9444444437499999 0.32265625 0.897222221875 0.31171875 0.890277778125 0.303125 0.877777778125 0.2984375 0.8625 0.28828125 0.85555555625 0.28515625 0.847222221875 0.2703125 0.840277778125 0.26328125 0.8444444437499999 0.2609375 0.909722221875 0.25859375 0.9166666671874999 0.2609375 0.9305555562500001 0.31796875 0.9541666671875 0.32109375 0.952777778125 0.3234375 0.9444444437499999
4 0.0421875 0.7083333328125 0.0375 0.73055555625 0.03125 0.7430555562500001 0.0328125 0.752777778125 0.03984375 0.765277778125 0.0484375 0.7638888890625 0.05625 0.734722221875 0.0578125 0.68194444375 0.04375 0.684722221875 0.03984375 0.6916666671875 0.0421875 0.7083333328125